4.328944091796875000e+02 3.134089946746826172e+00 1.091811370849609375e+01 -6.938855648040771484e+00 -5.297876358032226562e+00 6.911250948905944824e-01
4.032671508789062500e+02 5.713869333267211914e-01 6.000188827514648438e+00 8.172869682312011719e-01 -2.125048637390136719e-01 7.260865569114685059e-01
4.006278381347656250e+02 1.354852318763732910e+00 7.366884231567382812e+00 3.166275024414062500e+00 1.460072994232177734e+00 6.262751817703247070e-01
4.424337768554687500e+02 1.536210775375366211e+00 7.935746669769287109e+00 5.696642398834228516e+00 3.437879085540771484e+00 6.570631265640258789e-01
4.000066223144531250e+02 6.720682978630065918e-01 5.936691761016845703e+00 2.396178245544433594e-01 -6.204891204833984375e-01 6.169450879096984863e-01
3.777956848144531250e+02 5.517883896827697754e-01 5.759244918823242188e+00 -3.551721572875976562e-01 -9.466612339019775391e-01 5.473700761795043945e-01
3.708224792480468750e+02 6.768374443054199219e-01 6.003077507019042969e+00 -4.521965980529785156e-01 -8.654451370239257812e-01 5.063337683677673340e-01
3.639468078613281250e+02 4.988110065460205078e-01 5.699956893920898438e+00 9.691095352172851562e-01 -2.085077762603759766e-01 6.587216258049011230e-01
3.062269287109375000e+02 2.678836345672607422e+00 1.026938915252685547e+01 -3.907375335693359375e+00 -4.209155082702636719e+00 7.471174597740173340e-01
3.954731445312500000e+02 2.288034439086914062e+00 9.220024108886718750e+00 6.516752243041992188e+00 3.211584091186523438e+00 5.600343942642211914e-01
4.862115478515625000e+02 7.046651840209960938e-01 6.023240566253662109e+00 7.011890411376953125e-02 -3.656280040740966797e-01 9.376958012580871582e-01
4.395126953125000000e+02 3.221710205078125000e+00 1.125612545013427734e+01 -7.073495388031005859e+00 -5.055024623870849609e+00 6.529030203819274902e-01
4.069909057617187500e+02 2.933266878128051758e+00 1.051487731933593750e+01 8.403592109680175781e+00 3.676164150238037109e+00 5.026975870132446289e-01
3.603426818847656250e+02 6.230217814445495605e-01 5.778210639953613281e+00 -5.508041381835937500e-01 -1.354950666427612305e+00 6.441628932952880859e-01
3.676214599609375000e+02 5.919374823570251465e-01 5.966486930847167969e+00 -8.620619773864746094e-01 -1.389291286468505859e+00 6.352282762527465820e-01
4.016802368164062500e+02 2.679193019866943359e-01 5.334453582763671875e+00 -1.616120338439941406e-02 -7.599520683288574219e-01 6.802231073379516602e-01
4.401461486816406250e+02 2.740468978881835938e+00 1.001733779907226562e+01 8.368665695190429688e+00 5.505664348602294922e+00 7.052904367446899414e-01
4.077507934570312500e+02 3.282156467437744141e+00 1.144315910339355469e+01 7.681655883789062500e-01 4.582881927490234375e-02 5.528205633163452148e-01
3.719588623046875000e+02 6.355085372924804688e-01 5.855383872985839844e+00 -2.687668800354003906e-01 -8.215487003326416016e-01 5.591127872467041016e-01
3.726880798339843750e+02 2.476975440979003906e+00 9.469791412353515625e+00 -2.715140581130981445e+00 -2.473964691162109375e+00 5.823201537132263184e-01
4.335171203613281250e+02 2.996096372604370117e+00 1.063941764831542969e+01 1.039320468902587891e+01 7.720360755920410156e+00 8.052360415458679199e-01
4.012756347656250000e+02 2.258702039718627930e+00 9.347114562988281250e+00 1.077059745788574219e+01 4.798333644866943359e+00 4.843097627162933350e-01
3.645977783203125000e+02 1.014570832252502441e+00 6.516865253448486328e+00 1.321792602539062500e+00 1.477956771850585938e-02 6.239417195320129395e-01
4.315039978027343750e+02 1.955059170722961426e+00 8.702831268310546875e+00 7.431991100311279297e+00 4.460945129394531250e+00 6.806647181510925293e-01
4.859135742187500000e+02 3.088108062744140625e+00 1.090494060516357422e+01 -1.032263851165771484e+01 -6.533892154693603516e+00 5.869786739349365234e-01
4.337110595703125000e+02 8.603609800338745117e-01 6.289759159088134766e+00 -1.043021678924560547e+00 -1.653733253479003906e+00 8.436737060546875000e-01
4.024939575195312500e+02 2.487858295440673828e+00 9.614725112915039062e+00 9.066469192504882812e+00 6.059763431549072266e+00 7.268941402435302734e-01
3.661047363281250000e+02 4.791550636291503906e-01 5.725539207458496094e+00 -1.839351654052734375e-01 -1.066738367080688477e+00 7.237230539321899414e-01
4.005236511230468750e+02 1.639448285102844238e+00 7.669721603393554688e+00 4.835190773010253906e+00 2.164180278778076172e+00 5.511307716369628906e-01
4.296549377441406250e+02 2.229729890823364258e+00 9.204751968383789062e+00 8.182136535644531250e+00 5.814549922943115234e+00 8.172538876533508301e-01
3.651793823242187500e+02 4.791371822357177734e-01 5.656556606292724609e+00 -1.207971572875976562e-01 -1.247833967208862305e+00 7.873816490173339844e-01
4.361664428710937500e+02 2.318591117858886719e+00 9.395153045654296875e+00 7.930674552917480469e+00 5.952925682067871094e+00 8.536401987075805664e-01
3.744290771484375000e+02 4.142468571662902832e-01 5.556771278381347656e+00 7.885718345642089844e-01 -2.481782436370849609e-01 4.921126365661621094e-01
4.444286804199218750e+02 3.083627223968505859e+00 1.089288711547851562e+01 -8.922487258911132812e+00 -5.373233795166015625e+00 5.488539338111877441e-01
3.634370117187500000e+02 3.560475707054138184e-01 5.472886562347412109e+00 3.251194953918457031e-01 -6.944096088409423828e-01 6.717588901519775391e-01
4.011417236328125000e+02 1.740252137184143066e+00 8.300598144531250000e+00 2.589812278747558594e+00 1.046769618988037109e+00 5.310553908348083496e-01
5.428357543945312500e+02 1.226221084594726562e+00 7.342074394226074219e+00 -1.813427209854125977e+00 -1.480084657669067383e+00 5.522285103797912598e-01
4.304252624511718750e+02 2.645987272262573242e+00 1.006566524505615234e+01 5.549099445343017578e+00 3.240916728973388672e+00 7.277724146842956543e-01
4.013214721679687500e+02 3.740112781524658203e+00 1.205228042602539062e+01 -1.858891248703002930e+00 -1.741445064544677734e+00 6.692022681236267090e-01
3.665313415527343750e+02 2.477648735046386719e+00 9.540099143981933594e+00 -1.086705923080444336e+00 -1.479451656341552734e+00 6.711870431900024414e-01
4.212239379882812500e+02 3.118214130401611328e+00 1.114049911499023438e+01 -3.768465518951416016e+00 -2.664794921875000000e+00 5.891708135604858398e-01
4.366645202636718750e+02 2.914753198623657227e+00 1.048208236694335938e+01 8.280000686645507812e+00 5.697093009948730469e+00 7.252084016799926758e-01
3.639010925292968750e+02 4.590290188789367676e-01 5.650741577148437500e+00 8.516240119934082031e-01 -3.595805168151855469e-01 6.512080430984497070e-01
3.976737976074218750e+02 2.775604128837585449e-01 5.300872802734375000e+00 8.453440666198730469e-01 -2.067017555236816406e-01 6.867379546165466309e-01
4.362940673828125000e+02 3.582005023956298828e+00 1.186827754974365234e+01 -4.183138847351074219e+00 -2.785810232162475586e+00 6.043249964714050293e-01
4.400628662109375000e+02 3.068690776824951172e+00 1.094943809509277344e+01 1.221240997314453125e+01 9.155158996582031250e+00 8.008537292480468750e-01
4.025184631347656250e+02 2.352905511856079102e+00 9.549024581909179688e+00 6.212401390075683594e+00 3.067309856414794922e+00 6.438403129577636719e-01
3.970505371093750000e+02 1.522854804992675781e+00 7.937164783477783203e+00 -1.645778417587280273e+00 -2.519266605377197266e+00 8.395428657531738281e-01
4.122065124511718750e+02 2.897682666778564453e+00 1.054536247253417969e+01 1.129832744598388672e+01 6.999030113220214844e+00 7.004263997077941895e-01
4.586158752441406250e+02 3.141440868377685547e+00 1.103420734405517578e+01 1.197865295410156250e+01 7.833044528961181641e+00 7.013393044471740723e-01
3.603189697265625000e+02 6.289206743240356445e-01 5.765083312988281250e+00 -1.353360414505004883e+00 -1.887209415435791016e+00 7.046533823013305664e-01
3.956818542480468750e+02 1.212393403053283691e+00 7.179390430450439453e+00 7.895421981811523438e-01 2.106666564941406250e-02 6.248618364334106445e-01
3.702988281250000000e+02 4.502959251403808594e-01 5.679890632629394531e+00 -3.705143928527832031e-02 -9.342896938323974609e-01 6.884806752204895020e-01
3.703217468261718750e+02 2.437670826911926270e-01 5.125223159790039062e+00 1.464152336120605469e-01 -5.407154560089111328e-01 5.712004899978637695e-01
4.258689270019531250e+02 2.708195924758911133e+00 1.037440681457519531e+01 8.750717163085937500e+00 6.012923717498779297e+00 7.596681118011474609e-01
3.771852111816406250e+02 4.740753173828125000e-01 5.566896438598632812e+00 5.276894569396972656e-01 -5.561971664428710938e-01 6.231342554092407227e-01
4.006418151855468750e+02 2.168272256851196289e+00 9.180619239807128906e+00 6.596212387084960938e+00 4.389123916625976562e+00 8.077042102813720703e-01
3.675559997558593750e+02 4.399163126945495605e-01 5.807381153106689453e+00 7.859969139099121094e-01 -2.473378181457519531e-01 5.616331100463867188e-01
3.403116455078125000e+02 8.893477916717529297e-01 6.499349594116210938e+00 -1.648039817810058594e+00 -2.687979936599731445e+00 7.565354704856872559e-01
4.431899414062500000e+02 1.526289105415344238e+00 7.936216354370117188e+00 2.154901027679443359e+00 9.430336952209472656e-01 6.627676486968994141e-01
4.586606140136718750e+02 1.080880045890808105e+00 7.210433959960937500e+00 1.418735980987548828e+00 3.727221488952636719e-01 8.407062292098999023e-01
4.269866333007812500e+02 5.476257801055908203e-01 5.734671592712402344e+00 -7.220053672790527344e-01 -1.204416751861572266e+00 7.780944108963012695e-01
3.979486999511718750e+02 8.752341866493225098e-01 6.493986129760742188e+00 -6.036472320556640625e-01 -1.301726102828979492e+00 7.952398657798767090e-01
4.398177185058593750e+02 3.448316454887390137e-01 5.279494762420654297e+00 -3.385818004608154297e-01 -1.099909543991088867e+00 7.283332943916320801e-01
4.353728637695312500e+02 2.322532176971435547e+00 9.444418907165527344e+00 7.714464664459228516e+00 5.661721229553222656e+00 8.063285946846008301e-01
4.823325500488281250e+02 2.410808324813842773e+00 9.398840904235839844e+00 6.009664535522460938e+00 4.168677330017089844e+00 7.198426723480224609e-01
3.821820068359375000e+02 1.281855106353759766e+00 7.597170352935791016e+00 2.378954887390136719e+00 5.241203308105468750e-01 5.467128157615661621e-01
4.463066101074218750e+02 2.834023714065551758e+00 1.029192638397216797e+01 5.492935180664062500e+00 3.307683467864990234e+00 7.131809592247009277e-01
4.553973999023437500e+02 3.115916013717651367e+00 1.109160041809082031e+01 -2.221828699111938477e+00 -2.173016071319580078e+00 7.284548282623291016e-01
4.015568847656250000e+02 2.287873268127441406e+00 9.330629348754882812e+00 5.691676139831542969e+00 2.835288047790527344e+00 5.962364673614501953e-01
3.995693359375000000e+02 7.956585884094238281e-01 6.474718570709228516e+00 8.517503738403320312e-02 -4.923784732818603516e-01 5.650926828384399414e-01
4.350458068847656250e+02 1.654004454612731934e+00 8.160680770874023438e+00 1.407930850982666016e+00 4.255723953247070312e-01 6.609516739845275879e-01
4.353379821777343750e+02 9.376604557037353516e-01 6.384350776672363281e+00 -3.896415233612060547e-01 -8.082830905914306641e-01 8.046591281890869141e-01
4.111414489746093750e+02 1.502770781517028809e+00 7.849220275878906250e+00 7.973165512084960938e+00 4.847500324249267578e+00 7.215119004249572754e-01
3.994624023437500000e+02 2.499416351318359375e+00 9.745149612426757812e+00 2.046878337860107422e+00 9.204125404357910156e-01 6.726226210594177246e-01
4.377063293457031250e+02 2.575733184814453125e+00 1.004018211364746094e+01 7.959768772125244141e+00 4.873218536376953125e+00 6.630568504333496094e-01
3.723453674316406250e+02 5.449875593185424805e-01 5.935109138488769531e+00 9.265899658203125000e-01 -2.611076831817626953e-01 5.870068669319152832e-01
4.368540344238281250e+02 2.435654878616333008e+00 9.441029548645019531e+00 3.366179466247558594e+00 1.379809379577636719e+00 5.101464390754699707e-01
3.726554870605468750e+02 3.019686222076416016e+00 1.086597442626953125e+01 -8.033002853393554688e+00 -5.675903320312500000e+00 6.316817998886108398e-01
3.704109497070312500e+02 4.402258396148681641e-01 5.755865097045898438e+00 -2.413308620452880859e-01 -6.396973133087158203e-01 5.373343229293823242e-01
4.453733520507812500e+02 2.659644603729248047e+00 9.744232177734375000e+00 7.541923522949218750e+00 5.639708042144775391e+00 8.182635307312011719e-01
3.665993957519531250e+02 3.380731940269470215e-01 5.607029438018798828e+00 5.330061912536621094e-01 -5.341541767120361328e-01 7.656249403953552246e-01
4.296430664062500000e+02 2.257320165634155273e+00 9.138610839843750000e+00 5.738511085510253906e+00 3.971886634826660156e+00 8.085016012191772461e-01
4.404588623046875000e+02 2.646124839782714844e+00 9.944999694824218750e+00 7.111449241638183594e+00 4.048497676849365234e+00 6.341295838356018066e-01
4.213463439941406250e+02 9.543534517288208008e-01 6.736511230468750000e+00 8.011865615844726562e-01 4.053115844726562500e-05 6.979902982711791992e-01
3.649301147460937500e+02 3.833658695220947266e-01 5.575997829437255859e+00 4.542446136474609375e-01 -7.196497917175292969e-01 6.857990026473999023e-01
4.007571716308593750e+02 1.160048842430114746e+00 6.909992218017578125e+00 6.325697898864746094e-01 -1.456093788146972656e-01 5.868090391159057617e-01
3.733161926269531250e+02 4.675602316856384277e-01 5.693399429321289062e+00 1.546730995178222656e+00 1.082611083984375000e-01 5.354487299919128418e-01
4.038855590820312500e+02 6.666128635406494141e-01 6.016865730285644531e+00 -5.077481269836425781e-02 -7.864046096801757812e-01 6.651619076728820801e-01
3.701081542968750000e+02 2.250726699829101562e+00 9.127429962158203125e+00 -2.585207223892211914e+00 -2.433428764343261719e+00 5.777968168258666992e-01
4.294035339355468750e+02 2.224277973175048828e+00 9.144659996032714844e+00 8.048872947692871094e+00 5.826711654663085938e+00 8.101812601089477539e-01
3.638477783203125000e+02 5.127538442611694336e-01 5.415399551391601562e+00 1.657128334045410156e-01 -8.971142768859863281e-01 6.941102743148803711e-01
4.369407653808593750e+02 1.692362546920776367e+00 8.254949569702148438e+00 3.666245937347412109e+00 2.178642749786376953e+00 7.260724902153015137e-01
4.574171142578125000e+02 2.509835243225097656e+00 9.720650672912597656e+00 4.804358482360839844e+00 3.506295680999755859e+00 8.023457527160644531e-01
3.657998657226562500e+02 5.267521142959594727e-01 5.820437908172607422e+00 5.617475509643554688e-01 -2.627813816070556641e-01 5.028254389762878418e-01
4.301136474609375000e+02 5.340877771377563477e-01 5.988516807556152344e+00 -6.224393844604492188e-01 -5.553054809570312500e-01 5.576862096786499023e-01
4.231412048339843750e+02 2.152502298355102539e+00 9.036252975463867188e+00 6.953568458557128906e+00 4.091691970825195312e+00 6.828040480613708496e-01
4.045027160644531250e+02 7.489096522331237793e-01 6.158589363098144531e+00 2.815818786621093750e-01 -7.830595970153808594e-01 6.424281597137451172e-01
4.412515563964843750e+02 2.225881814956665039e+00 9.245704650878906250e+00 9.635210037231445312e+00 7.337937355041503906e+00 8.224312067031860352e-01
4.095735473632812500e+02 3.060798168182373047e+00 1.096895599365234375e+01 -5.274952888488769531e+00 -4.054397583007812500e+00 6.534749865531921387e-01
3.669848327636718750e+02 4.265446066856384277e-01 5.400215148925781250e+00 1.419520378112792969e+00 -4.079818725585937500e-02 6.921219229698181152e-01
3.629573669433593750e+02 4.130956530570983887e-01 5.473055839538574219e+00 1.190619468688964844e+00 -1.043951511383056641e-01 5.646350383758544922e-01
4.497548217773437500e+02 2.259903669357299805e+00 9.185397148132324219e+00 6.590013504028320312e+00 5.557181835174560547e+00 9.390251636505126953e-01
4.367075805664062500e+02 3.115470886230468750e+00 1.113126564025878906e+01 -4.831237792968750000e+00 -3.098967075347900391e+00 5.813762545585632324e-01
3.985299072265625000e+02 2.260262489318847656e+00 9.401784896850585938e+00 1.042510223388671875e+01 7.583677768707275391e+00 8.377183675765991211e-01
5.484701538085937500e+02 2.050895690917968750e+00 8.813929557800292969e+00 2.599492073059082031e+00 1.204588413238525391e+00 7.860958576202392578e-01
4.063742675781250000e+02 2.627456188201904297e+00 1.021886825561523438e+01 8.563144683837890625e+00 4.079749584197998047e+00 5.380301475524902344e-01
4.186888122558593750e+02 2.824652194976806641e+00 1.025657653808593750e+01 6.335146427154541016e+00 4.004266262054443359e+00 7.622197866439819336e-01
4.109518127441406250e+02 6.274865865707397461e-01 6.017952442169189453e+00 -5.721807479858398438e-02 -4.735350608825683594e-01 5.862230658531188965e-01
4.336298522949218750e+02 1.487030863761901855e+00 7.762553691864013672e+00 4.045100212097167969e+00 1.947927474975585938e+00 6.209356188774108887e-01
3.580884094238281250e+02 5.488933920860290527e-01 5.755496978759765625e+00 6.057238578796386719e-01 -7.856023311614990234e-01 7.921832203865051270e-01
4.316842956542968750e+02 3.718041896820068359e+00 1.229462337493896484e+01 -3.832103013992309570e+00 -3.750134706497192383e+00 8.001825809478759766e-01
4.430038452148437500e+02 2.479480743408203125e+00 9.882178306579589844e+00 4.250309467315673828e+00 2.630095481872558594e+00 7.648758888244628906e-01
4.314176940917968750e+02 2.294865131378173828e+00 9.380691528320312500e+00 9.514333724975585938e+00 5.650491714477539062e+00 6.337524652481079102e-01
4.397891540527343750e+02 3.120080471038818359e+00 1.098561477661132812e+01 -5.733805656433105469e+00 -3.646699190139770508e+00 5.581211447715759277e-01
4.019799194335937500e+02 1.457100629806518555e+00 7.648798942565917969e+00 3.605039119720458984e+00 1.572782993316650391e+00 5.982525348663330078e-01
4.284657897949218750e+02 1.714568018913269043e+00 8.234008789062500000e+00 3.525376319885253906e+00 1.905565261840820312e+00 7.946037054061889648e-01
3.672646484375000000e+02 2.606492042541503906e+00 1.001471328735351562e+01 -1.754509210586547852e+00 -1.680988073348999023e+00 5.232635736465454102e-01
3.656545410156250000e+02 6.058159470558166504e-01 5.936072349548339844e+00 -2.028107643127441406e-02 -1.015510559082031250e+00 6.368743181228637695e-01
3.694578247070312500e+02 2.677991390228271484e+00 9.987163543701171875e+00 -3.035738468170166016e+00 -2.874163389205932617e+00 6.363189816474914551e-01
4.421731567382812500e+02 3.094832420349121094e+00 1.080031108856201172e+01 -7.474354743957519531e+00 -5.110046863555908203e+00 6.326841711997985840e-01
4.367412109375000000e+02 2.728757858276367188e+00 1.038190078735351562e+01 -5.355045795440673828e+00 -3.914277553558349609e+00 6.529710292816162109e-01
3.950009765625000000e+02 1.135424017906188965e+00 7.163452148437500000e+00 -1.254396438598632812e+00 -1.076183319091796875e+00 5.163996219635009766e-01
3.606103515625000000e+02 8.581174015998840332e-01 6.686791896820068359e+00 1.210267543792724609e+00 -3.340876102447509766e-01 6.760517358779907227e-01
4.378476257324218750e+02 2.166008949279785156e+00 9.099123001098632812e+00 7.020528316497802734e+00 4.590332508087158203e+00 7.655640840530395508e-01
3.602372131347656250e+02 3.105308532714843750e+00 1.107494831085205078e+01 -1.005025291442871094e+01 -6.159132957458496094e+00 5.267137885093688965e-01
3.606241455078125000e+02 1.516879200935363770e+00 7.799294948577880859e+00 -1.874870061874389648e+00 -2.314397096633911133e+00 6.327639818191528320e-01
3.924566650390625000e+02 1.922628760337829590e+00 8.362379074096679688e+00 1.146533489227294922e+01 4.189085960388183594e+00 4.061262011528015137e-01
4.001770629882812500e+02 5.524757504463195801e-01 5.746284484863281250e+00 9.828495979309082031e-01 -1.114606857299804688e-02 6.621093750000000000e-01
3.649132080078125000e+02 3.063126206398010254e-01 5.293056488037109375e+00 6.284689903259277344e-01 -4.276680946350097656e-01 5.342734456062316895e-01
3.667493286132812500e+02 6.537960171699523926e-01 5.970968246459960938e+00 -7.601773738861083984e-01 -1.318093538284301758e+00 6.211652755737304688e-01
4.937554931640625000e+02 2.858124732971191406e+00 1.047186660766601562e+01 1.040517997741699219e+01 4.947638511657714844e+00 5.273855924606323242e-01
4.417800292968750000e+02 1.546896338462829590e+00 7.872473239898681641e+00 3.381581306457519531e+00 2.073976993560791016e+00 7.258927226066589355e-01
4.023363037109375000e+02 3.406893253326416016e+00 1.142603111267089844e+01 -1.389398860931396484e+01 -1.020406055450439453e+01 6.913528442382812500e-01
3.994829711914062500e+02 1.950520873069763184e-01 5.200859069824218750e+00 2.908682823181152344e-01 -4.528832435607910156e-01 5.092909932136535645e-01
4.023187561035156250e+02 3.823093891143798828e+00 1.226844120025634766e+01 1.818923950195312500e+00 5.095887184143066406e-01 5.296550989151000977e-01
4.344394531250000000e+02 2.931923866271972656e+00 1.068407249450683594e+01 -7.598184585571289062e+00 -4.993213653564453125e+00 6.184337139129638672e-01
3.565242919921875000e+02 6.050373911857604980e-01 5.946475505828857422e+00 9.282660484313964844e-01 -3.908777236938476562e-01 5.380467176437377930e-01
2.941012268066406250e+02 6.502352952957153320e-01 5.861126899719238281e+00 6.801342964172363281e-01 -5.800545215606689453e-01 7.009315490722656250e-01
4.365373535156250000e+02 1.854895830154418945e+00 8.382471084594726562e+00 5.079264640808105469e+00 2.797133922576904297e+00 6.357114315032958984e-01
4.034951782226562500e+02 1.691896915435791016e+00 7.919604301452636719e+00 -4.893815517425537109e-01 -1.467866897583007812e+00 8.784637451171875000e-01
3.662841796875000000e+02 3.785815238952636719e-01 5.631091117858886719e+00 1.645517349243164062e+00 3.108000755310058594e-01 5.278937816619873047e-01
3.993914489746093750e+02 3.596132993698120117e+00 1.218873310089111328e+01 2.006134986877441406e+00 5.632472038269042969e-01 6.454855799674987793e-01
4.061967468261718750e+02 2.749477624893188477e+00 1.036056995391845703e+01 -7.437976837158203125e+00 -4.374276161193847656e+00 5.148024559020996094e-01
4.475815734863281250e+02 1.844443082809448242e+00 8.500865936279296875e+00 5.375251770019531250e+00 3.011457920074462891e+00 6.279690265655517578e-01
4.396684570312500000e+02 2.425806045532226562e+00 9.702659606933593750e+00 4.876732826232910156e+00 2.760727405548095703e+00 7.511765956878662109e-01
4.434784545898437500e+02 2.532729625701904297e+00 9.751361846923828125e+00 7.415099143981933594e+00 4.595398902893066406e+00 6.753710508346557617e-01
4.451018676757812500e+02 2.116918087005615234e+00 9.117691993713378906e+00 6.542351245880126953e+00 4.131608009338378906e+00 7.173304557800292969e-01
3.740225830078125000e+02 8.461361527442932129e-01 6.270166873931884766e+00 -7.345199584960937500e-02 -8.608520030975341797e-01 5.313391685485839844e-01
4.491188964843750000e+02 1.406890034675598145e+00 7.659908294677734375e+00 2.783555984497070312e+00 1.522922515869140625e+00 6.020463109016418457e-01
4.012700500488281250e+02 1.382542014122009277e+00 7.570867061614990234e+00 3.475487232208251953e+00 1.568789482116699219e+00 7.190659046173095703e-01
3.973133544921875000e+02 2.511204719543457031e+00 9.902383804321289062e+00 1.409696769714355469e+01 6.971187591552734375e+00 5.272079110145568848e-01
4.576303405761718750e+02 3.708359479904174805e+00 1.223181438446044922e+01 1.863375473022460938e+01 1.744801521301269531e+01 9.711875915527343750e-01
3.631934509277343750e+02 7.917981743812561035e-01 6.431602478027343750e+00 -7.993185520172119141e-01 -1.809623241424560547e+00 7.425421476364135742e-01
3.351808166503906250e+02 2.247857570648193359e+00 9.113935470581054688e+00 -2.884724140167236328e+00 -3.755069971084594727e+00 7.589167952537536621e-01
4.371603088378906250e+02 3.691296577453613281e+00 1.224674701690673828e+01 2.038559913635253906e+00 8.784770965576171875e-01 7.378354072570800781e-01
4.582230529785156250e+02 1.339909553527832031e+00 7.322138786315917969e+00 2.302978038787841797e+00 1.514983177185058594e+00 7.829899787902832031e-01
3.662373046875000000e+02 5.062736272811889648e-01 5.756311416625976562e+00 4.187202453613281250e-01 -7.143330574035644531e-01 6.748184561729431152e-01
3.623094177246093750e+02 6.618614196777343750e-01 5.853809833526611328e+00 -8.303236961364746094e-01 -1.026318073272705078e+00 4.496179819107055664e-01
3.634359741210937500e+02 2.692358493804931641e+00 9.955602645874023438e+00 6.124300956726074219e+00 2.820992469787597656e+00 5.904641747474670410e-01
4.248614807128906250e+02 3.158831357955932617e+00 1.096429252624511719e+01 -3.551143407821655273e+00 -2.733701467514038086e+00 6.179244518280029297e-01
4.006095275878906250e+02 5.334817767143249512e-01 5.869216442108154297e+00 9.537982940673828125e-01 -1.934766769409179688e-03 6.055728197097778320e-01
4.027704772949218750e+02 6.113379001617431641e-01 5.777805805206298828e+00 8.804893493652343750e-01 -8.599400520324707031e-02 4.851959347724914551e-01
4.406030578613281250e+02 3.171781778335571289e+00 1.112137699127197266e+01 -6.534324645996093750e+00 -5.554398536682128906e+00 7.357914447784423828e-01
3.982701416015625000e+02 2.337129831314086914e+00 9.597538948059082031e+00 5.481586456298828125e+00 3.336298465728759766e+00 7.518309950828552246e-01
4.332865295410156250e+02 8.290191888809204102e-01 6.551218986511230469e+00 -1.864225864410400391e+00 -1.846698522567749023e+00 8.043949604034423828e-01
3.231737976074218750e+02 4.512693881988525391e-01 5.757795333862304688e+00 6.365728378295898438e-01 -7.046365737915039062e-01 6.375056505203247070e-01
3.662718811035156250e+02 1.268248081207275391e+00 7.234711170196533203e+00 1.571764945983886719e+00 -1.159381866455078125e-01 7.627111673355102539e-01
4.313646850585937500e+02 3.085783004760742188e+00 1.074981880187988281e+01 -5.130649566650390625e+00 -3.212475776672363281e+00 5.719479322433471680e-01
3.652894592285156250e+02 3.923233747482299805e-01 5.541975975036621094e+00 8.950209617614746094e-01 -2.478551864624023438e-01 6.893044114112854004e-01
4.048827209472656250e+02 7.554395794868469238e-01 6.082837104797363281e+00 1.067972183227539062e-01 -3.811490535736083984e-01 5.566472411155700684e-01
4.157464599609375000e+02 2.249770641326904297e+00 9.170761108398437500e+00 7.144420146942138672e+00 3.738925457000732422e+00 6.317930817604064941e-01
3.653305358886718750e+02 7.778204679489135742e-01 6.170845985412597656e+00 1.005523204803466797e+00 -2.461946010589599609e-01 7.487925291061401367e-01
2.957517395019531250e+02 7.708063125610351562e-01 6.340654373168945312e+00 -4.720807075500488281e-02 -8.918571472167968750e-01 5.848785042762756348e-01
4.526230773925781250e+02 3.224224328994750977e+00 1.132289886474609375e+01 -1.069860649108886719e+01 -9.619412422180175781e+00 8.617168664932250977e-01
4.324858093261718750e+02 1.478572607040405273e+00 7.798941135406494141e+00 4.885897636413574219e+00 3.310966491699218750e+00 8.974987268447875977e-01
3.977517700195312500e+02 2.088042736053466797e+00 8.883493423461914062e+00 6.029081344604492188e-01 -1.359987258911132812e-01 5.872634649276733398e-01
4.366192321777343750e+02 3.251694440841674805e+00 1.131824111938476562e+01 -6.260682106018066406e+00 -4.311320781707763672e+00 5.815322995185852051e-01
3.963843383789062500e+02 1.082380294799804688e+00 6.721053123474121094e+00 3.858563899993896484e+00 1.732861995697021484e+00 5.753926038742065430e-01
4.022348937988281250e+02 2.911935806274414062e+00 1.074956893920898438e+01 -5.247371196746826172e+00 -4.447421073913574219e+00 6.996003389358520508e-01
4.357427673339843750e+02 5.838452577590942383e-01 5.903108596801757812e+00 -1.606229543685913086e+00 -1.349079608917236328e+00 5.964666008949279785e-01
3.724473571777343750e+02 4.030366539955139160e-01 5.457853794097900391e+00 8.611869812011718750e-01 -1.814866065979003906e-01 5.621354579925537109e-01
3.646416625976562500e+02 2.199078321456909180e+00 9.055222511291503906e+00 4.097366333007812500e-01 -7.474374771118164062e-01 8.407699465751647949e-01
4.424387512207031250e+02 1.832690715789794922e+00 8.500308990478515625e+00 4.668488502502441406e+00 2.619032859802246094e+00 6.800494194030761719e-01
4.044376831054687500e+02 1.653564214706420898e+00 8.180500030517578125e+00 3.355245590209960938e+00 1.380460262298583984e+00 5.935533046722412109e-01
4.073660278320312500e+02 4.460694789886474609e-01 5.840158462524414062e+00 -7.776784896850585938e-01 -1.136381626129150391e+00 5.045953392982482910e-01
1.506086883544921875e+02 8.003522753715515137e-01 6.159721851348876953e+00 2.177643775939941406e-01 -4.317665100097656250e-01 6.120377182960510254e-01
4.083533630371093750e+02 2.339545726776123047e+00 9.578176498413085938e+00 3.402423858642578125e+00 2.046005725860595703e+00 8.173874020576477051e-01
3.707418212890625000e+02 3.404168367385864258e+00 1.136860942840576172e+01 -7.567119598388671875e-01 -8.258283138275146484e-01 4.118804931640625000e-01
4.033026123046875000e+02 1.433077692985534668e+00 7.897601604461669922e+00 4.231982231140136719e+00 1.849775314331054688e+00 6.061698198318481445e-01
4.887605590820312500e+02 9.332848787307739258e-01 6.564117431640625000e+00 1.527833938598632812e-01 -2.407193183898925781e-01 6.195466518402099609e-01
3.696223144531250000e+02 3.899542689323425293e-01 5.679061889648437500e+00 -2.675890922546386719e-01 -1.105593442916870117e+00 7.029981017112731934e-01
3.726134033203125000e+02 5.512358546257019043e-01 5.866552829742431641e+00 -6.858813762664794922e-01 -1.225007772445678711e+00 5.501441955566406250e-01
4.307522277832031250e+02 2.635978221893310547e+00 1.020910739898681641e+01 7.000203132629394531e+00 4.602077007293701172e+00 7.770735621452331543e-01
4.184986572265625000e+02 9.444873929023742676e-01 6.603329181671142578e+00 1.683506965637207031e+00 3.090620040893554688e-01 5.742824077606201172e-01
4.449731750488281250e+02 3.185492038726806641e+00 1.101468658447265625e+01 1.091643524169921875e+01 5.877509117126464844e+00 5.989922285079956055e-01
4.377133789062500000e+02 2.491304397583007812e+00 9.627412796020507812e+00 7.318730354309082031e+00 4.331116676330566406e+00 7.005810737609863281e-01
4.339992675781250000e+02 2.277781486511230469e+00 9.197951316833496094e+00 8.089385032653808594e+00 6.824359893798828125e+00 9.428212046623229980e-01
4.378338012695312500e+02 2.014981746673583984e+00 8.836701393127441406e+00 4.892196655273437500e+00 2.830188274383544922e+00 7.544597983360290527e-01
4.042807006835937500e+02 1.217505693435668945e+00 7.354202270507812500e+00 2.883694171905517578e+00 1.085667610168457031e+00 6.682921648025512695e-01
4.678236389160156250e+02 1.006564259529113770e+00 6.875476837158203125e+00 -1.157925128936767578e+00 -1.374971866607666016e+00 8.589458465576171875e-01
4.259765625000000000e+02 3.300891399383544922e+00 1.140570068359375000e+01 -1.040964126586914062e+01 -7.329261302947998047e+00 6.406124830245971680e-01
3.648122863769531250e+02 4.645407795906066895e-01 5.396733283996582031e+00 4.481506347656250000e-01 -7.924330234527587891e-01 6.510915756225585938e-01
3.971918334960937500e+02 6.187361478805541992e-01 6.015465736389160156e+00 1.499342918395996094e-01 -8.421599864959716797e-01 7.110017538070678711e-01
3.698744201660156250e+02 4.351269602775573730e-01 5.508857727050781250e+00 9.222984313964843750e-02 -9.086906909942626953e-01 6.752195358276367188e-01
4.384832763671875000e+02 2.524888038635253906e+00 9.819199562072753906e+00 7.792115211486816406e+00 5.708594322204589844e+00 8.188495635986328125e-01
3.985299072265625000e+02 2.260262489318847656e+00 9.401784896850585938e+00 1.042510223388671875e+01 7.583677768707275391e+00 8.377183675765991211e-01
4.004923706054687500e+02 1.597319006919860840e+00 7.808260917663574219e+00 3.311636447906494141e+00 1.867249011993408203e+00 7.615537047386169434e-01
4.251307983398437500e+02 2.504925251007080078e+00 9.746725082397460938e+00 -3.365099430084228516e-01 -9.292995929718017578e-01 7.601343393325805664e-01
3.998535766601562500e+02 5.725781917572021484e-01 5.706105709075927734e+00 5.709195137023925781e-01 -1.228213310241699219e-01 5.097590684890747070e-01
3.646933593750000000e+02 4.996069073677062988e-01 5.740337371826171875e+00 2.697658538818359375e-01 -6.680798530578613281e-01 6.402748227119445801e-01
4.049962463378906250e+02 2.292995691299438477e+00 9.261517524719238281e+00 4.859566688537597656e-01 -3.181374073028564453e-01 4.902817606925964355e-01
3.738735961914062500e+02 1.696785688400268555e+00 7.768537044525146484e+00 4.632296562194824219e+00 1.756596565246582031e+00 4.912942051887512207e-01
4.362531127929687500e+02 2.499776363372802734e+00 9.665845870971679688e+00 6.713986396789550781e+00 3.617744445800781250e+00 6.142729520797729492e-01
3.658149108886718750e+02 4.862328767776489258e-01 5.598481178283691406e+00 3.913617134094238281e-01 -6.187319755554199219e-01 6.326271295547485352e-01
1.279959793090820312e+02 2.894843101501464844e+00 1.023713779449462891e+01 1.191729068756103516e+01 5.605344772338867188e+00 5.040951371192932129e-01
3.990392761230468750e+02 9.738516807556152344e-01 6.572577953338623047e+00 -5.289804935455322266e-01 -9.434032440185546875e-01 5.106065273284912109e-01
3.550191650390625000e+02 3.594942092895507812e-01 5.355698585510253906e+00 4.248356819152832031e-01 -5.949425697326660156e-01 5.927658677101135254e-01
3.669862365722656250e+02 2.794481515884399414e-01 5.294803619384765625e+00 1.123046875000000000e-01 -6.641638278961181641e-01 6.255186796188354492e-01
4.379155273437500000e+02 6.364163756370544434e-01 6.120011329650878906e+00 -3.087711334228515625e-01 -4.409694671630859375e-01 6.102337837219238281e-01
3.376286926269531250e+02 7.220521569252014160e-01 6.073406219482421875e+00 2.345836162567138672e+00 4.862904548645019531e-01 6.442510485649108887e-01
4.368642272949218750e+02 5.345156788825988770e-01 5.673759937286376953e+00 3.715276718139648438e-02 -4.970288276672363281e-01 6.155189275741577148e-01
2.941770935058593750e+02 7.078187465667724609e-01 6.287348747253417969e+00 2.632546424865722656e-01 -9.299564361572265625e-01 7.267752885818481445e-01
4.323275146484375000e+02 2.326550483703613281e+00 9.238759994506835938e+00 6.666324138641357422e+00 4.115197658538818359e+00 7.198123931884765625e-01
4.348016357421875000e+02 2.327548265457153320e+00 9.468326568603515625e+00 7.466008663177490234e+00 5.135166645050048828e+00 7.678101062774658203e-01
4.003299560546875000e+02 8.074756860733032227e-01 6.174540042877197266e+00 1.354885101318359375e-01 -6.893205642700195312e-01 7.222207784652709961e-01
4.443469543457031250e+02 3.785569667816162109e+00 1.230004215240478516e+01 -1.202882528305053711e+00 -1.107701063156127930e+00 6.294189691543579102e-01
4.307418823242187500e+02 3.022861957550048828e+00 1.070013236999511719e+01 -4.944348335266113281e+00 -4.372189044952392578e+00 7.312945127487182617e-01
4.060388488769531250e+02 2.905107498168945312e+00 1.069397926330566406e+01 -9.607052803039550781e-01 -1.324377059936523438e+00 5.356871485710144043e-01
4.310463562011718750e+02 2.118623495101928711e+00 8.847565650939941406e+00 8.925771713256835938e+00 6.476802825927734375e+00 7.906046509742736816e-01
3.631257934570312500e+02 7.571996450424194336e-01 6.200459480285644531e+00 2.773144245147705078e+00 7.679748535156250000e-01 5.306234359741210938e-01
2.942464599609375000e+02 6.921288967132568359e-01 6.070029258728027344e+00 -3.516006469726562500e-01 -1.450749635696411133e+00 6.911825537681579590e-01
4.347842712402343750e+02 2.234408378601074219e+00 9.303216934204101562e+00 6.421380043029785156e+00 3.868012428283691406e+00 7.396044731140136719e-01
3.718119201660156250e+02 2.525493144989013672e+00 9.713076591491699219e+00 -2.312487363815307617e+00 -2.017478942871093750e+00 5.414797663688659668e-01
4.402552490234375000e+02 3.181311607360839844e+00 1.100316047668457031e+01 1.283197879791259766e+01 7.486350536346435547e+00 6.133732795715332031e-01
4.354895935058593750e+02 3.606454133987426758e+00 1.187651062011718750e+01 -3.617070913314819336e+00 -2.971751689910888672e+00 6.632835268974304199e-01
3.562097167968750000e+02 7.744328379631042480e-01 6.086071491241455078e+00 5.606126785278320312e-01 -8.979392051696777344e-01 6.778663992881774902e-01
4.077399597167968750e+02 3.720104694366455078e-01 5.312106609344482422e+00 5.757474899291992188e-01 -1.536428928375244141e-01 5.800958871841430664e-01
4.131785278320312500e+02 2.540349006652832031e+00 9.726946830749511719e+00 1.071879196166992188e+01 6.191902160644531250e+00 6.307909488677978516e-01
3.666297302246093750e+02 1.563873291015625000e+00 7.895191192626953125e+00 5.328965187072753906e+00 2.475192546844482422e+00 6.168233156204223633e-01
4.352618713378906250e+02 3.482373714447021484e+00 1.187125778198242188e+01 1.395072937011718750e+00 5.227661132812500000e-01 5.988209843635559082e-01
3.611552429199218750e+02 5.729551315307617188e-01 5.793693542480468750e+00 -2.749621868133544922e-01 -1.253006458282470703e+00 7.428725957870483398e-01
3.994753723144531250e+02 8.956170082092285156e-01 6.523838996887207031e+00 1.974551677703857422e+00 4.304099082946777344e-01 6.385374665260314941e-01
4.036025390625000000e+02 6.571609377861022949e-01 5.987928867340087891e+00 1.382400989532470703e+00 7.453680038452148438e-02 6.698690652847290039e-01
4.027681884765625000e+02 2.091481208801269531e+00 8.880866050720214844e+00 -3.489199876785278320e+00 -3.205604553222656250e+00 7.347974777221679688e-01
3.990159301757812500e+02 2.745084166526794434e-01 5.269807338714599609e+00 2.337479591369628906e-01 -6.484460830688476562e-01 6.692088246345520020e-01
4.075400695800781250e+02 2.539152145385742188e+00 1.013548660278320312e+01 6.347677707672119141e+00 3.392591476440429688e+00 6.479610204696655273e-01
4.369075927734375000e+02 3.093693733215332031e+00 1.088917064666748047e+01 -3.695244789123535156e+00 -3.577996492385864258e+00 7.680369615554809570e-01
3.722121887207031250e+02 4.042211174964904785e-01 5.313103675842285156e+00 4.441428184509277344e-01 -5.094814300537109375e-01 5.690145492553710938e-01
4.240898742675781250e+02 2.209904432296752930e+00 9.110924720764160156e+00 -1.628429889678955078e+00 -2.404307126998901367e+00 8.962402343750000000e-01
2.973635559082031250e+02 8.578912019729614258e-01 6.420041084289550781e+00 4.237556457519531250e-01 -8.496260643005371094e-01 7.511417865753173828e-01
4.467777709960937500e+02 3.043228149414062500e+00 1.088471984863281250e+01 -4.608587265014648438e+00 -3.561042547225952148e+00 7.296210527420043945e-01
1.300158081054687500e+02 9.269711375236511230e-01 6.734521865844726562e+00 -3.454434871673583984e-01 -5.906498432159423828e-01 5.238748192787170410e-01
4.458655395507812500e+02 1.841457962989807129e+00 8.464831352233886719e+00 3.815772533416748047e+00 1.985867023468017578e+00 6.112648844718933105e-01
4.013471984863281250e+02 1.248563885688781738e+00 7.314273834228515625e+00 -6.659054756164550781e-01 -1.241397857666015625e+00 7.917110919952392578e-01
4.045781555175781250e+02 8.881372213363647461e-01 6.297368049621582031e+00 1.016626358032226562e+00 -2.276968955993652344e-01 5.625030398368835449e-01
3.676726989746093750e+02 4.773105978965759277e-01 5.438606262207031250e+00 5.721783638000488281e-01 -5.718934535980224609e-01 6.355677843093872070e-01
3.611552429199218750e+02 5.729551315307617188e-01 5.793693542480468750e+00 -2.749621868133544922e-01 -1.253006458282470703e+00 7.428725957870483398e-01
4.396390991210937500e+02 2.138424634933471680e+00 9.029588699340820312e+00 7.014446258544921875e+00 5.020036697387695312e+00 7.975577712059020996e-01
3.948190917968750000e+02 1.564561724662780762e+00 7.865781307220458984e+00 5.299353599548339844e-01 -1.902806758880615234e-01 4.113731980323791504e-01
4.320705871582031250e+02 2.409738540649414062e+00 9.410974502563476562e+00 7.215778827667236328e+00 4.561681747436523438e+00 6.917613744735717773e-01
4.016289672851562500e+02 5.736491084098815918e-01 5.979676246643066406e+00 -2.699816226959228516e-01 -1.037192344665527344e+00 6.800918579101562500e-01
4.423149719238281250e+02 3.434650897979736328e+00 1.187420940399169922e+01 -8.220699310302734375e+00 -6.225014686584472656e+00 6.978858709335327148e-01
4.040738220214843750e+02 1.389653444290161133e+00 7.459163188934326172e+00 3.332896232604980469e+00 1.353323459625244141e+00 6.565665602684020996e-01
4.283775939941406250e+02 3.096647024154663086e+00 1.102772808074951172e+01 -2.144343852996826172e+00 -2.510788440704345703e+00 8.339785933494567871e-01
4.267939453125000000e+02 4.911631345748901367e-01 5.599794864654541016e+00 5.924701690673828125e-03 -4.887366294860839844e-01 6.816651821136474609e-01
4.197199401855468750e+02 2.754456996917724609e+00 1.035539245605468750e+01 5.751583576202392578e+00 4.284298419952392578e+00 9.165754318237304688e-01
4.451015014648437500e+02 4.656546115875244141e-01 5.701881885528564453e+00 7.296395301818847656e-01 -8.707404136657714844e-02 6.618862748146057129e-01
4.151333007812500000e+02 3.483917951583862305e+00 1.176375389099121094e+01 -5.906167030334472656e+00 -4.584392547607421875e+00 6.631656885147094727e-01
3.638394165039062500e+02 7.286450266838073730e-01 6.210369110107421875e+00 1.493189334869384766e+00 -2.453565597534179688e-02 6.223341822624206543e-01
4.339057006835937500e+02 2.098099231719970703e+00 8.727092742919921875e+00 5.420236587524414062e+00 2.664966583251953125e+00 5.750622153282165527e-01
4.414752807617187500e+02 1.218182325363159180e+00 6.897088050842285156e+00 -3.992987871170043945e+00 -1.685640811920166016e+00 4.325435757637023926e-01
3.592438049316406250e+02 6.626809239387512207e-01 5.920372009277343750e+00 -1.846027374267578125e-01 -9.545266628265380859e-01 5.768824219703674316e-01
4.476336364746093750e+02 2.899441003799438477e+00 1.043936824798583984e+01 -5.351848602294921875e+00 -3.787691593170166016e+00 6.250710487365722656e-01
4.391528015136718750e+02 3.534300804138183594e+00 1.175105857849121094e+01 -2.118802070617675781e-01 -6.164479255676269531e-01 6.999855637550354004e-01
4.379574279785156250e+02 2.018635034561157227e+00 8.965318679809570312e+00 3.415811061859130859e+00 1.519153118133544922e+00 6.601899862289428711e-01
3.623776245117187500e+02 2.372666597366333008e-01 5.473638057708740234e+00 -7.778680324554443359e-01 -1.435214281082153320e+00 6.019487380981445312e-01
3.718790283203125000e+02 7.578650116920471191e-01 6.165379047393798828e+00 2.023403644561767578e+00 4.174113273620605469e-01 6.455666422843933105e-01
4.515408630371093750e+02 3.222918033599853516e+00 1.088952636718750000e+01 -6.152873992919921875e+00 -6.765675544738769531e+00 1.019900679588317871e+00
4.010475158691406250e+02 7.619982957839965820e-01 6.282351970672607422e+00 1.771368980407714844e+00 4.220628738403320312e-01 7.303088307380676270e-01
4.114900512695312500e+02 1.673132538795471191e+00 8.122056961059570312e+00 2.292745113372802734e+00 6.379795074462890625e-01 6.471400260925292969e-01
3.343045959472656250e+02 3.213583946228027344e+00 1.114308166503906250e+01 -6.059324741363525391e-01 -1.800441741943359375e+00 7.591853141784667969e-01
4.332164916992187500e+02 1.700339436531066895e+00 8.137093544006347656e+00 3.867688179016113281e+00 1.999275684356689453e+00 6.788299083709716797e-01
4.139233703613281250e+02 6.516067981719970703e-01 5.943572044372558594e+00 9.692740440368652344e-01 -2.009892463684082031e-01 5.391522049903869629e-01
3.239212951660156250e+02 2.420805931091308594e+00 9.635242462158203125e+00 1.351752281188964844e+00 -9.684324264526367188e-02 6.479395031929016113e-01
3.752351379394531250e+02 3.291118621826171875e+00 1.140968322753906250e+01 -2.266108989715576172e-01 -9.616899490356445312e-01 5.670679211616516113e-01
4.517825927734375000e+02 1.653186917304992676e+00 8.132072448730468750e+00 3.670010566711425781e+00 2.372908592224121094e+00 7.846552729606628418e-01
3.982023620605468750e+02 8.987544775009155273e-01 6.522978782653808594e+00 2.043199539184570312e-01 -3.545916080474853516e-01 5.881894826889038086e-01
3.613758239746093750e+02 6.773465275764465332e-01 6.245792388916015625e+00 -4.568815231323242188e-02 -8.475148677825927734e-01 6.007077693939208984e-01
4.147225952148437500e+02 2.686756849288940430e+00 1.015649986267089844e+01 1.492415428161621094e+01 1.034605979919433594e+01 7.611553668975830078e-01
4.468700866699218750e+02 3.595129013061523438e+00 1.203827095031738281e+01 -5.188894271850585938e-01 -1.110713481903076172e+00 9.810372591018676758e-01
3.694365844726562500e+02 2.798687934875488281e+00 1.009002208709716797e+01 6.112251281738281250e+00 3.462431430816650391e+00 7.157995700836181641e-01
4.031609191894531250e+02 8.545060753822326660e-01 6.655653953552246094e+00 -1.493227481842041016e+00 -7.626211643218994141e-01 3.690586984157562256e-01
4.108452453613281250e+02 1.234321713447570801e+00 7.221407890319824219e+00 4.312543869018554688e+00 1.462612152099609375e+00 5.115832090377807617e-01
4.434027099609375000e+02 3.989115238189697266e+00 1.282758331298828125e+01 1.947311401367187500e+01 1.838203048706054688e+01 9.998110532760620117e-01
4.339820861816406250e+02 3.634380340576171875e+00 1.204331016540527344e+01 -2.453397512435913086e+00 -1.940848827362060547e+00 5.972779393196105957e-01
4.447023925781250000e+02 2.982506275177001953e+00 1.065782260894775391e+01 -6.483559608459472656e+00 -4.320086479187011719e+00 6.089704036712646484e-01
3.729673461914062500e+02 3.261720538139343262e-01 5.281970024108886719e+00 1.460647583007812500e+00 -3.441929817199707031e-02 5.486566424369812012e-01
4.402658996582031250e+02 2.822363853454589844e+00 1.024336051940917969e+01 7.998645305633544922e+00 5.224413871765136719e+00 7.191768884658813477e-01
4.369792480468750000e+02 1.786601781845092773e+00 8.267053604125976562e+00 5.055928230285644531e+00 3.286640644073486328e+00 7.591882348060607910e-01
3.651473388671875000e+02 6.022185683250427246e-01 5.911317825317382812e+00 -2.641451358795166016e-01 -9.411811828613281250e-01 6.933820247650146484e-01
4.019201354980468750e+02 3.963475823402404785e-01 5.608274459838867188e+00 2.554607391357421875e-01 -4.332864284515380859e-01 5.914526581764221191e-01
3.651758422851562500e+02 4.659873843193054199e-01 5.828624248504638672e+00 -3.137946128845214844e-01 -1.079404354095458984e+00 5.615610480308532715e-01
3.708181762695312500e+02 1.727422952651977539e+00 7.902947425842285156e+00 -9.828758239746093750e-01 -1.253294944763183594e+00 5.137547254562377930e-01
3.715272521972656250e+02 6.861699223518371582e-01 6.001476287841796875e+00 2.045559883117675781e-01 -5.394518375396728516e-01 6.845560669898986816e-01
4.091462097167968750e+02 2.728802680969238281e+00 1.013543701171875000e+01 7.474892139434814453e+00 3.394286632537841797e+00 5.412279367446899414e-01
4.043180847167968750e+02 1.647740244865417480e+00 8.096704483032226562e+00 1.929409503936767578e+00 6.587529182434082031e-01 7.729024887084960938e-01
3.634934082031250000e+02 7.750016450881958008e-01 6.095541000366210938e+00 -5.277431011199951172e-01 -8.751821517944335938e-01 5.069018006324768066e-01
2.921893920898437500e+02 6.768648028373718262e-01 6.155641078948974609e+00 3.115320205688476562e-01 -1.098960638046264648e+00 7.942977547645568848e-01
4.361405944824218750e+02 2.413079261779785156e+00 9.751842498779296875e+00 6.948764324188232422e+00 4.030833244323730469e+00 6.497913002967834473e-01
3.649212646484375000e+02 1.406615018844604492e+00 7.593603134155273438e+00 1.702585220336914062e+00 3.737950325012207031e-01 6.115300655364990234e-01
3.713999328613281250e+02 4.686561822891235352e-01 5.930058956146240234e+00 -8.204221725463867188e-01 -1.363413333892822266e+00 5.580059885978698730e-01
4.009358825683593750e+02 1.968402981758117676e+00 8.765752792358398438e+00 2.503361701965332031e+00 7.437014579772949219e-01 5.721243619918823242e-01
4.413267211914062500e+02 2.923404693603515625e+00 1.076639366149902344e+01 -6.713561058044433594e+00 -5.146332740783691406e+00 7.067413330078125000e-01
3.707785949707031250e+02 1.890035986900329590e+00 8.783911705017089844e+00 2.079885005950927734e+00 1.955914497375488281e-01 6.182084083557128906e-01
4.311117553710937500e+02 3.636060237884521484e+00 1.212527179718017578e+01 -6.759735107421875000e+00 -5.551353454589843750e+00 7.414665818214416504e-01
4.330240173339843750e+02 2.539480209350585938e+00 9.783864974975585938e+00 7.079465389251708984e+00 4.340386390686035156e+00 6.915875673294067383e-01
3.676321716308593750e+02 4.382987618446350098e-01 5.414666652679443359e+00 6.212830543518066406e-01 -6.647324562072753906e-01 6.735887527465820312e-01
4.464259643554687500e+02 3.130749702453613281e+00 1.072459411621093750e+01 2.803359031677246094e+00 1.630241870880126953e+00 6.748038530349731445e-01
4.213310241699218750e+02 5.836305022239685059e-01 5.913262844085693359e+00 1.500844955444335938e-01 -3.237366676330566406e-01 7.178522348403930664e-01
4.076431274414062500e+02 6.418530344963073730e-01 6.230911254882812500e+00 -1.183462142944335938e-01 -7.723581790924072266e-01 5.601798892021179199e-01
3.701231994628906250e+02 6.975419521331787109e-01 6.064152717590332031e+00 1.176154613494873047e+00 -1.755952835083007812e-01 6.533127427101135254e-01
4.240898742675781250e+02 2.209904432296752930e+00 9.110924720764160156e+00 -1.628429889678955078e+00 -2.404307126998901367e+00 8.962402343750000000e-01
3.733222961425781250e+02 3.117273330688476562e+00 1.110721206665039062e+01 -7.098479270935058594e+00 -4.625926017761230469e+00 5.570798516273498535e-01
4.011895751953125000e+02 6.848322153091430664e-01 6.143935203552246094e+00 -1.581381559371948242e+00 -1.992031335830688477e+00 7.764003276824951172e-01
3.992200317382812500e+02 2.282475709915161133e+00 9.255321502685546875e+00 7.533788681030273438e-02 -8.056342601776123047e-01 6.502032876014709473e-01
4.430298461914062500e+02 2.523576259613037109e+00 9.738883972167968750e+00 7.672488689422607422e+00 4.398396015167236328e+00 6.097502708435058594e-01
3.981978149414062500e+02 1.714251875877380371e+00 8.172510147094726562e+00 3.909165859222412109e+00 2.234485149383544922e+00 8.206719160079956055e-01
3.633113403320312500e+02 7.335974574089050293e-01 6.019431114196777344e+00 -2.430784702301025391e-01 -9.409368038177490234e-01 5.301252603530883789e-01
4.376120910644531250e+02 1.726362228393554688e+00 8.286430358886718750e+00 5.672864913940429688e+00 3.472046852111816406e+00 7.239884138107299805e-01
4.227438354492187500e+02 6.106162071228027344e-01 5.777832984924316406e+00 8.816123008728027344e-01 -1.199960708618164062e-01 6.347429156303405762e-01
4.063895263671875000e+02 4.595406055450439453e-01 5.667167186737060547e+00 -4.822254180908203125e-01 -8.990514278411865234e-01 5.577475428581237793e-01
3.671461486816406250e+02 6.168256998062133789e-01 5.886201381683349609e+00 2.349090576171875000e-01 -4.546320438385009766e-01 5.108509659767150879e-01
4.368130798339843750e+02 3.074784755706787109e+00 1.106850147247314453e+01 9.924259185791015625e+00 8.739240646362304688e+00 9.779945611953735352e-01
4.042515258789062500e+02 4.485898613929748535e-01 5.537398815155029297e+00 -7.108449935913085938e-02 -7.786560058593750000e-01 6.184116601943969727e-01
4.396362304687500000e+02 1.797947525978088379e+00 8.339472770690917969e+00 4.556050300598144531e+00 2.054579257965087891e+00 5.347867012023925781e-01
4.446319580078125000e+02 1.767557024955749512e+00 8.365583419799804688e+00 4.141306877136230469e+00 1.973662376403808594e+00 5.327812433242797852e-01
4.064251098632812500e+02 2.445448875427246094e+00 9.820192337036132812e+00 6.872477531433105469e+00 3.958120346069335938e+00 7.228020429611206055e-01
4.445845031738281250e+02 3.120823383331298828e+00 1.098329544067382812e+01 -6.906246185302734375e+00 -4.706021308898925781e+00 6.265561580657958984e-01
4.500783996582031250e+02 2.154145956039428711e+00 9.217080116271972656e+00 5.182838439941406250e+00 3.653788566589355469e+00 8.151514530181884766e-01
4.461839599609375000e+02 3.244210720062255859e+00 1.137052726745605469e+01 -5.778736114501953125e+00 -4.120582580566406250e+00 6.468414068222045898e-01
3.570783996582031250e+02 4.601832628250122070e-01 5.841915130615234375e+00 -9.460067749023437500e-01 -1.283773183822631836e+00 5.134244561195373535e-01
4.027623291015625000e+02 5.170453786849975586e-01 5.644086837768554688e+00 -9.638071060180664062e-03 -9.992361068725585938e-01 6.598044633865356445e-01
4.519760742187500000e+02 1.900924324989318848e+00 8.609109878540039062e+00 1.370952129364013672e+00 3.692269325256347656e-01 4.675557017326354980e-01
4.048400878906250000e+02 6.253105998039245605e-01 6.285257816314697266e+00 -2.311468124389648438e-02 -7.531785964965820312e-01 6.390516757965087891e-01
3.699963684082031250e+02 8.086154460906982422e-01 6.536488533020019531e+00 1.149225234985351562e-01 -8.563351631164550781e-01 5.986092090606689453e-01
5.176427612304687500e+02 3.282227277755737305e+00 1.122115707397460938e+01 -1.537454319000244141e+01 -1.477811050415039062e+01 9.235638380050659180e-01
4.180045471191406250e+02 2.054236888885498047e+00 8.920339584350585938e+00 6.940810680389404297e+00 3.541927337646484375e+00 6.222092509269714355e-01
3.702923278808593750e+02 1.396050333976745605e+00 7.341343879699707031e+00 7.349417209625244141e+00 3.276181221008300781e+00 5.502983331680297852e-01
4.374495849609375000e+02 2.327765703201293945e+00 9.212632179260253906e+00 8.989920616149902344e+00 5.356264114379882812e+00 6.508947014808654785e-01
3.658294982910156250e+02 3.749907612800598145e-01 5.558521270751953125e+00 -1.002633571624755859e-01 -6.280088424682617188e-01 5.227828621864318848e-01
4.352915649414062500e+02 3.029594659805297852e+00 1.072606372833251953e+01 -6.383037567138671875e+00 -4.700112342834472656e+00 6.564725041389465332e-01
4.383238220214843750e+02 2.581885814666748047e+00 9.831121444702148438e+00 6.394119262695312500e+00 4.320051670074462891e+00 7.480385303497314453e-01
1.388316650390625000e+02 2.289540767669677734e+00 9.160313606262207031e+00 8.394048690795898438e+00 6.942574977874755859e+00 9.071995019912719727e-01
3.994887390136718750e+02 3.389714241027832031e+00 1.138401603698730469e+01 -8.402036666870117188e+00 -4.392553329467773438e+00 4.766088724136352539e-01
4.416990661621093750e+02 3.391217708587646484e+00 1.182844638824462891e+01 -9.389251708984375000e+00 -7.616153717041015625e+00 7.536982297897338867e-01
3.634527587890625000e+02 6.314396262168884277e-01 6.045567035675048828e+00 1.097180843353271484e+00 -2.646124362945556641e-01 6.256190538406372070e-01
4.200419311523437500e+02 1.881299495697021484e+00 8.643242835998535156e+00 6.876978874206542969e+00 5.178606510162353516e+00 8.823674321174621582e-01
4.426268615722656250e+02 1.529018878936767578e+00 7.849825859069824219e+00 4.159097671508789062e+00 2.109045982360839844e+00 6.195464134216308594e-01
4.327339172363281250e+02 3.230004787445068359e+00 1.104631042480468750e+01 2.894773483276367188e+00 1.226623058319091797e+00 5.654255747795104980e-01
4.478378295898437500e+02 2.306444168090820312e+00 9.353556632995605469e+00 5.555839538574218750e+00 3.636944293975830078e+00 7.411673665046691895e-01
4.373526000976562500e+02 3.606570720672607422e+00 1.207898902893066406e+01 -3.130260705947875977e+00 -2.878104448318481445e+00 7.488592863082885742e-01
4.293951110839843750e+02 1.908212780952453613e+00 8.544935226440429688e+00 3.874509334564208984e+00 2.043373584747314453e+00 7.237185239791870117e-01
4.849378967285156250e+02 1.686685204505920410e+00 8.071437835693359375e+00 3.285059928894042969e+00 1.489450931549072266e+00 6.791257858276367188e-01
4.028674926757812500e+02 3.248643875122070312e-01 5.332402706146240234e+00 6.893754005432128906e-01 -1.875352859497070312e-01 6.627111434936523438e-01
2.945038452148437500e+02 8.265511989593505859e-01 6.231944084167480469e+00 -4.603040218353271484e-01 -1.254295110702514648e+00 6.345192193984985352e-01
4.219689025878906250e+02 1.812375307083129883e+00 8.209772109985351562e+00 7.419624328613281250e+00 4.353723526000976562e+00 6.765559315681457520e-01
4.011121826171875000e+02 2.883241891860961914e+00 1.059008502960205078e+01 4.743838310241699219e-01 -4.614961147308349609e-01 7.398688793182373047e-01
4.417073669433593750e+02 2.846078395843505859e+00 1.054458427429199219e+01 -5.114264488220214844e+00 -3.853322267532348633e+00 6.385141015052795410e-01
4.382245178222656250e+02 1.783379912376403809e+00 8.344888687133789062e+00 4.019308090209960938e+00 2.189023494720458984e+00 6.234545111656188965e-01
4.591719970703125000e+02 3.138063907623291016e+00 1.088409614562988281e+01 -5.028259754180908203e+00 -4.339641571044921875e+00 8.226752877235412598e-01
4.916781311035156250e+02 9.088572859764099121e-01 6.352633476257324219e+00 1.856794357299804688e+00 1.244289875030517578e+00 9.423888921737670898e-01
3.651157226562500000e+02 2.659900784492492676e-01 5.318070411682128906e+00 3.306603431701660156e-01 -7.732713222503662109e-01 6.554119586944580078e-01
3.954830322265625000e+02 2.166083574295043945e+00 9.229865074157714844e+00 2.482244968414306641e+00 9.421014785766601562e-01 5.231305360794067383e-01
4.380113220214843750e+02 1.804875493049621582e+00 8.358928680419921875e+00 1.599612236022949219e+00 3.937101364135742188e-01 5.753973722457885742e-01
4.046957092285156250e+02 6.909521222114562988e-01 6.142863750457763672e+00 3.988742828369140625e-02 -9.696090221405029297e-01 6.397290229797363281e-01
4.374743041992187500e+02 2.290647983551025391e+00 9.375226974487304688e+00 9.209377288818359375e+00 7.369475364685058594e+00 9.059783816337585449e-01
4.529333190917968750e+02 2.488204002380371094e+00 9.803454399108886719e+00 7.351081371307373047e+00 5.524041652679443359e+00 7.669539451599121094e-01
3.619640502929687500e+02 2.463657379150390625e+00 9.574056625366210938e+00 2.952120304107666016e+00 1.236972808837890625e+00 7.090886831283569336e-01
3.676321716308593750e+02 4.382987618446350098e-01 5.414666652679443359e+00 6.212830543518066406e-01 -6.647324562072753906e-01 6.735887527465820312e-01
4.045400695800781250e+02 1.955858826637268066e+00 8.724419593811035156e+00 6.493043899536132812e+00 2.381331920623779297e+00 4.291131794452667236e-01
4.074151916503906250e+02 6.542357206344604492e-01 6.059646606445312500e+00 -3.588676452636718750e-01 -8.956372737884521484e-01 5.987718105316162109e-01
3.988616027832031250e+02 1.556757569313049316e+00 7.894338130950927734e+00 3.209760189056396484e+00 1.340837478637695312e+00 6.135517954826354980e-01
4.331167602539062500e+02 2.004395484924316406e+00 8.801733016967773438e+00 -1.133890056610107422e+01 -7.683485984802246094e+00 6.665572524070739746e-01
4.031027221679687500e+02 4.343271255493164062e-01 5.668156147003173828e+00 1.244554519653320312e+00 3.610134124755859375e-02 6.434487104415893555e-01
3.637602233886718750e+02 5.631979703903198242e-01 5.908753395080566406e+00 -2.682507038116455078e-01 -1.139295101165771484e+00 5.810104608535766602e-01
4.524583435058593750e+02 2.475861072540283203e+00 9.571022987365722656e+00 8.185510635375976562e+00 4.377467632293701172e+00 5.949239134788513184e-01
4.547813415527343750e+02 1.484558582305908203e+00 7.708768844604492188e+00 1.498382091522216797e+00 6.061244010925292969e-01 7.715856432914733887e-01
3.980498657226562500e+02 1.073459982872009277e+00 6.952134132385253906e+00 5.543637275695800781e-01 -3.734743595123291016e-01 5.673291683197021484e-01
4.440917358398437500e+02 3.588266611099243164e+00 1.182879543304443359e+01 -8.024477958679199219e-01 -7.711005210876464844e-01 5.425673723220825195e-01
4.370248718261718750e+02 2.877168178558349609e+00 1.068128585815429688e+01 1.035193443298339844e+01 7.387208938598632812e+00 7.810387611389160156e-01
3.670328979492187500e+02 6.595793962478637695e-01 5.960702896118164062e+00 -1.293256282806396484e+00 -1.655110120773315430e+00 6.252080202102661133e-01
4.333967285156250000e+02 7.845072150230407715e-01 6.086731910705566406e+00 -6.914019584655761719e-02 -4.949069023132324219e-01 6.964700222015380859e-01
4.512129821777343750e+02 3.066164970397949219e+00 1.081732749938964844e+01 -7.313773632049560547e+00 -4.159122467041015625e+00 5.514574050903320312e-01
4.342232666015625000e+02 2.974639415740966797e+00 1.061690807342529297e+01 -4.898427963256835938e+00 -3.101974725723266602e+00 5.535702705383300781e-01
3.991646423339843750e+02 6.168233752250671387e-01 6.070598602294921875e+00 8.255600929260253906e-01 -2.975571155548095703e-01 6.631391048431396484e-01
4.059335327148437500e+02 1.494508504867553711e+00 7.873524665832519531e+00 3.296113014221191406e-01 -7.019996643066406250e-01 7.183023691177368164e-01
4.063025512695312500e+02 1.573222756385803223e+00 7.888558387756347656e+00 3.692815303802490234e+00 1.900677680969238281e+00 7.603459954261779785e-01
4.422334594726562500e+02 2.482545852661132812e+00 9.669348716735839844e+00 6.956958770751953125e+00 4.185316562652587891e+00 6.862623691558837891e-01
3.711406860351562500e+02 1.575234055519104004e+00 7.761421203613281250e+00 1.965293884277343750e+00 2.906489372253417969e-01 5.937395095825195312e-01
4.246412353515625000e+02 3.174433231353759766e+00 1.118841934204101562e+01 -5.100004673004150391e+00 -4.304502010345458984e+00 7.205506563186645508e-01
4.351700439453125000e+02 3.039416551589965820e+00 1.069535446166992188e+01 -7.931535243988037109e+00 -4.582077026367187500e+00 5.306397080421447754e-01
4.387875061035156250e+02 3.003718852996826172e+00 1.070651435852050781e+01 1.013467311859130859e+01 6.127221584320068359e+00 6.412503123283386230e-01
4.624497070312500000e+02 2.441748857498168945e+00 9.552147865295410156e+00 1.144766616821289062e+01 8.282033920288085938e+00 7.348611354827880859e-01
4.543334960937500000e+02 3.818950176239013672e+00 1.253386306762695312e+01 1.908965873718261719e+01 1.766471862792968750e+01 9.715347290039062500e-01
4.376951599121093750e+02 3.768498897552490234e+00 1.231705474853515625e+01 9.929704666137695312e-01 1.907444000244140625e-01 7.064411044120788574e-01
4.188965759277343750e+02 1.560080647468566895e+00 7.741227149963378906e+00 3.550369739532470703e+00 1.374187469482421875e+00 5.731589198112487793e-01
3.945545654296875000e+02 9.892992377281188965e-01 6.723359584808349609e+00 7.902526855468750000e-01 -1.776206493377685547e-01 5.602756142616271973e-01
4.343829040527343750e+02 3.752024173736572266e+00 1.223887157440185547e+01 -1.743685007095336914e+00 -2.386269569396972656e+00 9.606720209121704102e-01
3.992868041992187500e+02 1.238437652587890625e+00 7.514439582824707031e+00 1.081149578094482422e+00 -2.005934715270996094e-01 6.317895054817199707e-01
4.337207336425781250e+02 2.271592140197753906e+00 9.380283355712890625e+00 1.900501251220703125e+00 8.321619033813476562e-01 6.667855381965637207e-01
3.918200073242187500e+02 3.531337261199951172e+00 1.174040603637695312e+01 -8.594909667968750000e+00 -5.151867866516113281e+00 5.421931743621826172e-01
4.309807434082031250e+02 5.271644592285156250e-01 5.832255840301513672e+00 -3.818750381469726562e-01 -8.581185340881347656e-01 7.490667700767517090e-01
3.569765014648437500e+02 5.186479091644287109e-01 5.865157604217529297e+00 5.319094657897949219e-01 -5.907773971557617188e-01 6.115239262580871582e-01
4.430958251953125000e+02 3.051853418350219727e+00 1.097075366973876953e+01 -7.665070533752441406e+00 -7.918814659118652344e+00 9.174879789352416992e-01
3.970166015625000000e+02 2.918825149536132812e+00 1.042730426788330078e+01 -6.422191619873046875e+00 -4.140777587890625000e+00 5.712176561355590820e-01
3.705274963378906250e+02 4.888403415679931641e-01 5.920213222503662109e+00 8.631896972656250000e-01 -3.166472911834716797e-01 6.770459413528442383e-01
3.683919067382812500e+02 4.989118576049804688e-01 5.918020725250244141e+00 -6.212830543518066406e-01 -1.253639459609985352e+00 5.997305512428283691e-01
4.509570617675781250e+02 1.640465736389160156e+00 8.256252288818359375e+00 -1.339613199234008789e+00 -1.860404014587402344e+00 9.253847002983093262e-01
4.255191650390625000e+02 3.588870286941528320e+00 1.181603622436523438e+01 -1.040344429016113281e+01 -5.767341613769531250e+00 5.253610610961914062e-01
3.752351379394531250e+02 3.291118621826171875e+00 1.140968322753906250e+01 -2.266108989715576172e-01 -9.616899490356445312e-01 5.670679211616516113e-01
4.013228759765625000e+02 3.095629930496215820e+00 1.090119361877441406e+01 -9.479629516601562500e+00 -5.890450477600097656e+00 5.564152002334594727e-01
3.803779602050781250e+02 3.060940027236938477e+00 1.092680835723876953e+01 -5.783200263977050781e+00 -3.913092613220214844e+00 5.415978431701660156e-01
4.015045776367187500e+02 2.314880371093750000e+00 9.432924270629882812e+00 4.374589920043945312e+00 2.215068340301513672e+00 6.365510225296020508e-01
3.988490905761718750e+02 1.383239388465881348e+00 7.435574054718017578e+00 3.619608879089355469e+00 1.553010940551757812e+00 6.640065908432006836e-01
4.332409057617187500e+02 1.816327095031738281e+00 8.403866767883300781e+00 5.249395370483398438e+00 2.682404518127441406e+00 6.189902424812316895e-01
4.388999328613281250e+02 1.396641135215759277e+00 7.619648456573486328e+00 -3.203917741775512695e+00 -2.894729375839233398e+00 7.539075016975402832e-01
4.401406250000000000e+02 1.572070121765136719e+00 7.675481796264648438e+00 5.098321437835693359e+00 3.223721981048583984e+00 7.148170471191406250e-01
3.656569213867187500e+02 8.266500830650329590e-01 6.421727180480957031e+00 2.298641204833984375e+00 5.237269401550292969e-01 5.437596440315246582e-01
4.045921936035156250e+02 7.091594934463500977e-01 6.235973358154296875e+00 6.583714485168457031e-01 -3.642296791076660156e-01 7.312119603157043457e-01
4.213314514160156250e+02 3.235393524169921875e+00 1.098116683959960938e+01 -2.877445220947265625e+00 -3.017398118972778320e+00 7.450598478317260742e-01
3.680802001953125000e+02 4.878386259078979492e-01 5.614422321319580078e+00 1.037671566009521484e+00 -2.825605869293212891e-01 6.169914007186889648e-01
4.298843994140625000e+02 5.640051364898681641e-01 5.562551021575927734e+00 4.092121124267578125e-01 -6.250000000000000000e-01 7.684156298637390137e-01
4.082772216796875000e+02 3.644084930419921875e+00 1.208761978149414062e+01 1.344256401062011719e+00 1.782512664794921875e-01 5.614644885063171387e-01
3.896333923339843750e+02 3.571281909942626953e+00 1.197057247161865234e+01 -1.014095544815063477e+00 -1.552554368972778320e+00 7.031518220901489258e-01
4.384375000000000000e+02 6.160716414451599121e-01 6.144611835479736328e+00 1.181960105895996094e+00 3.964114189147949219e-01 6.274588108062744141e-01
3.715782165527343750e+02 1.198059678077697754e+00 7.265925407409667969e+00 3.680655956268310547e+00 1.308810710906982422e+00 5.857914090156555176e-01
3.977677917480468750e+02 1.658337831497192383e+00 7.959367752075195312e+00 4.052743911743164062e+00 1.450486183166503906e+00 5.017339587211608887e-01
3.705210876464843750e+02 7.089261412620544434e-01 6.106348037719726562e+00 1.859426498413085938e-01 -7.394528388977050781e-01 5.393696427345275879e-01
3.719356384277343750e+02 3.717138171195983887e-01 5.557995796203613281e+00 -3.471100330352783203e-01 -1.016268730163574219e+00 6.160517334938049316e-01
4.461458129882812500e+02 2.314829349517822266e+00 9.362610816955566406e+00 8.620845794677734375e+00 4.700837135314941406e+00 5.716951489448547363e-01
4.374783935546875000e+02 3.791681051254272461e+00 1.224647140502929688e+01 -4.501091003417968750e+00 -3.140356540679931641e+00 6.098883152008056641e-01
4.292127075195312500e+02 1.624135375022888184e+00 8.075941085815429688e+00 4.861774444580078125e+00 3.202424049377441406e+00 8.162536621093750000e-01
3.698454589843750000e+02 3.160805106163024902e-01 5.478041648864746094e+00 8.075261116027832031e-01 -2.887785434722900391e-01 6.385881304740905762e-01
4.297983703613281250e+02 1.610702514648437500e+00 8.008685111999511719e+00 4.744806289672851562e+00 2.511086463928222656e+00 6.486526131629943848e-01
4.369337158203125000e+02 3.577206134796142578e+00 1.165634822845458984e+01 -8.892556190490722656e+00 -6.096025466918945312e+00 6.404619216918945312e-01
4.044838562011718750e+02 3.508971691131591797e+00 1.157606029510498047e+01 -8.479269027709960938e+00 -7.370829582214355469e+00 7.824274897575378418e-01
4.412081298828125000e+02 3.037418365478515625e+00 1.084237384796142578e+01 -6.914701461791992188e+00 -5.755891799926757812e+00 7.417510747909545898e-01
4.257719421386718750e+02 2.580109119415283203e+00 9.936594963073730469e+00 1.792442798614501953e+00 4.514360427856445312e-01 6.097862720489501953e-01
3.761166687011718750e+02 6.521410942077636719e-01 5.800559043884277344e+00 6.617450714111328125e-01 -5.173242092132568359e-01 6.075501441955566406e-01
3.645739746093750000e+02 9.104628562927246094e-01 6.528891563415527344e+00 -3.149628639221191406e-02 -3.960692882537841797e-01 4.847051501274108887e-01
4.087557373046875000e+02 5.247113108634948730e-01 5.649055004119873047e+00 2.330384254455566406e+00 7.281279563903808594e-01 6.065191030502319336e-01
3.654265747070312500e+02 2.907506227493286133e-01 5.451816558837890625e+00 -1.514792442321777344e-02 -8.565092086791992188e-01 6.513252854347229004e-01
3.998482971191406250e+02 3.854784488677978516e+00 1.263753890991210938e+01 -2.967941761016845703e-01 -7.116079330444335938e-01 5.133225321769714355e-01
4.343513488769531250e+02 2.467255115509033203e+00 9.884897232055664062e+00 7.176048755645751953e+00 5.800919532775878906e+00 9.221280813217163086e-01
4.457365112304687500e+02 3.211935043334960938e+00 1.122225189208984375e+01 -6.525988578796386719e+00 -5.065162181854248047e+00 7.085505723953247070e-01
3.677049255371093750e+02 3.376288414001464844e-01 5.415116310119628906e+00 -3.766441345214843750e-01 -1.093970537185668945e+00 6.902246475219726562e-01
4.308880004882812500e+02 1.627546072006225586e+00 8.202236175537109375e+00 5.309765338897705078e+00 3.333923816680908203e+00 7.688386440277099609e-01
5.221553955078125000e+02 6.695151925086975098e-01 5.927775859832763672e+00 -2.108061313629150391e-01 -1.393114328384399414e+00 9.298914074897766113e-01
4.375361938476562500e+02 3.541301727294921875e+00 1.201029682159423828e+01 -3.016995191574096680e+00 -2.831114530563354492e+00 7.528568506240844727e-01
3.347347412109375000e+02 3.405803442001342773e-01 5.253212928771972656e+00 7.713794708251953125e-01 -8.034193515777587891e-01 8.962714076042175293e-01
4.004637756347656250e+02 1.374506473541259766e+00 7.506436347961425781e+00 3.456599712371826172e+00 1.207015514373779297e+00 5.805767178535461426e-01
4.482282104492187500e+02 3.252488613128662109e+00 1.124333763122558594e+01 -5.428973197937011719e+00 -4.918551445007324219e+00 7.958185076713562012e-01
4.586158752441406250e+02 3.141440868377685547e+00 1.103420734405517578e+01 1.197865295410156250e+01 7.833044528961181641e+00 7.013393044471740723e-01
4.374006347656250000e+02 1.493177056312561035e+00 7.903621673583984375e+00 5.362546443939208984e+00 2.428798675537109375e+00 5.394661426544189453e-01
4.444286804199218750e+02 3.083627223968505859e+00 1.089288711547851562e+01 -8.922487258911132812e+00 -5.373233795166015625e+00 5.488539338111877441e-01
3.652053833007812500e+02 2.274732112884521484e+00 9.083010673522949219e+00 -2.804788351058959961e+00 -2.458012104034423828e+00 6.153939962387084961e-01
4.590709838867187500e+02 3.862045049667358398e+00 1.245412635803222656e+01 -2.255156040191650391e+00 -1.599701642990112305e+00 5.930985212326049805e-01
4.204231872558593750e+02 2.175357580184936523e+00 9.170291900634765625e+00 5.594696998596191406e+00 3.596539497375488281e+00 7.911708950996398926e-01
4.014297485351562500e+02 7.467542290687561035e-01 6.372156143188476562e+00 9.369850158691406250e-01 -9.774327278137207031e-02 5.103471279144287109e-01
3.760048522949218750e+02 2.604174137115478516e+00 1.009941577911376953e+01 -7.120209693908691406e+00 -4.634728431701660156e+00 5.678043365478515625e-01
4.212054748535156250e+02 2.526898622512817383e+00 9.981164932250976562e+00 7.751419544219970703e+00 4.694027900695800781e+00 6.691864132881164551e-01
5.330018310546875000e+02 7.354968190193176270e-01 6.301420211791992188e+00 1.527826786041259766e+00 6.516885757446289062e-01 7.909380197525024414e-01
3.990432128906250000e+02 1.679897427558898926e+00 8.106651306152343750e+00 4.470176696777343750e+00 2.059304714202880859e+00 6.887058019638061523e-01
4.059723510742187500e+02 7.262939810752868652e-01 6.052203178405761719e+00 -2.204355001449584961e+00 -2.233370542526245117e+00 7.021946310997009277e-01
5.185397338867187500e+02 1.351687312126159668e+00 7.464466571807861328e+00 -4.986238479614257812e-01 -5.624234676361083984e-01 4.634348750114440918e-01
5.698720092773437500e+02 2.876396179199218750e+00 1.038373756408691406e+01 -6.305639743804931641e+00 -5.702426433563232422e+00 7.699738740921020508e-01
3.590029296875000000e+02 4.997385144233703613e-01 5.727777481079101562e+00 4.052686691284179688e-01 -6.309056282043457031e-01 6.749018430709838867e-01
4.933560485839843750e+02 3.416338443756103516e+00 1.165116310119628906e+01 6.343824863433837891e+00 3.375041484832763672e+00 5.658880472183227539e-01
4.387275085449218750e+02 1.776044607162475586e+00 8.411787986755371094e+00 7.383985519409179688e+00 4.265329837799072266e+00 6.322641372680664062e-01
4.015815734863281250e+02 1.475615382194519043e+00 7.625664234161376953e+00 2.683694362640380859e+00 8.877038955688476562e-01 5.519265532493591309e-01
4.373192749023437500e+02 1.348045587539672852e+00 7.292221069335937500e+00 4.877567291259765625e+00 3.155477046966552734e+00 7.821763157844543457e-01
3.959359436035156250e+02 5.527527332305908203e-01 5.758208751678466797e+00 1.020092964172363281e+00 -1.132845878601074219e-01 6.232845187187194824e-01
3.958709106445312500e+02 3.020042896270751953e+00 1.051066112518310547e+01 -3.612496852874755859e+00 -3.271604776382446289e+00 6.549607515335083008e-01
4.016683654785156250e+02 3.287252902984619141e+00 1.156816673278808594e+01 -1.839607954025268555e+00 -1.666115522384643555e+00 6.052497625350952148e-01
2.947086791992187500e+02 4.723188281059265137e-01 5.696432113647460938e+00 1.750857830047607422e+00 6.973505020141601562e-02 6.686810255050659180e-01
3.102066650390625000e+02 1.809462785720825195e+00 8.316270828247070312e+00 2.781569957733154297e+00 8.093833923339843750e-01 7.051017880439758301e-01
2.933134460449218750e+02 8.005614876747131348e-01 6.443247318267822266e+00 2.174448966979980469e-01 -7.007431983947753906e-01 6.120758652687072754e-01
3.585337524414062500e+02 4.859812855720520020e-01 5.716990470886230469e+00 -3.264558315277099609e-01 -1.013040542602539062e+00 5.504684448242187500e-01
3.535796508789062500e+02 8.064094185829162598e-01 6.179830551147460938e+00 4.605937004089355469e-01 -8.194816112518310547e-01 7.029061913490295410e-01
2.914520874023437500e+02 6.660344004631042480e-01 5.798927307128906250e+00 9.617757797241210938e-01 -5.488610267639160156e-01 8.131119608879089355e-01
3.680666198730468750e+02 2.527090311050415039e-01 5.250621795654296875e+00 4.810810089111328125e-01 -5.380272865295410156e-01 5.863626599311828613e-01
3.996088562011718750e+02 6.872753500938415527e-01 6.080823421478271484e+00 -9.239733219146728516e-01 -1.155236959457397461e+00 5.358975529670715332e-01
4.381276245117187500e+02 1.531203627586364746e+00 7.961067676544189453e+00 3.410906791687011719e+00 1.773705482482910156e+00 6.236884593963623047e-01
4.337691345214843750e+02 3.735403537750244141e+00 1.221543312072753906e+01 -4.630719184875488281e+00 -3.011269569396972656e+00 5.769233703613281250e-01
3.673413085937500000e+02 5.693740248680114746e-01 5.943049430847167969e+00 9.282708168029785156e-01 -1.586019992828369141e-01 6.141123771667480469e-01
3.627221069335937500e+02 5.149550437927246094e-01 5.603522777557373047e+00 8.703088760375976562e-01 9.484767913818359375e-02 6.257102489471435547e-01
3.656456298828125000e+02 5.877972245216369629e-01 5.991492748260498047e+00 1.021523475646972656e+00 -1.257884502410888672e-01 5.483105182647705078e-01
3.863223266601562500e+02 1.969072461128234863e+00 8.512730598449707031e+00 8.573012351989746094e+00 3.652091026306152344e+00 5.012171268463134766e-01
3.568475952148437500e+02 5.400063395500183105e-01 5.793100833892822266e+00 -1.878130435943603516e-01 -1.125184297561645508e+00 6.314586400985717773e-01
3.791564331054687500e+02 2.532086849212646484e+00 9.835135459899902344e+00 -9.013390541076660156e-01 -1.183862686157226562e+00 4.966779053211212158e-01
4.246325073242187500e+02 2.331751823425292969e+00 9.424235343933105469e+00 6.811730861663818359e+00 4.233129024505615234e+00 7.147531509399414062e-01
5.050759277343750000e+02 3.968721389770507812e+00 1.272426319122314453e+01 1.841250610351562500e+01 1.463934898376464844e+01 8.068183660507202148e-01
3.974466552734375000e+02 1.041078925132751465e+00 6.954224109649658203e+00 -2.331371307373046875e+00 -2.517896890640258789e+00 7.544542551040649414e-01
4.358116760253906250e+02 2.487735748291015625e+00 9.805712699890136719e+00 6.475164890289306641e+00 4.046690464019775391e+00 6.812005043029785156e-01
4.397960815429687500e+02 3.116675615310668945e+00 1.087558460235595703e+01 -6.967362403869628906e+00 -5.073708534240722656e+00 6.973564624786376953e-01
3.960601196289062500e+02 1.600479722023010254e+00 7.863949298858642578e+00 5.736944675445556641e+00 3.160812854766845703e+00 6.728848218917846680e-01
3.666023559570312500e+02 3.385499119758605957e-01 5.101619720458984375e+00 1.199624538421630859e+00 -2.882552146911621094e-01 6.569569110870361328e-01
4.299394226074218750e+02 2.217067241668701172e+00 9.206526756286621094e+00 9.380714416503906250e+00 7.405648231506347656e+00 8.590692877769470215e-01
4.586782836914062500e+02 3.225939273834228516e+00 1.124846839904785156e+01 -6.793364524841308594e+00 -6.003949642181396484e+00 8.084043860435485840e-01
4.495115356445312500e+02 2.460995197296142578e+00 9.814597129821777344e+00 7.059893608093261719e+00 3.901619911193847656e+00 5.839431881904602051e-01
4.255951538085937500e+02 1.391709446907043457e+00 7.500454425811767578e+00 4.057884216308593750e-02 -6.042230129241943359e-01 7.718495130538940430e-01
4.328106994628906250e+02 2.624987125396728516e+00 1.012052059173583984e+01 3.840568065643310547e+00 2.359611988067626953e+00 7.336854934692382812e-01
4.516733093261718750e+02 2.759517669677734375e+00 1.039231491088867188e+01 1.439483833312988281e+01 1.205983924865722656e+01 8.898828029632568359e-01
4.534662780761718750e+02 5.369935035705566406e-01 5.714052200317382812e+00 -8.585882186889648438e-01 -1.371488571166992188e+00 7.823783755302429199e-01
4.442049560546875000e+02 2.271535396575927734e+00 9.518808364868164062e+00 6.864566802978515625e+00 5.158739089965820312e+00 8.248326182365417480e-01
4.344163818359375000e+02 1.604332447052001953e+00 8.104723930358886719e+00 -4.484641551971435547e-01 -6.112325191497802734e-01 5.724549889564514160e-01
4.330491943359375000e+02 2.594049453735351562e+00 9.759201049804687500e+00 5.387752056121826172e+00 3.132972717285156250e+00 6.787283420562744141e-01
3.653954772949218750e+02 1.362689018249511719e+00 7.607949733734130859e+00 1.851708889007568359e+00 4.088449478149414062e-01 7.063992023468017578e-01
4.045056457519531250e+02 1.482662796974182129e+00 7.853159904479980469e+00 4.570910930633544922e+00 2.322163581848144531e+00 6.718421578407287598e-01
3.644499206542968750e+02 5.021108388900756836e-01 5.545202732086181641e+00 1.080856323242187500e+00 -3.433215618133544922e-01 6.441634893417358398e-01
4.439027709960937500e+02 3.162897109985351562e+00 1.111448955535888672e+01 1.131521224975585938e+01 4.416897296905517578e+00 4.262674152851104736e-01
4.452980957031250000e+02 1.757662534713745117e+00 8.126306533813476562e+00 4.399054050445556641e+00 2.876520156860351562e+00 7.637051343917846680e-01
3.719042663574218750e+02 5.222426056861877441e-01 5.813086509704589844e+00 -4.216313362121582031e-01 -1.142722368240356445e+00 6.316480040550231934e-01
4.058257446289062500e+02 1.976673483848571777e+00 8.820162773132324219e+00 6.330299377441406250e-01 -1.495480537414550781e-01 5.181868076324462891e-01
3.990392761230468750e+02 9.738516807556152344e-01 6.572577953338623047e+00 -5.289804935455322266e-01 -9.434032440185546875e-01 5.106065273284912109e-01
4.052063598632812500e+02 1.611838698387145996e+00 7.713352203369140625e+00 4.385092258453369141e+00 1.991226673126220703e+00 5.957532525062561035e-01
3.666502075195312500e+02 6.932743787765502930e-01 6.087837696075439453e+00 2.325949668884277344e+00 5.062413215637207031e-01 5.707253813743591309e-01
4.260311279296875000e+02 9.492905139923095703e-01 6.823236465454101562e+00 -2.340084314346313477e+00 -1.436889171600341797e+00 4.841674864292144775e-01
4.007887878417968750e+02 5.637574791908264160e-01 5.692561149597167969e+00 -3.411006927490234375e-01 -7.536911964416503906e-01 5.647443532943725586e-01
4.039495849609375000e+02 3.662573099136352539e-01 5.472661972045898438e+00 1.136779785156250000e+00 1.014471054077148438e-02 5.681962966918945312e-01
4.359183654785156250e+02 3.556428432464599609e+00 1.161682510375976562e+01 -4.034904479980468750e+00 -4.155304431915283203e+00 8.207043409347534180e-01
3.675079650878906250e+02 7.390711307525634766e-01 6.235440254211425781e+00 6.096124649047851562e-02 -1.133306026458740234e+00 6.965696215629577637e-01
4.241137390136718750e+02 1.719531178474426270e+00 8.262489318847656250e+00 7.231049537658691406e+00 5.246100425720214844e+00 8.254802227020263672e-01
4.500184020996093750e+02 3.273905992507934570e+00 1.114506721496582031e+01 -7.143571376800537109e+00 -4.834562301635742188e+00 6.099311113357543945e-01
4.024827575683593750e+02 6.849144697189331055e-01 6.055264472961425781e+00 2.684769630432128906e+00 7.545590400695800781e-01 5.482178926467895508e-01
3.286833496093750000e+02 2.356485366821289062e+00 9.367183685302734375e+00 3.689050674438476562e-01 -8.806645870208740234e-01 6.767315268516540527e-01
5.442890014648437500e+02 8.552985787391662598e-01 6.466490745544433594e+00 -9.873116016387939453e-01 -1.677162647247314453e+00 8.557141423225402832e-01
4.351158142089843750e+02 2.518434286117553711e+00 9.692481994628906250e+00 7.520909309387207031e+00 5.111138820648193359e+00 7.462252378463745117e-01
4.338236389160156250e+02 1.934387207031250000e+00 8.727771759033203125e+00 8.335537910461425781e+00 5.255296230316162109e+00 7.039662599563598633e-01
4.463550109863281250e+02 2.418756961822509766e+00 9.796220779418945312e+00 6.904878616333007812e+00 3.582775592803955078e+00 5.904470682144165039e-01
4.476585998535156250e+02 1.696710228919982910e+00 8.207248687744140625e+00 -1.162747144699096680e+00 -1.143803596496582031e+00 7.041404247283935547e-01
4.224277954101562500e+02 1.746485948562622070e+00 8.146909713745117188e+00 3.730757236480712891e+00 2.177963256835937500e+00 8.355708122253417969e-01
4.446848754882812500e+02 2.401253223419189453e+00 9.421160697937011719e+00 9.963188171386718750e+00 5.691571235656738281e+00 6.219936013221740723e-01
4.277826232910156250e+02 2.093682765960693359e+00 8.808804512023925781e+00 7.969019412994384766e+00 4.735600948333740234e+00 6.754692792892456055e-01
4.310818176269531250e+02 1.409709572792053223e+00 7.528484344482421875e+00 1.627907752990722656e+00 4.251503944396972656e-01 6.150736808776855469e-01
4.526634216308593750e+02 2.092180728912353516e+00 9.074014663696289062e+00 9.058963775634765625e+00 5.678873062133789062e+00 6.570434570312500000e-01
4.727304382324218750e+02 3.906591176986694336e+00 1.258293628692626953e+01 1.827073669433593750e+01 1.682611656188964844e+01 9.319252371788024902e-01
4.287349853515625000e+02 3.278052806854248047e+00 1.123783302307128906e+01 -4.875851631164550781e+00 -4.276664257049560547e+00 7.289662361145019531e-01
4.051835021972656250e+02 1.422135710716247559e+00 7.502593040466308594e+00 1.154317855834960938e+00 1.708006858825683594e-01 7.347303628921508789e-01
4.313768920898437500e+02 2.351593732833862305e+00 9.294960975646972656e+00 6.793313026428222656e+00 4.163186550140380859e+00 7.168072462081909180e-01
4.008242187500000000e+02 8.592208623886108398e-01 6.311257839202880859e+00 -7.953155040740966797e-01 -1.362321376800537109e+00 6.502764821052551270e-01
4.475005187988281250e+02 2.851333618164062500e+00 1.020911407470703125e+01 -4.136200904846191406e+00 -3.520210981369018555e+00 7.791495323181152344e-01
3.693103027343750000e+02 4.554936885833740234e-01 5.632087707519531250e+00 2.603483200073242188e-01 -6.440258026123046875e-01 6.043326854705810547e-01
4.410378417968750000e+02 2.630930900573730469e+00 1.023743629455566406e+01 -4.359336853027343750e+00 -3.037348985671997070e+00 5.628927946090698242e-01
3.786979064941406250e+02 3.863908648490905762e-01 5.584233283996582031e+00 -2.327799797058105469e-02 -9.568452835083007812e-01 6.092237830162048340e-01
3.989165954589843750e+02 2.076521396636962891e+00 8.791527748107910156e+00 4.094414710998535156e+00 1.654276847839355469e+00 4.988318085670471191e-01
3.958446350097656250e+02 5.844181776046752930e-01 5.973369598388671875e+00 2.088260650634765625e-01 -2.943336963653564453e-01 5.178204774856567383e-01
4.018647155761718750e+02 2.700624227523803711e+00 1.002847957611083984e+01 -1.066692733764648438e+01 -5.871825218200683594e+00 4.975591897964477539e-01
3.993664855957031250e+02 9.193534851074218750e-01 6.689419269561767578e+00 7.592916488647460938e-02 -7.339477539062500000e-01 7.190806269645690918e-01
4.411315917968750000e+02 3.007341384887695312e+00 1.082727050781250000e+01 5.310359001159667969e+00 2.736735343933105469e+00 5.943776369094848633e-01
3.485274658203125000e+02 3.604537248611450195e-01 5.827476978302001953e+00 1.398417949676513672e+00 -2.624976634979248047e-01 6.153403520584106445e-01
4.410011291503906250e+02 3.243413209915161133e+00 1.113302135467529297e+01 -4.973520278930664062e+00 -3.504424095153808594e+00 5.869085788726806641e-01
4.425908203125000000e+02 2.024376392364501953e+00 8.826385498046875000e+00 9.621660232543945312e+00 6.575143337249755859e+00 7.461557388305664062e-01
4.090775451660156250e+02 2.120831966400146484e+00 9.113158226013183594e+00 3.311264514923095703e+00 1.318316459655761719e+00 4.827035665512084961e-01
3.976445007324218750e+02 2.241644382476806641e+00 9.320460319519042969e+00 6.114094257354736328e+00 3.205540180206298828e+00 6.451938152313232422e-01
4.375659790039062500e+02 3.902263164520263672e+00 1.235970306396484375e+01 -1.816084384918212891e+00 -1.962937116622924805e+00 6.610430479049682617e-01
4.342202148437500000e+02 3.363319873809814453e+00 1.161676406860351562e+01 -7.861317634582519531e+00 -5.590934753417968750e+00 6.395130157470703125e-01
3.977212524414062500e+02 1.686797499656677246e+00 8.103656768798828125e+00 4.343874454498291016e+00 2.122848033905029297e+00 6.040686964988708496e-01
3.648257141113281250e+02 3.157922625541687012e-01 5.141711235046386719e+00 6.677198410034179688e-01 -2.978956699371337891e-01 6.224763989448547363e-01
4.446319580078125000e+02 1.767557024955749512e+00 8.365583419799804688e+00 4.141306877136230469e+00 1.973662376403808594e+00 5.327812433242797852e-01
4.331299438476562500e+02 2.982406139373779297e+00 1.080535030364990234e+01 -1.001741790771484375e+01 -7.067194938659667969e+00 6.712288856506347656e-01
3.986071166992187500e+02 3.904369354248046875e+00 1.242808246612548828e+01 -4.709750175476074219e+00 -4.459857940673828125e+00 7.673113346099853516e-01
4.369440002441406250e+02 3.783901691436767578e+00 1.215746307373046875e+01 -1.365467309951782227e+00 -1.281247138977050781e+00 6.875202655792236328e-01
3.362293395996093750e+02 4.750816822052001953e-01 5.622651100158691406e+00 6.574058532714843750e-01 -8.773076534271240234e-01 8.848655819892883301e-01
4.427135925292968750e+02 7.796048521995544434e-01 6.519448757171630859e+00 1.780009269714355469e-01 -5.193793773651123047e-01 7.490882277488708496e-01
4.079230651855468750e+02 4.739176034927368164e-01 5.867286682128906250e+00 7.826828956604003906e-01 -2.231884002685546875e-01 5.466765761375427246e-01
3.729673461914062500e+02 3.261720538139343262e-01 5.281970024108886719e+00 1.460647583007812500e+00 -3.441929817199707031e-02 5.486566424369812012e-01
4.077113037109375000e+02 6.039423346519470215e-01 5.981869220733642578e+00 1.551504135131835938e+00 2.029776573181152344e-01 5.008561611175537109e-01
4.359713134765625000e+02 1.801573157310485840e+00 8.306133270263671875e+00 4.375822544097900391e+00 2.120466232299804688e+00 6.201423406600952148e-01
4.450383300781250000e+02 1.660719275474548340e+00 8.127780914306640625e+00 5.940561294555664062e+00 3.938851356506347656e+00 7.380820512771606445e-01
3.585338745117187500e+02 7.650933861732482910e-01 6.249623775482177734e+00 -5.660712718963623047e-01 -1.680026054382324219e+00 7.823694944381713867e-01
4.087870178222656250e+02 2.051333904266357422e+00 8.707829475402832031e+00 -9.176421165466308594e-01 -1.021354198455810547e+00 5.222969055175781250e-01
4.541692199707031250e+02 2.514349937438964844e+00 9.596578598022460938e+00 3.302650451660156250e+00 1.301295757293701172e+00 5.351577997207641602e-01
3.638263244628906250e+02 7.429515719413757324e-01 5.971376419067382812e+00 7.470369338989257812e-01 -3.869211673736572266e-01 6.805834174156188965e-01
3.969092102050781250e+02 1.315256476402282715e+00 7.500299453735351562e+00 8.265399932861328125e-01 -7.699728012084960938e-02 5.817728638648986816e-01
3.593050231933593750e+02 5.112199783325195312e-01 5.715805530548095703e+00 1.096107959747314453e+00 -5.568981170654296875e-02 5.975642204284667969e-01
3.655253906250000000e+02 5.716995000839233398e-01 6.008781909942626953e+00 2.309751510620117188e-01 -7.400226593017578125e-01 6.197413802146911621e-01
3.988478088378906250e+02 1.482319831848144531e+00 7.726693153381347656e+00 2.597312927246093750e+00 1.147899627685546875e+00 6.816471815109252930e-01
4.370363769531250000e+02 1.031297445297241211e+00 6.893824577331542969e+00 -1.873515844345092773e+00 -1.357593536376953125e+00 6.152372956275939941e-01
4.345270690917968750e+02 1.368021965026855469e+00 7.224562644958496094e+00 3.849132061004638672e+00 2.256076335906982422e+00 7.813354730606079102e-01
4.310723876953125000e+02 3.575181961059570312e+00 1.182193851470947266e+01 -3.369532823562622070e+00 -2.767767906188964844e+00 6.663403511047363281e-01
3.961581420898437500e+02 3.619922399520874023e-01 5.408272266387939453e+00 6.772756576538085938e-02 -7.140326499938964844e-01 6.607860326766967773e-01
4.031611938476562500e+02 4.376879334449768066e-01 5.578854560852050781e+00 6.334447860717773438e-01 -9.001374244689941406e-02 4.268928766250610352e-01
3.625696105957031250e+02 6.136243939399719238e-01 5.785949230194091797e+00 -5.340600013732910156e-01 -1.015956401824951172e+00 5.827456712722778320e-01
3.993855895996093750e+02 3.595678806304931641e-01 5.678505420684814453e+00 6.203699111938476562e-01 -2.107203006744384766e-01 5.612089633941650391e-01
4.289794006347656250e+02 2.195328235626220703e+00 9.523748397827148438e+00 5.252268314361572266e+00 3.215396404266357422e+00 6.964461803436279297e-01
4.330200195312500000e+02 1.376690506935119629e+00 7.566771984100341797e+00 7.887861728668212891e+00 5.004484653472900391e+00 6.936467289924621582e-01
4.435493469238281250e+02 1.767632484436035156e+00 8.255669593811035156e+00 4.224183559417724609e+00 2.179908752441406250e+00 6.048084497451782227e-01
3.678092956542968750e+02 6.265229582786560059e-01 5.920755386352539062e+00 6.522870063781738281e-01 -4.752480983734130859e-01 6.066114902496337891e-01
