0.000000000000000000e+00 -1.963526159524917603e-01 3.244285285472869873e-01 0.000000000000000000e+00
7.128906250000000000e+00 -3.863119482994079590e-01 3.319626748561859131e-01 0.000000000000000000e+00
1.403906250000000000e+01 -3.683259785175323486e-01 3.198714852333068848e-01 0.000000000000000000e+00
1.605859375000000000e+01 7.829621434211730957e-01 4.185197353363037109e-01 0.000000000000000000e+00
2.704296875000000000e+01 -1.151811778545379639e-01 4.203930199146270752e-01 0.000000000000000000e+00
3.203906250000000000e+01 -9.445521980524063110e-03 3.709002733230590820e-01 0.000000000000000000e+00
4.202734375000000000e+01 -1.051852941513061523e+00 3.409854471683502197e-01 0.000000000000000000e+00
5.796875000000000000e+01 8.043090254068374634e-02 5.035004615783691406e-01 0.000000000000000000e+00
6.096484375000000000e+01 -6.879914402961730957e-01 4.038614630699157715e-01 0.000000000000000000e+00
6.395703125000000000e+01 -7.674074172973632812e-01 3.386316299438476562e-01 0.000000000000000000e+00
2.721289062500000000e+02 -1.221320390701293945e+00 9.208955764770507812e-01 0.000000000000000000e+00
2.791679687500000000e+02 -7.809664309024810791e-02 4.287315905094146729e-02 0.000000000000000000e+00
2.812695312500000000e+02 -1.314015269279479980e+00 2.279195040464401245e-01 0.000000000000000000e+00
2.831250000000000000e+02 3.138001859188079834e-01 7.418718189001083374e-02 0.000000000000000000e+00
2.991289062500000000e+02 -2.888596653938293457e-01 8.707296103239059448e-02 0.000000000000000000e+00
3.030703125000000000e+02 6.165909171104431152e-01 1.823267899453639984e-02 0.000000000000000000e+00
3.110507812500000000e+02 -6.647435426712036133e-01 9.022247046232223511e-02 0.000000000000000000e+00
3.150390625000000000e+02 3.824072182178497314e-01 3.091944148764014244e-03 0.000000000000000000e+00
3.379765625000000000e+02 -1.868337512016296387e+00 1.469534337520599365e-01 0.000000000000000000e+00
3.449687500000000000e+02 -3.441697597503662109e+00 1.097444593906402588e-01 0.000000000000000000e+00
3.519609375000000000e+02 -1.322785377502441406e+00 9.302573651075363159e-02 0.000000000000000000e+00
3.610976562500000000e+02 -2.385802268981933594e+00 7.946781814098358154e-02 0.000000000000000000e+00
3.649257812500000000e+02 -1.088052511215209961e+00 1.756833195686340332e-01 0.000000000000000000e+00
3.719296875000000000e+02 -2.834317922592163086e+00 1.706157028675079346e-01 0.000000000000000000e+00
3.810234375000000000e+02 -2.389323472976684570e+00 4.102773666381835938e-01 0.000000000000000000e+00
3.850195312500000000e+02 -3.196842908859252930e+00 2.789914011955261230e-01 0.000000000000000000e+00
3.890351562500000000e+02 -1.569347023963928223e+00 5.382479429244995117e-01 0.000000000000000000e+00
3.900234375000000000e+02 -3.194823980331420898e+00 1.486109793186187744e-01 0.000000000000000000e+00
3.959492187500000000e+02 -3.338947534561157227e+00 1.305155754089355469e-01 0.000000000000000000e+00
4.049296875000000000e+02 -4.526137828826904297e+00 4.111150205135345459e-01 0.000000000000000000e+00
4.119453125000000000e+02 -3.848689556121826172e+00 2.855455279350280762e-01 0.000000000000000000e+00
4.189257812500000000e+02 -4.323897838592529297e+00 2.862904369831085205e-01 0.000000000000000000e+00
4.259531250000000000e+02 -4.018554210662841797e+00 2.502323687076568604e-01 0.000000000000000000e+00
4.329218750000000000e+02 -4.728385448455810547e+00 3.937528729438781738e-01 0.000000000000000000e+00
6.392851562500000000e+02 1.420735597610473633e+00 4.135278165340423584e-01 0.000000000000000000e+00
6.592148437500000000e+02 2.623245239257812500e+00 2.055426687002182007e-01 0.000000000000000000e+00
6.631796875000000000e+02 1.066622495651245117e+00 1.442303210496902466e-01 0.000000000000000000e+00
6.681562500000000000e+02 4.593906104564666748e-01 9.981384873390197754e-02 0.000000000000000000e+00
6.920273437500000000e+02 -6.884360909461975098e-01 5.933751538395881653e-02 0.000000000000000000e+00
6.961445312500000000e+02 7.651393413543701172e-01 3.587780594825744629e-01 0.000000000000000000e+00
6.991132812500000000e+02 -1.540640473365783691e+00 3.218474686145782471e-01 0.000000000000000000e+00
7.090156250000000000e+02 -1.204535365104675293e+00 8.223971724510192871e-02 0.000000000000000000e+00
7.160781250000000000e+02 -1.524788260459899902e+00 1.115043461322784424e-01 0.000000000000000000e+00
7.230820312500000000e+02 -2.017430543899536133e+00 1.695196777582168579e-01 0.000000000000000000e+00
7.260820312500000000e+02 -1.822113513946533203e+00 1.333836913108825684e-01 0.000000000000000000e+00
7.370468750000000000e+02 -1.940435647964477539e+00 3.146485388278961182e-01 0.000000000000000000e+00
7.410859375000000000e+02 -1.974704504013061523e+00 2.712463736534118652e-01 0.000000000000000000e+00
7.479531250000000000e+02 -1.588737130165100098e+00 1.030130684375762939e-01 0.000000000000000000e+00
7.539414062500000000e+02 -2.218393050134181976e-02 4.032247364521026611e-01 0.000000000000000000e+00
7.549414062500000000e+02 -5.235898494720458984e-01 3.170883655548095703e-01 0.000000000000000000e+00
7.620390625000000000e+02 -4.656846523284912109e+00 5.921789407730102539e-01 0.000000000000000000e+00
7.689882812500000000e+02 -1.522548079490661621e+00 2.017574757337570190e-01 0.000000000000000000e+00
7.760000000000000000e+02 -1.363387823104858398e+00 2.467642426490783691e-01 0.000000000000000000e+00
7.809921875000000000e+02 -8.519643545150756836e-01 3.698467314243316650e-01 0.000000000000000000e+00
7.879804687500000000e+02 -1.583021879196166992e+00 6.138927340507507324e-01 0.000000000000000000e+00
9.892890625000000000e+02 -1.729665875434875488e+00 2.015025317668914795e-01 0.000000000000000000e+00
9.942460937500000000e+02 -1.772751808166503906e+00 2.055098265409469604e-01 0.000000000000000000e+00
1.012269531250000000e+03 -2.170124769210815430e+00 8.574376255273818970e-02 0.000000000000000000e+00
1.019148437500000000e+03 -2.898427248001098633e+00 2.195924520492553711e-01 0.000000000000000000e+00
1.023222656250000000e+03 -2.500623703002929688e+00 1.356943845748901367e-01 0.000000000000000000e+00
1.035089843750000000e+03 -3.816712856292724609e+00 2.268588393926620483e-01 0.000000000000000000e+00
1.039066406250000000e+03 -2.334876537322998047e+00 1.954401284456253052e-01 0.000000000000000000e+00
1.040140625000000000e+03 -3.324057817459106445e+00 7.553865909576416016e-01 0.000000000000000000e+00
1.048023437500000000e+03 -3.640408515930175781e+00 1.983030885457992554e-01 0.000000000000000000e+00
1.054062500000000000e+03 -4.535457134246826172e+00 1.266096979379653931e-01 0.000000000000000000e+00
1.063007812500000000e+03 -3.725711822509765625e+00 2.679038345813751221e-01 0.000000000000000000e+00
1.067050781250000000e+03 -4.699490070343017578e+00 1.840739399194717407e-01 0.000000000000000000e+00
1.075050781250000000e+03 -4.094494819641113281e+00 1.733838915824890137e-01 0.000000000000000000e+00
1.081128906250000000e+03 -4.701069831848144531e+00 1.486831754446029663e-01 0.000000000000000000e+00
1.091109375000000000e+03 -5.043303012847900391e+00 1.173232644796371460e-01 0.000000000000000000e+00
1.101007812500000000e+03 -5.274986743927001953e+00 1.603987962007522583e-01 0.000000000000000000e+00
1.108000000000000000e+03 -4.929511070251464844e+00 1.133564934134483337e-01 0.000000000000000000e+00
1.120964843750000000e+03 -4.817504405975341797e+00 1.463189125061035156e-01 0.000000000000000000e+00
1.129929687500000000e+03 -4.073784351348876953e+00 8.991638571023941040e-02 0.000000000000000000e+00
1.136945312500000000e+03 -4.585624217987060547e+00 7.665961235761642456e-02 0.000000000000000000e+00
1.351222656250000000e+03 -2.630983591079711914e+00 1.675739586353302002e-01 0.000000000000000000e+00
1.362175781250000000e+03 -3.708674907684326172e+00 1.419807821512222290e-01 0.000000000000000000e+00
1.369164062500000000e+03 -3.386807203292846680e+00 1.338937729597091675e-01 0.000000000000000000e+00
1.373171875000000000e+03 -2.634685993194580078e+00 1.912489980459213257e-01 0.000000000000000000e+00
1.379214843750000000e+03 -2.635739564895629883e+00 1.509916186332702637e-01 0.000000000000000000e+00
1.389164062500000000e+03 -4.187421321868896484e+00 2.533983290195465088e-01 0.000000000000000000e+00
1.396089843750000000e+03 -3.572740316390991211e+00 1.018213331699371338e-01 0.000000000000000000e+00
1.402062500000000000e+03 -3.735209703445434570e+00 8.233923465013504028e-02 0.000000000000000000e+00
1.407058593750000000e+03 -3.782946825027465820e+00 1.375096887350082397e-01 0.000000000000000000e+00
1.417152343750000000e+03 -3.835503339767456055e+00 3.810675740242004395e-01 0.000000000000000000e+00
1.422035156250000000e+03 -2.072188138961791992e+00 1.099443733692169189e-01 0.000000000000000000e+00
1.423191406250000000e+03 -2.242360353469848633e+00 1.911923289299011230e-01 0.000000000000000000e+00
1.424000000000000000e+03 -2.947014808654785156e+00 1.783560067415237427e-01 0.000000000000000000e+00
1.430992187500000000e+03 -3.185837745666503906e+00 1.128537282347679138e-01 0.000000000000000000e+00
1.437992187500000000e+03 -3.829645156860351562e+00 3.740128278732299805e-01 0.000000000000000000e+00
1.445937500000000000e+03 -3.655894041061401367e+00 3.755979612469673157e-02 0.000000000000000000e+00
1.450996093750000000e+03 -8.791042566299438477e-01 2.969830930233001709e-01 0.000000000000000000e+00
1.451929687500000000e+03 -3.211417794227600098e-01 8.845106698572635651e-03 0.000000000000000000e+00
1.452929687500000000e+03 -3.869882345199584961e+00 6.922776252031326294e-02 0.000000000000000000e+00
1.456972656250000000e+03 -3.362141847610473633e+00 1.033999621868133545e-01 0.000000000000000000e+00
1.461031250000000000e+03 -3.470741987228393555e+00 1.730840206146240234e-01 0.000000000000000000e+00
1.474972656250000000e+03 -3.745459556579589844e+00 1.618546247482299805e-01 0.000000000000000000e+00
1.481945312500000000e+03 -3.417016983032226562e+00 1.135908067226409912e-01 0.000000000000000000e+00
1.491988281250000000e+03 -2.620395660400390625e+00 2.746506035327911377e-01 0.000000000000000000e+00
1.505949218750000000e+03 -2.729267120361328125e+00 2.197495549917221069e-01 0.000000000000000000e+00
1.513949218750000000e+03 -1.151282072067260742e+00 5.743482112884521484e-01 0.000000000000000000e+00
1.517953125000000000e+03 -9.154710769653320312e-01 4.615102708339691162e-01 0.000000000000000000e+00
1.722207031250000000e+03 -3.581478834152221680e+00 2.563220560550689697e-01 0.000000000000000000e+00
1.727183593750000000e+03 -4.296102046966552734e+00 3.378832340240478516e-01 0.000000000000000000e+00
1.732257812500000000e+03 -3.874973297119140625e+00 5.578519105911254883e-01 0.000000000000000000e+00
1.735203125000000000e+03 -3.856626272201538086e+00 4.897640049457550049e-01 0.000000000000000000e+00
1.746125000000000000e+03 -4.120634078979492188e+00 1.251361668109893799e-01 0.000000000000000000e+00
1.751132812500000000e+03 -4.178089618682861328e+00 1.432746946811676025e-01 0.000000000000000000e+00
1.757179687500000000e+03 -3.916611433029174805e+00 2.499504983425140381e-01 0.000000000000000000e+00
1.764078125000000000e+03 -2.489014148712158203e+00 4.925881922245025635e-01 0.000000000000000000e+00
1.772152343750000000e+03 -3.749943733215332031e+00 4.197209775447845459e-01 0.000000000000000000e+00
1.776156250000000000e+03 -3.207065105438232422e+00 2.418170422315597534e-01 0.000000000000000000e+00
1.781144531250000000e+03 -3.685725450515747070e+00 2.041530758142471313e-01 0.000000000000000000e+00
1.788156250000000000e+03 -3.455971240997314453e+00 2.323241382837295532e-01 0.000000000000000000e+00
1.791175781250000000e+03 -3.297337770462036133e+00 2.862524390220642090e-01 0.000000000000000000e+00
1.793089843750000000e+03 -3.003848314285278320e+00 4.191842377185821533e-01 0.000000000000000000e+00
1.807078125000000000e+03 -3.406537771224975586e+00 2.292201519012451172e-01 0.000000000000000000e+00
1.812132812500000000e+03 -3.065958261489868164e+00 3.036096394062042236e-01 0.000000000000000000e+00
1.818074218750000000e+03 -3.280587911605834961e+00 2.807308435440063477e-01 0.000000000000000000e+00
1.829980468750000000e+03 -2.734916448593139648e+00 1.746249496936798096e-01 0.000000000000000000e+00
1.832007812500000000e+03 -2.685169458389282227e+00 2.743273079395294189e-01 0.000000000000000000e+00
1.836000000000000000e+03 -2.989425897598266602e+00 1.732362806797027588e-01 0.000000000000000000e+00
1.844039062500000000e+03 -3.074266910552978516e+00 2.765497565269470215e-01 0.000000000000000000e+00
1.848964843750000000e+03 -2.641136646270751953e+00 3.193294703960418701e-01 0.000000000000000000e+00
1.858929687500000000e+03 -2.513245820999145508e+00 2.219455242156982422e-01 0.000000000000000000e+00
1.865929687500000000e+03 -3.122485399246215820e+00 2.309895753860473633e-01 0.000000000000000000e+00
1.872925781250000000e+03 -2.610773801803588867e+00 4.183307588100433350e-01 0.000000000000000000e+00
2.108175781250000000e+03 -2.107454299926757812e+00 3.547812625765800476e-02 0.000000000000000000e+00
2.145121093750000000e+03 -3.089900970458984375e+00 1.458832621574401855e-01 0.000000000000000000e+00
2.167062500000000000e+03 -1.169109821319580078e+00 6.109522655606269836e-02 0.000000000000000000e+00
2.189046875000000000e+03 -2.891058444976806641e+00 1.184105686843395233e-02 0.000000000000000000e+00
3.335117187500000000e+02 1.122012019157409668e+00 4.067814350128173828e-01 1.000000000000000000e+00
3.635039062500000000e+02 3.675480186939239502e-01 9.716734290122985840e-01 1.000000000000000000e+00
6.555820312500000000e+02 -7.989385604858398438e+00 1.485643863677978516e+00 1.000000000000000000e+00
7.184296875000000000e+02 -1.165670454502105713e-01 5.342656970024108887e-01 1.000000000000000000e+00
9.816445312500000000e+02 1.476921081542968750e+00 1.681134819984436035e+00 1.000000000000000000e+00
1.020550781250000000e+03 -1.076688051223754883e+00 5.760040283203125000e-01 1.000000000000000000e+00
1.021562500000000000e+03 1.839658021926879883e-01 5.602659583091735840e-01 1.000000000000000000e+00
1.044597656250000000e+03 -3.094900369644165039e+00 8.441575765609741211e-01 1.000000000000000000e+00
1.095339843750000000e+03 -1.755622148513793945e+00 6.429130434989929199e-01 1.000000000000000000e+00
1.394632812500000000e+03 3.311777710914611816e-01 1.024766087532043457e+00 1.000000000000000000e+00
1.402613281250000000e+03 7.363410592079162598e-01 3.329285383224487305e-01 1.000000000000000000e+00
1.429421875000000000e+03 -6.775001287460327148e-01 3.500052988529205322e-01 1.000000000000000000e+00
1.454449218750000000e+03 -5.326737836003303528e-02 4.354506433010101318e-01 1.000000000000000000e+00
1.456437500000000000e+03 1.050279617309570312e+00 3.383799493312835693e-01 1.000000000000000000e+00
1.484414062500000000e+03 -3.096095919609069824e-01 3.837953507900238037e-01 1.000000000000000000e+00
1.723566406250000000e+03 -3.324183821678161621e-01 5.682470798492431641e-01 1.000000000000000000e+00
1.780507812500000000e+03 -4.277994483709335327e-02 4.184263944625854492e-01 1.000000000000000000e+00
1.784531250000000000e+03 -1.500214040279388428e-01 3.682694137096405029e-01 1.000000000000000000e+00
1.813375000000000000e+03 1.550257205963134766e-01 2.687434554100036621e-01 1.000000000000000000e+00
1.847351562500000000e+03 1.232599839568138123e-01 7.570692300796508789e-01 1.000000000000000000e+00
2.133523437500000000e+03 -4.594939708709716797e+00 1.809181571006774902e+00 1.000000000000000000e+00
2.166507812500000000e+03 -2.047288417816162109e+00 2.280613422393798828e+00 1.000000000000000000e+00
2.167500000000000000e+03 3.242507696151733398e+00 1.655449032783508301e+00 1.000000000000000000e+00
3.335117187500000000e+02 1.514441370964050293e+00 5.414508342742919922e+00 2.000000000000000000e+00
3.635039062500000000e+02 -1.934761881828308105e+00 2.538306951522827148e+00 2.000000000000000000e+00
6.563945312500000000e+02 -7.033924460411071777e-01 3.306786775588989258e+00 2.000000000000000000e+00
7.184296875000000000e+02 -4.295503795146942139e-01 3.245597600936889648e+00 2.000000000000000000e+00
9.816445312500000000e+02 1.775383234024047852e+00 5.864472389221191406e+00 2.000000000000000000e+00
1.021058593750000000e+03 6.935760378837585449e-01 4.378583908081054688e+00 2.000000000000000000e+00
1.044597656250000000e+03 3.975445926189422607e-01 4.306877613067626953e+00 2.000000000000000000e+00
1.095339843750000000e+03 4.348990917205810547e-01 4.290562629699707031e+00 2.000000000000000000e+00
1.400617187500000000e+03 5.262815356254577637e-01 4.327640533447265625e+00 2.000000000000000000e+00
1.429421875000000000e+03 8.367804288864135742e-01 4.619786739349365234e+00 2.000000000000000000e+00
1.455441406250000000e+03 3.634708225727081299e-01 4.149041175842285156e+00 2.000000000000000000e+00
1.484414062500000000e+03 1.375574469566345215e+00 5.540378093719482422e+00 2.000000000000000000e+00
1.723566406250000000e+03 5.128274559974670410e-01 4.363486766815185547e+00 2.000000000000000000e+00
1.782117187500000000e+03 1.462321914732456207e-02 3.753125667572021484e+00 2.000000000000000000e+00
1.813375000000000000e+03 2.958890199661254883e-01 3.885572433471679688e+00 2.000000000000000000e+00
1.847351562500000000e+03 4.507087469100952148e-01 4.682563304901123047e+00 2.000000000000000000e+00
2.167003906250000000e+03 7.409381270408630371e-01 6.161193370819091797e+00 2.000000000000000000e+00
