8.489972686767578125e+01 3.558417320251464844e+00 2.283619642257690430e+00 -1.675739860534667969e+01 -4.788913726806640625e-01 9.397677332162857056e-02
1.758480377197265625e+02 3.478059291839599609e+00 2.383353233337402344e+00 -1.660464477539062500e+01 6.769981384277343750e-01 4.332056269049644470e-02
1.222321166992187500e+02 3.478414535522460938e+00 2.153471946716308594e+00 -1.465985107421875000e+01 2.072471618652343750e+00 6.096027791500091553e-02
7.378176879882812500e+01 3.413388729095458984e+00 2.331942796707153320e+00 -1.754296112060546875e+01 3.443164825439453125e-01 1.707675866782665253e-02
1.738452606201171875e+02 3.428428649902343750e+00 2.154692888259887695e+00 -1.477188873291015625e+01 1.485515594482421875e+00 5.641867220401763916e-02
1.963999328613281250e+02 3.426752090454101562e+00 2.261088371276855469e+00 -1.636102676391601562e+01 -4.858207702636718750e-02 7.350961863994598389e-02
1.239347000122070312e+02 3.448992729187011719e+00 2.017900705337524414e+00 -1.391453552246093750e+01 3.233146667480468750e-02 6.987297534942626953e-02
1.366598663330078125e+02 3.454882144927978516e+00 2.030503988265991211e+00 -1.477982425689697266e+01 1.440368652343750000e+00 7.090054452419281006e-02
1.622570800781250000e+02 3.470392227172851562e+00 2.781107664108276367e+00 -1.476125144958496094e+01 3.508663177490234375e-01 2.175913192331790924e-02
2.122060089111328125e+02 3.498485565185546875e+00 2.260393619537353516e+00 -1.659774017333984375e+01 9.113311767578125000e-03 1.396261453628540039e-01
1.443879699707031250e+02 3.457436084747314453e+00 2.260483264923095703e+00 -1.391517829895019531e+01 1.703397750854492188e+00 2.215500921010971069e-01
1.936705474853515625e+02 3.434153079986572266e+00 2.191058397293090820e+00 -1.628299331665039062e+01 1.096294403076171875e+00 2.013303488492965698e-01
1.644859008789062500e+02 3.415507793426513672e+00 2.074879646301269531e+00 -1.933120727539062500e+01 8.307247161865234375e-01 1.296617686748504639e-01
1.748232116699218750e+02 3.521865367889404297e+00 2.421596765518188477e+00 -1.553383445739746094e+01 1.732521057128906250e-01 3.705196827650070190e-02
1.075541763305664062e+02 3.436851501464843750e+00 2.234873294830322266e+00 -1.245251655578613281e+01 2.929382324218750000e-01 5.283504351973533630e-02
1.491825866699218750e+02 3.523777961730957031e+00 2.213148593902587891e+00 -1.519775962829589844e+01 4.592704772949218750e-01 6.122619658708572388e-02
1.794934387207031250e+02 3.392333507537841797e+00 2.306538581848144531e+00 -1.536898612976074219e+01 -1.156766891479492188e+00 1.100645214319229126e-01
7.137116699218750000e+02 3.604250431060791016e+00 2.590463638305664062e+00 -1.461449432373046875e+01 -7.935409545898437500e-01 8.144002407789230347e-02
4.836055755615234375e+01 3.393970012664794922e+00 2.100123882293701172e+00 -8.727389335632324219e+00 1.528787612915039062e+00 7.000917196273803711e-02
1.144376373291015625e+02 3.507758140563964844e+00 2.430726289749145508e+00 -1.979364204406738281e+01 2.242719650268554688e+00 7.349982857704162598e-02
4.347287597656250000e+02 3.548492431640625000e+00 2.064966440200805664e+00 -1.030574703216552734e+01 -5.261459350585937500e-01 1.134413555264472961e-01
4.892759704589843750e+02 3.607040405273437500e+00 2.422718048095703125e+00 -8.549832344055175781e+00 6.152839660644531250e-01 2.794450893998146057e-02
1.574696960449218750e+02 3.352808952331542969e+00 2.112312555313110352e+00 -1.449484825134277344e+01 4.013519287109375000e-01 3.525888174772262573e-02
1.309821929931640625e+02 3.377964496612548828e+00 2.285368204116821289e+00 -1.501681709289550781e+01 1.845836639404296875e-01 4.449920356273651123e-02
4.197846603393554688e+01 3.547043800354003906e+00 2.570682764053344727e+00 -8.118082046508789062e+00 2.214365005493164062e+00 2.253542542457580566e-01
6.640234985351562500e+02 3.507637500762939453e+00 2.173629283905029297e+00 -1.635191345214843750e+01 1.764488220214843750e-01 1.321597956120967865e-03
1.257532119750976562e+02 3.376687526702880859e+00 2.377016067504882812e+00 -1.209960937500000000e+01 5.049400329589843750e-01 1.192273795604705811e-01
1.192938079833984375e+02 3.398864269256591797e+00 2.027285575866699219e+00 -1.424487686157226562e+01 1.121288299560546875e+00 7.959695160388946533e-02
1.285734710693359375e+02 3.584815025329589844e+00 2.514064073562622070e+00 -1.274578380584716797e+01 1.317766189575195312e+00 1.203791201114654541e-01
1.658570556640625000e+02 3.603112220764160156e+00 2.245015144348144531e+00 -1.911771202087402344e+01 1.268369674682617188e+00 4.220254719257354736e-02
2.093198547363281250e+02 3.455601692199707031e+00 2.180485486984252930e+00 -1.751011085510253906e+01 3.079414367675781250e-02 2.686498221009969711e-03
1.312396240234375000e+02 3.582749843597412109e+00 2.378465175628662109e+00 -1.774479675292968750e+01 -2.130928039550781250e-01 8.216729760169982910e-02
1.948548431396484375e+02 3.429925918579101562e+00 2.048377275466918945e+00 -1.843479728698730469e+01 6.469535827636718750e-02 7.844766974449157715e-02
1.287507781982421875e+02 3.398034572601318359e+00 2.079345464706420898e+00 -1.778475379943847656e+01 -1.489021301269531250e+00 1.150859296321868896e-01
5.194866333007812500e+02 3.405117511749267578e+00 2.061025619506835938e+00 -1.353973197937011719e+01 4.571151733398437500e-02 2.153729833662509918e-02
3.161614608764648438e+01 3.480521202087402344e+00 2.305656671524047852e+00 -1.170403385162353516e+01 -1.491268157958984375e+00 1.548246294260025024e-01
5.345820312500000000e+02 3.575428485870361328e+00 2.655019044876098633e+00 -1.291360569000244141e+01 2.623252868652343750e-01 1.689487844705581665e-01
5.008988342285156250e+02 3.584679126739501953e+00 2.191466093063354492e+00 -8.377859115600585938e+00 5.374336242675781250e-01 2.723841182887554169e-02
1.755769195556640625e+02 3.515147209167480469e+00 2.644186258316040039e+00 -8.444676399230957031e+00 7.049827575683593750e-01 8.508719503879547119e-02
6.937836914062500000e+02 3.531461715698242188e+00 2.112179994583129883e+00 -1.456759262084960938e+01 -7.509841918945312500e-01 1.255898922681808472e-01
1.877356567382812500e+02 3.461467266082763672e+00 2.096940994262695312e+00 -1.668537902832031250e+01 4.246139526367187500e-01 2.100364565849304199e-01
6.061940917968750000e+02 3.377164363861083984e+00 2.042809486389160156e+00 -1.127921867370605469e+01 2.395015716552734375e+00 1.143256425857543945e-01
1.676265411376953125e+02 3.446943283081054688e+00 2.287759304046630859e+00 -1.392229080200195312e+01 3.844566345214843750e-01 5.826177075505256653e-02
1.527670745849609375e+02 3.495754241943359375e+00 2.217548370361328125e+00 -1.221582031250000000e+01 2.058792114257812500e-02 3.558631287887692451e-03
2.189152069091796875e+02 3.454678535461425781e+00 2.420926094055175781e+00 -1.630359840393066406e+01 2.594718933105468750e-01 1.019140239804983139e-02
1.346228637695312500e+02 3.644748210906982422e+00 2.633074760437011719e+00 -1.794212341308593750e+01 4.638881683349609375e-01 6.062497198581695557e-02
5.016176147460937500e+02 3.559261322021484375e+00 2.304910659790039062e+00 -8.586313247680664062e+00 -3.005218505859375000e-02 7.912619039416313171e-03
1.315102844238281250e+02 3.682415962219238281e+00 2.466008186340332031e+00 -1.740966606140136719e+01 3.346519470214843750e-01 3.595238551497459412e-02
1.458333435058593750e+02 3.603520393371582031e+00 2.532770395278930664e+00 -1.721533012390136719e+01 2.285343170166015625e+00 1.165771484375000000e-01
1.557251739501953125e+02 3.608891010284423828e+00 2.445975542068481445e+00 -1.813401603698730469e+01 -1.482696533203125000e-01 1.445334702730178833e-01
1.545438079833984375e+02 3.336959362030029297e+00 2.155452489852905273e+00 -1.458101844787597656e+01 8.976058959960937500e-01 4.625637084245681763e-02
1.563393554687500000e+02 3.474067211151123047e+00 2.291053533554077148e+00 -1.707574844360351562e+01 5.072784423828125000e-01 1.042710542678833008e-01
4.769366836547851562e+01 3.596677780151367188e+00 2.511671066284179688e+00 -9.448580741882324219e+00 9.322624206542968750e-01 4.833208397030830383e-02
5.450784912109375000e+02 3.447649478912353516e+00 2.058199882507324219e+00 -9.975575447082519531e+00 8.490486145019531250e-01 7.327158749103546143e-02
1.883611145019531250e+02 3.382896423339843750e+00 2.180305957794189453e+00 -1.778778266906738281e+01 3.830091476440429688e+00 1.201896443963050842e-01
4.297803344726562500e+02 3.494256973266601562e+00 2.247669458389282227e+00 -1.282034397125244141e+01 1.502992630004882812e+00 1.102719381451606750e-01
1.932693176269531250e+02 3.602948665618896484e+00 2.399733066558837891e+00 -1.574564075469970703e+01 1.084863662719726562e+00 1.063304990530014038e-01
1.234895477294921875e+02 3.492661952972412109e+00 2.033543586730957031e+00 -1.289924716949462891e+01 1.463592529296875000e+00 4.706980288028717041e-02
1.546177215576171875e+02 3.373575210571289062e+00 2.225517272949218750e+00 -1.484934806823730469e+01 2.104663848876953125e+00 7.770182192325592041e-02
4.381491851806640625e+01 3.443387031555175781e+00 2.090034723281860352e+00 -6.470756530761718750e+00 3.006248474121093750e-01 1.560976728796958923e-02
5.837947387695312500e+02 3.437718391418457031e+00 2.341074228286743164e+00 -1.128954696655273438e+01 4.150272369384765625e+00 9.480800479650497437e-02
7.232588195800781250e+01 3.437252998352050781e+00 2.016187429428100586e+00 -1.753055953979492188e+01 -6.074752807617187500e-01 6.045652925968170166e-02
1.730688629150390625e+02 3.546348571777343750e+00 2.116392612457275391e+00 -1.600987434387207031e+01 7.131919860839843750e-01 5.324693024158477783e-02
2.026591796875000000e+02 3.384760856628417969e+00 2.284246683120727539e+00 -1.957522583007812500e+01 9.361457824707031250e-02 6.927848607301712036e-02
1.521652984619140625e+02 3.537938117980957031e+00 2.066338539123535156e+00 -1.998358726501464844e+01 1.473997116088867188e+00 5.450613796710968018e-02
7.482727050781250000e+02 3.582711696624755859e+00 2.573078393936157227e+00 -5.883197784423828125e-01 3.604412078857421875e-01 1.380663365125656128e-01
1.797399139404296875e+02 3.415460109710693359e+00 2.505290269851684570e+00 -1.386952972412109375e+01 5.495948791503906250e-01 1.112465560436248779e-01
1.731266937255859375e+02 3.683167457580566406e+00 2.635253429412841797e+00 -1.847154045104980469e+01 1.055313110351562500e+00 4.062438383698463440e-02
5.355005493164062500e+02 3.676273345947265625e+00 2.551681995391845703e+00 -1.037533569335937500e+01 1.179241180419921875e+00 6.897915154695510864e-02
1.878208007812500000e+02 3.494369506835937500e+00 2.153715133666992188e+00 -1.496812057495117188e+01 -4.386920928955078125e-01 6.864202767610549927e-02
4.647036437988281250e+02 3.511479377746582031e+00 2.231075763702392578e+00 -8.256895065307617188e+00 6.973533630371093750e-01 4.543638229370117188e-02
1.378106842041015625e+02 3.396852493286132812e+00 2.192332506179809570e+00 -1.263453578948974609e+01 1.677284240722656250e+00 6.977117806673049927e-02
8.586744689941406250e+01 3.370706558227539062e+00 2.069461107254028320e+00 -1.607681083679199219e+01 1.649398803710937500e-01 9.240040183067321777e-02
7.960256958007812500e+02 3.460129737854003906e+00 2.349288702011108398e+00 -2.384424209594726562e+00 4.412250518798828125e-01 1.544365193694829941e-02
1.204608535766601562e+02 3.453825950622558594e+00 2.318358898162841797e+00 -6.875251770019531250e+00 1.978473663330078125e+00 6.600926071405410767e-02
7.099399566650390625e+01 3.450881004333496094e+00 2.318243503570556641e+00 -8.425482749938964844e+00 7.465896606445312500e-01 6.629687547683715820e-02
1.341786041259765625e+02 3.527947425842285156e+00 2.374585866928100586e+00 -1.367715167999267578e+01 4.254913330078125000e-01 3.657228872179985046e-02
1.882701568603515625e+02 3.312125682830810547e+00 2.081985950469970703e+00 -1.658637237548828125e+01 -3.837413787841796875e-01 7.222624868154525757e-02
1.856524658203125000e+02 3.373836517333984375e+00 2.107234716415405273e+00 -8.893003463745117188e+00 2.239009857177734375e+00 5.734326317906379700e-02
1.641954498291015625e+02 3.355059146881103516e+00 2.012570142745971680e+00 -1.437878036499023438e+01 1.591186523437500000e-01 8.378066122531890869e-02
4.596234741210937500e+02 3.421857833862304688e+00 2.584892749786376953e+00 -1.102913284301757812e+01 1.481349945068359375e+00 1.474371850490570068e-01
1.908358154296875000e+02 3.547087669372558594e+00 2.471099376678466797e+00 -1.677032089233398438e+01 -1.651306152343750000e-01 7.263611257076263428e-02
1.658233642578125000e+02 3.489957809448242188e+00 2.134695053100585938e+00 -1.771849632263183594e+01 -7.932453155517578125e-01 1.096726208925247192e-01
1.855667572021484375e+02 3.622959613800048828e+00 2.431904315948486328e+00 -1.729951477050781250e+01 2.567367553710937500e-01 2.357789874076843262e-02
1.447262115478515625e+02 3.516818046569824219e+00 2.357031345367431641e+00 -1.785181999206542969e+01 9.432773590087890625e-01 9.163182973861694336e-02
1.599187164306640625e+02 3.468892097473144531e+00 2.235589981079101562e+00 -1.659346961975097656e+01 1.472024917602539062e+00 6.399500370025634766e-02
1.472643737792968750e+02 3.464727401733398438e+00 2.156538248062133789e+00 -1.725161361694335938e+01 9.449920654296875000e-01 8.586026728153228760e-02
1.253916168212890625e+02 3.476321220397949219e+00 2.007995605468750000e+00 -1.142643451690673828e+01 -1.033363342285156250e-01 3.778740391135215759e-02
4.334737854003906250e+02 3.444205284118652344e+00 2.161862373352050781e+00 -1.182543659210205078e+01 -5.753803253173828125e-01 7.186236977577209473e-02
1.149527816772460938e+02 3.452312469482421875e+00 2.248471975326538086e+00 -1.477049827575683594e+01 1.122903823852539062e+00 1.184375733137130737e-01
8.368496894836425781e+00 3.457584857940673828e+00 2.103838443756103516e+00 -8.148784637451171875e+00 -1.776905059814453125e-01 4.601854830980300903e-02
7.657908630371093750e+01 3.575500488281250000e+00 2.112624406814575195e+00 -1.184515762329101562e+01 7.207565307617187500e-01 4.677388072013854980e-02
1.563559722900390625e+02 3.473329544067382812e+00 2.295843124389648438e+00 -1.911842918395996094e+01 -2.207927703857421875e-01 7.720596343278884888e-02
1.116565017700195312e+02 3.608576297760009766e+00 2.787072896957397461e+00 -1.468770599365234375e+01 1.360280990600585938e+00 4.765748232603073120e-02
1.681924896240234375e+02 3.501669406890869141e+00 2.232280492782592773e+00 -1.643451690673828125e+01 -2.192344665527343750e-01 2.178354002535343170e-02
2.044498443603515625e+02 3.462180137634277344e+00 2.132264852523803711e+00 -1.930350494384765625e+01 -3.771305084228515625e-01 1.207068935036659241e-01
1.220240249633789062e+02 3.516100883483886719e+00 2.076838970184326172e+00 -1.499740314483642578e+01 5.991725921630859375e-01 1.156743913888931274e-01
1.710675659179687500e+02 3.504151344299316406e+00 2.066895961761474609e+00 -1.664680480957031250e+01 -3.881835937500000000e-02 2.962889522314071655e-02
1.616844329833984375e+02 3.347602844238281250e+00 2.002951145172119141e+00 -1.590847587585449219e+01 -1.045877456665039062e+00 7.904230803251266479e-02
1.426850891113281250e+02 3.477284431457519531e+00 2.045059442520141602e+00 -3.518468856811523438e+00 1.573085784912109375e-01 3.768925368785858154e-02
7.856797790527343750e+01 3.494935989379882812e+00 2.073380470275878906e+00 -1.101937770843505859e+01 -4.410762786865234375e-01 7.009487599134445190e-02
4.366901245117187500e+02 3.478668212890625000e+00 2.009822607040405273e+00 -9.905809402465820312e+00 2.809524536132812500e-01 4.837511107325553894e-02
1.996932983398437500e+02 3.469849586486816406e+00 2.456289291381835938e+00 -1.427850246429443359e+01 2.337318420410156250e+00 1.831933856010437012e-01
1.194669876098632812e+02 3.355996131896972656e+00 2.102383136749267578e+00 -1.543524169921875000e+01 -9.351043701171875000e-01 1.270048022270202637e-01
1.718509368896484375e+02 3.464799880981445312e+00 2.473412752151489258e+00 -1.984059143066406250e+01 -1.676889419555664062e+00 8.600406348705291748e-02
5.230330944061279297e+00 3.595315456390380859e+00 2.365865945816040039e+00 -3.930671691894531250e+00 1.532798767089843750e+00 5.132740736007690430e-02
7.829495239257812500e+01 3.580011367797851562e+00 2.245260000228881836e+00 -1.248644828796386719e+01 4.344158172607421875e-01 1.267106533050537109e-01
7.792132568359375000e+02 3.527156352996826172e+00 2.115189790725708008e+00 -3.682102203369140625e+00 -4.572410583496093750e-01 1.291937530040740967e-01
7.061796569824218750e+01 3.402719497680664062e+00 2.042192220687866211e+00 -1.562960433959960938e+01 7.251129150390625000e-01 8.338306099176406860e-02
1.467006530761718750e+02 3.529455184936523438e+00 2.246653079986572266e+00 -1.985616683959960938e+01 8.718795776367187500e-01 7.505664229393005371e-02
1.899954833984375000e+02 3.500745773315429688e+00 2.477124929428100586e+00 -1.783182525634765625e+01 2.888965606689453125e-01 6.607920676469802856e-02
8.026152038574218750e+01 3.596139907836914062e+00 2.356521844863891602e+00 -1.094957542419433594e+01 -1.096496582031250000e+00 9.146931767463684082e-02
1.683867340087890625e+02 3.600797653198242188e+00 2.328740835189819336e+00 -1.766301727294921875e+01 -6.383399963378906250e-01 7.018662244081497192e-02
1.438020019531250000e+02 3.582761764526367188e+00 2.257047653198242188e+00 -1.216103267669677734e+01 1.536247253417968750e+00 7.882925868034362793e-02
5.522821044921875000e+02 3.440524578094482422e+00 2.174507141113281250e+00 -8.768268585205078125e+00 5.945110321044921875e-01 3.700269386172294617e-02
1.930541076660156250e+02 3.454601287841796875e+00 2.434487104415893555e+00 -1.509896850585937500e+01 5.305385589599609375e-01 5.532498657703399658e-02
1.875892028808593750e+02 3.599203109741210938e+00 2.227789163589477539e+00 -1.689129257202148438e+01 5.283546447753906250e-02 5.679923668503761292e-02
4.316993103027343750e+02 3.605221748352050781e+00 2.438093662261962891e+00 -8.827904701232910156e+00 7.155818939208984375e-01 4.709962755441665649e-02
4.219094848632812500e+02 3.507664680480957031e+00 2.113679409027099609e+00 -9.760456085205078125e+00 -6.889896392822265625e-01 7.178615033626556396e-02
8.342890167236328125e+01 3.518182754516601562e+00 2.252547502517700195e+00 -1.672683143615722656e+01 5.611953735351562500e-01 4.773216694593429565e-02
1.961476440429687500e+02 3.616512775421142578e+00 2.647283792495727539e+00 -1.645669937133789062e+01 -6.017875671386718750e-02 2.055445872247219086e-02
1.075249938964843750e+02 3.519988536834716797e+00 2.187965631484985352e+00 -1.902577781677246094e+01 1.643035888671875000e+00 9.960673749446868896e-02
1.995340881347656250e+02 3.492497920989990234e+00 2.173451900482177734e+00 -1.867741394042968750e+01 1.311876296997070312e+00 1.023188084363937378e-01
1.634885864257812500e+02 3.409720420837402344e+00 2.223339080810546875e+00 -1.843487167358398438e+01 1.825389862060546875e+00 6.961937248706817627e-02
4.083479309082031250e+01 3.442805290222167969e+00 2.003563165664672852e+00 -6.444772720336914062e+00 6.871833801269531250e-01 8.815407752990722656e-02
1.797840423583984375e+02 3.619857788085937500e+00 2.344538688659667969e+00 -1.914455032348632812e+01 6.443614959716796875e-01 7.003330439329147339e-02
1.879577636718750000e+02 3.518867969512939453e+00 2.290535449981689453e+00 -1.831960678100585938e+01 6.173210144042968750e-01 9.069123864173889160e-02
1.551530914306640625e+02 3.655519962310791016e+00 2.854923248291015625e+00 -1.176292991638183594e+01 3.238849639892578125e-01 1.516451537609100342e-01
1.184495468139648438e+02 3.440263271331787109e+00 2.081865072250366211e+00 -1.456460952758789062e+01 1.479347229003906250e+00 5.475944280624389648e-02
1.971204833984375000e+02 3.530591011047363281e+00 2.157404661178588867e+00 -1.519158744812011719e+01 -4.720687866210937500e-03 4.307523742318153381e-02
1.986599426269531250e+02 3.415307998657226562e+00 2.194040775299072266e+00 -1.486651515960693359e+01 9.761714935302734375e-01 7.438848912715911865e-02
6.777471542358398438e+00 3.383478641510009766e+00 2.037555694580078125e+00 -1.215793609619140625e+01 5.053665161132812500e+00 2.835689783096313477e-01
1.906949462890625000e+02 3.495959758758544922e+00 2.288984060287475586e+00 -1.594773387908935547e+01 -6.066455841064453125e-01 4.672151058912277222e-02
4.097281265258789062e+01 3.425679683685302734e+00 2.447007656097412109e+00 -1.627829933166503906e+01 2.457618713378906250e-02 1.471656840294599533e-02
7.521495819091796875e+01 3.535918712615966797e+00 2.311948537826538086e+00 -1.593549537658691406e+01 5.454521179199218750e-01 2.434876002371311188e-02
1.588923492431640625e+02 3.586163043975830078e+00 2.343396663665771484e+00 -1.661515617370605469e+01 1.451393127441406250e+00 9.894426167011260986e-02
1.231439437866210938e+02 3.427300453186035156e+00 2.063242912292480469e+00 -1.425195312500000000e+01 1.102085113525390625e-01 1.589362323284149170e-01
1.922019195556640625e+02 3.369358539581298828e+00 2.121912002563476562e+00 -1.826442337036132812e+01 5.482120513916015625e-01 7.758845388889312744e-02
1.327438354492187500e+02 3.389482498168945312e+00 2.037234067916870117e+00 -1.389252281188964844e+01 1.559562683105468750e-01 1.185971498489379883e-01
2.930373573303222656e+01 3.513712882995605469e+00 2.241805791854858398e+00 -1.799725151062011719e+01 -1.139921188354492188e+00 6.551136076450347900e-02
1.676481018066406250e+02 3.305414676666259766e+00 2.110472679138183594e+00 -1.201269531250000000e+01 9.833145141601562500e-01 1.196790114045143127e-01
4.195895080566406250e+02 3.386518001556396484e+00 2.131638288497924805e+00 -1.106205749511718750e+01 -6.056060791015625000e-01 1.495975404977798462e-01
4.400189208984375000e+01 3.483893394470214844e+00 2.431390523910522461e+00 -4.959323883056640625e+00 2.056447982788085938e+00 7.014461606740951538e-02
1.694843597412109375e+02 3.428901672363281250e+00 2.066451549530029297e+00 -1.837759399414062500e+01 -6.314888000488281250e-01 9.687127172946929932e-02
1.777021942138671875e+02 3.502312183380126953e+00 2.079868555068969727e+00 -1.987140464782714844e+01 -2.842063903808593750e-01 5.900621041655540466e-02
4.814918136596679688e+01 3.387075901031494141e+00 2.107293367385864258e+00 -1.876928901672363281e+01 -5.123424530029296875e-01 1.070288941264152527e-01
1.125776672363281250e+02 3.342056751251220703e+00 2.146299839019775391e+00 -1.598617553710937500e+01 -5.470848083496093750e-02 1.442357525229454041e-02
1.789060363769531250e+02 3.444970130920410156e+00 2.500206708908081055e+00 -1.819248771667480469e+01 6.986579895019531250e-01 3.992933034896850586e-02
1.916527099609375000e+02 3.522822380065917969e+00 2.070908784866333008e+00 -1.702059364318847656e+01 8.570098876953125000e-02 5.044528096914291382e-02
1.346056213378906250e+02 3.491343498229980469e+00 2.508677244186401367e+00 -1.526396274566650391e+01 2.299558639526367188e+00 8.235789835453033447e-02
1.323711547851562500e+02 3.458385944366455078e+00 2.119625329971313477e+00 -1.519348907470703125e+01 -4.699764251708984375e-01 3.838499635457992554e-02
4.606828613281250000e+02 3.591221332550048828e+00 2.437686443328857422e+00 -1.199345493316650391e+01 -6.312294006347656250e-01 8.980715274810791016e-02
7.483277587890625000e+02 3.649858474731445312e+00 2.653663158416748047e+00 -6.160182952880859375e-01 -1.282972335815429688e+00 1.580009609460830688e-01
4.398051834106445312e+01 3.427175998687744141e+00 2.190110683441162109e+00 -1.158685493469238281e+01 2.361070632934570312e+00 1.059100106358528137e-01
1.175051803588867188e+02 3.544031143188476562e+00 2.109637260437011719e+00 -1.234235954284667969e+01 -6.789474487304687500e-01 2.321791648864746094e-01
1.514361267089843750e+02 3.597524166107177734e+00 2.360434532165527344e+00 -1.538767528533935547e+01 5.167598724365234375e-01 9.064122289419174194e-02
7.347647857666015625e+01 3.580476284027099609e+00 2.083519697189331055e+00 -1.206313133239746094e+01 -5.023002624511718750e-01 5.299106240272521973e-02
1.445606994628906250e+02 3.408975124359130859e+00 2.144901275634765625e+00 -1.442452526092529297e+01 2.193374633789062500e-01 6.218746677041053772e-02
1.033007507324218750e+02 3.407005310058593750e+00 2.272121906280517578e+00 -1.828144264221191406e+01 -5.369949340820312500e-02 1.028138026595115662e-01
4.728201293945312500e+02 3.534076213836669922e+00 2.114961147308349609e+00 -1.299825191497802734e+01 -2.593135833740234375e-01 3.295752685517072678e-03
6.066289062500000000e+02 3.558667182922363281e+00 2.348304271697998047e+00 -1.125419616699218750e+01 9.597949981689453125e-01 4.510381817817687988e-02
4.546030578613281250e+02 3.420384883880615234e+00 2.278714895248413086e+00 -1.161192703247070312e+01 3.223896026611328125e-01 4.930105432868003845e-02
1.408721618652343750e+02 3.529832839965820312e+00 2.107429504394531250e+00 -1.661730194091796875e+01 8.888473510742187500e-01 3.561042994260787964e-02
1.875367431640625000e+02 3.591762542724609375e+00 2.438646316528320312e+00 -1.599713706970214844e+01 7.246284484863281250e-01 1.131622791290283203e-01
1.604039611816406250e+02 3.363073348999023438e+00 2.109323978424072266e+00 -1.425819015502929688e+01 -7.213840484619140625e-01 8.810314536094665527e-02
4.957333068847656250e+02 3.614107131958007812e+00 2.322714805603027344e+00 -6.739198684692382812e+00 4.172973632812500000e-01 1.298889610916376114e-02
7.393389892578125000e+01 3.578155040740966797e+00 2.624870300292968750e+00 -1.931877136230468750e+01 -6.590862274169921875e-01 3.982378169894218445e-02
1.388289642333984375e+02 3.563491821289062500e+00 2.438073158264160156e+00 -1.546982479095458984e+01 4.256725311279296875e-01 1.098214089870452881e-01
7.977928161621093750e+01 3.457023143768310547e+00 2.366405487060546875e+00 -1.763578605651855469e+01 2.775783538818359375e-01 1.890157461166381836e-01
1.617584075927734375e+02 3.424611091613769531e+00 2.004201412200927734e+00 -1.382378196716308594e+01 4.014511108398437500e-01 8.132258057594299316e-02
1.501319580078125000e+02 3.428485870361328125e+00 2.286499738693237305e+00 -1.436151504516601562e+01 8.257007598876953125e-01 8.242437243461608887e-02
4.650593261718750000e+02 3.426851272583007812e+00 2.412472724914550781e+00 -1.000110435485839844e+01 3.371334075927734375e-01 1.154680699110031128e-01
4.368264160156250000e+02 3.454914093017578125e+00 2.081458568572998047e+00 -1.187744045257568359e+01 -7.805824279785156250e-02 1.020438969135284424e-02
1.325796966552734375e+02 3.402299880981445312e+00 2.197383642196655273e+00 -9.420635223388671875e+00 6.700801849365234375e-01 1.002832204103469849e-01
2.342621994018554688e+01 3.470325469970703125e+00 2.316403627395629883e+00 -5.286445617675781250e+00 8.193778991699218750e-02 6.359048932790756226e-02
2.151520690917968750e+02 3.487489223480224609e+00 2.367713451385498047e+00 -1.653931808471679688e+01 2.721679687500000000e+00 1.564273983240127563e-01
1.941790161132812500e+02 3.565992355346679688e+00 2.355033159255981445e+00 -1.793173980712890625e+01 -7.256889343261718750e-02 4.716031253337860107e-02
1.741682586669921875e+02 3.621497154235839844e+00 2.796181201934814453e+00 -1.167846870422363281e+01 1.191350936889648438e+00 3.522705659270286560e-02
1.790440216064453125e+02 3.598773002624511719e+00 2.427957773208618164e+00 -1.852254676818847656e+01 1.024415969848632812e+00 8.306574821472167969e-02
1.104777069091796875e+02 3.390418052673339844e+00 2.037157297134399414e+00 -1.198964977264404297e+01 3.798580169677734375e-01 1.183826625347137451e-01
2.257142486572265625e+02 3.464108467102050781e+00 2.249702692031860352e+00 -1.622667884826660156e+01 1.070194244384765625e-01 8.738344535231590271e-03
1.527146759033203125e+02 3.438897132873535156e+00 2.081214189529418945e+00 -1.292859077453613281e+01 5.723495483398437500e-01 8.396647870540618896e-02
4.697116699218750000e+02 3.487312316894531250e+00 2.196331739425659180e+00 -8.578485488891601562e+00 1.317718505859375000e+00 1.568917632102966309e-01
1.988380126953125000e+02 3.528387546539306641e+00 2.138983964920043945e+00 -1.872672080993652344e+01 1.646080017089843750e-01 1.114467158913612366e-04
1.455525360107421875e+02 3.463008880615234375e+00 2.100468635559082031e+00 -1.423202514648437500e+01 2.144515991210937500e+00 6.475643068552017212e-02
4.804613952636718750e+02 3.381443023681640625e+00 2.004813194274902344e+00 -1.052383613586425781e+01 2.290439605712890625e-01 1.487932652235031128e-01
1.143261241912841797e+01 3.593535423278808594e+00 2.466271638870239258e+00 -3.377153396606445312e+00 1.826181411743164062e+00 7.655020058155059814e-02
1.029800186157226562e+02 3.518916606903076172e+00 2.428017377853393555e+00 -1.558648777008056641e+01 -2.967521667480468750e+00 2.329038977622985840e-01
1.497059020996093750e+02 3.726011753082275391e+00 2.504497051239013672e+00 -1.267438983917236328e+01 1.507705688476562500e+00 5.767272412776947021e-02
4.326645812988281250e+02 3.459051132202148438e+00 2.265235900878906250e+00 -1.013138580322265625e+01 4.333076477050781250e-01 1.613795608282089233e-01
8.799665832519531250e+01 3.384490013122558594e+00 2.206578493118286133e+00 -1.662075614929199219e+01 5.843658447265625000e-01 7.427247613668441772e-02
1.103283081054687500e+02 3.387451171875000000e+00 2.225527048110961914e+00 -1.392431735992431641e+01 4.519939422607421875e-01 3.276147320866584778e-02
1.004613037109375000e+02 3.458477497100830078e+00 2.122466564178466797e+00 -1.800408935546875000e+01 2.817268371582031250e-01 4.009401053190231323e-02
6.602852630615234375e+01 3.473931312561035156e+00 2.042288064956665039e+00 -1.605671882629394531e+01 -5.279922485351562500e-02 7.466729730367660522e-02
1.771558990478515625e+02 3.401988983154296875e+00 2.276014328002929688e+00 -1.722823905944824219e+01 -4.710960388183593750e-02 6.698786467313766479e-02
8.942945861816406250e+01 3.400923728942871094e+00 2.336757421493530273e+00 -1.523844718933105469e+01 -1.748699188232421875e+00 6.489276885986328125e-02
1.372455902099609375e+02 3.401155471801757812e+00 2.147826194763183594e+00 -1.337298393249511719e+01 6.753158569335937500e-01 1.682982742786407471e-01
1.183255157470703125e+02 3.509971141815185547e+00 2.411095619201660156e+00 -1.960211372375488281e+01 9.392375946044921875e-01 1.559044122695922852e-01
1.523523254394531250e+02 3.440013885498046875e+00 2.061121463775634766e+00 -1.884651374816894531e+01 -5.418739318847656250e-01 1.184964478015899658e-01
1.162322311401367188e+02 3.434473514556884766e+00 2.236799001693725586e+00 -1.212779426574707031e+01 4.951171875000000000e-01 9.479004144668579102e-02
6.908482666015625000e+02 3.531117916107177734e+00 2.458750247955322266e+00 -1.834786224365234375e+01 7.849102020263671875e-01 1.037438139319419861e-01
4.137582397460937500e+02 3.462254524230957031e+00 2.169871330261230469e+00 -1.146495056152343750e+01 1.631374359130859375e-01 1.149931699037551880e-01
1.529376220703125000e+02 3.508678436279296875e+00 2.006677865982055664e+00 -1.444688606262207031e+01 7.325382232666015625e-01 8.005019277334213257e-02
1.615406036376953125e+02 3.492454051971435547e+00 2.132578611373901367e+00 -1.754663658142089844e+01 1.397815704345703125e+00 5.143069475889205933e-02
1.945095520019531250e+02 3.376885414123535156e+00 2.110428333282470703e+00 -1.773507881164550781e+01 6.216697692871093750e-01 6.728548556566238403e-02
1.549938812255859375e+02 3.387248516082763672e+00 2.362131118774414062e+00 -1.422892951965332031e+01 1.324043273925781250e-01 4.447775334119796753e-02
1.718509368896484375e+02 3.464799880981445312e+00 2.473412752151489258e+00 -1.984059143066406250e+01 -1.676889419555664062e+00 8.600406348705291748e-02
1.969425964355468750e+02 3.396800518035888672e+00 2.145487546920776367e+00 -1.921300506591796875e+01 -3.166389465332031250e-02 1.114205345511436462e-01
4.651663208007812500e+02 3.382489681243896484e+00 2.139659643173217773e+00 -9.257669448852539062e+00 1.534950256347656250e+00 1.246042624115943909e-01
1.290777282714843750e+02 3.492049217224121094e+00 2.372418880462646484e+00 -1.895265579223632812e+01 1.067558288574218750e+00 5.601503700017929077e-02
1.381486053466796875e+02 3.415174961090087891e+00 2.112146854400634766e+00 -1.363679313659667969e+01 8.493804931640625000e-02 6.058097258210182190e-02
1.334912872314453125e+02 3.471070289611816406e+00 2.406857490539550781e+00 -1.469348526000976562e+01 1.312685012817382812e+00 9.283124655485153198e-02
1.038270568847656250e+02 3.593736648559570312e+00 2.166024684906005859e+00 -1.636974906921386719e+01 8.235263824462890625e-01 1.455948352813720703e-01
1.368294219970703125e+02 3.524361133575439453e+00 2.118385076522827148e+00 -1.812953758239746094e+01 -3.240547180175781250e-01 6.800852715969085693e-02
2.002349395751953125e+02 3.472087383270263672e+00 2.220172882080078125e+00 -1.985562324523925781e+01 1.190299987792968750e-01 5.644899606704711914e-02
1.657398376464843750e+02 3.641083240509033203e+00 2.795187473297119141e+00 -8.552017211914062500e+00 1.026311111450195312e+01 2.739548683166503906e-01
2.043531646728515625e+02 3.434729576110839844e+00 2.082577943801879883e+00 -1.644358444213867188e+01 4.926681518554687500e-02 8.113913238048553467e-02
1.408979034423828125e+02 3.468301773071289062e+00 2.329287290573120117e+00 -1.731830596923828125e+01 -4.266586303710937500e-01 4.430812224745750427e-02
3.196973800659179688e+01 3.487357139587402344e+00 2.182904481887817383e+00 -1.607940292358398438e+01 -2.108734130859375000e+00 9.931620210409164429e-02
1.323347015380859375e+02 3.517704963684082031e+00 2.204686880111694336e+00 -1.631001091003417969e+01 1.628114700317382812e+00 7.767315953969955444e-02
8.616463470458984375e+01 3.450009822845458984e+00 2.419844388961791992e+00 -1.873011970520019531e+01 -8.642883300781250000e-01 8.297803997993469238e-02
1.562443695068359375e+02 3.429395675659179688e+00 2.123287677764892578e+00 -1.650136184692382812e+01 6.420555114746093750e-01 8.439500629901885986e-02
2.023820800781250000e+02 3.539885044097900391e+00 2.009642124176025391e+00 -1.765693092346191406e+01 1.855773925781250000e-01 4.752128943800926208e-02
1.989687500000000000e+02 3.381889343261718750e+00 2.065752029418945312e+00 -1.405588340759277344e+01 -4.060535430908203125e-01 2.059253305196762085e-02
1.962707061767578125e+02 3.518824100494384766e+00 2.480926513671875000e+00 -1.742629814147949219e+01 2.617263793945312500e-01 1.044432166963815689e-02
1.477816467285156250e+02 3.487881660461425781e+00 2.301404953002929688e+00 -1.190167999267578125e+01 4.150657653808593750e-01 6.726641952991485596e-02
9.521356201171875000e+01 3.575226306915283203e+00 2.537447452545166016e+00 -1.317901229858398438e+01 -7.782993316650390625e-01 4.992607235908508301e-02
1.729209442138671875e+02 3.362232208251953125e+00 2.191493511199951172e+00 -1.901870727539062500e+01 1.318883895874023438e+00 9.626729786396026611e-02
4.384213867187500000e+02 3.460331916809082031e+00 2.371394634246826172e+00 -1.001829433441162109e+01 -8.916282653808593750e-01 1.547908186912536621e-01
1.275808944702148438e+02 3.388056755065917969e+00 2.230843544006347656e+00 -1.472229671478271484e+01 1.205902099609375000e+00 1.390849649906158447e-01
6.945120239257812500e+01 3.423038959503173828e+00 2.043232202529907227e+00 -1.489763736724853516e+01 -9.029769897460937500e-02 1.013963818550109863e-01
4.527175903320312500e+02 3.537043571472167969e+00 2.149629354476928711e+00 -5.915585517883300781e+00 5.394935607910156250e-02 2.761900052428245544e-02
1.401967163085937500e+02 3.357462406158447266e+00 2.075067996978759766e+00 -1.448953056335449219e+01 -5.751075744628906250e-01 1.358551383018493652e-01
2.020829010009765625e+02 3.355717658996582031e+00 2.118315696716308594e+00 -1.442079830169677734e+01 2.316474914550781250e-01 8.889958262443542480e-02
1.626218719482421875e+02 3.653005599975585938e+00 2.576280593872070312e+00 -1.849069213867187500e+01 1.859951019287109375e-01 2.289276383817195892e-02
1.448332061767578125e+02 3.532505035400390625e+00 2.151800870895385742e+00 -1.632359313964843750e+01 6.549720764160156250e-01 1.143087595701217651e-01
1.158646087646484375e+02 3.400034427642822266e+00 2.269689798355102539e+00 -1.581211662292480469e+01 3.526535034179687500e-01 1.240738108754158020e-01
1.422344055175781250e+02 3.517116069793701172e+00 2.128229379653930664e+00 -1.329474067687988281e+01 1.600254058837890625e+00 8.273833990097045898e-02
2.941450119018554688e+01 3.293116569519042969e+00 2.002836465835571289e+00 -1.082793807983398438e+01 -5.102500915527343750e-01 1.848012022674083710e-02
1.217321624755859375e+02 3.536767482757568359e+00 2.313927888870239258e+00 -1.896868705749511719e+01 1.127775192260742188e+00 4.043166339397430420e-02
2.011317443847656250e+02 3.431271076202392578e+00 2.376027584075927734e+00 -1.727265548706054688e+01 -1.287689208984375000e-01 1.735783368349075317e-01
1.961852264404296875e+02 3.507970809936523438e+00 2.232028484344482422e+00 -1.888522338867187500e+01 1.382827758789062500e-02 4.638312757015228271e-02
1.949830474853515625e+02 3.448130130767822266e+00 2.349986076354980469e+00 -1.765976333618164062e+01 9.384326934814453125e-01 7.403448969125747681e-02
1.590267639160156250e+02 3.549008369445800781e+00 2.301446914672851562e+00 -1.488707733154296875e+01 7.807922363281250000e-01 4.303335398435592651e-02
1.664650573730468750e+02 3.499671459197998047e+00 2.181048631668090820e+00 -1.629447364807128906e+01 5.028076171875000000e-01 1.164999753236770630e-01
1.410204925537109375e+02 3.397431850433349609e+00 2.175593376159667969e+00 -1.534719181060791016e+01 7.139663696289062500e-01 6.660062074661254883e-02
2.366063690185546875e+01 3.397961139678955078e+00 2.241022586822509766e+00 -5.743980407714843750e+00 1.212518692016601562e+00 1.101569458842277527e-01
1.749379425048828125e+02 3.478028297424316406e+00 2.112261772155761719e+00 -1.382661819458007812e+01 -1.082248687744140625e-01 1.334710121154785156e-01
1.695385742187500000e+02 3.524372577667236328e+00 2.398160934448242188e+00 -1.430641174316406250e+01 1.992530822753906250e-01 5.077555030584335327e-02
4.911042785644531250e+02 3.493570327758789062e+00 2.445424795150756836e+00 -1.064539051055908203e+01 -8.391571044921875000e-01 4.254589229822158813e-02
1.248010025024414062e+02 3.363936424255371094e+00 2.014827251434326172e+00 -1.558973312377929688e+01 1.775606155395507812e+00 5.463718995451927185e-02
1.455303955078125000e+02 3.459984302520751953e+00 2.670715093612670898e+00 -1.691667747497558594e+01 4.789390563964843750e-01 4.265464097261428833e-02
5.574506225585937500e+02 3.812829971313476562e+00 2.959666013717651367e+00 -7.464289665222167969e+00 2.641880035400390625e+00 6.376021355390548706e-02
4.624631347656250000e+02 3.523687362670898438e+00 2.369452476501464844e+00 -9.471479415893554688e+00 -3.203887939453125000e-01 3.400795534253120422e-02
1.693808288574218750e+02 3.427593231201171875e+00 2.150440931320190430e+00 -1.052470779418945312e+01 2.006496429443359375e+00 9.237994253635406494e-02
1.143239822387695312e+02 3.504101753234863281e+00 2.125866889953613281e+00 -1.658053207397460938e+01 -2.042655944824218750e-01 4.772841930389404297e-04
1.730956573486328125e+02 3.524302005767822266e+00 2.160275459289550781e+00 -1.412280273437500000e+01 1.024002075195312500e+00 7.073611766099929810e-02
1.961852264404296875e+02 3.507970809936523438e+00 2.232028484344482422e+00 -1.888522338867187500e+01 1.382827758789062500e-02 4.638312757015228271e-02
2.004576263427734375e+02 3.603972911834716797e+00 2.316364049911499023e+00 -1.722106742858886719e+01 -5.686378479003906250e-02 2.552842721343040466e-02
1.591897277832031250e+02 3.462838172912597656e+00 2.419004678726196289e+00 -1.722177314758300781e+01 2.640180587768554688e+00 5.879354104399681091e-02
4.517810058593750000e+01 3.560989379882812500e+00 2.162231206893920898e+00 -5.513924598693847656e+00 1.908967971801757812e+00 7.325826585292816162e-02
1.254090194702148438e+02 3.451073169708251953e+00 2.026268243789672852e+00 -1.184989643096923828e+01 1.246707916259765625e+00 5.081116780638694763e-02
1.530061340332031250e+02 3.510101318359375000e+00 2.499526023864746094e+00 -1.754100990295410156e+01 -1.881742477416992188e+00 8.130945265293121338e-02
1.479586944580078125e+02 3.394525527954101562e+00 2.165761709213256836e+00 -1.392473888397216797e+01 -1.165027618408203125e-01 2.754836343228816986e-02
4.995926818847656250e+02 3.387268543243408203e+00 2.329719781875610352e+00 -8.565479278564453125e+00 6.247539520263671875e-01 8.471743017435073853e-02
1.947874908447265625e+02 3.424481391906738281e+00 2.354228019714355469e+00 -1.884960937500000000e+01 4.448299407958984375e-01 3.673052415251731873e-02
1.269625320434570312e+02 3.710100650787353516e+00 2.649209976196289062e+00 -1.813484573364257812e+01 -1.143245697021484375e+00 9.023693203926086426e-02
1.852841186523437500e+02 3.505346775054931641e+00 2.357360601425170898e+00 -1.461118984222412109e+01 3.045425415039062500e-01 7.579303532838821411e-02
1.615953521728515625e+02 3.404260635375976562e+00 2.440376758575439453e+00 -1.937974739074707031e+01 -5.380592346191406250e-01 7.958266139030456543e-02
4.309599914550781250e+02 3.406488418579101562e+00 2.105626821517944336e+00 -1.095746135711669922e+01 6.169319152832031250e-02 2.582103759050369263e-02
7.509453125000000000e+02 3.569912910461425781e+00 2.607896804809570312e+00 -1.436706352233886719e+01 -1.945316314697265625e+00 1.249962300062179565e-01
4.497232360839843750e+02 3.358409404754638672e+00 2.104031085968017578e+00 -1.264704990386962891e+01 4.421998977661132812e+00 3.268812596797943115e-01
1.289198303222656250e+02 3.446828842163085938e+00 2.270498991012573242e+00 -1.326833343505859375e+01 9.421577453613281250e-01 7.731577754020690918e-02
1.440563507080078125e+02 3.552940368652343750e+00 2.609517574310302734e+00 -1.479506397247314453e+01 2.129926681518554688e+00 6.997913122177124023e-02
2.124148406982421875e+02 3.490595817565917969e+00 2.458366394042968750e+00 -1.762401962280273438e+01 5.810451507568359375e-01 8.023387193679809570e-02
1.378589324951171875e+02 3.434771537780761719e+00 2.162744283676147461e+00 -1.290475368499755859e+01 -1.571973800659179688e+00 9.698510169982910156e-02
1.739610290527343750e+02 3.463834762573242188e+00 2.330721855163574219e+00 -1.473882675170898438e+01 -1.426012039184570312e+00 1.545036435127258301e-01
1.852841186523437500e+02 3.505346775054931641e+00 2.357360601425170898e+00 -1.461118984222412109e+01 3.045425415039062500e-01 7.579303532838821411e-02
2.403661346435546875e+01 3.317564010620117188e+00 2.026906967163085938e+00 -1.173056507110595703e+01 1.088361740112304688e+01 4.317986369132995605e-01
1.495281829833984375e+02 3.481340408325195312e+00 2.253242731094360352e+00 -1.283967971801757812e+01 1.709598541259765625e+00 6.518573313951492310e-02
1.926098327636718750e+02 3.399927139282226562e+00 2.223312854766845703e+00 -1.499845123291015625e+01 9.864425659179687500e-02 1.312147527933120728e-01
1.460000305175781250e+02 3.567975997924804688e+00 2.563511371612548828e+00 -8.691946029663085938e+00 3.772335052490234375e-01 5.641654133796691895e-03
4.664783859252929688e+01 3.577517986297607422e+00 2.316267490386962891e+00 -6.347428321838378906e+00 6.163578033447265625e-01 4.793353006243705750e-02
4.270201721191406250e+02 3.390405178070068359e+00 2.006487846374511719e+00 -1.035543918609619141e+01 1.063941955566406250e+00 1.189940497279167175e-01
9.734167480468750000e+01 3.358477592468261719e+00 2.284944057464599609e+00 -1.670751571655273438e+01 -6.014060974121093750e-02 1.269156485795974731e-01
8.656034088134765625e+01 3.548460483551025391e+00 2.137926340103149414e+00 -1.839934730529785156e+01 -9.622097015380859375e-01 6.162232905626296997e-02
7.707826232910156250e+01 3.444684505462646484e+00 2.038287401199340820e+00 -1.600097274780273438e+01 2.498237609863281250e+00 7.653693854808807373e-02
1.500298461914062500e+02 3.380799770355224609e+00 2.074750423431396484e+00 -1.404464721679687500e+01 1.111812591552734375e-01 2.746621519327163696e-02
1.396885681152343750e+02 3.475604534149169922e+00 2.329099893569946289e+00 -1.501054573059082031e+01 1.466444015502929688e+00 5.905722081661224365e-02
7.904209899902343750e+01 3.253495693206787109e+00 2.005197048187255859e+00 -8.403316497802734375e+00 1.042898178100585938e+00 6.828356534242630005e-02
6.950111694335937500e+02 3.651876926422119141e+00 2.827883243560791016e+00 -1.476934051513671875e+01 -1.626079559326171875e+00 9.779796004295349121e-02
1.146527175903320312e+02 3.701712131500244141e+00 2.642704963684082031e+00 -1.362263774871826172e+01 4.791450500488281250e-01 4.171258956193923950e-02
2.028583984375000000e+02 3.543050765991210938e+00 2.470738410949707031e+00 -9.943388938903808594e+00 6.821422576904296875e-01 2.234961390495300293e-01
2.990035438537597656e+01 3.479444503784179688e+00 2.484369277954101562e+00 -8.365940093994140625e+00 1.012741088867187500e+00 1.062661111354827881e-01
1.195111770629882812e+02 3.595452308654785156e+00 2.135730266571044922e+00 -1.037501716613769531e+01 1.827751159667968750e+00 3.318379819393157959e-01
1.832024993896484375e+02 3.417937278747558594e+00 2.273779869079589844e+00 -1.956479263305664062e+01 -3.027095794677734375e-01 1.764866709709167480e-02
1.709937286376953125e+02 3.453316688537597656e+00 2.521126270294189453e+00 -1.415607929229736328e+01 2.259483337402343750e-01 5.488943308591842651e-02
1.617941284179687500e+02 3.602801322937011719e+00 2.503957748413085938e+00 -1.717186355590820312e+01 6.573505401611328125e-01 4.919403791427612305e-02
7.487922668457031250e+01 3.559672832489013672e+00 2.029530525207519531e+00 -1.330157852172851562e+01 1.041889190673828125e+00 9.139327704906463623e-02
1.731031036376953125e+02 3.510036468505859375e+00 2.143509387969970703e+00 -1.614434623718261719e+01 -5.500030517578125000e-02 9.271180629730224609e-02
1.567123107910156250e+02 3.482449054718017578e+00 2.396856307983398438e+00 -1.364958095550537109e+01 1.366281509399414062e+00 5.243203788995742798e-02
1.791073913574218750e+02 3.434804916381835938e+00 2.121024847030639648e+00 -1.815518951416015625e+01 8.087921142578125000e-01 4.261878132820129395e-02
1.312344360351562500e+02 3.482763767242431641e+00 2.153319835662841797e+00 -1.715104103088378906e+01 -2.455692291259765625e-01 3.066035173833370209e-02
8.384500122070312500e+01 3.542611122131347656e+00 2.043893575668334961e+00 -9.694358825683593750e+00 -2.304954528808593750e-01 7.387279719114303589e-02
7.632426452636718750e+01 3.503064632415771484e+00 2.291310310363769531e+00 -1.816789245605468750e+01 -2.952613830566406250e-01 1.929148659110069275e-02
1.888293457031250000e+02 3.495214462280273438e+00 2.359039068222045898e+00 -1.461868953704833984e+01 -3.922119140625000000e-01 1.269988417625427246e-01
1.913913116455078125e+02 3.414694309234619141e+00 2.309482574462890625e+00 -1.128102874755859375e+01 2.216625213623046875e-01 2.934970147907733917e-02
1.962916259765625000e+02 3.528167247772216797e+00 2.003381490707397461e+00 -1.529319190979003906e+01 1.278963088989257812e+00 7.471968233585357666e-02
1.918259887695312500e+02 3.427114486694335938e+00 2.003909111022949219e+00 -1.362686157226562500e+01 -8.297157287597656250e-02 1.551994830369949341e-01
1.951082763671875000e+02 3.514734745025634766e+00 2.576506376266479492e+00 -1.891773414611816406e+01 2.906455993652343750e-01 6.580422073602676392e-02
1.868904418945312500e+02 3.534440994262695312e+00 2.451050281524658203e+00 -1.812340164184570312e+01 3.590431213378906250e-01 6.399421393871307373e-02
2.140223999023437500e+02 3.448847770690917969e+00 2.128794193267822266e+00 -1.673045921325683594e+01 1.461158752441406250e+00 1.085691601037979126e-01
1.611146240234375000e+02 3.434557914733886719e+00 2.263178825378417969e+00 -1.651581954956054688e+01 -9.277725219726562500e-02 5.673607811331748962e-03
2.146100311279296875e+02 3.515817165374755859e+00 2.336948871612548828e+00 -1.745656204223632812e+01 -3.677673339843750000e-01 6.117187906056642532e-03
8.747756195068359375e+01 3.392456531524658203e+00 2.013461351394653320e+00 -9.795784950256347656e+00 -1.761804580688476562e+00 1.826571822166442871e-01
3.276054763793945312e+01 3.488615989685058594e+00 2.221094131469726562e+00 -7.712625503540039062e+00 -6.044578552246093750e-02 1.228626668453216553e-01
1.982760620117187500e+02 3.476985454559326172e+00 2.458165884017944336e+00 -1.909246826171875000e+01 2.321243286132812500e-01 6.826545298099517822e-02
1.811172790527343750e+02 3.568047523498535156e+00 2.318173170089721680e+00 -1.691263198852539062e+01 2.910652160644531250e-01 3.904878720641136169e-02
1.221111679077148438e+02 3.571194648742675781e+00 2.271680593490600586e+00 -3.742134094238281250e+00 1.024250030517578125e+00 1.797612756490707397e-02
1.817471008300781250e+02 3.456139087677001953e+00 2.373226881027221680e+00 -1.276186370849609375e+01 -6.690387725830078125e-01 8.045738935470581055e-02
2.126267852783203125e+02 3.480549335479736328e+00 2.163025379180908203e+00 -1.935995864868164062e+01 7.611083984375000000e-01 7.309547066688537598e-02
5.010501861572265625e+01 3.492658615112304688e+00 2.069418668746948242e+00 -1.084012889862060547e+01 1.889619827270507812e+00 7.058431208133697510e-02
4.911042785644531250e+02 3.493570327758789062e+00 2.445424795150756836e+00 -1.064539051055908203e+01 -8.391571044921875000e-01 4.254589229822158813e-02
1.953342895507812500e+02 3.556872844696044922e+00 2.111657381057739258e+00 -1.715857124328613281e+01 1.720394134521484375e+00 6.800294667482376099e-02
1.289411926269531250e+02 3.486217975616455078e+00 2.047873497009277344e+00 -1.406416034698486328e+01 -5.740356445312500000e-02 8.335995674133300781e-02
4.200034484863281250e+02 3.534296035766601562e+00 2.030555248260498047e+00 -1.105319595336914062e+01 2.956809997558593750e-01 6.618230789899826050e-02
1.832024993896484375e+02 3.417937278747558594e+00 2.273779869079589844e+00 -1.956479263305664062e+01 -3.027095794677734375e-01 1.764866709709167480e-02
4.770401916503906250e+02 3.512032985687255859e+00 2.335740089416503906e+00 -8.915718078613281250e+00 1.316226959228515625e+00 9.684145450592041016e-02
1.677707519531250000e+02 3.416669368743896484e+00 2.017027378082275391e+00 -1.417792224884033203e+01 2.072288513183593750e+00 7.030942291021347046e-02
1.656777954101562500e+02 3.375661373138427734e+00 2.011546850204467773e+00 -1.674388885498046875e+01 -3.774299621582031250e-01 7.033000886440277100e-02
1.348724670410156250e+02 3.585498809814453125e+00 2.385864019393920898e+00 -1.005648422241210938e+01 6.428756713867187500e-01 3.792838752269744873e-02
1.429237518310546875e+02 3.517151355743408203e+00 2.154672861099243164e+00 -1.484919071197509766e+01 1.160797119140625000e+00 4.208001494407653809e-02
2.180043411254882812e+01 3.488464355468750000e+00 2.264097452163696289e+00 -6.703967094421386719e+00 9.025535583496093750e-01 3.016562759876251221e-02
5.117447280883789062e+01 3.395569801330566406e+00 2.600126504898071289e+00 -1.361320495605468750e+01 -7.829856872558593750e-02 2.505207806825637817e-02
1.211638717651367188e+02 3.416851997375488281e+00 2.196853637695312500e+00 -1.335654067993164062e+01 1.095478057861328125e+00 5.275895819067955017e-02
2.585084724426269531e+01 3.295972347259521484e+00 2.003554582595825195e+00 -1.552025127410888672e+01 -1.074829101562500000e-01 8.410323411226272583e-02
4.625445251464843750e+02 3.446814537048339844e+00 2.336953401565551758e+00 -9.146471977233886719e+00 1.868598937988281250e+00 5.417127534747123718e-02
7.170260620117187500e+02 3.588435649871826172e+00 2.116667032241821289e+00 -1.775726699829101562e+01 -1.748447418212890625e-01 2.640357706695795059e-04
1.750836181640625000e+02 3.411068916320800781e+00 2.200651645660400391e+00 -1.679903030395507812e+01 -1.033189773559570312e+00 8.795583248138427734e-02
1.514868774414062500e+02 3.638788700103759766e+00 2.258936166763305664e+00 -1.604428672790527344e+01 8.919677734375000000e-01 2.757947891950607300e-02
1.871681976318359375e+02 3.331390857696533203e+00 2.260200500488281250e+00 -1.526879024505615234e+01 5.344219207763671875e-01 3.780455887317657471e-02
4.337656555175781250e+02 3.336576461791992188e+00 2.165889024734497070e+00 -1.156549644470214844e+01 -6.606254577636718750e-01 7.086460292339324951e-02
4.225873413085937500e+02 3.527664184570312500e+00 2.393548011779785156e+00 -9.836355209350585938e+00 -1.004837036132812500e+00 9.139427542686462402e-02
4.777025756835937500e+02 3.452045917510986328e+00 2.272575855255126953e+00 -8.757595062255859375e+00 7.859420776367187500e-02 1.563333272933959961e-01
4.434009399414062500e+02 3.421366691589355469e+00 2.027068138122558594e+00 -1.091186618804931641e+01 -3.668575286865234375e-01 1.780198141932487488e-02
4.678344116210937500e+02 3.466468811035156250e+00 2.388513565063476562e+00 -1.081043338775634766e+01 4.165573120117187500e-01 2.788266539573669434e-02
1.581629333496093750e+02 3.567791461944580078e+00 2.715876579284667969e+00 -1.677263450622558594e+01 3.523101806640625000e+00 2.906176745891571045e-01
1.270765914916992188e+02 3.559223651885986328e+00 2.660998106002807617e+00 -1.607102203369140625e+01 -3.767013549804687500e-03 8.105002343654632568e-02
1.744967651367187500e+02 3.511765956878662109e+00 2.646506786346435547e+00 -1.882229995727539062e+01 4.667644500732421875e-01 2.418237179517745972e-02
1.967632598876953125e+02 3.542379856109619141e+00 2.386030912399291992e+00 -1.792436790466308594e+01 -7.419128417968750000e-01 4.745790734887123108e-02
1.305458831787109375e+02 3.441630363464355469e+00 2.025193691253662109e+00 -1.378810977935791016e+01 1.126747131347656250e-01 9.729049354791641235e-02
4.285807495117187500e+02 3.575033664703369141e+00 2.485011816024780273e+00 -1.532169342041015625e+01 1.126935958862304688e+00 9.860509634017944336e-02
2.146962127685546875e+02 3.523293972015380859e+00 2.195800781250000000e+00 -1.749352073669433594e+01 1.697044372558593750e-01 6.137456744909286499e-02
4.838078918457031250e+02 3.428192615509033203e+00 2.462992906570434570e+00 -3.287538528442382812e+00 5.659351348876953125e+00 2.611856162548065186e-01
2.009864807128906250e+02 3.536942005157470703e+00 2.220165491104125977e+00 -1.723934555053710938e+01 -1.390792846679687500e+00 1.780110001564025879e-01
1.379909973144531250e+02 3.581237316131591797e+00 2.603234529495239258e+00 -1.661320877075195312e+01 -1.626461029052734375e+00 1.458299160003662109e-01
1.539181671142578125e+02 3.377509117126464844e+00 2.075149774551391602e+00 -1.538767814636230469e+01 4.015121459960937500e-01 5.454134568572044373e-02
2.039445190429687500e+02 3.470913410186767578e+00 2.310256719589233398e+00 -4.801740646362304688e+00 -1.018859863281250000e+00 9.627962112426757812e-02
1.476458282470703125e+02 3.513279914855957031e+00 2.457267761230468750e+00 -1.595268535614013672e+01 -1.874275207519531250e-01 7.048375904560089111e-02
7.319804687500000000e+02 3.448828220367431641e+00 2.320045709609985352e+00 -1.310819911956787109e+01 -9.036407470703125000e-01 3.950092196464538574e-02
1.884482727050781250e+02 3.502174854278564453e+00 2.309126138687133789e+00 -6.317763328552246094e+00 1.187536239624023438e+00 7.804188132286071777e-02
1.292564086914062500e+02 3.434794902801513672e+00 2.017066478729248047e+00 -1.596044158935546875e+01 9.975223541259765625e-01 1.828682608902454376e-02
1.999167938232421875e+02 3.498639106750488281e+00 2.527236461639404297e+00 -1.844323730468750000e+01 6.864509582519531250e-01 5.474013090133666992e-02
1.884514617919921875e+02 3.513595104217529297e+00 2.488683223724365234e+00 -8.613168716430664062e+00 4.231143951416015625e+00 2.034189403057098389e-01
1.539181671142578125e+02 3.377509117126464844e+00 2.075149774551391602e+00 -1.538767814636230469e+01 4.015121459960937500e-01 5.454134568572044373e-02
1.896243591308593750e+02 3.612093448638916016e+00 2.309638023376464844e+00 -1.875451660156250000e+01 5.568885803222656250e-01 3.722462803125381470e-02
1.848764648437500000e+02 3.444464683532714844e+00 2.063373088836669922e+00 -1.566767501831054688e+01 -1.978788375854492188e+00 1.243218705058097839e-01
1.349270782470703125e+02 3.479958534240722656e+00 2.228379249572753906e+00 -1.884474754333496094e+01 -3.321800231933593750e-01 2.491163834929466248e-02
1.938551177978515625e+02 3.336296081542968750e+00 2.114444732666015625e+00 -1.932538795471191406e+01 2.053451538085937500e-02 4.872772842645645142e-02
5.024221420288085938e+01 3.374263763427734375e+00 2.031103134155273438e+00 -9.548488616943359375e+00 1.369785308837890625e+00 3.854789584875106812e-02
5.671401977539062500e+02 3.613253116607666016e+00 2.590591907501220703e+00 -1.378555488586425781e+01 2.173439025878906250e+00 1.695019602775573730e-01
5.656926879882812500e+02 3.586320877075195312e+00 2.891784191131591797e+00 -8.465285301208496094e+00 2.736862182617187500e+00 5.638041347265243530e-02
1.342842254638671875e+02 3.462922573089599609e+00 2.255787611007690430e+00 -1.395151233673095703e+01 -1.321144104003906250e-01 4.884940385818481445e-02
3.002231216430664062e+01 3.543253421783447266e+00 2.525087356567382812e+00 -1.452961921691894531e+01 1.270675659179687500e-01 1.500119417905807495e-01
1.776560516357421875e+02 3.496060371398925781e+00 2.008357763290405273e+00 -1.998364830017089844e+01 3.852062225341796875e-01 5.124701187014579773e-02
1.468051452636718750e+02 3.494644165039062500e+00 2.081008195877075195e+00 -1.600996398925781250e+01 -2.682456970214843750e-01 6.754241138696670532e-02
4.476507263183593750e+02 3.671430587768554688e+00 2.541042327880859375e+00 -1.132268524169921875e+01 1.188110351562500000e+00 7.349710166454315186e-02
1.036254501342773438e+01 3.481110095977783203e+00 2.130939245223999023e+00 -5.283285140991210938e+00 -5.393638610839843750e-01 1.317858994007110596e-01
3.147477531433105469e+01 3.415219306945800781e+00 2.102928638458251953e+00 -7.388254165649414062e+00 -1.423263549804687500e+00 1.352748870849609375e-01
4.416351318359375000e+01 3.567534923553466797e+00 2.267453670501708984e+00 -1.135820198059082031e+01 1.214027404785156250e-02 7.316350936889648438e-02
1.685132904052734375e+02 3.402058124542236328e+00 2.039630651473999023e+00 -1.549547386169433594e+01 2.979248046875000000e+00 1.463024467229843140e-01
1.259027023315429688e+02 3.505011081695556641e+00 2.233652591705322266e+00 -1.240575790405273438e+01 1.328685760498046875e+00 5.421871319413185120e-02
1.483514251708984375e+02 3.492566585540771484e+00 2.244888067245483398e+00 -1.784511947631835938e+01 1.090461730957031250e+00 8.132635802030563354e-02
7.199626464843750000e+02 3.360114097595214844e+00 2.187661886215209961e+00 -1.173797130584716797e+01 -4.159403800964355469e+00 1.347984671592712402e-01
1.657629547119140625e+02 3.373933792114257812e+00 2.002633810043334961e+00 -1.394197845458984375e+01 7.103042602539062500e-01 3.732871636748313904e-02
1.043698196411132812e+02 3.458605766296386719e+00 2.081119298934936523e+00 -1.295236015319824219e+01 7.761230468750000000e-01 8.963143825531005859e-02
7.619736480712890625e+01 3.607101917266845703e+00 2.336102008819580078e+00 -1.556151008605957031e+01 -1.017969131469726562e+00 1.166569292545318604e-01
3.161614608764648438e+01 3.480521202087402344e+00 2.305656671524047852e+00 -1.170403385162353516e+01 -1.491268157958984375e+00 1.548246294260025024e-01
1.286732482910156250e+02 3.436745643615722656e+00 2.071294784545898438e+00 -1.559441947937011719e+01 -4.704475402832031250e-02 7.432778179645538330e-02
4.656557846069335938e+01 3.394960403442382812e+00 2.325659036636352539e+00 -8.012637138366699219e+00 2.101909637451171875e+00 1.347189843654632568e-01
1.179372787475585938e+02 3.452881813049316406e+00 2.044984340667724609e+00 -1.464210128784179688e+01 1.709457397460937500e+00 1.568471789360046387e-01
1.425895538330078125e+02 3.398264884948730469e+00 2.144085645675659180e+00 -1.694216728210449219e+01 4.363555908203125000e-01 6.447040289640426636e-02
2.026431121826171875e+02 3.488406658172607422e+00 2.122135162353515625e+00 -1.932982063293457031e+01 1.941413879394531250e-01 7.181060314178466797e-02
1.265295639038085938e+02 3.661973953247070312e+00 2.789834022521972656e+00 -1.993585968017578125e+01 -3.891181945800781250e-02 7.583825290203094482e-02
1.676759490966796875e+02 3.505591869354248047e+00 2.262425661087036133e+00 -1.289129447937011719e+01 2.558967590332031250e+00 1.269479691982269287e-01
4.250051574707031250e+02 3.434297561645507812e+00 2.046040058135986328e+00 -1.354785633087158203e+01 8.592395782470703125e-01 5.619511380791664124e-02
1.682587127685546875e+02 3.498199462890625000e+00 2.068048238754272461e+00 -1.718547058105468750e+01 -3.477249145507812500e-01 4.827690124511718750e-02
1.902143554687500000e+02 3.532775878906250000e+00 2.100137233734130859e+00 -1.876563262939453125e+01 8.886833190917968750e-01 2.926873974502086639e-02
5.231799316406250000e+02 3.432353496551513672e+00 2.401698827743530273e+00 -9.670920372009277344e+00 1.499366760253906250e-02 3.697490319609642029e-02
1.692305145263671875e+02 3.496100902557373047e+00 2.382231235504150391e+00 -1.930814743041992188e+01 7.049064636230468750e-01 6.612294167280197144e-02
1.158372726440429688e+02 3.528339385986328125e+00 2.297115564346313477e+00 -1.375736236572265625e+01 3.190834045410156250e+00 1.244031637907028198e-01
1.822469787597656250e+02 3.431274414062500000e+00 2.188331604003906250e+00 -1.700953292846679688e+01 -2.586364746093750000e-03 1.663330346345901489e-01
3.993464355468750000e+02 3.461413383483886719e+00 2.138381242752075195e+00 -1.242915725708007812e+01 -4.785747528076171875e-01 9.211753308773040771e-02
1.202377777099609375e+02 3.596474647521972656e+00 2.532319068908691406e+00 -1.357811164855957031e+01 -7.499389648437500000e-01 1.957384496927261353e-01
1.102745666503906250e+02 3.642971515655517578e+00 2.738227128982543945e+00 -7.797515869140625000e+00 3.622234344482421875e+00 1.623812019824981689e-01
1.887690734863281250e+02 3.514172554016113281e+00 2.326654911041259766e+00 -1.705962753295898438e+01 -7.049732208251953125e-01 1.091496199369430542e-01
1.726945037841796875e+02 3.524559974670410156e+00 2.324376583099365234e+00 -1.774164199829101562e+01 -1.113641738891601562e+00 6.118405610322952271e-02
1.928249664306640625e+02 3.371211528778076172e+00 2.191409111022949219e+00 -1.796215629577636719e+01 8.075923919677734375e-01 6.134277209639549255e-02
5.726185989379882812e+01 3.414247989654541016e+00 2.014068603515625000e+00 -5.243980407714843750e+00 6.441459655761718750e-01 1.090083643794059753e-01
1.263237609863281250e+02 3.379457950592041016e+00 2.154074907302856445e+00 -1.117293739318847656e+01 -7.793579101562500000e-01 8.426542580127716064e-02
7.729079437255859375e+01 3.413257122039794922e+00 2.050444364547729492e+00 -1.786733436584472656e+01 1.662834167480468750e+00 1.232386752963066101e-01
4.842543792724609375e+01 3.547449588775634766e+00 2.130502939224243164e+00 -1.257850074768066406e+01 1.285522460937500000e+00 1.477372795343399048e-01
7.757455444335937500e+01 3.506195545196533203e+00 2.449661970138549805e+00 -1.356553459167480469e+01 4.786453247070312500e-01 8.266105502843856812e-02
1.735431060791015625e+02 3.529310703277587891e+00 2.454682826995849609e+00 -1.680349540710449219e+01 4.053039550781250000e-01 4.581556469202041626e-02
7.535174560546875000e+02 3.589587688446044922e+00 2.011325836181640625e+00 -1.227049732208251953e+01 1.754222869873046875e+00 1.109407469630241394e-01
4.958117065429687500e+02 3.562467575073242188e+00 2.248020648956298828e+00 -1.062103557586669922e+01 -6.553478240966796875e-01 4.784874618053436279e-02
1.105458984375000000e+02 3.432525634765625000e+00 2.282888889312744141e+00 -1.361968421936035156e+01 6.088447570800781250e-02 7.221749983727931976e-03
1.754815673828125000e+02 3.510454177856445312e+00 2.403623104095458984e+00 -1.250948143005371094e+01 1.185865402221679688e+00 5.994837731122970581e-02
4.315704727172851562e+01 3.340417861938476562e+00 2.033693075180053711e+00 -1.562358188629150391e+01 -2.538459777832031250e+00 1.577598005533218384e-01
4.603644409179687500e+02 3.518604278564453125e+00 2.296282052993774414e+00 -7.615037918090820312e+00 2.605936050415039062e+00 2.282183617353439331e-01
8.656034088134765625e+01 3.548460483551025391e+00 2.137926340103149414e+00 -1.839934730529785156e+01 -9.622097015380859375e-01 6.162232905626296997e-02
1.991483764648437500e+02 3.439402103424072266e+00 2.346295833587646484e+00 -1.856692695617675781e+01 8.166675567626953125e-01 3.883488848805427551e-02
1.662868194580078125e+02 3.468307495117187500e+00 2.469599962234497070e+00 -1.988014984130859375e+01 1.986095428466796875e+00 1.164524108171463013e-01
1.980527343750000000e+02 3.404892444610595703e+00 2.224350690841674805e+00 -1.784405517578125000e+01 2.532234191894531250e-01 1.667237281799316406e-02
1.410904235839843750e+02 3.497373104095458984e+00 2.360429286956787109e+00 -1.832054710388183594e+01 4.543857574462890625e-01 7.784627377986907959e-02
3.227608871459960938e+01 3.471594333648681641e+00 2.122619867324829102e+00 -6.636561393737792969e+00 -1.420537948608398438e+00 1.331562548875808716e-01
1.155276641845703125e+02 3.430274009704589844e+00 2.029083967208862305e+00 -1.578704071044921875e+01 1.190261840820312500e-01 1.057289093732833862e-01
1.768306427001953125e+02 3.605639457702636719e+00 2.394952535629272461e+00 -1.705064010620117188e+01 -3.402538299560546875e-01 1.585246995091438293e-02
7.868007659912109375e+01 3.490760803222656250e+00 2.281399488449096680e+00 -1.846428489685058594e+01 -4.751052856445312500e-01 3.749189525842666626e-02
1.219192886352539062e+02 3.401406764984130859e+00 2.165979385375976562e+00 -1.270578861236572266e+01 3.804035186767578125e-01 2.636974677443504333e-02
4.417607727050781250e+02 3.601136207580566406e+00 2.572910308837890625e+00 -1.047416305541992188e+01 -1.892471313476562500e-02 1.417879015207290649e-01
4.265282592773437500e+02 3.513713359832763672e+00 2.252803564071655273e+00 -1.059839820861816406e+01 1.086311340332031250e+00 6.291397660970687866e-02
1.932151336669921875e+02 3.537957191467285156e+00 2.545093536376953125e+00 -1.808553886413574219e+01 -4.747142791748046875e-01 8.140294253826141357e-02
1.056584472656250000e+02 3.357064247131347656e+00 2.140953779220581055e+00 -1.710655593872070312e+01 1.650381088256835938e+00 1.071177572011947632e-01
1.731342315673828125e+02 3.678539276123046875e+00 2.318904161453247070e+00 -1.974122810363769531e+01 -4.265613555908203125e-01 2.052509970963001251e-02
3.943497085571289062e+01 3.476028919219970703e+00 2.089935779571533203e+00 -9.995820999145507812e+00 -8.622398376464843750e-01 4.184895008802413940e-02
1.236569519042968750e+02 3.492190361022949219e+00 2.288314104080200195e+00 -1.661135673522949219e+01 -4.552097320556640625e-01 5.844273418188095093e-02
1.008257064819335938e+02 3.357824325561523438e+00 2.165305137634277344e+00 -1.474260997772216797e+01 3.965415954589843750e-01 6.234776601195335388e-02
1.462962951660156250e+02 3.452998638153076172e+00 2.050586223602294922e+00 -1.462397384643554688e+01 1.081123352050781250e-01 7.190354913473129272e-02
4.328241271972656250e+02 3.528550624847412109e+00 2.319788455963134766e+00 -1.108453845977783203e+01 -3.267517089843750000e-01 3.635935857892036438e-02
1.835189056396484375e+02 3.548090934753417969e+00 2.028205871582031250e+00 -1.500407218933105469e+01 -6.262054443359375000e-01 6.421812623739242554e-02
1.582325897216796875e+02 3.462151527404785156e+00 2.234056234359741211e+00 -1.610652542114257812e+01 6.435985565185546875e-01 8.178595453500747681e-03
4.268499755859375000e+02 3.489664077758789062e+00 2.470630645751953125e+00 -1.170260524749755859e+01 5.567016601562500000e-01 1.132759600877761841e-01
4.678071594238281250e+01 3.448931694030761719e+00 2.230834484100341797e+00 -6.075758934020996094e+00 6.080913543701171875e-01 3.670100495219230652e-02
4.640146179199218750e+02 3.434397697448730469e+00 2.071230411529541016e+00 -7.820379257202148438e+00 -2.399635314941406250e-01 6.381653249263763428e-02
6.058775634765625000e+02 3.605161666870117188e+00 2.122019290924072266e+00 -1.238897228240966797e+01 1.071376800537109375e-01 1.007369253784418106e-02
1.724941406250000000e+02 3.680285930633544922e+00 2.537232160568237305e+00 -3.324554443359375000e+00 3.201084136962890625e-01 5.444326996803283691e-02
1.888193359375000000e+02 3.601447105407714844e+00 2.342672824859619141e+00 -1.995152473449707031e+01 4.771194458007812500e-01 7.269836962223052979e-02
1.173255310058593750e+02 3.614276885986328125e+00 2.308825969696044922e+00 -1.796202278137207031e+01 -4.912605285644531250e-01 5.073207989335060120e-02
1.912887878417968750e+02 3.451827049255371094e+00 2.376423358917236328e+00 -1.771804809570312500e+01 1.735725402832031250e+00 6.489798426628112793e-02
1.091814727783203125e+02 3.454018592834472656e+00 2.229226112365722656e+00 -1.346876049041748047e+01 8.113098144531250000e-01 1.869248151779174805e-01
1.822271728515625000e+02 3.617862224578857422e+00 2.343362331390380859e+00 -1.729417037963867188e+01 -1.552772521972656250e-01 1.710384269244968891e-03
1.760784454345703125e+02 3.466074466705322266e+00 2.239629030227661133e+00 -1.489140510559082031e+01 -1.804866790771484375e-01 6.391654908657073975e-02
1.734088287353515625e+02 3.466278076171875000e+00 2.298682451248168945e+00 -1.922293663024902344e+01 -9.699611663818359375e-01 1.206905394792556763e-01
2.019957733154296875e+02 3.492038726806640625e+00 2.098686456680297852e+00 -1.972616004943847656e+01 -8.846817016601562500e-01 1.859249323606491089e-01
1.817093658447265625e+02 3.496931552886962891e+00 2.463073730468750000e+00 -1.349061298370361328e+01 7.553100585937500000e-04 1.078660190105438232e-01
5.047297363281250000e+02 3.511837482452392578e+00 2.221968889236450195e+00 -1.138009262084960938e+01 5.450553894042968750e-01 7.767552137374877930e-02
1.810991516113281250e+02 3.517817020416259766e+00 2.429466485977172852e+00 -1.936780548095703125e+01 8.304595947265625000e-02 9.883407503366470337e-02
1.504890441894531250e+02 3.487658500671386719e+00 2.258943557739257812e+00 -1.385139369964599609e+01 -3.143035888671875000e+00 3.189474642276763916e-01
1.269560089111328125e+02 3.560230731964111328e+00 2.299619197845458984e+00 -1.992524147033691406e+01 2.712934494018554688e+00 7.285404205322265625e-02
1.034875640869140625e+02 3.440827846527099609e+00 2.158918619155883789e+00 -1.450684547424316406e+01 -7.455081939697265625e-01 1.277411133050918579e-01
1.577953033447265625e+02 3.579108715057373047e+00 2.290534734725952148e+00 -1.751119232177734375e+01 5.253009796142578125e-01 4.298099130392074585e-02
7.155329895019531250e+01 3.584949016571044922e+00 2.472284555435180664e+00 -4.316219329833984375e+00 -1.214389801025390625e-01 4.538185894489288330e-02
1.557251739501953125e+02 3.608891010284423828e+00 2.445975542068481445e+00 -1.813401603698730469e+01 -1.482696533203125000e-01 1.445334702730178833e-01
5.513002929687500000e+02 3.390815734863281250e+00 2.099764823913574219e+00 -1.099478626251220703e+01 4.028549194335937500e-01 5.147123709321022034e-02
1.377252197265625000e+02 3.418375015258789062e+00 2.172317743301391602e+00 -4.155639648437500000e+00 2.403450012207031250e-01 4.759991914033889771e-02
1.740446472167968750e+02 3.543948173522949219e+00 2.043911695480346680e+00 -1.171160507202148438e+01 9.855556488037109375e-01 3.027870878577232361e-02
2.122840423583984375e+02 3.545602321624755859e+00 2.021213293075561523e+00 -1.987366104125976562e+01 2.099401473999023438e+00 1.065562292933464050e-01
4.536307678222656250e+02 3.400000572204589844e+00 2.446386098861694336e+00 -9.687304496765136719e+00 8.536529541015625000e-01 4.373034089803695679e-02
1.769214630126953125e+02 3.528605461120605469e+00 2.374550104141235352e+00 -1.474583244323730469e+01 1.254617691040039062e+00 5.829503759741783142e-02
2.017459564208984375e+02 3.418940544128417969e+00 2.342134475708007812e+00 -1.624404525756835938e+01 9.204406738281250000e-01 1.355482637882232666e-01
5.936031341552734375e+01 3.557463169097900391e+00 2.537603616714477539e+00 -8.989266395568847656e+00 1.158618927001953125e-01 5.703504383563995361e-02
1.935339660644531250e+02 3.584417819976806641e+00 2.061328649520874023e+00 -1.773961639404296875e+01 -9.545402526855468750e-01 1.079578325152397156e-01
7.196643066406250000e+01 3.426483631134033203e+00 2.120773077011108398e+00 -1.002388381958007812e+01 -1.024482727050781250e+00 7.171203941106796265e-02
1.787653503417968750e+02 3.560040950775146484e+00 2.599968671798706055e+00 -1.666965103149414062e+01 1.311178207397460938e+00 5.700759589672088623e-02
4.001992797851562500e+02 3.683526992797851562e+00 2.456919431686401367e+00 -8.174163818359375000e+00 7.237548828125000000e-01 4.350546002388000488e-02
7.629345703125000000e+02 3.546974658966064453e+00 2.349678754806518555e+00 -4.443550109863281250e+00 -3.490106582641601562e+00 3.215760290622711182e-01
1.098146820068359375e+02 3.415202140808105469e+00 2.212000608444213867e+00 -1.427234649658203125e+01 4.696254730224609375e-01 2.637615054845809937e-02
8.536492156982421875e+01 3.621578216552734375e+00 2.616198062896728516e+00 -5.991002082824707031e+00 -2.693408966064453125e+00 1.632697582244873047e-01
3.245870971679687500e+01 3.410148620605468750e+00 2.063277959823608398e+00 -6.706100463867187500e+00 -1.104576110839843750e+00 1.273435503244400024e-01
1.527766571044921875e+02 3.488973140716552734e+00 2.010958671569824219e+00 -1.395447731018066406e+01 -2.195167541503906250e-02 1.666933111846446991e-02
5.533953475952148438e+01 3.462604999542236328e+00 2.065286874771118164e+00 -6.263927459716796875e+00 -1.715698242187500000e-01 2.911071293056011200e-02
1.545204925537109375e+02 3.542563438415527344e+00 2.319767475128173828e+00 -1.370183563232421875e+01 2.190952301025390625e-01 3.802399709820747375e-02
2.041730346679687500e+02 3.609275817871093750e+00 2.206673860549926758e+00 -1.422744750976562500e+01 2.067386627197265625e+00 8.507372438907623291e-02
1.799429931640625000e+02 3.502735614776611328e+00 2.092243671417236328e+00 -1.923200035095214844e+01 -1.792545318603515625e-01 1.136622577905654907e-01
1.059385299682617188e+02 3.486826419830322266e+00 2.189911603927612305e+00 -1.885972213745117188e+01 -2.092418670654296875e-01 1.354921460151672363e-01
1.265426731109619141e+01 3.567773342132568359e+00 2.162510395050048828e+00 -1.241035366058349609e+01 -9.778556823730468750e-01 1.360369473695755005e-01
2.400493240356445312e+01 3.557559967041015625e+00 2.312644004821777344e+00 -6.034875869750976562e+00 2.505252838134765625e+00 1.023725867271423340e-01
1.161096343994140625e+02 3.510107994079589844e+00 2.238135099411010742e+00 -1.955731010437011719e+01 8.332977294921875000e-01 4.028282687067985535e-02
4.399789428710937500e+01 3.479763507843017578e+00 2.380361795425415039e+00 -8.845821380615234375e+00 7.413311004638671875e-01 1.188791245222091675e-01
1.624800262451171875e+02 3.579563140869140625e+00 2.444182157516479492e+00 -1.671868705749511719e+01 -5.736122131347656250e-01 6.535564549267292023e-03
4.542476806640625000e+02 3.404224395751953125e+00 2.171577930450439453e+00 -1.003770828247070312e+01 1.984596252441406250e-01 3.264896199107170105e-02
1.939564819335937500e+02 3.534473419189453125e+00 2.274965524673461914e+00 -1.248112869262695312e+01 1.460359573364257812e+00 9.391668438911437988e-02
1.094919204711914062e+02 3.501781463623046875e+00 2.086906671524047852e+00 -1.287619781494140625e+01 -5.290012359619140625e-01 8.406758308410644531e-02
1.131862411499023438e+02 3.424753189086914062e+00 2.269458532333374023e+00 -1.963080215454101562e+01 9.339733123779296875e-01 1.319466382265090942e-01
4.263995056152343750e+02 3.534915924072265625e+00 2.139077186584472656e+00 -1.094753170013427734e+01 4.026393890380859375e-01 6.031727790832519531e-02
1.684912872314453125e+02 3.511287689208984375e+00 2.814522743225097656e+00 -1.716442680358886719e+01 -3.812103271484375000e-01 4.151079058647155762e-02
1.961000366210937500e+02 3.478030681610107422e+00 2.400125741958618164e+00 -1.584652709960937500e+01 2.795009613037109375e-01 4.777759686112403870e-02
5.149744262695312500e+02 3.633481979370117188e+00 2.306595563888549805e+00 -9.163866043090820312e+00 -7.664070129394531250e-01 4.059188440442085266e-02
1.350970458984375000e+02 3.463526725769042969e+00 2.329447269439697266e+00 -1.790939903259277344e+01 2.912292480468750000e-01 2.360946498811244965e-02
5.321032714843750000e+02 3.520249366760253906e+00 2.544490814208984375e+00 -7.919901847839355469e+00 2.885932922363281250e-01 6.499382853507995605e-02
1.272838134765625000e+02 3.491335868835449219e+00 2.207821369171142578e+00 -1.057021522521972656e+01 1.414030075073242188e+00 1.285431683063507080e-01
1.095623703002929688e+02 3.688086032867431641e+00 2.421395301818847656e+00 -1.144508361816406250e+00 8.411064147949218750e-01 1.192939281463623047e-01
4.132902908325195312e+01 3.373154640197753906e+00 2.169681549072265625e+00 -7.568879127502441406e+00 -3.358840942382812500e-02 7.450595498085021973e-02
1.176831817626953125e+02 3.390736579895019531e+00 2.073496341705322266e+00 -1.354504013061523438e+01 1.477275848388671875e+00 1.345887482166290283e-01
1.961336364746093750e+02 3.339378356933593750e+00 2.068835496902465820e+00 -1.702348899841308594e+01 6.737937927246093750e-01 2.069653719663619995e-01
1.473517608642578125e+02 3.440627574920654297e+00 2.067700624465942383e+00 -1.462748908996582031e+01 -4.984283447265625000e-01 1.069450974464416504e-01
5.350598754882812500e+02 3.490633487701416016e+00 2.058951139450073242e+00 -8.248334884643554688e+00 1.846235275268554688e+00 1.074043810367584229e-01
2.134203186035156250e+02 3.443078041076660156e+00 2.274095535278320312e+00 -1.982243347167968750e+01 -2.616119384765625000e-02 3.857985883951187134e-02
2.139631347656250000e+02 3.515986442565917969e+00 2.219817876815795898e+00 -1.908149337768554688e+01 -1.118434906005859375e+00 1.636720001697540283e-01
1.379644775390625000e+02 3.555601119995117188e+00 2.285509586334228516e+00 -1.558925437927246094e+01 1.741903305053710938e+00 1.421612799167633057e-01
1.334912872314453125e+02 3.471070289611816406e+00 2.406857490539550781e+00 -1.469348526000976562e+01 1.312685012817382812e+00 9.283124655485153198e-02
8.003015136718750000e+01 3.533058643341064453e+00 2.435809373855590820e+00 -5.967922210693359375e+00 1.737442016601562500e-01 7.656663656234741211e-02
7.552224731445312500e+02 3.620032787322998047e+00 2.646626234054565430e+00 -8.244773864746093750e+00 9.733791351318359375e-01 8.885417133569717407e-02
1.977895660400390625e+02 3.417509078979492188e+00 2.096477985382080078e+00 -1.559811019897460938e+01 -8.221645355224609375e-01 4.830829426646232605e-02
1.353787841796875000e+02 3.607075214385986328e+00 2.453765869140625000e+00 -1.327178955078125000e+00 4.082260131835937500e-01 5.209217965602874756e-02
1.291288604736328125e+02 3.536959648132324219e+00 2.380070686340332031e+00 -1.130507755279541016e+01 -6.438827514648437500e-02 7.439806312322616577e-02
1.831919860839843750e+02 3.428097248077392578e+00 2.111816644668579102e+00 -1.922145271301269531e+01 -5.400753021240234375e-01 3.441557288169860840e-02
1.296012878417968750e+02 3.499949455261230469e+00 2.161480665206909180e+00 -1.483486747741699219e+01 9.326572418212890625e-01 9.431211650371551514e-02
4.295670166015625000e+02 3.410350799560546875e+00 2.115111112594604492e+00 -1.266723251342773438e+01 1.958227157592773438e+00 1.137618795037269592e-01
1.983640289306640625e+02 3.519996166229248047e+00 2.267920494079589844e+00 -1.813393211364746094e+01 1.288835525512695312e+00 5.791755020618438721e-02
1.740917663574218750e+02 3.320992946624755859e+00 2.100582838058471680e+00 -4.957079887390136719e+00 -1.922492980957031250e-01 2.783433534204959869e-02
1.025314331054687500e+02 3.461423873901367188e+00 2.218519449234008789e+00 -1.585964202880859375e+01 1.934497833251953125e+00 1.319869905710220337e-01
1.261263122558593750e+02 3.459102630615234375e+00 2.214024782180786133e+00 -1.583488178253173828e+01 2.435684204101562500e-02 1.333683822304010391e-02
1.439365386962890625e+02 3.488864898681640625e+00 2.160102844238281250e+00 -1.803726196289062500e+01 6.626396179199218750e-01 1.021906882524490356e-01
2.043531646728515625e+02 3.434729576110839844e+00 2.082577943801879883e+00 -1.644358444213867188e+01 4.926681518554687500e-02 8.113913238048553467e-02
1.353389587402343750e+02 3.391604423522949219e+00 2.120242834091186523e+00 -1.346644020080566406e+01 5.176715850830078125e-01 1.297194063663482666e-01
1.110330200195312500e+02 3.457067012786865234e+00 2.089353322982788086e+00 -1.726975631713867188e+01 1.817008972167968750e+00 7.005811482667922974e-02
1.339751281738281250e+02 3.446047782897949219e+00 2.023932933807373047e+00 -1.344163990020751953e+01 -1.699527740478515625e+00 1.999409347772598267e-01
1.968999023437500000e+02 3.489949703216552734e+00 2.119395971298217773e+00 -1.850826263427734375e+01 4.809265136718750000e-01 6.018593907356262207e-02
1.971519775390625000e+02 3.477836608886718750e+00 2.104578971862792969e+00 -1.275588989257812500e+01 -1.053028106689453125e-01 7.215224951505661011e-02
1.847292022705078125e+02 3.429258346557617188e+00 2.162528514862060547e+00 -1.413369655609130859e+01 2.622989654541015625e+00 2.673305869102478027e-01
1.958896331787109375e+02 3.553248405456542969e+00 2.461865186691284180e+00 -1.587847805023193359e+01 1.182960510253906250e+00 4.507002979516983032e-02
5.442901000976562500e+02 3.476506233215332031e+00 2.204526185989379883e+00 -1.471894836425781250e+01 2.086715698242187500e-01 1.695291996002197266e-01
4.421022033691406250e+02 3.368601322174072266e+00 2.093930244445800781e+00 -7.484317779541015625e+00 8.183193206787109375e-01 6.323002278804779053e-02
4.381491851806640625e+01 3.443387031555175781e+00 2.090034723281860352e+00 -6.470756530761718750e+00 3.006248474121093750e-01 1.560976728796958923e-02
1.272774658203125000e+02 3.529514312744140625e+00 2.664917707443237305e+00 -1.518393135070800781e+01 3.787040710449218750e-02 7.128343731164932251e-02
1.957168273925781250e+02 3.433379173278808594e+00 2.128964900970458984e+00 -1.072772693634033203e+01 9.473800659179687500e-01 2.862881720066070557e-01
4.187689590454101562e+01 3.478291988372802734e+00 2.187803745269775391e+00 -6.753290176391601562e+00 8.565025329589843750e-01 1.202925220131874084e-01
4.251285095214843750e+02 3.543840408325195312e+00 2.525265216827392578e+00 -1.000359821319580078e+01 -6.650619506835937500e-01 4.643536359071731567e-02
9.978954315185546875e+01 3.439073085784912109e+00 2.084191560745239258e+00 -1.764467811584472656e+01 -2.178012847900390625e+00 1.061826497316360474e-01
4.206312179565429688e+01 3.611492156982421875e+00 2.452370405197143555e+00 -9.072681427001953125e+00 1.029491424560546875e-01 7.546260952949523926e-02
5.037146911621093750e+02 3.430850028991699219e+00 2.236240386962890625e+00 -1.362309646606445312e+01 3.234104156494140625e+00 1.390327960252761841e-01
1.223101882934570312e+02 3.501847267150878906e+00 2.066536188125610352e+00 -5.621358871459960938e+00 5.028762817382812500e-01 1.730202697217464447e-02
2.112501831054687500e+02 3.523298740386962891e+00 2.061525106430053711e+00 -1.692912101745605469e+01 -2.414970397949218750e-01 2.253374457359313965e-02
1.927759246826171875e+02 3.432159423828125000e+00 2.309271574020385742e+00 -1.859726715087890625e+01 6.621551513671875000e-01 9.952031075954437256e-02
1.963697509765625000e+02 3.399527072906494141e+00 2.357261180877685547e+00 -1.719192504882812500e+01 2.325422286987304688e+00 9.732872247695922852e-02
4.344853515625000000e+02 3.681857109069824219e+00 2.855654954910278320e+00 -1.234413528442382812e+01 -5.087280273437500000e-01 1.610021442174911499e-01
1.771608123779296875e+02 3.451543807983398438e+00 2.305754899978637695e+00 -1.762325286865234375e+01 6.778373718261718750e-01 1.454519331455230713e-01
1.481514282226562500e+02 3.550034046173095703e+00 2.307387828826904297e+00 -1.307987785339355469e+01 7.085247039794921875e-01 9.388767927885055542e-02
1.839546813964843750e+02 3.414245128631591797e+00 2.013201713562011719e+00 -1.939740371704101562e+01 -3.149013519287109375e-01 8.729825727641582489e-03
1.073693389892578125e+02 3.411561489105224609e+00 2.103255748748779297e+00 -1.351079463958740234e+01 1.481632232666015625e+00 6.837592273950576782e-02
7.362720336914062500e+02 3.584032058715820312e+00 2.459557056427001953e+00 -1.857540130615234375e+00 -2.061983108520507812e+00 8.491813391447067261e-02
1.548771972656250000e+02 3.506086349487304688e+00 2.101052761077880859e+00 -1.524090576171875000e+01 7.177658081054687500e-01 3.554254770278930664e-02
1.934303588867187500e+02 3.468111038208007812e+00 2.515347480773925781e+00 -1.873369407653808594e+01 2.245666503906250000e+00 6.646245718002319336e-02
7.445699310302734375e+01 3.518167495727539062e+00 2.139315843582153320e+00 -1.770144653320312500e+01 9.513664245605468750e-01 9.547182172536849976e-02
1.246790771484375000e+02 3.464718341827392578e+00 2.238572597503662109e+00 -1.439625740051269531e+01 2.257820129394531250e+00 1.217036247253417969e-01
9.933728027343750000e+01 3.527615547180175781e+00 2.192996978759765625e+00 -1.647621917724609375e+01 -1.087188720703125000e-04 4.846838116645812988e-02
8.664979553222656250e+01 3.566147804260253906e+00 2.337689399719238281e+00 -8.753242492675781250e+00 2.887916564941406250e-02 1.741821132600307465e-02
1.439263610839843750e+02 3.488743782043457031e+00 2.311026096343994141e+00 -1.325822353363037109e+01 4.465484619140625000e-02 5.441087484359741211e-02
1.695809173583984375e+02 3.438217163085937500e+00 2.099921226501464844e+00 -6.417411804199218750e+00 1.123733520507812500e-01 4.605799913406372070e-03
1.108673324584960938e+02 3.617465972900390625e+00 2.767545461654663086e+00 -1.731156730651855469e+01 -8.599815368652343750e-01 2.147628962993621826e-01
1.020982055664062500e+02 3.477647304534912109e+00 2.409369468688964844e+00 -1.454274177551269531e+01 -1.739019393920898438e+00 1.189497262239456177e-01
1.650234069824218750e+02 3.551180839538574219e+00 2.370210170745849609e+00 -5.333414077758789062e+00 5.439949035644531250e-02 2.396753802895545959e-02
5.423983764648437500e+02 3.615296363830566406e+00 2.603021621704101562e+00 -1.702386856079101562e+01 -9.944915771484375000e-03 1.202992275357246399e-01
1.483425750732421875e+02 3.394430637359619141e+00 2.270904541015625000e+00 -1.546266841888427734e+01 2.882575988769531250e-01 7.120057940483093262e-02
2.132112274169921875e+02 3.316031455993652344e+00 2.222090005874633789e+00 -1.773326873779296875e+01 1.387453079223632812e+00 9.734947234392166138e-02
1.042132110595703125e+02 3.446221351623535156e+00 2.089076757431030273e+00 -1.258382987976074219e+01 6.347808837890625000e-01 1.483395248651504517e-01
4.274276733398437500e+02 3.523229122161865234e+00 2.024160385131835938e+00 -1.087404823303222656e+01 6.960010528564453125e-01 8.488254249095916748e-02
4.965906982421875000e+02 3.577793121337890625e+00 2.456939220428466797e+00 -1.159792518615722656e+01 7.464599609375000000e-01 3.660797327756881714e-02
4.625445251464843750e+02 3.446814537048339844e+00 2.336953401565551758e+00 -9.146471977233886719e+00 1.868598937988281250e+00 5.417127534747123718e-02
4.868513183593750000e+02 3.600791454315185547e+00 2.108102083206176758e+00 -1.260734272003173828e+01 8.465499877929687500e-01 6.594777852296829224e-02
1.081185302734375000e+02 3.607752323150634766e+00 2.321112155914306641e+00 -1.406448650360107422e+01 -1.534862518310546875e-01 9.508390724658966064e-02
4.105316543579101562e+01 3.302391052246093750e+00 2.105655908584594727e+00 -8.852272033691406250e+00 3.141632080078125000e-01 9.485131502151489258e-02
2.028027801513671875e+02 3.485567092895507812e+00 2.429306983947753906e+00 -1.803959846496582031e+01 1.959190368652343750e-01 5.471469834446907043e-02
1.880538787841796875e+02 3.389896392822265625e+00 2.167525768280029297e+00 -1.824925422668457031e+01 -1.794624328613281250e-02 7.952994853258132935e-02
4.335539627075195312e+01 3.457608222961425781e+00 2.335447072982788086e+00 -8.593784332275390625e+00 2.900352478027343750e-01 9.106798470020294189e-02
1.617941284179687500e+02 3.602801322937011719e+00 2.503957748413085938e+00 -1.717186355590820312e+01 6.573505401611328125e-01 4.919403791427612305e-02
1.691628875732421875e+02 3.488275527954101562e+00 2.008243799209594727e+00 -1.797927093505859375e+01 1.162986755371093750e-01 6.439089775085449219e-02
7.338092803955078125e+01 3.459105968475341797e+00 2.170818328857421875e+00 -1.554648876190185547e+01 -8.557910919189453125e-01 5.217298120260238647e-02
1.714288635253906250e+02 3.619394302368164062e+00 2.484503984451293945e+00 -1.413134002685546875e+01 2.549209594726562500e-01 6.008042395114898682e-02
1.883871154785156250e+02 3.461398601531982422e+00 2.053606748580932617e+00 -1.970594406127929688e+01 4.243049621582031250e-01 7.731594890356063843e-02
9.881377410888671875e+01 3.506228923797607422e+00 2.045524835586547852e+00 -1.359181499481201172e+01 1.859764099121093750e+00 8.517865836620330811e-02
1.642758789062500000e+02 3.363233089447021484e+00 2.339397907257080078e+00 -8.108319282531738281e+00 9.961700439453125000e-02 1.091681793332099915e-01
1.447007598876953125e+02 3.429001808166503906e+00 2.130632877349853516e+00 -1.395244312286376953e+01 1.422672271728515625e+00 3.945815935730934143e-02
1.373262176513671875e+02 3.346870422363281250e+00 2.011146545410156250e+00 -1.464132499694824219e+01 9.071903228759765625e-01 4.829205945134162903e-02
2.007997741699218750e+02 3.545073509216308594e+00 2.390724420547485352e+00 -1.602271842956542969e+01 -3.914566040039062500e-01 5.201115831732749939e-02
1.651275482177734375e+02 3.489249229431152344e+00 2.361679553985595703e+00 -1.431840896606445312e+01 7.164344787597656250e-01 5.622787401080131531e-02
5.348479614257812500e+02 3.436909675598144531e+00 2.166751623153686523e+00 -8.188744544982910156e+00 5.053806304931640625e-01 5.038159340620040894e-02
1.445367279052734375e+02 3.610120773315429688e+00 2.506289958953857422e+00 -1.589703178405761719e+01 2.015533447265625000e-01 3.414075821638107300e-02
2.127911071777343750e+02 3.430339813232421875e+00 2.213124752044677734e+00 -1.890248680114746094e+01 -1.720314025878906250e-01 4.417452216148376465e-02
1.514361267089843750e+02 3.597524166107177734e+00 2.360434532165527344e+00 -1.538767528533935547e+01 5.167598724365234375e-01 9.064122289419174194e-02
4.867622985839843750e+02 3.476488590240478516e+00 2.003132343292236328e+00 -1.242625236511230469e+01 2.888336181640625000e-01 5.956790596246719360e-02
1.255222473144531250e+02 3.471913337707519531e+00 2.312628030776977539e+00 -1.583345890045166016e+01 2.476081848144531250e-01 9.493443369865417480e-02
2.009266662597656250e+02 3.559925079345703125e+00 2.407917976379394531e+00 -1.652370452880859375e+01 -3.035392761230468750e-01 6.133174523711204529e-02
1.884859008789062500e+02 3.579535007476806641e+00 2.360657691955566406e+00 -1.446522426605224609e+01 6.405811309814453125e-01 5.048055574297904968e-02
6.853370666503906250e+01 3.536654949188232422e+00 2.797134876251220703e+00 -1.468151283264160156e+01 -9.351463317871093750e-01 8.512891083955764771e-02
1.426850891113281250e+02 3.477284431457519531e+00 2.045059442520141602e+00 -3.518468856811523438e+00 1.573085784912109375e-01 3.768925368785858154e-02
1.355930175781250000e+02 3.506627559661865234e+00 2.195792436599731445e+00 -1.591294956207275391e+01 -4.489784240722656250e-01 9.222093969583511353e-02
1.757116851806640625e+02 3.508240699768066406e+00 2.251198768615722656e+00 -1.340242195129394531e+01 6.187629699707031250e-01 2.727603912353515625e-02
