2.414860534667968750e+02 1.890627145767211914e+00 8.059426307678222656e+00 3.831529617309570312e-01 -5.699872970581054688e-01 3.335729241371154785e-01
3.124396667480468750e+02 6.907209157943725586e-01 5.907547473907470703e+00 6.514763832092285156e-01 -4.942822456359863281e-01 3.277507424354553223e-01
2.674116516113281250e+02 2.837602853775024414e+00 1.000306224822998047e+01 -1.445591449737548828e+00 -1.283155679702758789e+00 5.029718875885009766e-01
6.662401733398437500e+02 2.482777118682861328e+00 9.799936294555664062e+00 -1.702731132507324219e+01 -9.114177703857421875e+00 5.341958999633789062e-01
3.541018676757812500e+02 1.031275272369384766e+00 6.646222114562988281e+00 -4.270972251892089844e+00 -2.703491449356079102e+00 4.339984059333801270e-01
2.783014526367187500e+02 2.678388595581054688e+00 9.831774711608886719e+00 -6.939971446990966797e-01 -1.022770404815673828e+00 3.066420555114746094e-01
3.974005126953125000e+02 3.252229690551757812e+00 1.099722766876220703e+01 1.234892082214355469e+01 3.721501827239990234e+00 3.251000046730041504e-01
4.663792724609375000e+02 3.295868635177612305e+00 1.122177124023437500e+01 -5.836343765258789062e+00 -5.840334892272949219e+00 8.364167213439941406e-01
7.237666015625000000e+02 3.985408782958984375e+00 1.213184261322021484e+01 -8.890882492065429688e+00 -1.537334918975830078e-01 5.007225275039672852e-02
3.539690856933593750e+02 1.586307644844055176e+00 7.125864505767822266e+00 1.328823566436767578e+00 -2.891469001770019531e-01 2.588267028331756592e-01
4.984852294921875000e+02 4.465615749359130859e-01 5.603715419769287109e+00 2.315347194671630859e+00 3.337550163269042969e-01 6.292986869812011719e-01
3.027763061523437500e+02 3.113523006439208984e+00 1.053367328643798828e+01 -1.349726104736328125e+01 -6.855990886688232422e+00 4.652117192745208740e-01
3.759880676269531250e+02 2.253899097442626953e+00 8.876752853393554688e+00 3.388748168945312500e+00 1.072018146514892578e+00 2.490399181842803955e-01
5.171217651367187500e+02 2.652489662170410156e+00 9.927761077880859375e+00 1.533968162536621094e+01 1.122675132751464844e+01 7.786911129951477051e-01
4.181287841796875000e+02 8.540470600128173828e-01 6.176543235778808594e+00 1.146643161773681641e+00 -9.951806068420410156e-01 6.297911405563354492e-01
4.109419250488281250e+02 1.154818177223205566e+00 6.465097427368164062e+00 1.213228702545166016e+00 -3.769934177398681641e-01 6.529685258865356445e-01
3.178710327148437500e+02 1.318321347236633301e+00 6.992950439453125000e+00 2.342994213104248047e+00 4.715085029602050781e-01 6.085746288299560547e-01
3.217949523925781250e+02 1.970999360084533691e+00 8.314240455627441406e+00 -1.535307168960571289e+00 -1.775838136672973633e+00 4.830062687397003174e-01
3.591115417480468750e+02 3.764462471008300781e+00 1.167876815795898438e+01 1.076051235198974609e+01 3.126177787780761719e+00 3.925437331199645996e-01
2.935734558105468750e+02 1.065279603004455566e+00 6.512759208679199219e+00 3.257539272308349609e+00 4.241704940795898438e-02 1.655369102954864502e-01
5.785403442382812500e+02 3.236950159072875977e+00 1.070778083801269531e+01 1.566209793090820312e+01 8.736713409423828125e+00 5.665318965911865234e-01
4.402237548828125000e+02 1.330012202262878418e+00 7.166558265686035156e+00 2.648165225982666016e+00 -1.215374469757080078e-01 4.430336356163024902e-01
3.168173522949218750e+02 7.935494780540466309e-01 6.368435382843017578e+00 1.467478275299072266e+00 -1.041007041931152344e-01 4.620956182479858398e-01
3.165035705566406250e+02 2.027373790740966797e+00 8.297734260559082031e+00 -2.824357748031616211e+00 -2.249242067337036133e+00 4.439318776130676270e-01
4.371993408203125000e+02 2.925688028335571289e+00 1.033368301391601562e+01 9.997312545776367188e+00 7.527756690979003906e+00 8.978265523910522461e-01
3.224223937988281250e+02 1.051661133766174316e+00 6.593399047851562500e+00 1.190471649169921875e+00 -3.491306304931640625e-01 3.249197602272033691e-01
4.237621765136718750e+02 1.026547789573669434e+00 6.597438812255859375e+00 1.374773979187011719e+00 -1.244544982910156250e-01 4.108340144157409668e-01
4.396512451171875000e+02 1.119300723075866699e+00 6.584228992462158203e+00 1.910653114318847656e+00 -5.578780174255371094e-01 4.199144244194030762e-01
4.331552124023437500e+02 3.771597385406494141e+00 1.222218704223632812e+01 1.219258785247802734e+01 6.601598262786865234e+00 6.281027793884277344e-01
4.335823669433593750e+02 2.950790405273437500e+00 1.075911617279052734e+01 1.827671241760253906e+01 6.789081096649169922e+00 4.179038405418395996e-01
2.707859191894531250e+02 7.093603014945983887e-01 5.995435237884521484e+00 2.508201599121093750e+00 3.189778327941894531e-01 3.692839741706848145e-01
3.732536621093750000e+02 1.403649210929870605e+00 7.237250328063964844e+00 2.142996788024902344e+00 1.556658744812011719e-01 4.097809195518493652e-01
2.980867309570312500e+02 2.077470302581787109e+00 8.687623023986816406e+00 -4.613052368164062500e+00 -2.331237792968750000e+00 3.136022686958312988e-01
5.145123291015625000e+02 2.349966526031494141e+00 8.883893966674804688e+00 -5.285036563873291016e-01 -9.947395324707031250e-01 5.534017086029052734e-01
4.893438415527343750e+02 2.988386631011962891e+00 1.052649307250976562e+01 -1.063998985290527344e+01 -6.958887577056884766e+00 5.487098693847656250e-01
4.325357055664062500e+02 3.032304763793945312e+00 1.026733303070068359e+01 -1.117174625396728516e+00 -7.738316059112548828e-01 3.225401043891906738e-01
2.918747558593750000e+02 2.886851310729980469e+00 1.001698303222656250e+01 5.362758636474609375e+00 9.746861457824707031e-01 3.579682111740112305e-01
4.790359497070312500e+02 1.343579530715942383e+00 7.319577217102050781e+00 -1.470056772232055664e+00 -1.871957778930664062e+00 4.777609705924987793e-01
4.591763610839843750e+02 3.873330354690551758e+00 1.233851432800292969e+01 -6.605322360992431641e+00 -7.631239891052246094e+00 8.731832504272460938e-01
2.392966766357421875e+02 2.396270751953125000e+00 9.352892875671386719e+00 -5.140599250793457031e+00 -2.743467092514038086e+00 3.658433556556701660e-01
3.175984191894531250e+02 2.530414581298828125e+00 9.531016349792480469e+00 -2.214577198028564453e+00 -1.758372783660888672e+00 3.880497515201568604e-01
3.342641601562500000e+02 2.597824811935424805e+00 9.754739761352539062e+00 -5.053620338439941406e+00 -2.386193275451660156e+00 3.602166473865509033e-01
3.191361999511718750e+02 2.913002967834472656e+00 1.017494583129882812e+01 1.559627056121826172e+01 5.313858985900878906e+00 3.962771594524383545e-01
4.920627136230468750e+02 2.515122652053833008e+00 9.339303970336914062e+00 1.240929412841796875e+01 3.269772529602050781e+00 3.333988785743713379e-01
5.263057250976562500e+02 1.672473430633544922e+00 7.960787773132324219e+00 4.533085823059082031e+00 4.435205459594726562e-01 3.409410119056701660e-01
3.241715698242187500e+02 8.781059384346008301e-01 6.220058917999267578e+00 1.702957153320312500e+00 1.457357406616210938e-01 4.883132576942443848e-01
4.242182617187500000e+02 3.789788722991943359e+00 1.186457347869873047e+01 1.513063621520996094e+01 4.669823646545410156e+00 3.563126921653747559e-01
2.340162811279296875e+02 3.878887891769409180e+00 1.227154350280761719e+01 4.964168071746826172e+00 1.632728576660156250e+00 4.144500494003295898e-01
3.247696838378906250e+02 1.271943092346191406e+00 7.111012935638427734e+00 1.538438796997070312e+00 -1.298356056213378906e-01 4.461690783500671387e-01
4.555932922363281250e+02 2.134294748306274414e+00 8.949810028076171875e+00 -6.677335739135742188e+00 -1.793539524078369141e+00 2.241268157958984375e-01
3.099386291503906250e+02 8.402828574180603027e-01 6.166278839111328125e+00 1.503105163574218750e+00 -3.139710426330566406e-01 4.776769280433654785e-01
4.481467285156250000e+02 3.703948974609375000e+00 1.186442947387695312e+01 1.881312179565429688e+01 6.749849319458007812e+00 4.238651394844055176e-01
4.690867004394531250e+02 1.581763625144958496e+00 7.538773059844970703e+00 -1.285827159881591797e+00 -1.317386627197265625e+00 6.328583359718322754e-01
2.812487792968750000e+02 1.114083647727966309e+00 7.001947879791259766e+00 6.086041927337646484e+00 8.087086677551269531e-01 1.986208558082580566e-01
4.506871337890625000e+02 8.455798625946044922e-01 6.321548461914062500e+00 -3.379297256469726562e-01 -1.190133094787597656e+00 8.580282926559448242e-01
4.541515502929687500e+02 1.843985319137573242e+00 8.372414588928222656e+00 -7.772178649902343750e+00 -3.832486867904663086e+00 3.863777518272399902e-01
4.047980651855468750e+02 1.947980284690856934e+00 7.935587882995605469e+00 -1.425528049468994141e+01 -3.860640525817871094e+00 2.358395457267761230e-01
3.860505981445312500e+02 1.763133525848388672e+00 8.294752120971679688e+00 -4.454689025878906250e+00 -2.408915758132934570e+00 3.467661738395690918e-01
5.105435791015625000e+02 8.647810816764831543e-01 6.122375965118408203e+00 5.131673812866210938e-01 -9.502828121185302734e-01 8.882217407226562500e-01
4.233437194824218750e+02 7.783225774765014648e-01 5.857019424438476562e+00 2.655098438262939453e+00 5.963230133056640625e-01 5.604387521743774414e-01
5.733159179687500000e+02 9.825896024703979492e-01 6.538856506347656250e+00 3.510873317718505859e+00 1.127140522003173828e+00 6.863783597946166992e-01
4.128586425781250000e+02 1.506904244422912598e+00 7.733491897583007812e+00 2.757811546325683594e-01 -4.945445060729980469e-01 2.721652090549468994e-01
4.604024963378906250e+02 6.080384254455566406e-01 5.609301567077636719e+00 8.841562271118164062e-01 -2.626717090606689453e-01 7.237983942031860352e-01
4.190131530761718750e+02 3.763942241668701172e+00 1.204577350616455078e+01 1.384582328796386719e+01 5.448849201202392578e+00 4.619033932685852051e-01
5.739642333984375000e+02 6.176970601081848145e-01 6.274172782897949219e+00 1.772279739379882812e+00 2.867746353149414062e-01 6.817674040794372559e-01
4.554160156250000000e+02 1.217714905738830566e+00 6.967015743255615234e+00 -6.908285617828369141e-01 -1.579117774963378906e+00 5.044432878494262695e-01
2.652268066406250000e+02 3.103869676589965820e+00 1.036445426940917969e+01 -1.281402683258056641e+01 -7.846981048583984375e+00 5.284271240234375000e-01
2.570471801757812500e+02 2.436784267425537109e+00 9.087914466857910156e+00 -4.882470130920410156e+00 -3.409045934677124023e+00 5.420376062393188477e-01
2.904343261718750000e+02 1.604826688766479492e+00 7.650306701660156250e+00 6.130034923553466797e+00 1.251232624053955078e+00 2.874861359596252441e-01
2.533863372802734375e+02 9.317896366119384766e-01 5.937172889709472656e+00 -1.896264553070068359e+00 -6.804955005645751953e-01 2.281749397516250610e-01
4.841710205078125000e+02 3.409068107604980469e+00 1.114017200469970703e+01 -1.851609992980957031e+01 -1.132496356964111328e+01 5.692862272262573242e-01
1.292048187255859375e+02 1.722838521003723145e+00 7.748426914215087891e+00 -7.582702636718750000e+00 -1.487184762954711914e+00 2.199283838272094727e-01
2.554775543212890625e+02 2.040452003479003906e+00 8.693231582641601562e+00 -2.812988758087158203e+00 -6.314003467559814453e-01 8.958780765533447266e-02
3.675976257324218750e+02 2.675529003143310547e+00 1.021004104614257812e+01 3.162288665771484375e-01 -1.203930377960205078e-01 2.644386291503906250e-01
4.245578613281250000e+02 1.584495544433593750e+00 7.783244609832763672e+00 3.697848320007324219e-01 -1.235369443893432617e+00 7.987942695617675781e-01
3.780850219726562500e+02 3.290074348449707031e+00 1.092021560668945312e+01 -1.698127555847167969e+01 -8.135990142822265625e+00 4.403537809848785400e-01
4.640883483886718750e+02 3.563634872436523438e+00 1.144183254241943359e+01 1.601057815551757812e+01 4.093935489654541016e+00 3.078240156173706055e-01
5.330408325195312500e+02 1.612443447113037109e+00 7.561173915863037109e+00 -3.798125982284545898e+00 -2.265771627426147461e+00 5.875777006149291992e-01
3.924902343750000000e+02 2.291872739791870117e+00 8.994903564453125000e+00 1.042110919952392578e+00 -4.262924194335937500e-03 1.233036443591117859e-01
4.485898437500000000e+02 4.188448786735534668e-01 5.525448799133300781e+00 6.554293632507324219e-01 -5.691289901733398438e-01 6.404787302017211914e-01
4.098930358886718750e+02 1.355685949325561523e+00 7.097414493560791016e+00 -1.810624599456787109e+00 -1.795948743820190430e+00 3.799087107181549072e-01
4.607604980468750000e+02 1.990493655204772949e+00 8.388797760009765625e+00 -4.012963771820068359e+00 -1.880435943603515625e+00 3.403534889221191406e-01
2.782772216796875000e+02 1.900704026222229004e+00 8.688027381896972656e+00 7.770366668701171875e+00 1.393237113952636719e+00 2.765370607376098633e-01
4.352677917480468750e+02 1.370501041412353516e+00 7.207764148712158203e+00 3.951520919799804688e+00 5.008983612060546875e-01 3.554799854755401611e-01
5.216737060546875000e+02 3.051954269409179688e+00 1.035499572753906250e+01 -9.041879653930664062e+00 -3.133273124694824219e+00 2.847966253757476807e-01
3.054216918945312500e+02 2.449984073638916016e+00 9.607759475708007812e+00 -5.401575565338134766e+00 -2.878199815750122070e+00 3.602608442306518555e-01
3.354746093750000000e+02 3.101633787155151367e+00 1.042778301239013672e+01 -1.299136161804199219e+01 -5.806194305419921875e+00 3.505101501941680908e-01
3.539690856933593750e+02 1.586307644844055176e+00 7.125864505767822266e+00 1.328823566436767578e+00 -2.891469001770019531e-01 2.588267028331756592e-01
4.399865722656250000e+02 8.568435311317443848e-01 6.585666656494140625e+00 1.618652343750000000e+00 -3.606200218200683594e-01 4.509190917015075684e-01
3.343356018066406250e+02 2.335420608520507812e+00 9.190677642822265625e+00 -1.283308792114257812e+01 -3.274874687194824219e+00 2.165033072233200073e-01
5.468947753906250000e+02 1.214338183403015137e+00 6.706912517547607422e+00 4.396622180938720703e+00 1.671476364135742188e+00 4.925453662872314453e-01
4.577556152343750000e+02 1.232979893684387207e+00 6.709105491638183594e+00 2.903938293457031250e-02 -2.354800701141357422e-01 4.467909932136535645e-01
4.280813598632812500e+02 3.533941745758056641e+00 1.185938644409179688e+01 1.356176185607910156e+01 4.836561679840087891e+00 4.129496216773986816e-01
4.347731628417968750e+02 2.074495315551757812e+00 8.768560409545898438e+00 -2.892640829086303711e+00 -3.230437040328979492e+00 6.886501312255859375e-01
4.242651062011718750e+02 6.731134653091430664e-01 5.687397003173828125e+00 2.746527194976806641e+00 4.272508621215820312e-01 3.847663402557373047e-01
4.304422302246093750e+02 3.787539005279541016e+00 1.214410972595214844e+01 1.139269065856933594e+01 3.583836555480957031e+00 3.989332914352416992e-01
2.814256286621093750e+02 8.359426856040954590e-01 6.321209907531738281e+00 -7.933962345123291016e-01 -5.478334426879882812e-01 2.306466102600097656e-01
4.955998840332031250e+02 1.355723857879638672e+00 7.212725639343261719e+00 -2.237749099731445312e-01 -1.176034212112426758e+00 7.174788713455200195e-01
3.229642944335937500e+02 1.116715431213378906e+00 6.375699996948242188e+00 -8.362817764282226562e-01 -2.337297201156616211e+00 6.435871720314025879e-01
5.083797912597656250e+02 2.749141454696655273e+00 1.001470184326171875e+01 1.289879989624023438e+01 4.884760379791259766e+00 3.939018249511718750e-01
4.486451110839843750e+02 4.794180989265441895e-01 5.373236179351806641e+00 4.597163200378417969e-01 -4.376113414764404297e-01 4.200995266437530518e-01
4.356942749023437500e+02 3.556892395019531250e+00 1.143578147888183594e+01 1.570585060119628906e+01 3.183498382568359375e+00 2.365240156650543213e-01
5.240137329101562500e+02 1.735840082168579102e+00 8.188823699951171875e+00 -4.958920478820800781e+00 -4.831937789916992188e+00 7.228413820266723633e-01
3.826300048828125000e+02 1.095013499259948730e+00 6.199968814849853516e+00 9.698772430419921875e-01 -5.164551734924316406e-01 1.024736464023590088e-01
4.820002441406250000e+02 1.171645998954772949e+00 6.932694911956787109e+00 -2.297843694686889648e+00 -2.410840988159179688e+00 5.768896341323852539e-01
4.313516540527343750e+02 3.611523151397705078e+00 1.195172119140625000e+01 1.249894142150878906e+01 5.015175342559814453e+00 4.746661782264709473e-01
3.569660034179687500e+02 1.806465148925781250e+00 8.151979446411132812e+00 5.842766761779785156e+00 3.262710571289062500e-01 6.258264929056167603e-02
4.123717651367187500e+02 2.938402414321899414e+00 1.068809509277343750e+01 -1.339713668823242188e+01 -6.593259811401367188e+00 4.387936592102050781e-01
4.383490905761718750e+02 1.532408475875854492e+00 7.459869861602783203e+00 3.165388107299804688e+00 8.693456649780273438e-01 5.583186745643615723e-01
3.612503051757812500e+02 1.483655214309692383e+00 7.544542789459228516e+00 4.179167747497558594e-01 1.566100120544433594e-01 2.457813769578933716e-01
4.210997009277343750e+02 3.633008480072021484e+00 1.165662002563476562e+01 1.409932136535644531e+01 2.974054813385009766e+00 2.270442843437194824e-01
3.021211242675781250e+02 1.457725763320922852e+00 7.237933635711669922e+00 2.985949516296386719e+00 -2.288520336151123047e-01 2.925106287002563477e-01
2.170841979980468750e+02 1.618069648742675781e+00 7.505386352539062500e+00 -1.967502832412719727e+00 -1.002522706985473633e+00 3.801906108856201172e-01
3.873852844238281250e+02 2.230769157409667969e+00 8.510984420776367188e+00 -8.158464431762695312e+00 -2.583855390548706055e+00 2.600795626640319824e-01
3.175484619140625000e+02 7.852181792259216309e-01 6.094949245452880859e+00 1.770429611206054688e+00 -5.332922935485839844e-01 4.156337976455688477e-01
2.898639526367187500e+02 8.885497450828552246e-01 6.328089237213134766e+00 2.374308109283447266e+00 1.901817321777343750e-01 1.273000836372375488e-01
4.478436889648437500e+02 1.253336429595947266e+00 7.172358989715576172e+00 -5.425085067749023438e+00 -5.697265625000000000e+00 7.398527860641479492e-01
2.033267211914062500e+02 2.029291629791259766e+00 8.675542831420898438e+00 7.261366844177246094e+00 3.028023242950439453e+00 5.046067237854003906e-01
3.369457092285156250e+02 9.624083042144775391e-01 6.447167396545410156e+00 2.225487232208251953e+00 9.758234024047851562e-02 2.836132943630218506e-01
5.385832519531250000e+02 1.937170624732971191e+00 8.693595886230468750e+00 7.986710071563720703e+00 4.414863586425781250e+00 5.767922401428222656e-01
5.022513427734375000e+02 2.351086616516113281e+00 9.360638618469238281e+00 -1.473077583312988281e+01 -6.773601531982421875e+00 4.030227661132812500e-01
4.117340087890625000e+02 1.409765720367431641e+00 7.471156120300292969e+00 -1.518654823303222656e-01 -7.371425628662109375e-01 2.468342185020446777e-01
3.279762268066406250e+02 1.748881340026855469e+00 8.283013343811035156e+00 -1.734787225723266602e+00 -6.762206554412841797e-01 1.666055768728256226e-01
5.058705444335937500e+02 1.511757969856262207e+00 7.064273357391357422e+00 3.943197727203369141e+00 2.098541259765625000e+00 8.469086885452270508e-01
5.005095825195312500e+02 9.331927895545959473e-01 6.475121974945068359e+00 3.171091079711914062e+00 1.034138202667236328e+00 4.831099510192871094e-01
5.062766418457031250e+02 1.143023967742919922e+00 6.691414356231689453e+00 3.053476810455322266e+00 8.249187469482421875e-01 4.471817612648010254e-01
5.178222045898437500e+02 6.977053880691528320e-01 5.809874057769775391e+00 8.008313179016113281e-01 5.501222610473632812e-01 7.579901814460754395e-01
4.331763610839843750e+02 3.071951866149902344e+00 1.021532058715820312e+01 -1.078486919403076172e+01 -5.588798522949218750e+00 4.351384937763214111e-01
4.233143920898437500e+02 3.785130500793457031e+00 1.220399093627929688e+01 1.301039886474609375e+01 3.760819435119628906e+00 3.383735120296478271e-01
2.956650390625000000e+02 3.155130624771118164e+00 1.096269321441650391e+01 -1.398836898803710938e+01 -9.054082870483398438e+00 5.841315984725952148e-01
4.188622436523437500e+02 2.740586280822753906e+00 9.524353981018066406e+00 -6.721900939941406250e+00 -3.104274272918701172e+00 3.986347019672393799e-01
2.768844604492187500e+02 1.782587409019470215e+00 8.124507904052734375e+00 4.221336841583251953e+00 1.636219024658203125e-01 1.975423097610473633e-01
4.123847045898437500e+02 2.858802318572998047e+00 1.028576469421386719e+01 -3.031103610992431641e+00 -2.499074935913085938e+00 5.986742973327636719e-01
5.314378662109375000e+02 2.461033821105957031e+00 9.167888641357421875e+00 1.193202018737792969e+01 6.945557594299316406e+00 6.360217928886413574e-01
4.453103942871093750e+02 3.206218481063842773e+00 1.104382133483886719e+01 1.460641860961914062e+01 6.726338863372802734e+00 5.087167024612426758e-01
3.141466674804687500e+02 1.030125856399536133e+00 6.472767829895019531e+00 4.159650802612304688e+00 9.986734390258789062e-01 2.932116985321044922e-01
4.945179443359375000e+02 7.711387276649475098e-01 6.126965999603271484e+00 1.311967372894287109e+00 3.471064567565917969e-01 3.495216965675354004e-01
3.159865417480468750e+02 1.032637834548950195e+00 6.432758331298828125e+00 1.375794410705566406e+00 -2.952456474304199219e-01 3.767799139022827148e-01
4.788453674316406250e+02 2.633157014846801758e+00 9.653091430664062500e+00 -7.082010269165039062e+00 -3.592952489852905273e+00 3.867644667625427246e-01
3.146062316894531250e+02 2.883869171142578125e+00 1.018109703063964844e+01 9.646115303039550781e+00 3.447933197021484375e+00 3.793512284755706787e-01
3.000372009277343750e+02 1.165865659713745117e+00 6.796814918518066406e+00 3.680734634399414062e+00 -5.807757377624511719e-02 2.508388161659240723e-01
3.093014526367187500e+02 8.459916710853576660e-01 5.876464366912841797e+00 5.247116088867187500e-01 -3.867208957672119141e-01 5.091403722763061523e-01
3.064521179199218750e+02 3.451539039611816406e+00 1.132729339599609375e+01 -6.840576171875000000e+00 -2.331413030624389648e+00 3.126595914363861084e-01
3.014389648437500000e+02 1.584535241127014160e+00 7.770911693572998047e+00 7.079575061798095703e+00 2.251062393188476562e+00 4.107531905174255371e-01
3.680712890625000000e+02 3.412571191787719727e+00 1.179103660583496094e+01 2.562351226806640625e+00 -4.162430763244628906e-02 3.765307664871215820e-01
3.797980346679687500e+02 9.625860452651977539e-01 5.911794662475585938e+00 1.925320625305175781e+00 2.852630615234375000e-01 2.137378007173538208e-01
2.984879455566406250e+02 2.893059253692626953e+00 1.044411945343017578e+01 -1.317418956756591797e+01 -5.929145812988281250e+00 3.687178790569305420e-01
3.127102355957031250e+02 2.261095523834228516e+00 8.689479827880859375e+00 -3.174411058425903320e+00 -1.976591348648071289e+00 2.642602920532226562e-01
4.238956909179687500e+02 3.256704330444335938e+00 1.081866931915283203e+01 -3.229320049285888672e+00 -2.657985687255859375e+00 5.038871765136718750e-01
2.820518188476562500e+02 1.149552464485168457e+00 6.696561336517333984e+00 -1.735839843750000000e+00 -6.783974170684814453e-01 1.946360021829605103e-01
5.121713256835937500e+02 1.340021491050720215e+00 7.240543842315673828e+00 -1.289129257202148438e-01 -1.672840118408203125e-01 3.765010833740234375e-01
2.238383941650390625e+02 1.609007358551025391e+00 7.815246105194091797e+00 5.635604858398437500e+00 1.165907382965087891e+00 2.868104577064514160e-01
4.531582336425781250e+02 1.785170912742614746e+00 7.931766986846923828e+00 -2.687072753906250000e+00 -1.967498064041137695e+00 5.116975903511047363e-01
2.075441894531250000e+02 1.560873866081237793e+00 8.116080284118652344e+00 4.740970134735107422e+00 1.700308322906494141e+00 5.148746967315673828e-01
5.065917053222656250e+02 1.940361022949218750e+00 8.342424392700195312e+00 -2.342494726181030273e+00 -1.821461915969848633e+00 5.355057716369628906e-01
3.008437500000000000e+02 4.574431180953979492e-01 5.545637130737304688e+00 1.601588726043701172e+00 -6.070482730865478516e-01 4.084910452365875244e-01
3.301618041992187500e+02 1.793825864791870117e+00 8.031120300292968750e+00 -4.242912292480468750e+00 -3.294425010681152344e+00 5.011982917785644531e-01
3.861467285156250000e+02 3.407763481140136719e+00 1.115827274322509766e+01 1.252150535583496094e+01 3.912787437438964844e+00 3.837683200836181641e-01
4.098312988281250000e+02 3.853736400604248047e+00 1.186332416534423828e+01 1.132432174682617188e+01 2.959935665130615234e+00 3.772777915000915527e-01
2.914824829101562500e+02 2.908957004547119141e+00 9.923624038696289062e+00 -8.679277420043945312e+00 -2.013306617736816406e+00 1.977146416902542114e-01
4.208503723144531250e+02 3.645019292831420898e+00 1.184407234191894531e+01 1.512366104125976562e+01 4.856929779052734375e+00 3.638416826725006104e-01
4.827962341308593750e+02 9.310856461524963379e-01 6.261154174804687500e+00 2.465989589691162109e+00 7.315969467163085938e-01 6.615812182426452637e-01
3.445418701171875000e+02 2.883841514587402344e+00 9.835839271545410156e+00 3.652322292327880859e+00 4.993319511413574219e-01 5.586372613906860352e-01
2.223829040527343750e+02 1.691273212432861328e+00 7.859531879425048828e+00 1.027770996093750000e+01 2.318079471588134766e+00 3.106054365634918213e-01
3.003032226562500000e+02 2.512983322143554688e+00 9.278623580932617188e+00 -8.150165557861328125e+00 -3.844548463821411133e+00 4.055560231208801270e-01
4.725675659179687500e+02 1.168516039848327637e+00 6.741928100585937500e+00 4.065003395080566406e+00 8.246421813964843750e-02 2.455165088176727295e-01
4.374757385253906250e+02 7.999785542488098145e-01 5.957230567932128906e+00 8.188033103942871094e-01 -7.370996475219726562e-01 7.489028573036193848e-01
4.161349182128906250e+02 1.477524042129516602e+00 7.584478855133056641e+00 -2.258284091949462891e+00 -1.759343147277832031e+00 4.851504564285278320e-01
3.954318847656250000e+02 1.836099624633789062e+00 8.348625183105468750e+00 -4.739475250244140625e+00 -1.239918470382690430e+00 2.216650247573852539e-01
3.289382629394531250e+02 2.799981832504272461e+00 9.927165031433105469e+00 5.740900039672851562e+00 1.469342708587646484e+00 4.612886905670166016e-01
4.332920532226562500e+02 3.535814046859741211e+00 1.144156932830810547e+01 1.409582614898681641e+01 3.743171691894531250e+00 3.282552659511566162e-01
5.061277770996093750e+02 2.938598394393920898e+00 1.045425319671630859e+01 8.274598121643066406e+00 4.217102527618408203e+00 5.247361660003662109e-01
5.101169128417968750e+02 2.453464984893798828e+00 9.550148010253906250e+00 2.429509162902832031e+00 -7.321000099182128906e-02 5.723240375518798828e-01
5.406762695312500000e+02 2.140205860137939453e+00 8.810123443603515625e+00 9.370350837707519531e-01 -2.601516246795654297e-01 2.247383296489715576e-01
1.960022277832031250e+02 2.116366386413574219e+00 8.336798667907714844e+00 2.684524059295654297e+00 8.922338485717773438e-02 4.774764776229858398e-01
3.836192321777343750e+02 2.627363443374633789e+00 9.508375167846679688e+00 7.018256187438964844e+00 1.478908061981201172e+00 1.912147998809814453e-01
3.082872619628906250e+02 3.183827400207519531e+00 1.098806858062744141e+01 6.408865451812744141e+00 1.682186126708984375e+00 4.072516560554504395e-01
3.032256774902343750e+02 3.039030313491821289e+00 1.045250129699707031e+01 -7.080317497253417969e+00 -3.933492898941040039e+00 4.507475793361663818e-01
4.337613525390625000e+02 3.558376073837280273e+00 1.166655349731445312e+01 1.548499298095703125e+01 5.021955966949462891e+00 3.638636767864227295e-01
3.518112487792968750e+02 6.753486394882202148e-01 6.189861297607421875e+00 2.918362617492675781e+00 7.059574127197265625e-02 2.552050650119781494e-01
5.246737670898437500e+02 2.503613948822021484e+00 9.530758857727050781e+00 1.124539184570312500e+01 4.959146976470947266e+00 5.214219689369201660e-01
4.649912414550781250e+02 2.483495712280273438e+00 9.383955955505371094e+00 1.198515415191650391e+01 6.283888816833496094e+00 6.130868792533874512e-01
3.171530151367187500e+02 3.254714012145996094e+00 1.064092540740966797e+01 4.798488616943359375e+00 7.149529457092285156e-01 2.941003739833831787e-01
4.662539978027343750e+02 9.753065109252929688e-01 6.546160697937011719e+00 4.074046611785888672e+00 2.511460781097412109e+00 8.107998371124267578e-01
5.328499145507812500e+02 1.749075531959533691e+00 7.871609210968017578e+00 8.334898948669433594e-01 -2.836692333221435547e-01 2.075656503438949585e-01
4.054890136718750000e+02 1.617003560066223145e+00 7.571002483367919922e+00 -8.920490741729736328e-01 -1.230909824371337891e+00 3.283953368663787842e-01
4.669159851074218750e+02 8.895337581634521484e-01 6.183421134948730469e+00 1.857883930206298828e+00 -2.881491184234619141e-01 2.432657778263092041e-01
2.828857727050781250e+02 2.280637264251708984e+00 8.904030799865722656e+00 2.109241485595703125e-01 -3.893470764160156250e-01 2.585737109184265137e-01
4.586465759277343750e+02 2.459691762924194336e+00 9.490020751953125000e+00 -3.532785177230834961e+00 -4.336208343505859375e+00 8.498841524124145508e-01
4.797094421386718750e+02 2.084485769271850586e+00 8.645003318786621094e+00 3.764727115631103516e+00 5.420565605163574219e-01 4.825749993324279785e-01
5.832558593750000000e+02 1.628358602523803711e+00 7.716233253479003906e+00 8.928291320800781250e+00 7.906544208526611328e+00 9.815078377723693848e-01
3.110770263671875000e+02 2.296659469604492188e+00 8.794313430786132812e+00 3.191125392913818359e+00 4.266452789306640625e-01 1.809688061475753784e-01
5.011775512695312500e+02 1.352307438850402832e+00 7.422073841094970703e+00 1.555709838867187500e+00 3.965616226196289062e-02 3.481936454772949219e-01
4.096512756347656250e+02 1.848351955413818359e+00 8.339699745178222656e+00 -3.494145870208740234e+00 -3.286532163619995117e+00 5.523291230201721191e-01
3.189439697265625000e+02 3.779222726821899414e+00 1.210924530029296875e+01 1.364540576934814453e+01 5.241594314575195312e+00 4.340530931949615479e-01
3.047141113281250000e+02 2.865345478057861328e+00 1.027495765686035156e+01 -1.124796295166015625e+01 -6.369979381561279297e+00 4.755146801471710205e-01
3.234271545410156250e+02 3.904909610748291016e+00 1.248786735534667969e+01 6.836700439453125000e-01 -1.099082231521606445e+00 5.580483675003051758e-01
3.086704101562500000e+02 1.270056962966918945e+00 6.894940376281738281e+00 2.413783073425292969e+00 6.574153900146484375e-02 2.445522695779800415e-01
4.619379577636718750e+02 3.999701976776123047e+00 1.240372848510742188e+01 5.738286972045898438e+00 3.091294765472412109e+00 5.439436435699462891e-01
3.214652709960937500e+02 2.312685251235961914e+00 8.942035675048828125e+00 -3.197793960571289062e+00 -3.224170207977294922e-01 1.407534778118133545e-01
2.692781066894531250e+02 1.432898521423339844e+00 7.295269966125488281e+00 3.049883842468261719e+00 1.721668243408203125e-01 4.879583418369293213e-01
5.545632324218750000e+02 2.604213476181030273e+00 9.829723358154296875e+00 -5.305731296539306641e+00 -3.323837518692016602e+00 5.474345684051513672e-01
5.680764770507812500e+02 7.681151628494262695e-01 5.672099113464355469e+00 3.264422416687011719e+00 -7.009267807006835938e-02 1.205829903483390808e-01
5.441406860351562500e+02 1.641056895256042480e+00 7.955667972564697266e+00 1.767470836639404297e+00 3.328251838684082031e-01 5.271382331848144531e-01
4.455363159179687500e+02 9.296565651893615723e-01 6.316547870635986328e+00 3.802123069763183594e+00 1.486148834228515625e+00 4.811554551124572754e-01
2.981675109863281250e+02 1.209698319435119629e+00 6.653870582580566406e+00 7.113695144653320312e-01 1.414632797241210938e-01 1.794416308403015137e-01
2.517098388671875000e+02 3.293379545211791992e+00 1.088918876647949219e+01 -1.281929206848144531e+01 -7.582679748535156250e+00 5.127438306808471680e-01
2.487085266113281250e+02 1.036588549613952637e+00 6.696615695953369141e+00 5.364871025085449219e-01 -7.282042503356933594e-01 4.835878610610961914e-01
3.314967956542968750e+02 1.102079510688781738e+00 6.499890327453613281e+00 2.854990959167480469e-01 -5.935049057006835938e-01 2.211146950721740723e-01
4.506417236328125000e+02 2.364461898803710938e+00 9.811927795410156250e+00 -2.761619091033935547e+00 -2.858238220214843750e+00 6.979597210884094238e-01
4.761956176757812500e+02 5.148134231567382812e-01 5.524323940277099609e+00 2.431089878082275391e+00 3.210949897766113281e-01 5.308388471603393555e-01
2.161721191406250000e+02 2.324120759963989258e+00 8.977672576904296875e+00 -5.974310874938964844e+00 -2.640839815139770508e+00 4.263114333152770996e-01
4.784355773925781250e+02 1.383701086044311523e+00 7.229739189147949219e+00 -2.336858510971069336e+00 -2.279689311981201172e+00 4.181851148605346680e-01
2.967361755371093750e+02 2.289254665374755859e+00 9.376771926879882812e+00 -1.113201045989990234e+01 -3.637348413467407227e+00 2.727615535259246826e-01
1.580484924316406250e+02 1.789856195449829102e+00 8.223525047302246094e+00 -2.115563154220581055e+00 -1.688064336776733398e+00 4.680927395820617676e-01
4.751097106933593750e+02 2.164938926696777344e+00 8.607784271240234375e+00 -5.665323734283447266e+00 -1.772524118423461914e+00 2.121686190366744995e-01
4.527564392089843750e+02 1.367884635925292969e+00 7.116311073303222656e+00 -4.169814586639404297e+00 -4.741683959960937500e+00 7.388727664947509766e-01
4.470593872070312500e+02 3.277663946151733398e+00 1.107183933258056641e+01 -1.392853546142578125e+01 -5.739288330078125000e+00 3.495843708515167236e-01
3.681762084960937500e+02 2.209069252014160156e+00 8.830012321472167969e+00 6.150581836700439453e+00 1.298882961273193359e+00 2.055582553148269653e-01
3.898458557128906250e+02 2.861653327941894531e+00 1.056458854675292969e+01 -1.153526878356933594e+01 -5.176799297332763672e+00 3.667478263378143311e-01
2.038189849853515625e+02 1.450991272926330566e+00 7.371272087097167969e+00 -6.118011474609375000e-01 -1.727020740509033203e+00 3.491252660751342773e-01
4.971003112792968750e+02 2.705489397048950195e+00 9.808131217956542969e+00 -1.128419685363769531e+01 -5.538879394531250000e+00 4.432153105735778809e-01
2.954338684082031250e+02 1.236908435821533203e+00 7.223206996917724609e+00 -2.934014797210693359e+00 -1.756498813629150391e+00 3.629411756992340088e-01
3.874818420410156250e+02 2.898048400878906250e+00 1.030851554870605469e+01 -1.143003368377685547e+01 -3.755993843078613281e+00 2.815713286399841309e-01
4.308516845703125000e+02 1.560276269912719727e+00 7.363060951232910156e+00 1.690618991851806641e+00 -2.716898918151855469e-01 7.540184259414672852e-01
4.597058715820312500e+02 3.397152900695800781e+00 1.117347145080566406e+01 1.505991172790527344e+01 4.945695400238037109e+00 3.796061873435974121e-01
4.788659057617187500e+02 1.380856156349182129e+00 7.454688072204589844e+00 -3.849613666534423828e-01 -1.264767646789550781e+00 5.970879197120666504e-01
2.415951080322265625e+02 1.672214865684509277e+00 7.544417858123779297e+00 6.467692852020263672e+00 1.539404392242431641e+00 3.884285688400268555e-01
4.457060241699218750e+02 3.542453050613403320e+00 1.165364837646484375e+01 1.343386173248291016e+01 7.735505104064941406e+00 6.510991454124450684e-01
4.384108886718750000e+02 3.393208503723144531e+00 1.138047695159912109e+01 -1.170854377746582031e+01 -9.205470085144042969e+00 7.103027105331420898e-01
2.885888671875000000e+02 9.517733454704284668e-01 6.120829105377197266e+00 4.577970504760742188e-01 -8.536994457244873047e-01 4.470593929290771484e-01
4.263822631835937500e+02 3.850721836090087891e+00 1.217424964904785156e+01 1.542489814758300781e+01 5.840632915496826172e+00 4.340441226959228516e-01
4.532466430664062500e+02 1.002333521842956543e+00 6.209275245666503906e+00 1.189017295837402344e+00 -2.538681030273437500e-01 5.170468688011169434e-01
4.056699218750000000e+02 1.945207238197326660e+00 8.229726791381835938e+00 -7.945723533630371094e+00 -2.723703384399414062e+00 2.639210522174835205e-01
3.511119384765625000e+02 2.295000553131103516e+00 9.289908409118652344e+00 -6.626158714294433594e+00 -2.865875959396362305e+00 3.214722573757171631e-01
4.617678222656250000e+02 1.787810206413269043e+00 8.419854164123535156e+00 -5.785188674926757812e+00 -1.907973289489746094e+00 2.135574519634246826e-01
4.043107604980468750e+02 1.498099446296691895e+00 7.803598880767822266e+00 -4.326047897338867188e+00 -2.449617385864257812e+00 4.028643965721130371e-01
4.878475341796875000e+02 3.199694633483886719e+00 1.156430053710937500e+01 -6.078977584838867188e+00 -6.071484088897705078e+00 7.963590621948242188e-01
3.300043334960937500e+02 4.454861879348754883e-01 5.068649291992187500e+00 7.826185226440429688e-01 -1.245331764221191406e-01 1.894600093364715576e-01
4.343800048828125000e+02 3.689264774322509766e+00 1.180838584899902344e+01 1.354100704193115234e+01 4.442255496978759766e+00 3.830929398536682129e-01
5.845086059570312500e+02 3.164584159851074219e+00 1.051342201232910156e+01 -6.841045379638671875e+00 -5.054816246032714844e+00 6.530178189277648926e-01
4.724799499511718750e+02 7.524417638778686523e-01 5.930638313293457031e+00 3.746104240417480469e-01 -1.655607223510742188e+00 8.358085155487060547e-01
4.485543823242187500e+02 2.487034797668457031e+00 9.371709823608398438e+00 -1.036826610565185547e+01 -7.437358856201171875e+00 6.299948692321777344e-01
5.382532348632812500e+02 3.037679672241210938e+00 1.079151344299316406e+01 -8.297572135925292969e+00 -6.113846302032470703e+00 6.033802628517150879e-01
4.725203857421875000e+02 1.792868852615356445e+00 7.945008277893066406e+00 -9.629082679748535156e-01 -1.248145103454589844e+00 6.920948624610900879e-01
2.639005126953125000e+02 9.580552577972412109e-01 6.560488700866699219e+00 4.165771007537841797e+00 7.780575752258300781e-01 5.063951611518859863e-01
1.893786926269531250e+02 2.667774200439453125e+00 9.550805091857910156e+00 -5.229893684387207031e+00 -2.397851943969726562e+00 3.486513495445251465e-01
2.725098266601562500e+02 1.629391789436340332e+00 8.527301788330078125e+00 2.565476894378662109e+00 5.592393875122070312e-01 5.816339254379272461e-01
4.479996337890625000e+02 3.059000253677368164e+00 1.064583206176757812e+01 1.448737621307373047e+01 5.823087692260742188e+00 4.610831141471862793e-01
5.406829833984375000e+02 9.356570243835449219e-01 6.249541282653808594e+00 2.363326549530029297e+00 7.312870025634765625e-01 5.288519859313964844e-01
4.755237426757812500e+02 2.870989561080932617e+00 1.018630313873291016e+01 1.576400947570800781e+01 8.036003112792968750e+00 5.485583543777465820e-01
3.189609375000000000e+02 2.531004190444946289e+00 9.591468811035156250e+00 -2.819335460662841797e+00 -2.106847763061523438e+00 4.703052341938018799e-01
3.491797790527343750e+02 6.468966603279113770e-01 5.756158351898193359e+00 2.172858715057373047e+00 2.637624740600585938e-02 2.641904354095458984e-01
3.126163330078125000e+02 2.839310169219970703e+00 1.019138336181640625e+01 -1.025013542175292969e+01 -6.868887901306152344e+00 5.605071187019348145e-01
4.238956909179687500e+02 3.256704330444335938e+00 1.081866931915283203e+01 -3.229320049285888672e+00 -2.657985687255859375e+00 5.038871765136718750e-01
3.631283874511718750e+02 9.084914326667785645e-01 6.120265007019042969e+00 2.398550510406494141e+00 2.023911476135253906e-01 4.098698794841766357e-01
3.794571533203125000e+02 6.711125373840332031e-01 5.852168083190917969e+00 2.775576114654541016e+00 3.146862983703613281e-01 1.836600154638290405e-01
4.344591979980468750e+02 3.697619199752807617e+00 1.189210605621337891e+01 -7.838644027709960938e+00 -3.052419424057006836e+00 3.168070018291473389e-01
3.280874328613281250e+02 3.070403575897216797e+00 1.084701538085937500e+01 -5.538288116455078125e+00 -3.226026296615600586e+00 4.104086458683013916e-01
3.167413330078125000e+02 3.633629798889160156e+00 1.189218330383300781e+01 4.443836212158203125e-01 -7.722401618957519531e-01 4.745849668979644775e-01
1.921775970458984375e+02 3.360352039337158203e+00 1.133280944824218750e+01 1.551428604125976562e+01 1.971309185028076172e+00 1.636395752429962158e-01
4.596366882324218750e+02 2.887542724609375000e+00 1.019371795654296875e+01 -6.924285888671875000e+00 -4.416198730468750000e+00 4.349799752235412598e-01
5.059485473632812500e+02 9.007117748260498047e-01 6.486489295959472656e+00 1.657783985137939453e+00 -2.721261978149414062e-01 3.710261583328247070e-01
2.486515045166015625e+02 2.276940345764160156e+00 8.475332260131835938e+00 8.571701049804687500e+00 3.240599632263183594e+00 4.575094282627105713e-01
5.736577758789062500e+02 3.022949218750000000e+00 1.076900386810302734e+01 -4.319275856018066406e+00 -4.722979068756103516e+00 9.086986780166625977e-01
4.240348815917968750e+02 3.492532253265380859e+00 1.123345375061035156e+01 -1.778623199462890625e+01 -1.173362541198730469e+01 6.217887401580810547e-01
2.704399414062500000e+02 5.245498418807983398e-01 5.519135475158691406e+00 1.780390739440917969e+00 -9.805798530578613281e-02 2.103279829025268555e-01
1.854755706787109375e+02 2.223035812377929688e+00 9.133929252624511719e+00 -5.849947929382324219e+00 -1.594953536987304688e+00 2.006714046001434326e-01
2.210222778320312500e+02 1.877576947212219238e+00 8.253969192504882812e+00 1.493028163909912109e+01 5.772147178649902344e+00 4.088984429836273193e-01
5.598378906250000000e+02 3.413731575012207031e+00 1.145265769958496094e+01 -1.637929153442382812e+01 -9.456315994262695312e+00 5.688062310218811035e-01
4.557542419433593750e+02 3.989268302917480469e+00 1.234351539611816406e+01 1.058025169372558594e+01 3.546776771545410156e+00 3.932666480541229248e-01
3.005657348632812500e+02 1.329722166061401367e+00 6.947662353515625000e+00 2.345709800720214844e+00 3.173589706420898438e-01 1.126166805624961853e-01
2.069232940673828125e+02 7.391415834426879883e-01 6.227019309997558594e+00 2.082056999206542969e+00 -8.986353874206542969e-02 2.733218967914581299e-01
2.680624389648437500e+02 6.923983693122863770e-01 5.611625671386718750e+00 1.262819766998291016e+00 -8.238077163696289062e-02 1.377668529748916626e-01
4.513749694824218750e+02 2.610501289367675781e+00 9.810720443725585938e+00 -9.911824226379394531e+00 -4.283777236938476562e+00 3.913050591945648193e-01
3.985637817382812500e+02 1.350737452507019043e+00 7.165225505828857422e+00 1.064612865447998047e+00 -6.516230106353759766e-01 3.833366930484771729e-01
2.031064300537109375e+02 2.412386178970336914e+00 9.301064491271972656e+00 1.232233047485351562e+00 -3.163814544677734375e-03 2.618262767791748047e-01
2.992936401367187500e+02 3.131191730499267578e+00 1.108911323547363281e+01 -1.200613403320312500e+01 -2.984540462493896484e+00 2.115073204040527344e-01
5.283953857421875000e+02 1.893118381500244141e+00 8.227304458618164062e+00 -6.270081996917724609e+00 -3.718702793121337891e+00 5.114915370941162109e-01
4.948336181640625000e+02 1.352324962615966797e+00 7.317925930023193359e+00 1.402187347412109375e-01 1.656937599182128906e-01 1.813786327838897705e-01
4.178279418945312500e+02 8.982575535774230957e-01 6.178315162658691406e+00 2.378816604614257812e+00 2.060890197753906250e-01 4.373648762702941895e-01
3.960782470703125000e+02 6.798887252807617188e-01 5.346336364746093750e+00 2.457919120788574219e+00 8.221387863159179688e-02 5.697308778762817383e-01
2.779923706054687500e+02 3.038208961486816406e+00 1.050482368469238281e+01 -1.339277553558349609e+01 -8.629032135009765625e+00 5.501604080200195312e-01
3.202452087402343750e+02 9.328086972236633301e-01 6.025950908660888672e+00 1.636743545532226562e+00 -2.469015121459960938e-01 3.948491513729095459e-01
2.294643859863281250e+02 1.117721796035766602e+00 6.704766273498535156e+00 1.352128982543945312e+00 -5.865693092346191406e-02 3.974975645542144775e-01
3.744403686523437500e+02 7.442976832389831543e-01 6.351787090301513672e+00 8.192062377929687500e-02 -6.685507297515869141e-01 3.804435133934020996e-01
4.712122497558593750e+02 1.665978193283081055e+00 7.901193618774414062e+00 -5.550390243530273438e+00 -3.637199401855468750e+00 5.142431259155273438e-01
4.627350769042968750e+02 1.659886717796325684e+00 7.558513641357421875e+00 -4.085254669189453125e+00 -3.557130098342895508e+00 6.481984257698059082e-01
3.522853088378906250e+02 2.839584827423095703e+00 1.020901584625244141e+01 1.339414596557617188e+01 3.492066860198974609e+00 2.905036807060241699e-01
3.687518005371093750e+02 1.172621250152587891e+00 6.581425666809082031e+00 4.110836982727050781e-01 -3.874027729034423828e-01 2.479255795478820801e-01
4.716300354003906250e+02 1.401328206062316895e+00 7.342998504638671875e+00 4.911992549896240234e+00 1.183731555938720703e+00 3.775223493576049805e-01
4.216456298828125000e+02 3.809031963348388672e+00 1.238385677337646484e+01 1.267480659484863281e+01 3.844611644744873047e+00 3.593231737613677979e-01
3.791873168945312500e+02 8.389819860458374023e-01 5.803186416625976562e+00 1.611666679382324219e+00 4.014635086059570312e-01 1.662252694368362427e-01
3.206597290039062500e+02 1.161333441734313965e+00 6.405673027038574219e+00 -1.705324649810791016e-01 -1.484816074371337891e+00 4.824838340282440186e-01
3.463070068359375000e+02 1.259589910507202148e+00 6.855560779571533203e+00 1.328463554382324219e+00 1.376032829284667969e-01 2.237796187400817871e-01
3.229865112304687500e+02 2.471716880798339844e+00 9.922362327575683594e+00 -1.066373443603515625e+01 -4.424816131591796875e+00 3.579486608505249023e-01
3.721340942382812500e+02 8.224785327911376953e-01 6.266035079956054688e+00 3.263187408447265625e-01 -8.107066154479980469e-01 3.943506479263305664e-01
2.756372375488281250e+02 1.282292485237121582e+00 7.267416000366210938e+00 2.802808284759521484e+00 2.523660659790039062e-01 4.923931360244750977e-01
1.833580932617187500e+02 3.153562545776367188e+00 1.091503524780273438e+01 8.950567245483398438e+00 2.956345081329345703e+00 4.765788912773132324e-01
3.053317565917968750e+02 1.475059986114501953e+00 7.411352157592773438e+00 1.634428501129150391e+00 2.276182174682617188e-01 6.532669663429260254e-01
