4.593074951171875000e+02 3.397654056549072266e+00 1.206885242462158203e+01 6.321952342987060547e+00 5.294494628906250000e+00 8.757272362709045410e-01
4.963776245117187500e+02 1.632380485534667969e+00 8.614616394042968750e+00 -2.655850648880004883e+00 -2.134666442871093750e+00 7.486163973808288574e-01
5.238192138671875000e+02 1.043379902839660645e+00 7.420989990234375000e+00 -3.181729316711425781e+00 -3.302457332611083984e+00 8.377318382263183594e-01
5.121359252929687500e+02 3.615193367004394531e+00 1.245485782623291016e+01 -9.141551017761230469e+00 -7.110079765319824219e+00 7.497837543487548828e-01
5.107304687500000000e+02 9.845329523086547852e-01 7.261405944824218750e+00 3.998446464538574219e-01 -9.642362594604492188e-02 6.887301206588745117e-01
5.920621948242187500e+02 1.158775687217712402e+00 7.607943534851074219e+00 5.726528167724609375e-01 1.086640357971191406e-01 4.166062474250793457e-01
4.881941833496093750e+02 1.042736530303955078e+00 7.560814857482910156e+00 -2.366501092910766602e+00 -2.262647151947021484e+00 8.173873424530029297e-01
5.286856079101562500e+02 1.003920674324035645e+00 7.501361370086669922e+00 -7.954704761505126953e-01 -8.181774616241455078e-01 6.131426095962524414e-01
4.781385803222656250e+02 2.624925136566162109e+00 1.076399421691894531e+01 -5.719142913818359375e+00 -1.030715847015380859e+01 1.753139019012451172e+00
4.916042480468750000e+02 2.782521009445190430e+00 1.086557292938232422e+01 -1.880422830581665039e+00 -8.180761337280273438e-01 4.805690050125122070e-01
5.946022338867187500e+02 2.237892746925354004e-01 5.392090797424316406e+00 4.460453987121582031e-01 -1.439702510833740234e-01 1.782768070697784424e-01
5.682471923828125000e+02 1.524644017219543457e+00 8.484614372253417969e+00 -6.794455051422119141e+00 -3.645471334457397461e+00 4.773381352424621582e-01
4.669585571289062500e+02 2.978004455566406250e+00 1.115747451782226562e+01 5.389096736907958984e+00 5.505049228668212891e+00 9.930356740951538086e-01
5.026435241699218750e+02 5.587700009346008301e-01 6.675335884094238281e+00 -2.085525989532470703e+00 -2.031891345977783203e+00 7.793748974800109863e-01
4.616086120605468750e+02 1.414439558982849121e+00 8.200927734375000000e+00 -1.899865865707397461e+00 -1.309939622879028320e+00 6.751536130905151367e-01
5.101641540527343750e+02 8.691144585609436035e-01 7.000961303710937500e+00 1.378281116485595703e+00 8.214783668518066406e-01 9.096861481666564941e-01
4.303223266601562500e+02 3.062148809432983398e+00 1.120047664642333984e+01 7.237818241119384766e+00 9.365267753601074219e+00 1.310325264930725098e+00
4.887454833984375000e+02 1.651036143302917480e+00 8.497186660766601562e+00 1.077715873718261719e+01 7.682368755340576172e+00 7.544243931770324707e-01
5.156730346679687500e+02 7.132829427719116211e-01 6.929563999176025391e+00 -1.446028947830200195e+00 -7.297348976135253906e-01 4.466383159160614014e-01
4.686209716796875000e+02 3.045381546020507812e+00 1.152927589416503906e+01 1.342502403259277344e+01 5.749838352203369141e+00 4.288293719291687012e-01
4.670794372558593750e+02 3.114266633987426758e+00 1.175428581237792969e+01 1.188140392303466797e+01 5.355808734893798828e+00 4.602996706962585449e-01
4.797213439941406250e+02 2.619029998779296875e+00 1.075044441223144531e+01 -6.924910545349121094e+00 -6.615190505981445312e+00 9.432810544967651367e-01
4.752284545898437500e+02 8.478434681892395020e-01 7.022178649902343750e+00 -2.799283266067504883e+00 -3.663551807403564453e+00 1.289006590843200684e+00
4.247184753417968750e+02 1.698572397232055664e+00 8.549573898315429688e+00 -8.130703926086425781e+00 -6.763667106628417969e+00 8.068876862525939941e-01
3.639181137084960938e+01 2.607359170913696289e+00 1.035805034637451172e+01 -8.591869354248046875e+00 -4.121155738830566406e+00 5.079275369644165039e-01
4.283692321777343750e+02 3.231266975402832031e+00 1.177790069580078125e+01 7.467203140258789062e+00 6.038429737091064453e+00 8.315485715866088867e-01
5.869514160156250000e+02 2.787891387939453125e+00 1.121010398864746094e+01 -8.673020362854003906e+00 -4.508644104003906250e+00 4.719418585300445557e-01
4.535584411621093750e+02 1.721489191055297852e+00 8.936046600341796875e+00 -3.312809467315673828e+00 -3.087422847747802734e+00 9.052804112434387207e-01
4.582591552734375000e+02 3.092707395553588867e+00 1.165253448486328125e+01 1.285249710083007812e+01 7.360436916351318359e+00 5.588496327400207520e-01
5.093842468261718750e+02 3.538647174835205078e+00 1.259170246124267578e+01 -1.162755107879638672e+01 -1.041505908966064453e+01 8.549503087997436523e-01
4.330078125000000000e+02 1.497934222221374512e+00 8.175620079040527344e+00 -4.657890796661376953e+00 -3.873229026794433594e+00 8.471310734748840332e-01
5.003656921386718750e+02 2.936053752899169922e+00 1.136872673034667969e+01 -6.345727443695068359e+00 -7.768137454986572266e+00 1.175535082817077637e+00
4.964600219726562500e+02 1.414502859115600586e+00 8.225157737731933594e+00 -7.654213905334472656e-01 -1.206235885620117188e+00 1.175825238227844238e+00
4.780580139160156250e+02 1.755676269531250000e+00 8.795164108276367188e+00 -7.110649108886718750e+00 -5.060174465179443359e+00 7.446048259735107422e-01
4.990002136230468750e+02 1.323540568351745605e+00 8.028023719787597656e+00 -1.668174266815185547e+00 -1.288070678710937500e+00 6.351639032363891602e-01
4.319945678710937500e+02 3.246559619903564453e+00 1.162691307067871094e+01 7.443909645080566406e+00 5.998125076293945312e+00 8.106201291084289551e-01
6.207183837890625000e+02 2.724181652069091797e+00 1.068579292297363281e+01 7.063672542572021484e+00 4.544825553894042969e+00 7.403540015220642090e-01
4.465953369140625000e+02 1.972302913665771484e+00 9.204066276550292969e+00 -1.117053508758544922e+01 -7.253944873809814453e+00 6.341076493263244629e-01
4.328172607421875000e+02 3.413835525512695312e+00 1.222796249389648438e+01 1.555169105529785156e+01 6.535460948944091797e+00 4.318779110908508301e-01
4.223886413574218750e+02 3.063405036926269531e+00 1.154940986633300781e+01 7.153501510620117188e+00 6.397993564605712891e+00 8.812217712402343750e-01
4.345594787597656250e+02 3.417692422866821289e+00 1.204039001464843750e+01 -1.931626510620117188e+01 -1.527441883087158203e+01 8.033099174499511719e-01
5.314543457031250000e+02 9.448913335800170898e-01 7.680471420288085938e+00 -5.907332897186279297e-01 -1.012226343154907227e+00 8.009094595909118652e-01
5.316137084960937500e+02 7.064522504806518555e-01 6.857604503631591797e+00 -9.361732006072998047e-01 -9.599542617797851562e-01 7.315760850906372070e-01
4.791578674316406250e+02 1.297010302543640137e+00 8.026571273803710938e+00 -1.260387897491455078e+00 -1.316730976104736328e+00 8.365726470947265625e-01
5.556112670898437500e+02 3.492359399795532227e+00 1.238310813903808594e+01 -8.952417373657226562e+00 -3.727053403854370117e+00 4.173094630241394043e-01
5.062763671875000000e+02 3.547165870666503906e+00 1.231406497955322266e+01 -1.097518157958984375e+01 -5.742439270019531250e+00 5.172444581985473633e-01
5.321704101562500000e+02 1.570246934890747070e+00 8.772640228271484375e+00 -3.728160858154296875e+00 -1.804060935974121094e+00 4.684815108776092529e-01
4.873297119140625000e+02 1.551403880119323730e+00 8.323729515075683594e+00 -7.852430343627929688e+00 -5.688869953155517578e+00 7.415913939476013184e-01
4.157818908691406250e+02 1.982223153114318848e+00 9.228284835815429688e+00 9.870858192443847656e+00 6.560871601104736328e+00 6.478787064552307129e-01
4.659270324707031250e+02 3.074231624603271484e+00 1.146387958526611328e+01 -1.000204181671142578e+01 -1.223657226562500000e+01 1.251422882080078125e+00
5.167575073242187500e+02 2.755207538604736328e+00 1.077780818939208984e+01 -1.044704627990722656e+01 -8.014588356018066406e+00 7.242289185523986816e-01
4.497957153320312500e+02 1.760350823402404785e+00 9.033143043518066406e+00 -7.969356536865234375e+00 -8.660942077636718750e+00 1.055274724960327148e+00
4.956768188476562500e+02 1.305019378662109375e+00 7.934976577758789062e+00 -2.450408935546875000e+00 -1.676416397094726562e+00 5.804663300514221191e-01
4.893389587402343750e+02 1.201300501823425293e+00 7.871126651763916016e+00 -4.360728263854980469e+00 -4.249784946441650391e+00 8.855277895927429199e-01
5.153806762695312500e+02 2.412510395050048828e+00 9.912667274475097656e+00 -8.275302886962890625e+00 -6.040462493896484375e+00 7.314004898071289062e-01
4.528242187500000000e+02 1.687563180923461914e+00 8.728506088256835938e+00 -8.844275474548339844e+00 -9.694850921630859375e+00 1.072708725929260254e+00
4.525574340820312500e+02 3.472126960754394531e+00 1.246001338958740234e+01 -1.613241386413574219e+01 -1.908885192871093750e+01 1.173936367034912109e+00
9.671651458740234375e+01 1.279838085174560547e+00 7.927534580230712891e+00 -1.641091108322143555e+00 -9.992706775665283203e-01 6.324713230133056641e-01
5.276752319335937500e+02 2.870037555694580078e+00 1.094280910491943359e+01 -4.125298500061035156e+00 -1.988713741302490234e+00 4.265056252479553223e-01
4.518462219238281250e+02 3.226330757141113281e+00 1.188818359375000000e+01 7.423510551452636719e+00 7.064518928527832031e+00 9.868350625038146973e-01
5.843948974609375000e+02 3.428751945495605469e+00 1.250609207153320312e+01 -1.390642261505126953e+01 -2.834299802780151367e+00 1.887331008911132812e-01
5.819153442382812500e+02 7.859990596771240234e-01 6.978820800781250000e+00 -1.852924823760986328e+00 -1.933989524841308594e+00 7.789072990417480469e-01
4.832940063476562500e+02 1.031418681144714355e+00 7.473794460296630859e+00 -4.198204040527343750e+00 -2.590521574020385742e+00 5.847277641296386719e-01
4.877081909179687500e+02 3.206291437149047852e+00 1.171157169342041016e+01 1.492706489562988281e+01 6.393995285034179688e+00 4.368688464164733887e-01
6.019339599609375000e+02 1.099747061729431152e+00 7.382882595062255859e+00 -1.499525308609008789e+00 -1.704775094985961914e+00 7.570260167121887207e-01
9.723005676269531250e+01 1.211035132408142090e+00 7.664627075195312500e+00 -4.796772003173828125e+00 -7.754290103912353516e-01 1.870115846395492554e-01
5.291624755859375000e+02 3.208276271820068359e+00 1.193458557128906250e+01 -1.219811248779296875e+01 -1.443025970458984375e+01 1.132106900215148926e+00
5.386608886718750000e+02 2.793287038803100586e+00 1.104005622863769531e+01 -1.736264419555664062e+01 -1.354967975616455078e+01 7.412259578704833984e-01
6.107329101562500000e+02 1.502763986587524414e+00 8.646691322326660156e+00 2.336649894714355469e+00 1.421999931335449219e+00 7.427766919136047363e-01
5.044400329589843750e+02 1.960867404937744141e+00 9.259621620178222656e+00 -8.329923629760742188e+00 -6.753952503204345703e+00 7.655774950981140137e-01
5.413225097656250000e+02 4.981613755226135254e-01 6.568800449371337891e+00 5.671596527099609375e-01 1.771020889282226562e-01 7.165220975875854492e-01
4.554301147460937500e+02 1.599288821220397949e+00 8.700545310974121094e+00 -6.226626396179199219e+00 -7.559993267059326172e+00 1.199270963668823242e+00
4.597330932617187500e+02 3.227646827697753906e+00 1.198238754272460938e+01 8.200065612792968750e+00 6.535918712615966797e+00 8.088633418083190918e-01
4.253045959472656250e+02 2.600509166717529297e+00 1.056595516204833984e+01 -1.299644851684570312e+01 -8.637503623962402344e+00 6.818756461143493652e-01
5.576328735351562500e+02 3.682877779006958008e+00 1.268243789672851562e+01 -1.639709281921386719e+01 -1.011130714416503906e+01 6.011446714401245117e-01
4.309769287109375000e+02 3.324949264526367188e+00 1.181414604187011719e+01 5.860059261322021484e+00 5.263228416442871094e+00 9.344313144683837891e-01
5.376029663085937500e+02 1.083809375762939453e+00 7.484447479248046875e+00 3.682017326354980469e-01 -1.105320453643798828e-01 5.082672238349914551e-01
5.956595458984375000e+02 2.834548473358154297e+00 1.089075088500976562e+01 -5.705958366394042969e+00 -2.800136804580688477e+00 4.739727377891540527e-01
5.353450927734375000e+02 3.234748363494873047e+00 1.166237545013427734e+01 1.821005821228027344e+01 1.442478656768798828e+01 8.146154284477233887e-01
5.037773742675781250e+02 1.294931411743164062e+00 8.057514190673828125e+00 -1.577800512313842773e+00 -1.907150745391845703e+00 1.153531312942504883e+00
5.062098083496093750e+02 3.436212539672851562e+00 1.257356739044189453e+01 -6.261874198913574219e+00 -6.910402774810791016e+00 1.011069536209106445e+00
4.341918334960937500e+02 3.244019985198974609e+00 1.182428359985351562e+01 5.637257099151611328e+00 6.466922760009765625e+00 1.153510093688964844e+00
5.080441589355468750e+02 3.137179136276245117e+00 1.185237979888916016e+01 1.342354583740234375e+01 7.438387870788574219e+00 5.742176771163940430e-01
7.965399169921875000e+02 1.373345255851745605e+00 8.237661361694335938e+00 3.913252353668212891e+00 2.189188003540039062e+00 6.438010334968566895e-01
4.258394165039062500e+02 2.895747423171997070e+00 1.120307350158691406e+01 -4.652114868164062500e+00 -4.445873260498046875e+00 9.024142622947692871e-01
4.327791748046875000e+02 7.859960198402404785e-01 6.839176177978515625e+00 -2.734082937240600586e+00 -2.147552967071533203e+00 7.574170827865600586e-01
6.091410522460937500e+02 8.786429166793823242e-01 7.028002738952636719e+00 -1.982169151306152344e+00 -9.458971023559570312e-01 4.363502264022827148e-01
9.690208435058593750e+01 1.572074770927429199e+00 8.528850555419921875e+00 -7.908475399017333984e-01 -3.420603275299072266e-01 7.679291963577270508e-01
4.547094726562500000e+02 5.983200669288635254e-01 6.618087768554687500e+00 2.854871749877929688e-01 1.154851913452148438e-01 6.713735461235046387e-01
6.366313476562500000e+02 1.913939476013183594e+00 9.246566772460937500e+00 3.327460289001464844e+00 1.513316631317138672e+00 5.713944435119628906e-01
4.651376342773437500e+02 2.820185184478759766e+00 1.117520427703857422e+01 -2.088785171508789062e-01 -1.956582069396972656e-02 6.556120514869689941e-01
5.218519897460937500e+02 2.386505126953125000e+00 1.023989868164062500e+01 7.115340232849121094e-01 3.581857681274414062e-01 6.276468038558959961e-01
4.884211425781250000e+02 1.875380754470825195e+00 9.250314712524414062e+00 -8.096400260925292969e+00 -6.664200782775878906e+00 7.777279019355773926e-01
5.064417724609375000e+02 2.985354900360107422e+00 1.107360172271728516e+01 -1.871948051452636719e+01 -1.517854213714599609e+01 7.879739999771118164e-01
4.418673095703125000e+02 1.404707074165344238e+00 8.038061141967773438e+00 -2.888767719268798828e+00 -2.246758937835693359e+00 8.213468790054321289e-01
5.073933105468750000e+02 3.868119239807128906e+00 1.307397937774658203e+01 -8.293095588684082031e+00 -8.073111534118652344e+00 9.495410323143005371e-01
5.092386169433593750e+02 3.458090782165527344e+00 1.230191612243652344e+01 -1.683843994140625000e+01 -1.383639049530029297e+01 8.134141564369201660e-01
4.981877441406250000e+02 1.485218405723571777e+00 8.414386749267578125e+00 -1.257259845733642578e+00 -1.390285491943359375e+00 1.039179086685180664e+00
4.540299072265625000e+02 3.412650108337402344e+00 1.244741058349609375e+01 -6.433589458465576172e+00 -6.618876457214355469e+00 1.035725116729736328e+00
7.839109039306640625e+01 2.054831027984619141e+00 9.435314178466796875e+00 8.876287460327148438e+00 5.173077583312988281e+00 5.507671236991882324e-01
5.488670654296875000e+02 2.422929048538208008e+00 1.025489330291748047e+01 -8.358789443969726562e+00 -4.461600780487060547e+00 4.957912862300872803e-01
4.756778564453125000e+02 1.542005419731140137e+00 8.457464218139648438e+00 -2.471584081649780273e+00 -1.622551679611206055e+00 5.646579265594482422e-01
4.592689514160156250e+02 3.248082160949707031e+00 1.212235450744628906e+01 7.674691677093505859e+00 3.279063701629638672e+00 4.546955525875091553e-01
9.246805572509765625e+01 1.341945171356201172e+00 8.167803764343261719e+00 -3.066804409027099609e+00 -8.810353279113769531e-01 3.365245163440704346e-01
1.557731323242187500e+02 4.655115604400634766e-01 6.222979068756103516e+00 -7.214903831481933594e-01 -9.198951721191406250e-01 7.734343409538269043e-01
4.189910278320312500e+02 3.208757877349853516e+00 1.211504173278808594e+01 7.602632045745849609e+00 4.581160545349121094e+00 6.218360066413879395e-01
4.393969116210937500e+02 3.049304008483886719e+00 1.139520168304443359e+01 5.635576248168945312e+00 6.065323352813720703e+00 1.062945842742919922e+00
4.541408691406250000e+02 3.313035011291503906e+00 1.223954200744628906e+01 -7.276216506958007812e+00 -7.795927524566650391e+00 1.099244236946105957e+00
4.944374084472656250e+02 2.923472881317138672e+00 1.126430606842041016e+01 -1.717287445068359375e+01 -1.271117973327636719e+01 7.241557836532592773e-01
4.323117675781250000e+02 2.777067661285400391e+00 1.101486968994140625e+01 -4.893219470977783203e-01 -3.285384178161621094e-01 7.288309335708618164e-01
4.610967712402343750e+02 2.957415342330932617e+00 1.135352897644042969e+01 9.320838928222656250e+00 6.004631519317626953e+00 6.594614982604980469e-01
4.522565002441406250e+02 3.917377233505249023e+00 1.298086166381835938e+01 2.007322311401367188e+00 2.412273883819580078e+00 1.284612536430358887e+00
4.993538818359375000e+02 2.285031795501708984e+00 9.846167564392089844e+00 -1.247464752197265625e+01 -8.410797119140625000e+00 6.827288269996643066e-01
4.452490234375000000e+02 2.633056640625000000e+00 1.061367034912109375e+01 -6.510536670684814453e+00 -5.801247596740722656e+00 8.714371919631958008e-01
4.514556274414062500e+02 3.238158226013183594e+00 1.170905780792236328e+01 1.288021278381347656e+01 5.770668983459472656e+00 4.540784955024719238e-01
5.087955932617187500e+02 9.466900229454040527e-01 7.267171859741210938e+00 -3.771698474884033203e-01 -1.137539148330688477e+00 1.108250379562377930e+00
4.921651000976562500e+02 2.966019630432128906e+00 1.144220161437988281e+01 -8.615575790405273438e+00 -8.546777725219726562e+00 9.365332722663879395e-01
5.616536865234375000e+02 1.850622892379760742e+00 9.267997741699218750e+00 3.476924896240234375e+00 1.577374935150146484e+00 5.341114997863769531e-01
5.511253662109375000e+02 3.029518127441406250e-01 6.075775623321533203e+00 -3.867232799530029297e-01 -2.058017253875732422e-01 5.192055702209472656e-01
5.221235961914062500e+02 1.054733157157897949e+00 7.509380817413330078e+00 -5.415906906127929688e+00 -4.290571212768554688e+00 7.217907905578613281e-01
4.626846923828125000e+02 2.962884426116943359e+00 1.131866645812988281e+01 1.145086288452148438e+01 5.233302116394042969e+00 4.811592698097229004e-01
5.078857421875000000e+02 3.115792274475097656e+00 1.147918033599853516e+01 1.275210380554199219e+01 5.422348976135253906e+00 4.391492009162902832e-01
4.324802856445312500e+02 3.401937007904052734e+00 1.227757930755615234e+01 8.055124282836914062e+00 6.470234394073486328e+00 8.134046792984008789e-01
4.277566528320312500e+02 3.144619226455688477e+00 1.157485866546630859e+01 5.978257656097412109e+00 4.822175502777099609e+00 8.462750911712646484e-01
4.791624145507812500e+02 2.871289253234863281e+00 1.118224239349365234e+01 -1.791883850097656250e+01 -1.157594299316406250e+01 6.369717121124267578e-01
5.336787719726562500e+02 3.257512092590332031e+00 1.170648002624511719e+01 -9.858736038208007812e+00 -6.795438766479492188e+00 6.715732216835021973e-01
5.499088745117187500e+02 2.326094627380371094e+00 1.014154052734375000e+01 -8.963608741760253906e+00 -5.873126983642578125e+00 6.182553172111511230e-01
4.938244323730468750e+02 3.881677389144897461e+00 1.334194087982177734e+01 -5.768126487731933594e+00 -9.567751884460449219e+00 1.642672419548034668e+00
4.316186523437500000e+02 7.199142575263977051e-01 6.725384712219238281e+00 8.093452453613281250e-01 4.601287841796875000e-01 6.144872903823852539e-01
5.481330566406250000e+02 7.710838317871093750e-01 7.018653392791748047e+00 -2.127838134765625000e-01 -9.058213233947753906e-01 7.893130779266357422e-01
4.619634094238281250e+02 6.266776323318481445e-01 6.620338439941406250e+00 1.700639724731445312e-02 -2.818369865417480469e-01 8.395963907241821289e-01
5.021873474121093750e+02 2.634016513824462891e+00 1.083240509033203125e+01 -1.939915418624877930e+00 -2.922475337982177734e+00 1.009171962738037109e+00
4.934207458496093750e+02 3.046354770660400391e+00 1.159510231018066406e+01 -8.294387817382812500e+00 -8.357168197631835938e+00 9.729793667793273926e-01
4.282127380371093750e+02 3.259748220443725586e+00 1.178461456298828125e+01 8.850996017456054688e+00 5.598187446594238281e+00 6.658716201782226562e-01
5.278742065429687500e+02 1.508106589317321777e+00 8.164713859558105469e+00 1.754856109619140625e-01 -2.432727813720703125e-01 5.379019379615783691e-01
5.511619262695312500e+02 2.435630321502685547e+00 1.029641723632812500e+01 -3.808697462081909180e+00 -3.068758249282836914e+00 7.738757133483886719e-01
4.848574218750000000e+02 3.250014305114746094e+00 1.206029319763183594e+01 7.564203739166259766e+00 6.104238033294677734e+00 8.458840250968933105e-01
4.507142944335937500e+02 1.694409251213073730e+00 8.754508018493652344e+00 -9.026666641235351562e+00 -8.472708702087402344e+00 9.515051841735839844e-01
5.047826843261718750e+02 2.894224643707275391e+00 1.115246582031250000e+01 -9.964876174926757812e+00 -8.757875442504882812e+00 8.675925731658935547e-01
4.552354736328125000e+02 3.192505598068237305e+00 1.185896873474121094e+01 1.028383445739746094e+01 6.357769966125488281e+00 6.244345307350158691e-01
5.596458129882812500e+02 3.783155918121337891e+00 1.304557228088378906e+01 -6.210650444030761719e+00 -3.721723556518554688e+00 5.232232809066772461e-01
4.634361267089843750e+02 3.305335044860839844e+00 1.180485630035400391e+01 1.366464805603027344e+01 7.908573150634765625e+00 5.942254066467285156e-01
9.113453674316406250e+01 1.372591733932495117e+00 7.790929794311523438e+00 -2.049143314361572266e+00 -1.450768709182739258e+00 8.312232494354248047e-01
4.755796813964843750e+02 2.517855167388916016e+00 1.020005321502685547e+01 7.927839756011962891e+00 4.348561763763427734e+00 5.595035552978515625e-01
5.050733642578125000e+02 2.604729652404785156e+00 1.038592243194580078e+01 -8.156405448913574219e+00 -6.740169525146484375e+00 8.005351424217224121e-01
4.517442321777343750e+02 3.360261440277099609e+00 1.204217720031738281e+01 1.231026172637939453e+01 4.522762298583984375e+00 3.631308674812316895e-01
4.866609191894531250e+02 5.126111507415771484e-01 6.269931793212890625e+00 -1.889188289642333984e+00 -2.504315376281738281e+00 9.702903628349304199e-01
4.227782287597656250e+02 3.151717662811279297e+00 1.146557807922363281e+01 5.197284221649169922e+00 5.487675666809082031e+00 1.061092376708984375e+00
4.983262939453125000e+02 1.020719885826110840e+00 7.627777576446533203e+00 -2.571778297424316406e+00 -2.865192890167236328e+00 1.009989857673645020e+00
4.658214721679687500e+02 3.050713300704956055e+00 1.139555740356445312e+01 1.323129844665527344e+01 6.114931106567382812e+00 4.800063371658325195e-01
5.342425537109375000e+02 8.066152334213256836e-01 7.224817752838134766e+00 -1.326165199279785156e+00 -1.244348287582397461e+00 5.520009398460388184e-01
4.745982666015625000e+02 1.715473532676696777e+00 8.677256584167480469e+00 -6.973386764526367188e+00 -9.497489929199218750e+00 1.370314240455627441e+00
7.581390380859375000e+02 1.993825674057006836e+00 9.308784484863281250e+00 -1.759566879272460938e+01 -9.365701675415039062e+00 5.243206620216369629e-01
5.246896972656250000e+02 2.486712694168090820e+00 1.031606292724609375e+01 -1.108069419860839844e+01 -6.371775627136230469e+00 5.496526360511779785e-01
4.696846008300781250e+02 3.257059097290039062e+00 1.188102626800537109e+01 1.253559875488281250e+01 5.957911014556884766e+00 4.534456729888916016e-01
5.621843872070312500e+02 3.493984460830688477e+00 1.237274265289306641e+01 -6.959331035614013672e-01 -5.448782444000244141e-01 5.451192855834960938e-01
4.713106689453125000e+02 4.072636365890502930e-01 5.656034469604492188e+00 1.917362213134765625e-01 4.071307182312011719e-01 9.734494090080261230e-01
4.702723999023437500e+02 5.935770273208618164e-01 6.653617858886718750e+00 -6.292092800140380859e-01 -6.256067752838134766e-01 8.667213916778564453e-01
5.619993896484375000e+02 2.163713455200195312e+00 9.587813377380371094e+00 -9.778394699096679688e+00 -4.528617858886718750e+00 4.281165897846221924e-01
4.966629943847656250e+02 2.969008922576904297e+00 1.116821479797363281e+01 -1.748658752441406250e+01 -1.174033260345458984e+01 6.659795045852661133e-01
4.709253845214843750e+02 3.238589286804199219e+00 1.209282875061035156e+01 5.138006210327148438e+00 4.119131565093994141e+00 8.440601229667663574e-01
4.563522949218750000e+02 8.052995204925537109e-01 6.773870468139648438e+00 -6.854403018951416016e-01 -5.636036396026611328e-01 6.953876018524169922e-01
5.930105590820312500e+02 8.519350886344909668e-01 7.250296592712402344e+00 -1.128916740417480469e+00 -6.025481224060058594e-01 3.342877626419067383e-01
4.369332275390625000e+02 2.337288260459899902e-01 5.413668632507324219e+00 1.092917919158935547e+00 1.144025325775146484e+00 1.150068640708923340e+00
4.745314025878906250e+02 3.158749580383300781e+00 1.156006622314453125e+01 1.402787971496582031e+01 6.807568073272705078e+00 4.920537769794464111e-01
4.296146850585937500e+02 3.120339155197143555e+00 1.160050392150878906e+01 1.147519111633300781e+01 4.935035705566406250e+00 4.479297399520874023e-01
4.439565734863281250e+02 3.305531978607177734e+00 1.213145065307617188e+01 6.642987728118896484e+00 4.517161846160888672e+00 6.624076366424560547e-01
4.799047546386718750e+02 3.067004680633544922e+00 1.147782516479492188e+01 -1.601641654968261719e+01 -1.467615222930908203e+01 9.176623225212097168e-01
5.387586059570312500e+02 3.259299755096435547e+00 1.182722663879394531e+01 -9.926476478576660156e+00 -1.095089340209960938e+01 1.022108197212219238e+00
4.907227172851562500e+02 6.358150243759155273e-01 6.685079574584960938e+00 -8.710372447967529297e-01 -1.583281755447387695e+00 1.111509084701538086e+00
4.968651733398437500e+02 7.283970117568969727e-01 6.819910049438476562e+00 -1.782214641571044922e+00 -2.543399333953857422e+00 1.372773766517639160e+00
5.039926147460937500e+02 3.694528102874755859e+00 1.271527481079101562e+01 -8.109430313110351562e+00 -9.215024948120117188e+00 1.055330038070678711e+00
4.503731384277343750e+02 1.735021114349365234e+00 8.762350082397460938e+00 -8.890028953552246094e+00 -8.126102447509765625e+00 9.046514034271240234e-01
4.895109252929687500e+02 3.264166355133056641e+00 1.182216835021972656e+01 7.675025463104248047e+00 7.107291221618652344e+00 9.384734630584716797e-01
4.709098205566406250e+02 3.682901382446289062e+00 1.251588249206542969e+01 -1.712341690063476562e+01 -1.667681121826171875e+01 9.591401815414428711e-01
6.099891357421875000e+02 1.591228961944580078e+00 8.419049263000488281e+00 1.231198310852050781e+00 5.792260169982910156e-01 9.298477172851562500e-01
5.630286254882812500e+02 6.764626502990722656e-01 6.638202190399169922e+00 -1.027224063873291016e+00 -5.491518974304199219e-01 6.218346953392028809e-01
5.677423095703125000e+02 3.537532806396484375e+00 1.256399917602539062e+01 -1.286162281036376953e+01 -8.707788467407226562e+00 6.404030919075012207e-01
5.287957153320312500e+02 5.481538176536560059e-01 6.335928440093994141e+00 -2.013921737670898438e+00 -1.672687530517578125e+00 5.239279270172119141e-01
5.238822631835937500e+02 2.830444812774658203e+00 1.120065784454345703e+01 -8.421359062194824219e+00 -5.485827922821044922e+00 6.136581897735595703e-01
4.712213439941406250e+02 1.889468789100646973e+00 9.148294448852539062e+00 -1.009195518493652344e+01 -7.203259468078613281e+00 7.137472033500671387e-01
4.958564758300781250e+02 1.445536017417907715e+00 8.261935234069824219e+00 -2.406795024871826172e+00 -2.445727586746215820e+00 9.135965108871459961e-01
5.025728759765625000e+02 3.253300905227661133e+00 1.178226947784423828e+01 1.097025680541992188e+01 7.176823616027832031e+00 6.449479460716247559e-01
5.586087646484375000e+02 2.701989173889160156e+00 1.077642250061035156e+01 -7.120923995971679688e+00 -5.249624252319335938e+00 6.739506125450134277e-01
5.059389648437500000e+02 1.437487602233886719e+00 8.376963615417480469e+00 3.550999164581298828e+00 1.465361118316650391e+00 5.012605190277099609e-01
4.852536315917968750e+02 1.385455965995788574e+00 7.903019905090332031e+00 -9.034514427185058594e-02 1.306152343750000000e-01 6.277639269828796387e-01
5.287258911132812500e+02 2.356632232666015625e+00 1.004269218444824219e+01 -3.655368089675903320e+00 -4.326777458190917969e+00 1.196513056755065918e+00
4.668266906738281250e+02 1.016506671905517578e+00 7.186224460601806641e+00 4.171435832977294922e+00 8.783555030822753906e-01 2.716136574745178223e-01
4.315178527832031250e+02 3.623758792877197266e+00 1.227851963043212891e+01 1.260952949523925781e+00 5.798506736755371094e-01 6.389150023460388184e-01
4.891750488281250000e+02 3.226266384124755859e+00 1.184519386291503906e+01 1.317484378814697266e+01 6.262047290802001953e+00 4.885572493076324463e-01
4.272652587890625000e+02 2.849956989288330078e+00 1.116601276397705078e+01 6.921558380126953125e+00 6.469299793243408203e+00 9.901189804077148438e-01
5.766768798828125000e+02 9.407362341880798340e-01 7.434993267059326172e+00 -7.269167900085449219e-01 -5.729830265045166016e-01 3.743961155414581299e-01
5.549527587890625000e+02 1.035992026329040527e+00 7.424468040466308594e+00 -2.887418270111083984e+00 -1.456649303436279297e+00 4.239358305931091309e-01
5.633806152343750000e+02 1.053639531135559082e+00 7.544068813323974609e+00 4.521117210388183594e+00 1.353385448455810547e+00 3.018381595611572266e-01
4.484382629394531250e+02 1.583438754081726074e+00 8.310846328735351562e+00 -7.459013462066650391e+00 -8.010736465454101562e+00 1.053202867507934570e+00
9.717366790771484375e+01 1.932740688323974609e+00 8.920690536499023438e+00 4.215054512023925781e+00 5.623023509979248047e+00 1.231200098991394043e+00
4.171885070800781250e+02 2.698693275451660156e+00 1.060167121887207031e+01 -8.952198982238769531e+00 -5.471074581146240234e+00 6.037096381187438965e-01
4.801740112304687500e+02 3.704531431198120117e+00 1.271123218536376953e+01 -1.505341911315917969e+01 -1.578787326812744141e+01 1.022592544555664062e+00
5.656255493164062500e+02 2.776005744934082031e+00 1.097558975219726562e+01 -1.735995674133300781e+01 -1.150417041778564453e+01 6.459525823593139648e-01
5.864721069335937500e+02 9.733914136886596680e-01 7.477025508880615234e+00 -2.803151607513427734e+00 -1.395449638366699219e+00 3.851437568664550781e-01
5.208347167968750000e+02 3.659706354141235352e+00 1.257769775390625000e+01 -1.928455162048339844e+01 -1.846118164062500000e+01 9.506800174713134766e-01
5.223505249023437500e+02 2.795039176940917969e+00 1.102404689788818359e+01 -7.678922653198242188e+00 -8.498373985290527344e+00 1.083934903144836426e+00
4.569873352050781250e+02 1.628920435905456543e+00 8.538955688476562500e+00 -8.375140190124511719e+00 -9.721658706665039062e+00 1.152983784675598145e+00
4.515245056152343750e+02 1.705465316772460938e+00 8.754176139831542969e+00 -7.471528053283691406e+00 -8.024043083190917969e+00 1.051514625549316406e+00
5.451170043945312500e+02 1.098898768424987793e+00 7.621408939361572266e+00 -2.585542201995849609e-01 -3.887462615966796875e-01 4.025927186012268066e-01
5.447016601562500000e+02 2.874341487884521484e+00 1.121134185791015625e+01 -1.665088272094726562e+01 -1.304761981964111328e+01 7.592996358871459961e-01
1.557731323242187500e+02 4.655115604400634766e-01 6.222979068756103516e+00 -7.214903831481933594e-01 -9.198951721191406250e-01 7.734343409538269043e-01
4.687615051269531250e+02 1.473361611366271973e+00 8.435295104980468750e+00 -7.159734725952148438e+00 -8.081840515136718750e+00 1.126192927360534668e+00
4.663570861816406250e+02 2.833551406860351562e+00 1.099707508087158203e+01 -6.331868171691894531e+00 -7.752828598022460938e+00 1.207904338836669922e+00
9.572853851318359375e+01 1.335711717605590820e+00 8.117534637451171875e+00 -1.253148317337036133e+00 -6.272614002227783203e-01 6.552541851997375488e-01
4.517527160644531250e+02 7.874894738197326660e-01 6.878724575042724609e+00 6.218194961547851562e-02 -1.128792762756347656e-02 1.067505836486816406e+00
4.371693725585937500e+02 2.808172941207885742e+00 1.099954223632812500e+01 6.584916114807128906e+00 6.623086929321289062e+00 9.926270842552185059e-01
5.062100524902343750e+02 3.634503602981567383e+00 1.243903446197509766e+01 -1.435450458526611328e+01 -1.861061286926269531e+01 1.252391219139099121e+00
4.822991943359375000e+02 1.930803775787353516e+00 9.357587814331054688e+00 -5.611277580261230469e+00 -6.058176994323730469e+00 1.052519440650939941e+00
4.523636474609375000e+02 4.649173617362976074e-01 6.411249160766601562e+00 5.578041076660156250e-01 4.701662063598632812e-01 1.124893307685852051e+00
5.360915527343750000e+02 2.155321836471557617e+00 1.018036556243896484e+01 3.848659992218017578e+00 9.656143188476562500e-01 2.187137901782989502e-01
9.788138580322265625e+01 1.206765055656433105e+00 7.573624134063720703e+00 -1.628661155700683594e+00 -1.054913997650146484e+00 7.491276264190673828e-01
4.959672851562500000e+02 2.343944549560546875e+00 1.019497203826904297e+01 -6.605055332183837891e+00 -6.057217121124267578e+00 8.497715592384338379e-01
5.121892089843750000e+02 1.223251342773437500e+00 7.696126937866210938e+00 -2.410546541213989258e+00 -2.027094364166259766e+00 6.691671013832092285e-01
4.532935180664062500e+02 1.562652349472045898e+00 8.464732170104980469e+00 -7.926429748535156250e+00 -9.005479812622070312e+00 1.145978093147277832e+00
5.203728637695312500e+02 2.871072769165039062e+00 1.093407440185546875e+01 -1.569570827484130859e+01 -1.275177764892578125e+01 7.884646058082580566e-01
4.937343750000000000e+02 1.185170769691467285e+00 7.743168830871582031e+00 -6.766557693481445312e-02 -3.346896171569824219e-01 1.231709241867065430e+00
4.590561523437500000e+02 2.979118347167968750e+00 1.115279197692871094e+01 -2.932488918304443359e-01 -2.466404438018798828e-01 1.003123641014099121e+00
5.485308837890625000e+02 2.435950756072998047e+00 1.044681930541992188e+01 -1.015170764923095703e+01 -7.691402435302734375e+00 7.144604921340942383e-01
5.395823364257812500e+02 9.823224544525146484e-01 7.135452747344970703e+00 -3.542728424072265625e+00 -3.055042028427124023e+00 7.978222370147705078e-01
4.883669433593750000e+02 1.538955569267272949e+00 8.418962478637695312e+00 -2.381649017333984375e+00 -1.810814142227172852e+00 6.510795354843139648e-01
5.064281616210937500e+02 2.687412261962890625e+00 1.084679603576660156e+01 -5.128669738769531250e+00 -7.133168220520019531e+00 1.274055123329162598e+00
4.223677062988281250e+02 3.036585569381713867e+00 1.164006137847900391e+01 6.896347999572753906e+00 5.638663768768310547e+00 8.223879933357238770e-01
4.845157165527343750e+02 2.844767570495605469e+00 1.103455734252929688e+01 4.746861457824707031e+00 4.179332256317138672e+00 8.460813164710998535e-01
4.665876770019531250e+02 2.696890592575073242e+00 1.098471927642822266e+01 -1.109643745422363281e+01 -1.143881416320800781e+01 1.025055766105651855e+00
4.274974975585937500e+02 1.516089916229248047e+00 8.471858978271484375e+00 -7.867741584777832031e+00 -7.973771095275878906e+00 9.777433872222900391e-01
5.719959106445312500e+02 1.600546956062316895e+00 8.786821365356445312e+00 -8.054399490356445312e-01 -5.281639099121093750e-01 5.180975198745727539e-01
4.407826843261718750e+02 1.590585589408874512e+00 8.405244827270507812e+00 -5.108714103698730469e+00 -6.132616043090820312e+00 1.228623032569885254e+00
5.142880249023437500e+02 2.828523635864257812e+00 1.104620170593261719e+01 -9.557953834533691406e+00 -6.626729011535644531e+00 6.568441390991210938e-01
5.988430175781250000e+02 1.929204821586608887e+00 9.116632461547851562e+00 5.450327396392822266e+00 2.407841682434082031e+00 4.465721547603607178e-01
4.810568847656250000e+02 2.345682144165039062e+00 1.026818561553955078e+01 -8.203879356384277344e+00 -5.029610633850097656e+00 5.927267670631408691e-01
4.340839843750000000e+02 3.336410045623779297e+00 1.195800399780273438e+01 7.499334812164306641e+00 9.132730484008789062e+00 1.238245725631713867e+00
5.228432006835937500e+02 2.428912162780761719e+00 1.023635959625244141e+01 -8.454227447509765625e+00 -4.846765995025634766e+00 5.548368692398071289e-01
4.660917663574218750e+02 4.153703451156616211e-01 6.047443389892578125e+00 -4.399073123931884766e-01 1.961493492126464844e-01 5.814614295959472656e-01
5.322158203125000000e+02 6.672483682632446289e-01 6.495158195495605469e+00 -1.183546781539916992e+00 -1.887024641036987305e+00 1.070802927017211914e+00
4.808827514648437500e+02 3.549844264984130859e+00 1.240551662445068359e+01 8.149604797363281250e+00 4.218738079071044922e+00 5.566262602806091309e-01
4.906576232910156250e+02 9.748945236206054688e-01 7.294858932495117188e+00 1.005785465240478516e+00 1.483559608459472656e-01 5.541467070579528809e-01
4.386566772460937500e+02 9.768571853637695312e-01 7.298640727996826172e+00 -2.416989803314208984e+00 -1.949082612991333008e+00 7.407697439193725586e-01
5.382693481445312500e+02 8.405149579048156738e-01 7.023642539978027344e+00 1.149384975433349609e+00 1.264953613281250000e-01 5.133930444717407227e-01
4.275314941406250000e+02 1.677671194076538086e+00 8.515912055969238281e+00 -6.735677719116210938e+00 -8.274200439453125000e+00 1.188512086868286133e+00
4.526352539062500000e+02 1.375538945198059082e+00 8.041867256164550781e+00 -3.489737510681152344e+00 -3.585163354873657227e+00 1.064604640007019043e+00
7.823012542724609375e+01 1.339016199111938477e+00 8.239494323730468750e+00 -5.027961730957031250e+00 -3.529829978942871094e+00 7.533622980117797852e-01
5.013566589355468750e+02 1.674723982810974121e+00 8.906305313110351562e+00 -7.235131263732910156e+00 -6.544589042663574219e+00 8.984842896461486816e-01
5.548563842773437500e+02 1.438193917274475098e+00 8.380316734313964844e+00 -5.259513854980468750e-01 -5.107855796813964844e-01 4.736308753490447998e-01
4.996700439453125000e+02 3.646985054016113281e+00 1.265572929382324219e+01 8.249805450439453125e+00 6.976411342620849609e+00 9.226298332214355469e-01
5.004388732910156250e+02 2.628003120422363281e+00 1.053972053527832031e+01 -5.829770565032958984e+00 -6.913270950317382812e+00 1.133394360542297363e+00
4.632148132324218750e+02 1.556503653526306152e+00 8.017527580261230469e+00 -2.617983818054199219e+00 -2.507746219635009766e+00 9.066114425659179688e-01
5.353489990234375000e+02 2.076485633850097656e+00 9.264562606811523438e+00 2.065770626068115234e+00 4.462361335754394531e-01 6.950737237930297852e-01
5.647392578125000000e+02 1.163460612297058105e+00 7.825059890747070312e+00 -1.933779716491699219e+00 -2.265995740890502930e+00 8.426172733306884766e-01
5.084382019042968750e+02 1.476890325546264648e+00 8.392456054687500000e+00 -5.016312599182128906e+00 -4.471423625946044922e+00 8.848820924758911133e-01
4.270955200195312500e+02 3.114961862564086914e+00 1.159283447265625000e+01 7.225646972656250000e+00 7.312011718750000000e+00 1.030212759971618652e+00
5.673155517578125000e+02 8.256286978721618652e-01 7.183231353759765625e+00 -7.895243167877197266e-01 -9.567105770111083984e-01 6.282432079315185547e-01
4.906576232910156250e+02 9.748945236206054688e-01 7.294858932495117188e+00 1.005785465240478516e+00 1.483559608459472656e-01 5.541467070579528809e-01
4.890107116699218750e+02 3.139005184173583984e+00 1.176753520965576172e+01 -9.905900001525878906e+00 -9.542002677917480469e+00 9.225403666496276855e-01
5.033104858398437500e+02 2.999055385589599609e+00 1.143450546264648438e+01 -1.519598770141601562e+01 -1.440613746643066406e+01 9.032807350158691406e-01
5.049264526367187500e+02 1.572748184204101562e+00 8.406078338623046875e+00 -7.794973850250244141e+00 -8.862136840820312500e+00 1.054727315902709961e+00
5.149901733398437500e+02 8.294671177864074707e-01 6.928020000457763672e+00 4.894804954528808594e-01 1.254558563232421875e-01 7.446560263633728027e-01
4.362164916992187500e+02 1.592183828353881836e+00 8.200513839721679688e+00 -1.027973079681396484e+01 -9.623116493225097656e+00 9.349921345710754395e-01
4.903388977050781250e+02 2.188310146331787109e+00 9.753945350646972656e+00 -6.761098861694335938e+00 -4.447604179382324219e+00 6.369042396545410156e-01
5.104197082519531250e+02 2.944729804992675781e+00 1.149145126342773438e+01 8.786401748657226562e+00 6.869163513183593750e+00 8.396827578544616699e-01
4.922204895019531250e+02 6.432191729545593262e-01 6.715741157531738281e+00 9.336805343627929688e-01 1.228201389312744141e+00 1.184228181838989258e+00
7.715828857421875000e+02 3.642417907714843750e+00 1.271499156951904297e+01 -3.076531887054443359e+00 -1.570312976837158203e+00 3.884589374065399170e-01
4.472491760253906250e+02 8.126797080039978027e-01 6.935566425323486328e+00 5.422496795654296875e-01 2.307176589965820312e-02 5.892431735992431641e-01
4.551824035644531250e+02 3.422423362731933594e+00 1.220400238037109375e+01 7.391607761383056641e+00 8.577716827392578125e+00 1.116469025611877441e+00
5.010328674316406250e+02 1.411296010017395020e+00 8.164196968078613281e+00 -2.439179420471191406e+00 -2.645314931869506836e+00 9.439785480499267578e-01
4.934164123535156250e+02 3.168681621551513672e+00 1.156369113922119141e+01 1.211381912231445312e+01 5.085775852203369141e+00 4.426140785217285156e-01
3.863412475585937500e+02 1.802163600921630859e+00 8.884451866149902344e+00 -7.338813781738281250e+00 -6.544792652130126953e-01 9.794788062572479248e-02
5.131590576171875000e+02 1.175212264060974121e+00 7.696578025817871094e+00 -1.796771287918090820e+00 -1.972285509109497070e+00 7.984675168991088867e-01
4.874576416015625000e+02 6.551607251167297363e-01 6.762923240661621094e+00 9.452152252197265625e-01 1.619651317596435547e+00 2.050535440444946289e+00
4.868554992675781250e+02 3.123315334320068359e+00 1.159258747100830078e+01 -4.427350997924804688e+00 -5.890656471252441406e+00 1.277482628822326660e+00
6.186265258789062500e+02 3.371225833892822266e+00 1.217516803741455078e+01 9.540100097656250000e+00 5.008370876312255859e+00 5.592986345291137695e-01
5.228501586914062500e+02 2.762595653533935547e+00 1.062824916839599609e+01 -3.370193243026733398e+00 -1.483023166656494141e+00 4.319241046905517578e-01
4.472491760253906250e+02 8.126797080039978027e-01 6.935566425323486328e+00 5.422496795654296875e-01 2.307176589965820312e-02 5.892431735992431641e-01
5.908843383789062500e+02 3.316879272460937500e+00 1.166324424743652344e+01 -6.526044845581054688e+00 -5.742715835571289062e+00 8.340159654617309570e-01
4.992252807617187500e+02 8.862990140914916992e-01 7.252888679504394531e+00 -6.393182277679443359e-01 -1.316441297531127930e+00 1.183767795562744141e+00
5.012851257324218750e+02 2.969897747039794922e+00 1.144192981719970703e+01 -1.767185592651367188e+01 -1.308875274658203125e+01 7.348135113716125488e-01
4.656992492675781250e+02 2.691406011581420898e+00 1.103898429870605469e+01 9.209322929382324219e-01 7.092046737670898438e-01 9.639343619346618652e-01
4.296782836914062500e+02 2.907515525817871094e+00 1.120254898071289062e+01 -1.051516532897949219e+00 -1.256302595138549805e+00 9.746810793876647949e-01
5.172089843750000000e+02 2.698289632797241211e+00 1.086697769165039062e+01 -8.381265640258789062e+00 -6.562724113464355469e+00 7.520445585250854492e-01
6.148256225585937500e+02 3.554398536682128906e+00 1.275653839111328125e+01 7.580509185791015625e+00 3.804047107696533203e+00 5.522015094757080078e-01
5.080163879394531250e+02 2.489492893218994141e+00 1.034601497650146484e+01 -7.548779487609863281e+00 -9.417446136474609375e+00 1.205895304679870605e+00
4.526106872558593750e+02 2.891596794128417969e+00 1.096570587158203125e+01 9.747376441955566406e+00 1.339738845825195312e+01 1.383479833602905273e+00
5.111951904296875000e+02 1.437644243240356445e+00 8.321566581726074219e+00 -2.851016521453857422e+00 -2.204860448837280273e+00 6.516383886337280273e-01
4.326216735839843750e+02 6.981284618377685547e-01 6.927499771118164062e+00 -2.320080995559692383e+00 -1.834920644760131836e+00 7.943367362022399902e-01
5.088901367187500000e+02 2.919912338256835938e+00 1.111297130584716797e+01 5.775554180145263672e+00 8.102304458618164062e+00 1.532294154167175293e+00
5.247022705078125000e+02 3.250646114349365234e+00 1.168756008148193359e+01 -8.681076049804687500e+00 -1.028306484222412109e+01 1.176706433296203613e+00
4.645813903808593750e+02 3.298522233963012695e+00 1.208220958709716797e+01 1.483410644531250000e+01 6.048345565795898438e+00 4.223815798759460449e-01
5.504810791015625000e+02 1.201073050498962402e+00 8.081622123718261719e+00 -7.018090248107910156e+00 -2.589036226272583008e+00 3.617230355739593506e-01
5.090543212890625000e+02 3.262555122375488281e+00 1.207732772827148438e+01 1.692908287048339844e+01 1.525636482238769531e+01 9.079778194427490234e-01
3.383512878417968750e+02 7.048649191856384277e-01 6.540892124176025391e+00 6.134867668151855469e-01 1.358127593994140625e-01 4.198959767818450928e-01
5.440352783203125000e+02 3.779197692871093750e+00 1.297917842864990234e+01 1.843070983886718750e+00 1.080217361450195312e+00 7.709181904792785645e-01
4.816790466308593750e+02 3.279662132263183594e+00 1.186622714996337891e+01 5.922057628631591797e+00 5.059008598327636719e+00 8.741966485977172852e-01
4.676694335937500000e+02 3.139973640441894531e+00 1.164624214172363281e+01 4.070432186126708984e+00 3.529438972473144531e+00 8.948915004730224609e-01
4.909865417480468750e+02 1.539025664329528809e+00 8.632444381713867188e+00 -1.005344486236572266e+01 -7.652407646179199219e+00 7.407432794570922852e-01
4.770841979980468750e+02 1.174711585044860840e+00 7.536553859710693359e+00 1.877820491790771484e+00 2.320184707641601562e+00 1.273099303245544434e+00
4.704600219726562500e+02 2.010028362274169922e+00 9.379439353942871094e+00 -3.467363119125366211e+00 -2.546443939208984375e+00 6.864844560623168945e-01
4.321589355468750000e+02 8.150328993797302246e-01 6.971392631530761719e+00 -5.313920974731445312e-01 -6.444859504699707031e-01 9.671596288681030273e-01
4.525381469726562500e+02 3.184302806854248047e+00 1.166515445709228516e+01 7.869679927825927734e+00 6.966121196746826172e+00 8.947168588638305664e-01
5.534097290039062500e+02 2.779678344726562500e+00 1.089589691162109375e+01 -1.804617881774902344e+01 -1.207545948028564453e+01 6.594204902648925781e-01
5.279960327148437500e+02 1.103642702102661133e+00 7.611254692077636719e+00 -4.852051734924316406e+00 -3.890844583511352539e+00 7.052026987075805664e-01
4.478235778808593750e+02 2.856499671936035156e+00 1.125121498107910156e+01 -1.640048027038574219e+01 -1.400456142425537109e+01 8.428446054458618164e-01
5.163743896484375000e+02 8.496165871620178223e-01 6.921279907226562500e+00 -2.977597713470458984e-01 -8.313345909118652344e-01 5.743061900138854980e-01
5.457572021484375000e+02 1.420870065689086914e+00 8.248916625976562500e+00 -6.492032051086425781e+00 -2.476228475570678711e+00 3.618693649768829346e-01
4.400099182128906250e+02 3.150559425354003906e+00 1.167307949066162109e+01 1.247591018676757812e+01 7.141978740692138672e+00 5.748345255851745605e-01
4.847119750976562500e+02 3.148219823837280273e+00 1.174210453033447266e+01 1.522265434265136719e+01 1.256452560424804688e+01 8.342713713645935059e-01
5.114931030273437500e+02 1.414127707481384277e+00 8.140261650085449219e+00 -1.439906358718872070e+00 -1.225787401199340820e+00 8.600184321403503418e-01
4.312630310058593750e+02 2.921874046325683594e+00 1.116115188598632812e+01 -1.788610839843750000e+01 -1.239428710937500000e+01 6.817061305046081543e-01
4.928506469726562500e+02 1.239776253700256348e+00 7.820280551910400391e+00 -5.719820022583007812e+00 -4.317864418029785156e+00 7.314881682395935059e-01
4.860339965820312500e+02 2.891494750976562500e+00 1.107712364196777344e+01 1.216783523559570312e+01 1.321949195861816406e+01 1.129176497459411621e+00
7.826158447265625000e+02 3.475050210952758789e+00 1.227964591979980469e+01 -1.670663356781005859e+00 -1.056007146835327148e+00 4.624875187873840332e-01
7.939591674804687500e+02 1.121804118156433105e+00 7.342389583587646484e+00 1.629495620727539062e+00 9.833121299743652344e-01 8.621637821197509766e-01
4.805392150878906250e+02 1.438407421112060547e+00 8.215480804443359375e+00 -3.590109348297119141e+00 -3.812643289566040039e+00 1.077146291732788086e+00
4.423269653320312500e+02 1.078978896141052246e+00 7.470585823059082031e+00 -2.334589958190917969e+00 -1.834892034530639648e+00 7.065129280090332031e-01
1.019489059448242188e+02 3.259278774261474609e+00 1.180992889404296875e+01 3.387916088104248047e+00 3.860065937042236328e+00 1.106364369392395020e+00
4.202692565917968750e+02 7.933874726295471191e-01 7.054686069488525391e+00 -4.115424156188964844e+00 -2.803667783737182617e+00 6.592124700546264648e-01
4.868083496093750000e+02 7.029188871383666992e-01 6.659685611724853516e+00 1.809277534484863281e+00 6.835341453552246094e-01 3.810417354106903076e-01
5.215708007812500000e+02 8.580671548843383789e-01 7.109863281250000000e+00 5.820989608764648438e-01 1.641535758972167969e-01 3.754066824913024902e-01
4.996700439453125000e+02 3.646985054016113281e+00 1.265572929382324219e+01 8.249805450439453125e+00 6.976411342620849609e+00 9.226298332214355469e-01
4.621347961425781250e+02 3.029862880706787109e+00 1.158438587188720703e+01 7.178547382354736328e+00 6.828055381774902344e+00 9.721890687942504883e-01
4.565104064941406250e+02 2.627882957458496094e+00 1.047215652465820312e+01 -4.089562892913818359e+00 -4.350019454956054688e+00 1.031011819839477539e+00
9.874805450439453125e+01 1.652350068092346191e+00 8.522933959960937500e+00 -1.105618476867675781e+00 -5.103528499603271484e-01 6.221513748168945312e-01
4.947333374023437500e+02 1.646850824356079102e+00 8.948717117309570312e+00 1.409046649932861328e+00 1.358554363250732422e+00 1.034265279769897461e+00
5.461819458007812500e+02 6.531998515129089355e-01 6.379922866821289062e+00 1.405429840087890625e+00 9.468221664428710938e-01 7.120077610015869141e-01
5.012401733398437500e+02 9.728538990020751953e-01 7.020226955413818359e+00 2.506160736083984375e-01 -2.650690078735351562e-01 6.452078819274902344e-01
4.652709045410156250e+02 3.483617305755615234e+00 1.243441104888916016e+01 -1.201183032989501953e+01 -8.455653190612792969e+00 7.055997252464294434e-01
9.077877044677734375e+01 1.256123065948486328e+00 7.773724079132080078e+00 -1.462198495864868164e+00 -9.547388553619384766e-01 8.801468610763549805e-01
5.608314819335937500e+02 9.941960573196411133e-01 7.460959434509277344e+00 -1.264168024063110352e+00 -1.073893308639526367e+00 6.286237239837646484e-01
4.568194885253906250e+02 1.974899649620056152e+00 9.212134361267089844e+00 -7.250261306762695312e+00 -6.681972503662109375e+00 9.253355264663696289e-01
5.083153381347656250e+02 3.263669490814208984e+00 1.154426193237304688e+01 -1.122260856628417969e+01 -1.152169704437255859e+01 9.826817512512207031e-01
4.515217285156250000e+02 7.346588969230651855e-01 6.559614658355712891e+00 -5.510783195495605469e-01 -7.140600681304931641e-01 1.123237371444702148e+00
4.615456237792968750e+02 1.229318141937255859e+00 7.926210880279541016e+00 -5.707372665405273438e+00 -2.387958765029907227e+00 4.109129905700683594e-01
5.179433593750000000e+02 3.161599397659301758e+00 1.164975929260253906e+01 -7.896266937255859375e+00 -8.306125640869140625e+00 9.927622079849243164e-01
4.914209289550781250e+02 2.729001998901367188e+00 1.073612594604492188e+01 1.077131462097167969e+01 1.393766212463378906e+01 1.348192811012268066e+00
4.901906127929687500e+02 1.803743600845336914e+00 9.121530532836914062e+00 -8.742403030395507812e+00 -5.887830257415771484e+00 6.771951317787170410e-01
4.535107116699218750e+02 3.342777252197265625e+00 1.216370582580566406e+01 1.338797760009765625e+01 5.438673496246337891e+00 4.177417755126953125e-01
5.295081787109375000e+02 2.012747049331665039e+00 9.344753265380859375e+00 -5.032464027404785156e+00 -6.681180000305175781e+00 1.209892272949218750e+00
4.789174499511718750e+02 3.621646165847778320e+00 1.264270877838134766e+01 -9.527730941772460938e-01 -7.255387306213378906e-01 7.696667909622192383e-01
5.548648681640625000e+02 1.214714407920837402e+00 7.726813316345214844e+00 -2.138965129852294922e+00 -2.350400686264038086e+00 7.997965216636657715e-01
6.120196533203125000e+02 3.849562168121337891e+00 1.310531616210937500e+01 1.096021461486816406e+01 3.963952064514160156e+00 3.656314015388488770e-01
4.385045166015625000e+02 4.543054699897766113e-01 6.441311359405517578e+00 -2.094137668609619141e+00 -1.263462305068969727e+00 6.233514547348022461e-01
4.735861816406250000e+02 1.466821312904357910e+00 8.340978622436523438e+00 -3.221455812454223633e+00 -2.867316007614135742e+00 9.161180853843688965e-01
1.453256683349609375e+02 1.385058283805847168e+00 8.310004234313964844e+00 7.369451522827148438e+00 7.342126369476318359e+00 9.678778052330017090e-01
4.519339599609375000e+02 3.610107898712158203e+00 1.246103763580322266e+01 8.540387153625488281e+00 9.684335708618164062e+00 1.177349448204040527e+00
5.139049072265625000e+02 3.592799663543701172e+00 1.251965236663818359e+01 -9.183016777038574219e+00 -1.006973361968994141e+01 1.048979640007019043e+00
4.788094482421875000e+02 3.392063140869140625e+00 1.225481986999511719e+01 -1.688021278381347656e+01 -1.503733158111572266e+01 8.836697936058044434e-01
4.955072326660156250e+02 2.032280683517456055e+00 9.341464996337890625e+00 3.606755733489990234e+00 3.084707260131835938e+00 9.686064720153808594e-01
5.522821655273437500e+02 2.491360664367675781e+00 1.030737686157226562e+01 -6.244444847106933594e+00 -5.705821514129638672e+00 8.361698389053344727e-01
5.498554687500000000e+02 1.799289345741271973e+00 8.708400726318359375e+00 -4.026997089385986328e+00 -2.950041294097900391e+00 6.121290922164916992e-01
4.635628356933593750e+02 1.695474267005920410e+00 8.561611175537109375e+00 1.183963775634765625e+01 2.034952640533447266e+00 1.973150819540023804e-01
4.659978332519531250e+02 3.391513824462890625e+00 1.201519775390625000e+01 -1.110099601745605469e+01 -1.346259307861328125e+01 1.215628504753112793e+00
4.968940734863281250e+02 3.048192739486694336e+00 1.173233985900878906e+01 -1.070160007476806641e+01 -1.512390613555908203e+01 1.369254827499389648e+00
5.205939331054687500e+02 7.590328454971313477e-01 6.859176158905029297e+00 1.307320594787597656e+00 5.434036254882812500e-01 4.614194929599761963e-01
4.431953430175781250e+02 3.282918930053710938e+00 1.215860176086425781e+01 6.186082363128662109e+00 6.862521171569824219e+00 1.111730098724365234e+00
4.973718261718750000e+02 2.908909320831298828e+00 1.106281566619873047e+01 -1.574751186370849609e+01 -1.328170490264892578e+01 8.225796222686767578e-01
4.332672729492187500e+02 3.226061105728149414e+00 1.187206077575683594e+01 3.629171848297119141e+00 5.092003345489501953e+00 1.421581387519836426e+00
5.065926513671875000e+02 2.959975242614746094e+00 1.123413848876953125e+01 1.641363143920898438e+01 7.376091480255126953e+00 4.669329524040222168e-01
7.660519409179687500e+02 1.112239360809326172e+00 7.557686805725097656e+00 2.776322364807128906e+00 1.482076644897460938e+00 5.863852500915527344e-01
4.303901062011718750e+02 3.220975399017333984e+00 1.158252906799316406e+01 6.795330047607421875e+00 5.578882694244384766e+00 8.268263339996337891e-01
7.881502685546875000e+02 1.514042496681213379e+00 8.448488235473632812e+00 2.905440330505371094e-01 -5.308341979980468750e-01 9.617428779602050781e-01
5.007801513671875000e+02 1.170423269271850586e+00 7.790213584899902344e+00 -2.229031324386596680e+00 -1.911607980728149414e+00 6.959220170974731445e-01
4.784699096679687500e+02 2.956469774246215820e+00 1.125389862060546875e+01 7.953453063964843750e+00 5.752573013305664062e+00 7.190549969673156738e-01
4.314398803710937500e+02 3.414533853530883789e+00 1.241656398773193359e+01 -9.866284370422363281e+00 -6.785392761230468750e+00 6.724669933319091797e-01
4.282026672363281250e+02 3.255888700485229492e+00 1.184697628021240234e+01 5.705327987670898438e+00 3.651425838470458984e+00 6.607481241226196289e-01
4.985959167480468750e+02 3.395160198211669922e+00 1.206847763061523438e+01 1.427820968627929688e+01 5.900051593780517578e+00 4.309692382812500000e-01
4.277085266113281250e+02 3.326319694519042969e+00 1.197927474975585938e+01 9.547832489013671875e+00 6.938123703002929688e+00 7.420370578765869141e-01
1.514671478271484375e+02 7.975348830223083496e-01 6.992926120758056641e+00 2.631285190582275391e+00 3.100829124450683594e+00 1.145275950431823730e+00
5.283299560546875000e+02 3.752324819564819336e+00 1.263146591186523438e+01 -7.271751403808593750e+00 -8.969040870666503906e+00 1.190815329551696777e+00
5.565755615234375000e+02 7.429283261299133301e-01 7.054469585418701172e+00 9.362530708312988281e-01 2.356743812561035156e-01 5.854726433753967285e-01
4.820328369140625000e+02 3.620524644851684570e+00 1.270789527893066406e+01 -1.539288806915283203e+01 -1.715753936767578125e+01 1.102058768272399902e+00
4.329619445800781250e+02 3.129839181900024414e+00 1.147163391113281250e+01 5.468759536743164062e+00 4.326715469360351562e+00 7.879734039306640625e-01
4.666647338867187500e+02 1.853580117225646973e+00 9.226548194885253906e+00 -1.802508831024169922e+00 -1.870795488357543945e+00 9.636811017990112305e-01
4.988490600585937500e+02 2.836581230163574219e+00 1.131645298004150391e+01 -1.018194961547851562e+01 -7.717927932739257812e+00 7.587515711784362793e-01
4.680291748046875000e+02 3.310825347900390625e+00 1.215396499633789062e+01 1.781987380981445312e+01 1.693984222412109375e+01 9.353207945823669434e-01
5.199637451171875000e+02 3.199964523315429688e+00 1.188238906860351562e+01 1.996516418457031250e+01 1.561201095581054688e+01 7.972267270088195801e-01
4.423269653320312500e+02 1.078978896141052246e+00 7.470585823059082031e+00 -2.334589958190917969e+00 -1.834892034530639648e+00 7.065129280090332031e-01
4.861863708496093750e+02 2.758939027786254883e+00 1.091516685485839844e+01 -3.203133344650268555e+00 -4.721679687500000000e+00 1.317789316177368164e+00
4.238778991699218750e+02 1.275625944137573242e+00 7.832811355590820312e+00 -8.148789405822753906e-01 -7.181739807128906250e-01 9.200733304023742676e-01
4.701603393554687500e+02 1.356966972351074219e+00 7.967066764831542969e+00 -1.539378166198730469e+00 -1.729855537414550781e+00 1.023004293441772461e+00
9.644754791259765625e+01 3.765447139739990234e+00 1.266960430145263672e+01 6.920077800750732422e+00 9.184825897216796875e+00 1.267056941986083984e+00
4.973116455078125000e+02 1.410897970199584961e+00 8.152091979980468750e+00 -2.491526603698730469e+00 -1.863456964492797852e+00 6.260191202163696289e-01
5.194672851562500000e+02 7.511435747146606445e-01 6.617296695709228516e+00 9.533834457397460938e-01 5.098533630371093750e-01 8.825931549072265625e-01
5.185056152343750000e+02 1.381769895553588867e+00 8.205739974975585938e+00 -8.256195068359375000e+00 -4.522712230682373047e+00 5.588983893394470215e-01
5.046656494140625000e+02 2.543613433837890625e+00 1.056809234619140625e+01 -7.305422782897949219e+00 -6.602456569671630859e+00 8.282489776611328125e-01
5.098995361328125000e+02 1.438908457756042480e+00 8.220649719238281250e+00 -1.529657840728759766e+00 -9.464490413665771484e-01 5.695992708206176758e-01
6.142954101562500000e+02 3.119119167327880859e+00 1.170257377624511719e+01 9.522056579589843750e-01 -1.360893249511718750e-02 2.680134475231170654e-01
5.415485839843750000e+02 2.439482927322387695e+00 1.010527038574218750e+01 -6.757837295532226562e+00 -2.556629180908203125e+00 3.833754658699035645e-01
4.876677856445312500e+02 1.084007143974304199e+00 7.720931053161621094e+00 -9.653437137603759766e-01 -1.061933040618896484e+00 8.295460939407348633e-01
5.420364379882812500e+02 1.553967356681823730e+00 8.296079635620117188e+00 -7.302796840667724609e-01 -6.546401977539062500e-01 6.428980231285095215e-01
4.817987060546875000e+02 2.586908340454101562e+00 1.069381523132324219e+01 -4.536323547363281250e+00 -6.621970176696777344e+00 1.430595159530639648e+00
4.993559265136718750e+02 3.472863674163818359e+00 1.232693576812744141e+01 1.572999000549316406e+01 5.598807334899902344e+00 3.671945333480834961e-01
5.909762573242187500e+02 8.878713250160217285e-01 7.109780788421630859e+00 -1.744937896728515625e-01 -3.381204605102539062e-01 4.949988126754760742e-01
5.084890441894531250e+02 2.629068374633789062e+00 1.070254135131835938e+01 -7.837905883789062500e+00 -5.414494514465332031e+00 6.433120965957641602e-01
5.678305053710937500e+02 8.936327099800109863e-01 7.236123085021972656e+00 -1.933705806732177734e+00 -1.773967742919921875e+00 5.995749831199645996e-01
4.520680541992187500e+02 3.139417648315429688e+00 1.182729625701904297e+01 1.169927787780761719e+01 6.721513271331787109e+00 5.752572417259216309e-01
4.999518432617187500e+02 1.701145887374877930e+00 8.690602302551269531e+00 -1.612436771392822266e+00 -7.376706600189208984e-01 4.491859674453735352e-01
4.621971740722656250e+02 3.183789253234863281e+00 1.170417022705078125e+01 1.258192062377929688e+01 6.063671112060546875e+00 4.705044031143188477e-01
4.519339599609375000e+02 3.610107898712158203e+00 1.246103763580322266e+01 8.540387153625488281e+00 9.684335708618164062e+00 1.177349448204040527e+00
5.241542358398437500e+02 2.072783946990966797e+00 9.614186286926269531e+00 -1.204897689819335938e+01 -6.027873992919921875e+00 4.975106120109558105e-01
8.855148315429687500e+01 1.296852231025695801e+00 8.133996963500976562e+00 -6.714785099029541016e-01 -8.945226669311523438e-02 1.052794575691223145e+00
4.910281982421875000e+02 3.326659202575683594e+00 1.168639564514160156e+01 4.496612548828125000e+00 7.348668575286865234e+00 1.730494260787963867e+00
4.742341613769531250e+02 3.158626079559326172e+00 1.178061580657958984e+01 1.318818092346191406e+01 5.955433845520019531e+00 4.645785093307495117e-01
4.331882934570312500e+02 3.159166812896728516e+00 1.164022064208984375e+01 1.329590797424316406e+01 6.280667781829833984e+00 4.742713272571563721e-01
4.489422302246093750e+02 1.553495287895202637e+00 8.579994201660156250e+00 -1.815521717071533203e-01 -4.604101181030273438e-02 6.533836126327514648e-01
4.719123229980468750e+02 1.749077320098876953e+00 9.157239913940429688e+00 -1.121968841552734375e+01 -4.533257484436035156e+00 4.036597609519958496e-01
5.388674926757812500e+02 2.481309413909912109e+00 1.011801624298095703e+01 -8.832412719726562500e+00 -5.593143463134765625e+00 5.836146473884582520e-01
4.532116394042968750e+02 3.414397716522216797e+00 1.212675476074218750e+01 8.616201400756835938e+00 5.580499172210693359e+00 6.709570288658142090e-01
5.887008056640625000e+02 2.824902057647705078e+00 1.096705818176269531e+01 -1.897037315368652344e+01 -1.359518146514892578e+01 6.916265487670898438e-01
5.372315673828125000e+02 1.100519537925720215e+00 7.517590522766113281e+00 1.022458076477050781e-01 -4.835414886474609375e-01 8.100331425666809082e-01
5.362517700195312500e+02 1.486342787742614746e+00 8.313876152038574219e+00 -3.817365169525146484e+00 -3.242318630218505859e+00 7.413875460624694824e-01
5.050596313476562500e+02 3.500939607620239258e+00 1.210263633728027344e+01 -1.033534431457519531e+01 -1.245800590515136719e+01 1.133344888687133789e+00
4.904011230468750000e+02 2.927409648895263672e+00 1.112020492553710938e+01 -4.527050018310546875e+00 -6.616596221923828125e+00 1.393731355667114258e+00
9.596604919433593750e+01 1.364608407020568848e+00 8.077235221862792969e+00 -2.173045873641967773e+00 -1.257416009902954102e+00 5.994241833686828613e-01
4.967133483886718750e+02 1.481424689292907715e+00 8.145334243774414062e+00 -2.294079065322875977e+00 -2.402482032775878906e+00 9.183439016342163086e-01
5.242521972656250000e+02 2.103121042251586914e+00 9.472065925598144531e+00 1.067363929748535156e+01 1.257921981811523438e+01 1.212254047393798828e+00
4.046429138183593750e+02 1.521079897880554199e+00 8.304744720458984375e+00 -9.563379287719726562e+00 -6.626263618469238281e+00 6.915122270584106445e-01
5.080163879394531250e+02 2.489492893218994141e+00 1.034601497650146484e+01 -7.548779487609863281e+00 -9.417446136474609375e+00 1.205895304679870605e+00
4.918514709472656250e+02 2.436995983123779297e+00 1.040134811401367188e+01 -1.059008693695068359e+01 -8.236536026000976562e+00 7.564436793327331543e-01
3.901683807373046875e+01 1.178010344505310059e+00 7.819542407989501953e+00 -1.888730525970458984e+00 -6.641757488250732422e-01 4.014804959297180176e-01
4.304240112304687500e+02 7.188569307327270508e-01 6.676320552825927734e+00 -6.438910961151123047e-01 -1.399350166320800781e-01 5.040471553802490234e-01
4.968273315429687500e+02 1.541320919990539551e+00 8.620822906494140625e+00 -3.986034393310546875e+00 -3.996516466140747070e+00 9.689601659774780273e-01
4.995093688964843750e+02 3.083297252655029297e+00 1.155033493041992188e+01 1.366696548461914062e+01 7.049243450164794922e+00 5.298947095870971680e-01
4.516751708984375000e+02 2.346246242523193359e+00 1.018968582153320312e+01 -4.911380767822265625e+00 -2.825893163681030273e+00 5.475293397903442383e-01
4.875289306640625000e+02 3.198722839355468750e+00 1.160679721832275391e+01 -1.359093379974365234e+01 -1.575154018402099609e+01 1.145672917366027832e+00
4.533547058105468750e+02 1.834524631500244141e+00 9.081794738769531250e+00 -8.201037406921386719e+00 -6.361528396606445312e+00 7.502121329307556152e-01
4.923463439941406250e+02 1.577157378196716309e+00 8.468723297119140625e+00 -3.171505928039550781e+00 -2.542425394058227539e+00 7.241103649139404297e-01
5.246427001953125000e+02 3.231075763702392578e+00 1.191742515563964844e+01 4.528663158416748047e+00 2.683072090148925781e+00 7.795127630233764648e-01
5.153587646484375000e+02 6.452249288558959961e-01 6.677704811096191406e+00 -9.280204772949218750e-02 -4.731249809265136719e-01 1.154608488082885742e+00
7.748180389404296875e+01 1.453236460685729980e+00 8.120437622070312500e+00 2.216882705688476562e+00 9.990978240966796875e-01 3.902865052223205566e-01
5.017197265625000000e+02 3.873962402343750000e+00 1.301292324066162109e+01 5.621037483215332031e+00 3.167185783386230469e+00 6.340007781982421875e-01
4.631051635742187500e+02 3.257536649703979492e+00 1.154470634460449219e+01 9.232616424560546875e+00 8.609871864318847656e+00 9.034852981567382812e-01
4.607034606933593750e+02 1.563615083694458008e+00 8.510082244873046875e+00 -7.111463546752929688e+00 -7.839472293853759766e+00 1.094641923904418945e+00
5.123066406250000000e+02 1.303720116615295410e+00 7.896598815917968750e+00 -2.183922529220581055e+00 -1.409933567047119141e+00 6.758022308349609375e-01
4.602806701660156250e+02 1.675503611564636230e+00 8.680585861206054688e+00 -8.444841384887695312e+00 -6.611630916595458984e+00 8.041828870773315430e-01
4.531258239746093750e+02 1.223173379898071289e+00 7.940869331359863281e+00 -2.841116189956665039e+00 -2.409086227416992188e+00 8.712422847747802734e-01
5.402866821289062500e+02 6.317591667175292969e-01 6.654330253601074219e+00 -1.371189355850219727e+00 -4.614865779876708984e-01 3.296928107738494873e-01
4.891631469726562500e+02 3.653211832046508789e+00 1.263328075408935547e+01 -1.028448963165283203e+01 -1.266477870941162109e+01 1.219218134880065918e+00
5.142386474609375000e+02 3.553472042083740234e+00 1.256175613403320312e+01 1.660891342163085938e+01 1.386525917053222656e+01 8.604037761688232422e-01
4.506983337402343750e+02 3.152336597442626953e+00 1.164951705932617188e+01 -8.840632438659667969e-01 -4.089701175689697266e-01 5.664620399475097656e-01
5.050752563476562500e+02 1.452747941017150879e+00 8.353134155273437500e+00 -8.054935932159423828e-01 -1.068373918533325195e+00 9.816601872444152832e-01
4.987619934082031250e+02 2.995128631591796875e+00 1.149819183349609375e+01 5.192313194274902344e+00 3.097662925720214844e+00 6.622017025947570801e-01
5.197748413085937500e+02 2.153123855590820312e+00 1.002862071990966797e+01 -6.728347778320312500e+00 -4.105816841125488281e+00 5.968517661094665527e-01
5.374381103515625000e+02 3.306263446807861328e+00 1.229342460632324219e+01 -6.605663299560546875e+00 -6.133803367614746094e+00 8.639054298400878906e-01
4.671945495605468750e+02 2.982123136520385742e+00 1.114765071868896484e+01 9.221553802490234375e+00 4.620730876922607422e+00 4.967747330665588379e-01
5.064328613281250000e+02 1.579103589057922363e+00 8.764366149902343750e+00 -3.578237295150756836e+00 -4.818835258483886719e+00 1.274942636489868164e+00
4.257385253906250000e+02 2.114420890808105469e+00 9.404812812805175781e+00 -8.918329238891601562e+00 -6.746964454650878906e+00 7.358538508415222168e-01
5.373345336914062500e+02 3.218102455139160156e+00 1.188221454620361328e+01 1.472876358032226562e+01 3.731639385223388672e+00 2.692903876304626465e-01
5.578767700195312500e+02 2.605154752731323242e+00 1.072887706756591797e+01 -6.853760719299316406e+00 -5.577223300933837891e+00 7.257831096649169922e-01
4.976973571777343750e+02 1.414219260215759277e+00 8.115039825439453125e+00 -2.343447208404541016e+00 -2.838115692138671875e+00 1.081518173217773438e+00
4.550567016601562500e+02 3.369277477264404297e+00 1.235952568054199219e+01 1.171556663513183594e+01 6.908516883850097656e+00 5.971721410751342773e-01
4.881827392578125000e+02 3.282932758331298828e+00 1.167583751678466797e+01 8.027167320251464844e+00 5.636196136474609375e+00 7.004102468490600586e-01
5.151782226562500000e+02 1.697985529899597168e+00 8.878232955932617188e+00 -5.626653671264648438e+00 -4.913254737854003906e+00 8.785879611968994141e-01
4.700778808593750000e+02 1.821721196174621582e+00 8.993666648864746094e+00 -7.150492668151855469e+00 -4.955198764801025391e+00 6.952439546585083008e-01
5.643209838867187500e+02 2.238781452178955078e+00 9.932035446166992188e+00 -1.277611541748046875e+01 -6.825110912322998047e+00 5.049840211868286133e-01
7.020037841796875000e+02 1.563286423683166504e+00 8.448340415954589844e+00 1.683928966522216797e+00 4.179596900939941406e-01 5.049910545349121094e-01
4.541449890136718750e+02 2.790361404418945312e+00 1.094817161560058594e+01 1.012209701538085938e+01 1.035917472839355469e+01 1.064803719520568848e+00
7.811114501953125000e+02 1.107882380485534668e+00 7.366926193237304688e+00 2.429049015045166016e+00 8.745098114013671875e-01 5.479768514633178711e-01
4.671266174316406250e+02 2.614313125610351562e+00 1.065066528320312500e+01 1.809666156768798828e+00 1.265153884887695312e+00 6.633886694908142090e-01
4.323438110351562500e+02 3.685857772827148438e+00 1.293970966339111328e+01 -1.612675189971923828e-01 -2.007651329040527344e-01 1.108310461044311523e+00
4.659270324707031250e+02 3.074231624603271484e+00 1.146387958526611328e+01 -1.000204181671142578e+01 -1.223657226562500000e+01 1.251422882080078125e+00
5.607756958007812500e+02 1.596423506736755371e+00 8.450625419616699219e+00 1.709971427917480469e+00 4.261469841003417969e-01 2.351544201374053955e-01
4.780580139160156250e+02 1.755676269531250000e+00 8.795164108276367188e+00 -7.110649108886718750e+00 -5.060174465179443359e+00 7.446048259735107422e-01
6.361051025390625000e+02 1.977670192718505859e+00 9.493047714233398438e+00 3.904557228088378906e+00 1.533625125885009766e+00 4.297724962234497070e-01
5.473305664062500000e+02 3.612138986587524414e+00 1.241446590423583984e+01 -1.259075736999511719e+01 -1.135908126831054688e+01 8.427479863166809082e-01
7.636520996093750000e+02 1.138538956642150879e+00 7.447790622711181641e+00 2.555150985717773438e+00 9.185504913330078125e-01 5.084663033485412598e-01
5.226423339843750000e+02 1.149018526077270508e+00 7.557099342346191406e+00 -9.989535808563232422e-01 -6.030929088592529297e-01 5.720366835594177246e-01
4.662139892578125000e+02 3.159548044204711914e+00 1.149545192718505859e+01 1.383637905120849609e+01 6.459765434265136719e+00 4.721100330352783203e-01
4.580463867187500000e+02 3.780852317810058594e+00 1.307435989379882812e+01 -6.745280265808105469e+00 -9.607894897460937500e+00 1.402092933654785156e+00
4.437833251953125000e+02 1.701356530189514160e+00 8.662000656127929688e+00 -7.951016426086425781e+00 -1.177117252349853516e+01 1.505871534347534180e+00
5.073225097656250000e+02 3.586907863616943359e+00 1.257602119445800781e+01 -7.556352615356445312e+00 -5.527750015258789062e+00 6.742298603057861328e-01
5.466151733398437500e+02 1.318320274353027344e+00 8.043401718139648438e+00 -6.575241088867187500e+00 -5.892043113708496094e+00 8.233826756477355957e-01
4.390062255859375000e+02 3.125476837158203125e+00 1.170989894866943359e+01 1.526766967773437500e+01 4.165449142456054688e+00 2.741021513938903809e-01
4.676427001953125000e+02 3.099885940551757812e+00 1.160296058654785156e+01 5.697402954101562500e+00 5.122132301330566406e+00 9.951009750366210938e-01
5.060247802734375000e+02 7.832581996917724609e-01 7.044115543365478516e+00 1.732192039489746094e+00 5.212712287902832031e-01 5.044726133346557617e-01
4.898163757324218750e+02 3.864029169082641602e+00 1.286808395385742188e+01 -3.856743574142456055e+00 -5.700887680053710938e+00 1.485559821128845215e+00
5.345482177734375000e+02 2.980953216552734375e+00 1.123009109497070312e+01 4.785230159759521484e+00 3.311655521392822266e+00 7.609417438507080078e-01
6.210026855468750000e+02 8.403066396713256836e-01 7.221677780151367188e+00 -1.711124181747436523e+00 -1.138726472854614258e+00 5.354244709014892578e-01
5.302896728515625000e+02 2.977400779724121094e+00 1.140936946868896484e+01 -8.246089935302734375e+00 -4.808154106140136719e+00 5.792258977890014648e-01
5.771772460937500000e+02 9.058364033699035645e-01 7.190423965454101562e+00 -6.436383724212646484e-01 -7.302248477935791016e-01 6.094140410423278809e-01
4.737904968261718750e+02 3.073047876358032227e+00 1.155917167663574219e+01 1.381094455718994141e+01 6.752634048461914062e+00 4.738232791423797607e-01
9.766104125976562500e+01 1.292803168296813965e+00 7.749255180358886719e+00 -3.935583829879760742e+00 -1.839247941970825195e+00 5.378043651580810547e-01
5.177186889648437500e+02 3.265855073928833008e+00 1.182109928131103516e+01 -1.033431529998779297e+01 -1.047653198242187500e+01 9.534367322921752930e-01
6.211976928710937500e+02 3.360626697540283203e+00 1.211536979675292969e+01 -6.166381835937500000e+00 -5.206679344177246094e+00 7.476857900619506836e-01
5.159287109375000000e+02 2.902489662170410156e+00 1.124518394470214844e+01 -4.871339797973632812e+00 -5.336822509765625000e+00 9.764165878295898438e-01
6.070991210937500000e+02 9.242547750473022461e-01 7.075368881225585938e+00 2.155399322509765625e-01 -4.271984100341796875e-02 3.181482851505279541e-01
4.544801635742187500e+02 3.066600561141967773e+00 1.144141578674316406e+01 7.397201061248779297e+00 4.312641620635986328e+00 6.187099814414978027e-01
6.305675659179687500e+02 2.913128137588500977e+00 1.128310489654541016e+01 9.808554649353027344e+00 2.121331691741943359e+00 2.420270144939422607e-01
4.611117248535156250e+02 8.154091238975524902e-01 7.115134239196777344e+00 -2.364139556884765625e+00 -2.554568052291870117e+00 1.070010542869567871e+00
4.975807800292968750e+02 1.543800711631774902e+00 8.472904205322265625e+00 -2.464164495468139648e+00 -2.561223506927490234e+00 8.843553066253662109e-01
4.263867492675781250e+02 3.188389778137207031e+00 1.185427665710449219e+01 7.911069393157958984e+00 6.824088096618652344e+00 8.710359930992126465e-01
5.839962768554687500e+02 3.479199409484863281e+00 1.229284286499023438e+01 6.820616722106933594e+00 3.060557842254638672e+00 4.708853363990783691e-01
4.892879028320312500e+02 1.370000720024108887e+00 8.110651016235351562e+00 -1.523486375808715820e+00 -1.577873229980468750e+00 8.426573276519775391e-01
4.862657470703125000e+02 3.735099315643310547e+00 1.245567989349365234e+01 -4.211030006408691406e+00 -4.345120429992675781e+00 9.987747073173522949e-01
4.533450927734375000e+02 1.743655681610107422e+00 8.806215286254882812e+00 -7.686030864715576172e+00 -7.470967769622802734e+00 9.727341532707214355e-01
1.557731323242187500e+02 4.655115604400634766e-01 6.222979068756103516e+00 -7.214903831481933594e-01 -9.198951721191406250e-01 7.734343409538269043e-01
4.374176025390625000e+02 6.154727935791015625e-01 6.463969230651855469e+00 1.314835548400878906e+00 1.376459598541259766e+00 1.126425027847290039e+00
5.011587219238281250e+02 3.205011129379272461e+00 1.194382476806640625e+01 8.053419113159179688e+00 8.722698211669921875e+00 1.122849225997924805e+00
5.028931274414062500e+02 3.745424747467041016e+00 1.273929786682128906e+01 1.658673286437988281e+01 1.081107616424560547e+01 6.577600240707397461e-01
4.206199035644531250e+02 3.459162712097167969e+00 1.209820556640625000e+01 1.206433773040771484e+01 9.689574241638183594e+00 8.423750400543212891e-01
5.045156555175781250e+02 1.604092121124267578e+00 8.577730178833007812e+00 -2.966055870056152344e+00 -1.489742994308471680e+00 5.316507220268249512e-01
4.571936645507812500e+02 1.729723572731018066e+00 8.520533561706542969e+00 -7.113641738891601562e+00 -7.183320522308349609e+00 1.019619226455688477e+00
4.693182373046875000e+02 3.207913875579833984e+00 1.144212150573730469e+01 1.190086364746093750e+01 5.962634086608886719e+00 5.035476684570312500e-01
4.217008972167968750e+02 1.655378103256225586e+00 8.468850135803222656e+00 -6.050906181335449219e+00 -6.433549880981445312e+00 1.041367173194885254e+00
9.682665252685546875e+01 1.740917325019836426e+00 8.679216384887695312e+00 -1.624144315719604492e+00 -7.679665088653564453e-01 4.467910528182983398e-01
5.045828247070312500e+02 3.632905960083007812e+00 1.260717582702636719e+01 -9.320822715759277344e+00 -7.381753921508789062e+00 7.916850447654724121e-01
5.654837646484375000e+02 3.385596752166748047e+00 1.191908645629882812e+01 6.606545448303222656e+00 2.202811241149902344e+00 3.746882677078247070e-01
4.610550842285156250e+02 3.152056694030761719e+00 1.153125667572021484e+01 1.391527175903320312e+01 5.087025165557861328e+00 3.697366714477539062e-01
4.970755920410156250e+02 1.626182079315185547e+00 8.680914878845214844e+00 -9.037382125854492188e+00 -9.439210891723632812e+00 9.999170899391174316e-01
4.224904479980468750e+02 2.838125228881835938e+00 1.089873313903808594e+01 2.763676643371582031e-01 7.948875427246093750e-02 5.375892519950866699e-01
6.474539794921875000e+02 2.435145378112792969e+00 1.022331428527832031e+01 -6.854084968566894531e+00 -1.213265657424926758e+00 1.696744412183761597e-01
4.606313171386718750e+02 1.309134244918823242e+00 8.115822792053222656e+00 -5.749497413635253906e+00 -5.008420944213867188e+00 9.093466401100158691e-01
5.144205932617187500e+02 1.667157649993896484e+00 8.497046470642089844e+00 6.887009143829345703e+00 6.959843635559082031e+00 1.133681654930114746e+00
4.638112487792968750e+02 3.285898208618164062e+00 1.182869625091552734e+01 8.854810714721679688e+00 6.497421264648437500e+00 7.495139837265014648e-01
4.278222961425781250e+02 1.231745719909667969e+00 8.085157394409179688e+00 -4.785226821899414062e+00 -3.054522275924682617e+00 6.214364767074584961e-01
5.120104370117187500e+02 1.348826289176940918e+00 8.259824752807617188e+00 -4.341434478759765625e+00 -2.479530572891235352e+00 5.226590633392333984e-01
5.263607788085937500e+02 1.421316385269165039e+00 8.125114440917968750e+00 -5.729131698608398438e+00 -4.784286022186279297e+00 7.903015613555908203e-01
4.948471984863281250e+02 1.739731431007385254e+00 8.721472740173339844e+00 -6.133329868316650391e-01 -9.692597389221191406e-01 1.109843373298645020e+00
5.939193725585937500e+02 3.599617481231689453e+00 1.281155967712402344e+01 -9.198943138122558594e+00 -6.070238113403320312e+00 6.306161880493164062e-01
5.039161682128906250e+02 3.242899894714355469e+00 1.183392906188964844e+01 1.573934078216552734e+01 5.742650032043457031e+00 3.728830516338348389e-01
4.357094421386718750e+02 7.032893896102905273e-01 6.828030109405517578e+00 -1.406742334365844727e+00 -8.604550361633300781e-01 6.499823927879333496e-01
5.286995239257812500e+02 1.955626726150512695e+00 9.500934600830078125e+00 -3.093068599700927734e+00 -2.465006113052368164e+00 7.179161310195922852e-01
4.555446166992187500e+02 1.964473366737365723e+00 9.100938796997070312e+00 -8.681287765502929688e+00 -7.693537712097167969e+00 8.773142099380493164e-01
4.959153137207031250e+02 3.598719596862792969e+00 1.250045871734619141e+01 1.739393043518066406e+01 8.508375167846679688e+00 5.005550980567932129e-01
4.581708374023437500e+02 7.928145527839660645e-01 6.812836647033691406e+00 -3.169143199920654297e+00 -3.727326393127441406e+00 1.188293457031250000e+00
4.877182617187500000e+02 3.696858406066894531e+00 1.262852668762207031e+01 -1.526492595672607422e+01 -1.749531936645507812e+01 1.145042181015014648e+00
4.586531677246093750e+02 5.401561856269836426e-01 6.354684829711914062e+00 -1.155360937118530273e+00 -1.070512533187866211e+00 6.647900342941284180e-01
4.544480285644531250e+02 1.483147740364074707e+00 8.140896797180175781e+00 -3.422638177871704102e+00 -3.747057914733886719e+00 1.063679218292236328e+00
7.908358764648437500e+02 3.030741214752197266e+00 1.137352275848388672e+01 -1.855506324768066406e+01 -7.697015762329101562e+00 4.088880121707916260e-01
4.527976379394531250e+02 1.653558492660522461e+00 8.748514175415039062e+00 -7.268354892730712891e+00 -8.025272369384765625e+00 1.119925856590270996e+00
9.226589202880859375e+01 2.120583057403564453e+00 9.403324127197265625e+00 8.227114677429199219e+00 4.841232299804687500e+00 5.873271822929382324e-01
4.684910278320312500e+02 3.166173934936523438e+00 1.190101146697998047e+01 1.330630493164062500e+01 4.866437911987304688e+00 3.679259121417999268e-01
5.222037353515625000e+02 1.421230554580688477e+00 7.973240375518798828e+00 -3.561118841171264648e+00 -1.656624078750610352e+00 4.317601025104522705e-01
5.495249633789062500e+02 1.502762198448181152e+00 8.673990249633789062e+00 -2.423808574676513672e+00 -1.693356037139892578e+00 6.665229797363281250e-01
5.187761230468750000e+02 3.798881530761718750e+00 1.319779872894287109e+01 -1.596918869018554688e+01 -1.783086013793945312e+01 1.092048168182373047e+00
4.511316833496093750e+02 3.762395381927490234e+00 1.283512496948242188e+01 7.800126075744628906e-01 1.006858348846435547e+00 1.372468709945678711e+00
4.434854431152343750e+02 1.507900953292846680e+00 8.083721160888671875e+00 -2.509555816650390625e+00 -2.356538772583007812e+00 9.366350769996643066e-01
4.606057739257812500e+02 3.226191997528076172e+00 1.185812187194824219e+01 7.093410491943359375e+00 6.654474735260009766e+00 8.987266421318054199e-01
4.320272827148437500e+02 1.379268646240234375e+00 8.004065513610839844e+00 -7.291481494903564453e+00 -4.709454536437988281e+00 6.289422512054443359e-01
5.228826904296875000e+02 7.940451502799987793e-01 7.246448516845703125e+00 -8.110356330871582031e-01 -8.999955654144287109e-01 1.023268818855285645e+00
4.701326293945312500e+02 2.095066070556640625e+00 9.604963302612304688e+00 -1.304639911651611328e+01 -9.692040443420410156e+00 7.194119095802307129e-01
8.132518768310546875e+01 1.616028666496276855e+00 8.562099456787109375e+00 1.384854316711425781e+00 1.358976364135742188e+00 6.701332926750183105e-01
4.703008728027343750e+02 7.900114655494689941e-01 6.889987945556640625e+00 -2.918994426727294922e+00 -3.474662303924560547e+00 1.233669757843017578e+00
4.610550842285156250e+02 3.152056694030761719e+00 1.153125667572021484e+01 1.391527175903320312e+01 5.087025165557861328e+00 3.697366714477539062e-01
5.217248535156250000e+02 2.245722770690917969e+00 9.504072189331054688e+00 3.754043579101562500e-01 -2.684879302978515625e-01 2.669505476951599121e-01
4.633069152832031250e+02 2.651737928390502930e+00 1.076259994506835938e+01 -1.164520263671875000e+01 -9.580956459045410156e+00 7.927083969116210938e-01
4.899232482910156250e+02 1.973182320594787598e+00 9.086774826049804688e+00 -8.433420181274414062e+00 -7.196485996246337891e+00 8.215066194534301758e-01
6.121704711914062500e+02 3.290391921997070312e+00 1.186041927337646484e+01 8.380241394042968750e+00 3.313927650451660156e+00 4.158061146736145020e-01
5.025874633789062500e+02 1.270793318748474121e+00 8.045127868652343750e+00 -2.820253372192382812e+00 -2.783802747726440430e+00 8.822222948074340820e-01
5.261933593750000000e+02 2.234153747558593750e+00 9.742354393005371094e+00 -9.632827758789062500e+00 -2.927085161209106445e+00 2.642973065376281738e-01
4.255603637695312500e+02 3.878365755081176758e-01 6.183143615722656250e+00 1.493716239929199219e-01 -1.684904098510742188e-02 1.002670764923095703e+00
6.191926269531250000e+02 9.033609032630920410e-01 7.375473976135253906e+00 -1.074059009552001953e+00 -9.140682220458984375e-01 3.492827713489532471e-01
4.655265197753906250e+02 1.253476977348327637e+00 8.079642295837402344e+00 -5.905814170837402344e+00 -3.277666568756103516e+00 5.461865067481994629e-01
5.583524169921875000e+02 1.589430451393127441e+00 8.515830039978027344e+00 -5.824059486389160156e+00 -1.952456235885620117e+00 2.950123846530914307e-01
5.269346923828125000e+02 1.110284566879272461e+00 7.452898979187011719e+00 3.431124687194824219e+00 1.625857353210449219e+00 5.364056825637817383e-01
4.214042053222656250e+02 1.889359712600708008e+00 8.883508682250976562e+00 -7.783820629119873047e+00 -6.406210899353027344e+00 8.116230368614196777e-01
5.473724365234375000e+02 5.434551239013671875e-01 6.613182067871093750e+00 1.843643188476562500e-01 -3.001809120178222656e-01 8.933394551277160645e-01
5.520911865234375000e+02 3.419225931167602539e+00 1.235119438171386719e+01 -6.492006778717041016e+00 -4.037506580352783203e+00 5.865001678466796875e-01
5.230649414062500000e+02 3.842928886413574219e+00 1.307337951660156250e+01 -4.052339553833007812e+00 -7.934527397155761719e+00 1.724237799644470215e+00
5.579810791015625000e+02 3.645766735076904297e+00 1.287690925598144531e+01 5.821816921234130859e+00 2.320466041564941406e+00 4.116859734058380127e-01
5.221925048828125000e+02 9.755264520645141602e-01 7.521701335906982422e+00 7.463097572326660156e-01 -1.266622543334960938e-01 1.085958957672119141e+00
5.013160095214843750e+02 1.411711931228637695e+00 7.791705608367919922e+00 -5.131468772888183594e+00 -4.561228752136230469e+00 7.912575006484985352e-01
5.524901733398437500e+02 1.298764467239379883e+00 8.018342018127441406e+00 1.686623096466064453e+00 2.811646461486816406e-01 4.798972308635711670e-01
5.681134643554687500e+02 2.736504077911376953e+00 1.081797790527343750e+01 -2.696259021759033203e+00 -7.233953475952148438e-01 3.224378824234008789e-01
4.708220520019531250e+02 3.098517417907714844e+00 1.169359302520751953e+01 1.271517276763916016e+01 6.253709793090820312e+00 5.068827271461486816e-01
4.350846252441406250e+02 2.988953590393066406e+00 1.140597915649414062e+01 6.285152435302734375e+00 5.434255599975585938e+00 8.646262884140014648e-01
4.919730529785156250e+02 1.674392461776733398e+00 8.747926712036132812e+00 -2.593274116516113281e+00 -1.827695369720458984e+00 5.497565269470214844e-01
5.179433593750000000e+02 3.161599397659301758e+00 1.164975929260253906e+01 -7.896266937255859375e+00 -8.306125640869140625e+00 9.927622079849243164e-01
4.718332824707031250e+02 1.500870704650878906e+00 8.501497268676757812e+00 -8.535351753234863281e+00 -8.467039108276367188e+00 9.660633802413940430e-01
5.278198852539062500e+02 3.855481147766113281e+00 1.316629219055175781e+01 1.368965625762939453e+01 5.014681816101074219e+00 3.853788673877716064e-01
4.522482910156250000e+02 3.802404880523681641e+00 1.298821067810058594e+01 -5.871448516845703125e+00 -9.770179748535156250e+00 1.653930187225341797e+00
4.856709899902343750e+02 1.589793086051940918e+00 8.601160049438476562e+00 -8.149403572082519531e+00 -5.935865402221679688e+00 7.137496471405029297e-01
5.181146850585937500e+02 2.794930934906005859e+00 1.098320484161376953e+01 -8.856393814086914062e+00 -7.538028717041015625e+00 8.164772987365722656e-01
4.512494201660156250e+02 1.740468859672546387e+00 8.919963836669921875e+00 -8.391966819763183594e+00 -9.532785415649414062e+00 1.108888506889343262e+00
4.259364013671875000e+02 3.310123920440673828e+00 1.195328521728515625e+01 4.954292774200439453e+00 5.156939029693603516e+00 1.070768594741821289e+00
5.239526977539062500e+02 8.068965077400207520e-01 6.828337669372558594e+00 -3.427597284317016602e+00 -2.205169200897216797e+00 5.852980017662048340e-01
5.357240600585937500e+02 1.507760763168334961e+00 8.266890525817871094e+00 3.391983509063720703e+00 8.635759353637695312e-01 3.291422128677368164e-01
4.376820983886718750e+02 2.561953306198120117e+00 1.037458896636962891e+01 -8.677827835083007812e+00 -4.943437576293945312e+00 5.820128917694091797e-01
6.162523193359375000e+02 2.104382991790771484e+00 9.503165245056152344e+00 -1.519473791122436523e+00 -1.057261228561401367e+00 5.121452212333679199e-01
4.620877380371093750e+02 3.732801914215087891e+00 1.273621940612792969e+01 -1.310907268524169922e+01 -7.289657592773437500e+00 5.467407107353210449e-01
4.644343261718750000e+02 3.815150260925292969e+00 1.321448707580566406e+01 -5.209426879882812500e+00 -2.495626211166381836e+00 4.941232800483703613e-01
4.516832275390625000e+02 1.799847602844238281e+00 8.883811950683593750e+00 -8.218725204467773438e+00 -7.498227119445800781e+00 8.834048509597778320e-01
5.354317016601562500e+02 1.505600690841674805e+00 8.287147521972656250e+00 -5.635011196136474609e-01 -6.165575981140136719e-01 7.582039237022399902e-01
5.294794311523437500e+02 1.198317885398864746e+00 7.680526733398437500e+00 -4.670411109924316406e+00 -3.853518962860107422e+00 7.228837013244628906e-01
5.514154663085937500e+02 7.809743881225585938e-01 6.937448024749755859e+00 -9.398460388183593750e-03 -4.005777835845947266e-01 5.518519282341003418e-01
4.268392944335937500e+02 2.879359245300292969e+00 1.106189155578613281e+01 -7.277536392211914062e-01 -6.914782524108886719e-01 8.619317412376403809e-01
5.479141235351562500e+02 2.356457233428955078e+00 1.006877422332763672e+01 -1.478512096405029297e+01 -7.463492393493652344e+00 4.837736487388610840e-01
5.533252563476562500e+02 8.530712723731994629e-01 6.983493804931640625e+00 -1.031135320663452148e+00 -4.205799102783203125e-01 1.569205671548843384e-01
4.327496643066406250e+02 2.957794666290283203e+00 1.117715549468994141e+01 1.525951862335205078e+01 8.920242309570312500e+00 5.795867443084716797e-01
4.514856872558593750e+02 1.813345909118652344e+00 8.947784423828125000e+00 -6.323268413543701172e+00 -5.353999137878417969e+00 8.500384688377380371e-01
4.544866027832031250e+02 1.668175458908081055e+00 8.925460815429687500e+00 -7.310685157775878906e+00 -6.492023468017578125e+00 8.754782676696777344e-01
5.437941284179687500e+02 1.015339374542236328e+00 7.140944957733154297e+00 -1.560505628585815430e+00 -9.288108348846435547e-01 4.379422068595886230e-01
4.640316162109375000e+02 1.471805572509765625e+00 8.426445007324218750e+00 -1.933765411376953125e+00 -1.812750101089477539e+00 1.004904985427856445e+00
4.779357299804687500e+02 3.497897148132324219e+00 1.242495822906494141e+01 7.830662727355957031e+00 1.005521583557128906e+01 1.347028255462646484e+00
7.839109039306640625e+01 2.054831027984619141e+00 9.435314178466796875e+00 8.876287460327148438e+00 5.173077583312988281e+00 5.507671236991882324e-01
4.933435974121093750e+02 2.767918109893798828e+00 1.096131706237792969e+01 9.479896545410156250e+00 5.447187423706054688e+00 6.141437292098999023e-01
5.401601562500000000e+02 4.335787892341613770e-01 6.165046691894531250e+00 -2.093386650085449219e-01 -4.976201057434082031e-01 7.915805578231811523e-01
