0.000000000000000000e+00 3.749678611755371094e+00 2.931116223335266113e-01 0.000000000000000000e+00
7.130973339080810547e+00 3.132604598999023438e+00 3.067469894886016846e-01 0.000000000000000000e+00
1.404043197631835938e+01 3.422078371047973633e+00 2.952061891555786133e-01 0.000000000000000000e+00
1.606022071838378906e+01 3.297097444534301758e+00 4.123357236385345459e-01 0.000000000000000000e+00
2.101455497741699219e+01 3.323291063308715820e+00 6.268196105957031250e-01 0.000000000000000000e+00
2.704377746582031250e+01 3.145419120788574219e+00 3.752653598785400391e-01 0.000000000000000000e+00
3.204212570190429688e+01 3.555708885192871094e+00 3.489738404750823975e-01 0.000000000000000000e+00
4.203032684326171875e+01 3.356084346771240234e+00 3.113920986652374268e-01 0.000000000000000000e+00
5.797101593017578125e+01 3.092173099517822266e+00 5.522655844688415527e-01 0.000000000000000000e+00
6.095668792724609375e+01 3.227275609970092773e+00 4.065763056278228760e-01 0.000000000000000000e+00
6.395912551879882812e+01 2.951125383377075195e+00 3.249327838420867920e-01 0.000000000000000000e+00
2.721289978027343750e+02 1.775104999542236328e-01 2.610616385936737061e-01 0.000000000000000000e+00
2.791701049804687500e+02 1.617825031280517578e-01 1.122049391269683838e-01 0.000000000000000000e+00
2.831278076171875000e+02 5.403007939457893372e-02 2.169183343648910522e-01 0.000000000000000000e+00
2.991318969726562500e+02 5.773152709007263184e-01 8.089318126440048218e-02 0.000000000000000000e+00
3.030726928710937500e+02 7.838510274887084961e-01 1.371150314807891846e-01 0.000000000000000000e+00
3.110515747070312500e+02 4.787438809871673584e-01 1.373205333948135376e-01 0.000000000000000000e+00
3.150407714843750000e+02 2.110425949096679688e+00 8.072562813758850098e-01 0.000000000000000000e+00
3.280546264648437500e+02 1.623117804527282715e+00 3.801707327365875244e-01 0.000000000000000000e+00
3.379787292480468750e+02 2.079942226409912109e+00 1.381270885467529297e-01 0.000000000000000000e+00
3.449705505371093750e+02 1.663408041000366211e+00 3.455385863780975342e-01 0.000000000000000000e+00
3.519610290527343750e+02 3.042587041854858398e-01 4.656110703945159912e-01 0.000000000000000000e+00
3.610982971191406250e+02 1.533987641334533691e+00 4.008148238062858582e-02 0.000000000000000000e+00
3.649256286621093750e+02 1.512606620788574219e+00 3.364306092262268066e-01 0.000000000000000000e+00
3.719294433593750000e+02 1.767759084701538086e+00 2.063552588224411011e-01 0.000000000000000000e+00
3.810239562988281250e+02 1.395214200019836426e-01 2.518633604049682617e-01 0.000000000000000000e+00
3.850198669433593750e+02 8.291811347007751465e-01 1.481602191925048828e-01 0.000000000000000000e+00
3.890346374511718750e+02 7.287968993186950684e-01 1.390389204025268555e-01 0.000000000000000000e+00
3.959488220214843750e+02 1.373570322990417480e+00 6.978316605091094971e-02 0.000000000000000000e+00
4.049319763183593750e+02 1.075980782508850098e+00 3.596747815608978271e-01 0.000000000000000000e+00
4.119456176757812500e+02 1.121375918388366699e+00 1.657422482967376709e-01 0.000000000000000000e+00
4.189273681640625000e+02 1.110402703285217285e+00 1.377235352993011475e-01 0.000000000000000000e+00
4.259533081054687500e+02 3.843169212341308594e-01 2.303248643875122070e-02 0.000000000000000000e+00
4.329245910644531250e+02 1.261628270149230957e+00 2.973913848400115967e-01 0.000000000000000000e+00
6.262741088867187500e+02 -6.037316918373107910e-01 9.089291095733642578e-02 0.000000000000000000e+00
6.392847900390625000e+02 -4.462612867355346680e-01 6.600760854780673981e-03 0.000000000000000000e+00
6.592169799804687500e+02 3.849903643131256104e-01 1.324113607406616211e-01 0.000000000000000000e+00
6.601964111328125000e+02 1.082892298698425293e+00 2.674626111984252930e-01 0.000000000000000000e+00
6.631819458007812500e+02 2.306901514530181885e-01 1.115096434950828552e-01 0.000000000000000000e+00
6.681585083007812500e+02 5.010645985603332520e-01 1.423445045948028564e-01 0.000000000000000000e+00
6.692078247070312500e+02 4.281964600086212158e-01 3.009448647499084473e-01 0.000000000000000000e+00
6.920289916992187500e+02 2.082136631011962891e+00 1.843569278717041016e-01 0.000000000000000000e+00
6.961449584960937500e+02 1.645919084548950195e+00 1.551067531108856201e-01 0.000000000000000000e+00
6.991156005859375000e+02 2.196560621261596680e+00 3.990117311477661133e-01 0.000000000000000000e+00
7.090168457031250000e+02 1.165675401687622070e+00 1.091791540384292603e-01 0.000000000000000000e+00
7.160803222656250000e+02 1.770839452743530273e+00 6.597347557544708252e-02 0.000000000000000000e+00
7.230814208984375000e+02 2.004136323928833008e+00 7.550165057182312012e-02 0.000000000000000000e+00
7.260821533203125000e+02 1.850067734718322754e+00 3.224227428436279297e-01 0.000000000000000000e+00
7.370481567382812500e+02 1.449777483940124512e+00 2.204296737909317017e-01 0.000000000000000000e+00
7.410882568359375000e+02 1.991973757743835449e+00 1.489099115133285522e-01 0.000000000000000000e+00
7.479555053710937500e+02 1.758968830108642578e+00 1.229938492178916931e-01 0.000000000000000000e+00
7.539444580078125000e+02 2.616251468658447266e+00 2.419500350952148438e-01 0.000000000000000000e+00
7.549439697265625000e+02 2.499609947204589844e+00 3.123511075973510742e-01 0.000000000000000000e+00
7.620401000976562500e+02 3.468446731567382812e+00 7.752397060394287109e-01 0.000000000000000000e+00
7.689882812500000000e+02 2.772119760513305664e+00 4.589677229523658752e-02 0.000000000000000000e+00
7.760011596679687500e+02 2.238620042800903320e+00 4.547080025076866150e-02 0.000000000000000000e+00
7.809943237304687500e+02 2.204707622528076172e+00 1.045186892151832581e-01 0.000000000000000000e+00
7.879835205078125000e+02 2.498443365097045898e+00 3.752895593643188477e-01 0.000000000000000000e+00
9.892888183593750000e+02 2.689900159835815430e+00 2.889723479747772217e-01 0.000000000000000000e+00
9.942460327148437500e+02 2.051419973373413086e+00 2.510110139846801758e-01 0.000000000000000000e+00
1.012269897460937500e+03 1.916863441467285156e+00 3.407892882823944092e-01 0.000000000000000000e+00
1.019148193359375000e+03 2.224467277526855469e+00 3.111802041530609131e-01 0.000000000000000000e+00
1.023225158691406250e+03 1.962249994277954102e+00 2.696346640586853027e-01 0.000000000000000000e+00
1.035092407226562500e+03 1.523904442787170410e+00 7.216095328330993652e-01 0.000000000000000000e+00
1.039067749023437500e+03 3.834427118301391602e+00 4.461651444435119629e-01 0.000000000000000000e+00
1.040142333984375000e+03 3.376618862152099609e+00 1.989302486181259155e-01 0.000000000000000000e+00
1.048025756835937500e+03 3.460111141204833984e+00 4.287815093994140625e-01 0.000000000000000000e+00
1.054065551757812500e+03 3.722640037536621094e+00 7.586168646812438965e-01 0.000000000000000000e+00
1.063007812500000000e+03 3.693901062011718750e+00 3.165489435195922852e-01 0.000000000000000000e+00
1.067052001953125000e+03 2.721921205520629883e+00 2.667155265808105469e-01 0.000000000000000000e+00
1.075050415039062500e+03 2.462562322616577148e+00 3.341275751590728760e-01 0.000000000000000000e+00
1.081128417968750000e+03 3.459635734558105469e+00 2.504715919494628906e-01 0.000000000000000000e+00
1.091111572265625000e+03 2.440507650375366211e+00 4.622972905635833740e-01 0.000000000000000000e+00
1.101009033203125000e+03 3.679326534271240234e+00 2.250463366508483887e-01 0.000000000000000000e+00
1.108001220703125000e+03 3.182636022567749023e+00 2.383139133453369141e-01 0.000000000000000000e+00
1.120965820312500000e+03 3.817126750946044922e+00 2.064106911420822144e-01 0.000000000000000000e+00
1.129929931640625000e+03 3.857163667678833008e+00 3.125823736190795898e-01 0.000000000000000000e+00
1.136948608398437500e+03 3.795989036560058594e+00 2.370429933071136475e-01 0.000000000000000000e+00
1.351223632812500000e+03 3.094129800796508789e+00 4.112872481346130371e-01 0.000000000000000000e+00
1.362177978515625000e+03 3.220731496810913086e+00 2.920728921890258789e-01 0.000000000000000000e+00
1.369164550781250000e+03 3.663773059844970703e+00 2.813314497470855713e-01 0.000000000000000000e+00
1.373173339843750000e+03 3.243911743164062500e+00 2.843433320522308350e-01 0.000000000000000000e+00
1.379157348632812500e+03 4.349716663360595703e+00 6.734662652015686035e-01 0.000000000000000000e+00
1.389166259765625000e+03 3.421577692031860352e+00 3.700026869773864746e-01 0.000000000000000000e+00
1.396091796875000000e+03 4.102271080017089844e+00 2.605244219303131104e-01 0.000000000000000000e+00
1.402063354492187500e+03 4.285096168518066406e+00 2.763358354568481445e-01 0.000000000000000000e+00
1.407058105468750000e+03 4.149338245391845703e+00 3.119310438632965088e-01 0.000000000000000000e+00
1.422035644531250000e+03 5.042921066284179688e+00 4.729749858379364014e-01 0.000000000000000000e+00
1.423196044921875000e+03 5.090423107147216797e+00 1.939391046762466431e-01 0.000000000000000000e+00
1.424000122070312500e+03 4.789952754974365234e+00 2.950632870197296143e-01 0.000000000000000000e+00
1.430993896484375000e+03 4.901866912841796875e+00 3.358905613422393799e-01 0.000000000000000000e+00
1.437992187500000000e+03 4.158005714416503906e+00 5.020092725753784180e-01 0.000000000000000000e+00
1.445938598632812500e+03 5.019194602966308594e+00 2.615137994289398193e-01 0.000000000000000000e+00
1.450998535156250000e+03 5.830064296722412109e+00 2.864881753921508789e-01 0.000000000000000000e+00
1.451931274414062500e+03 6.021353244781494141e+00 1.027590990066528320e+00 0.000000000000000000e+00
1.452929565429687500e+03 5.095263481140136719e+00 2.591901421546936035e-01 0.000000000000000000e+00
1.456975219726562500e+03 5.186719894409179688e+00 2.309371829032897949e-01 0.000000000000000000e+00
1.461034301757812500e+03 4.693245410919189453e+00 2.144139558076858521e-01 0.000000000000000000e+00
1.474975585937500000e+03 3.934184789657592773e+00 2.075350582599639893e-01 0.000000000000000000e+00
1.481944824218750000e+03 4.508925437927246094e+00 1.535525470972061157e-01 0.000000000000000000e+00
1.491988769531250000e+03 3.771327972412109375e+00 2.547433972358703613e-01 0.000000000000000000e+00
1.505952392578125000e+03 3.996656179428100586e+00 1.700060963630676270e-01 0.000000000000000000e+00
1.513949462890625000e+03 4.176335334777832031e+00 2.435347735881805420e-01 0.000000000000000000e+00
1.517955200195312500e+03 4.578758716583251953e+00 2.185921669006347656e-01 0.000000000000000000e+00
1.722208984375000000e+03 2.479064226150512695e+00 2.530598938465118408e-01 0.000000000000000000e+00
1.727185668945312500e+03 2.633081912994384766e+00 2.431475520133972168e-01 0.000000000000000000e+00
1.732257324218750000e+03 3.533182382583618164e+00 5.298988223075866699e-01 0.000000000000000000e+00
1.735203002929687500e+03 3.213686466217041016e+00 5.508812069892883301e-01 0.000000000000000000e+00
1.746127929687500000e+03 2.770876646041870117e+00 2.571742534637451172e-01 0.000000000000000000e+00
1.751134277343750000e+03 2.450223922729492188e+00 2.415222972631454468e-01 0.000000000000000000e+00
1.757196289062500000e+03 1.711551189422607422e+00 1.293817460536956787e-01 0.000000000000000000e+00
1.764079223632812500e+03 1.698247909545898438e+00 7.803839445114135742e-01 0.000000000000000000e+00
1.772152465820312500e+03 1.528908967971801758e+00 4.525472223758697510e-01 0.000000000000000000e+00
1.776156005859375000e+03 1.806008577346801758e+00 1.867861896753311157e-01 0.000000000000000000e+00
1.781144409179687500e+03 1.779433012008666992e+00 1.812889873981475830e-01 0.000000000000000000e+00
1.788159179687500000e+03 2.250748872756958008e+00 1.546741575002670288e-01 0.000000000000000000e+00
1.791177124023437500e+03 2.107551574707031250e+00 1.788206100463867188e-01 0.000000000000000000e+00
1.793090454101562500e+03 2.207887172698974609e+00 3.718999326229095459e-01 0.000000000000000000e+00
1.807078735351562500e+03 2.339618206024169922e+00 1.172259375452995300e-01 0.000000000000000000e+00
1.812132934570312500e+03 2.245031833648681641e+00 1.521001905202865601e-01 0.000000000000000000e+00
1.818074951171875000e+03 1.737869620323181152e+00 1.712293028831481934e-01 0.000000000000000000e+00
1.829982421875000000e+03 6.681224703788757324e-01 1.766295284032821655e-01 0.000000000000000000e+00
1.832009033203125000e+03 1.186882615089416504e+00 2.394407093524932861e-01 0.000000000000000000e+00
1.836000000000000000e+03 1.591421127319335938e+00 1.863928288221359253e-01 0.000000000000000000e+00
1.844040283203125000e+03 1.732736229896545410e+00 1.529229730367660522e-01 0.000000000000000000e+00
1.848964843750000000e+03 1.501729369163513184e+00 2.275093346834182739e-01 0.000000000000000000e+00
1.858932128906250000e+03 1.154241442680358887e+00 1.983857005834579468e-01 0.000000000000000000e+00
1.865930786132812500e+03 2.859832346439361572e-01 3.887401819229125977e-01 0.000000000000000000e+00
1.872928588867187500e+03 2.612718343734741211e-01 2.688224613666534424e-01 0.000000000000000000e+00
2.108178222656250000e+03 4.450766742229461670e-01 2.781281173229217529e-01 0.000000000000000000e+00
2.137239257812500000e+03 -1.326944112777709961e+00 6.916843056678771973e-01 0.000000000000000000e+00
2.145120605468750000e+03 -3.877035677433013916e-01 3.802070319652557373e-01 0.000000000000000000e+00
2.167063964843750000e+03 -9.489639401435852051e-01 3.039318919181823730e-01 0.000000000000000000e+00
2.189001953125000000e+03 -1.571563720703125000e+00 1.309354752302169800e-01 0.000000000000000000e+00
3.335123596191406250e+02 -5.015282034873962402e-01 9.502222537994384766e-01 1.000000000000000000e+00
6.563964233398437500e+02 6.871002912521362305e-01 1.347882509231567383e+00 1.000000000000000000e+00
7.184300537109375000e+02 4.611389040946960449e-01 7.643297314643859863e-01 1.000000000000000000e+00
9.816447143554687500e+02 -2.236886262893676758e+00 6.983532309532165527e-01 1.000000000000000000e+00
1.021059020996093750e+03 -1.804000735282897949e+00 2.141592025756835938e+00 1.000000000000000000e+00
1.044597045898437500e+03 -3.849520683288574219e+00 1.419676542282104492e+00 1.000000000000000000e+00
1.095342407226562500e+03 1.468034833669662476e-01 8.315393328666687012e-01 1.000000000000000000e+00
1.400619018554687500e+03 -2.789167761802673340e-01 3.348682224750518799e-01 1.000000000000000000e+00
1.429424072265625000e+03 5.348799228668212891e-01 3.915327489376068115e-01 1.000000000000000000e+00
1.455443847656250000e+03 1.470156311988830566e-01 2.097695827484130859e+00 1.000000000000000000e+00
1.484413574218750000e+03 1.412910461425781250e+00 1.876079082489013672e+00 1.000000000000000000e+00
1.723568481445312500e+03 4.947913289070129395e-01 1.198730111122131348e+00 1.000000000000000000e+00
1.782118896484375000e+03 4.036224186420440674e-01 8.396999835968017578e-01 1.000000000000000000e+00
1.847352539062500000e+03 2.227828741073608398e+00 1.111751556396484375e+00 1.000000000000000000e+00
2.133524414062500000e+03 6.294388771057128906e-01 4.549594819545745850e-01 1.000000000000000000e+00
2.167005615234375000e+03 -2.648062705993652344e+00 1.529914021492004395e+00 1.000000000000000000e+00
3.335123596191406250e+02 -3.082947432994842529e-01 4.492499232292175293e-01 2.000000000000000000e+00
3.635050354003906250e+02 1.098802089691162109e+00 5.833287239074707031e-01 2.000000000000000000e+00
6.576165161132812500e+02 -3.626344501972198486e-01 1.104534268379211426e+00 2.000000000000000000e+00
7.184300537109375000e+02 -1.180510878562927246e+00 3.634055256843566895e-01 2.000000000000000000e+00
9.816447143554687500e+02 -1.496267437934875488e+00 4.005166292190551758e-01 2.000000000000000000e+00
1.020553039550781250e+03 -1.551647305488586426e+00 5.994621515274047852e-01 2.000000000000000000e+00
1.021565063476562500e+03 -1.617583513259887695e+00 3.772477209568023682e-01 2.000000000000000000e+00
1.044597045898437500e+03 -2.189815521240234375e+00 4.910391867160797119e-01 2.000000000000000000e+00
1.095342407226562500e+03 -1.172438383102416992e+00 3.545338511466979980e-01 2.000000000000000000e+00
1.394634033203125000e+03 -4.445579051971435547e-01 5.531247258186340332e-01 2.000000000000000000e+00
1.402614013671875000e+03 -1.211262941360473633e-01 2.132712602615356445e-01 2.000000000000000000e+00
1.429424072265625000e+03 2.067562192678451538e-01 2.506223618984222412e-01 2.000000000000000000e+00
1.454449340820312500e+03 7.141759991645812988e-01 3.535616099834442139e-01 2.000000000000000000e+00
1.456438354492187500e+03 3.460798561573028564e-01 3.146509528160095215e-01 2.000000000000000000e+00
1.484413574218750000e+03 1.752057224512100220e-01 3.141647577285766602e-01 2.000000000000000000e+00
1.723568481445312500e+03 2.951558828353881836e+00 8.258277177810668945e-01 2.000000000000000000e+00
1.780509033203125000e+03 1.126617193222045898e+00 2.932423055171966553e-01 2.000000000000000000e+00
1.784533569335937500e+03 9.328551888465881348e-01 5.424866080284118652e-01 2.000000000000000000e+00
1.813374389648437500e+03 1.027694940567016602e+00 6.503466963768005371e-01 2.000000000000000000e+00
1.847352539062500000e+03 2.176106929779052734e+00 3.837245106697082520e-01 2.000000000000000000e+00
2.133524414062500000e+03 2.471598684787750244e-01 2.454851567745208740e-01 2.000000000000000000e+00
2.166509033203125000e+03 -7.304261922836303711e-01 8.214131593704223633e-01 2.000000000000000000e+00
2.167501953125000000e+03 -2.572437748312950134e-02 9.182795882225036621e-01 2.000000000000000000e+00
