4.378496704101562500e+02 1.412616372108459473e+00 7.783900260925292969e+00 6.183276176452636719e+00 2.781493663787841797e+00 7.792988419532775879e-01
2.954806518554687500e+02 8.922633528709411621e-01 6.846080780029296875e+00 1.988799571990966797e+00 -7.267832756042480469e-02 3.510042726993560791e-01
4.574918212890625000e+02 3.401806592941284180e+00 1.171082305908203125e+01 1.960942745208740234e+00 -3.362655639648437500e-02 4.124062657356262207e-01
4.768547668457031250e+02 1.763011574745178223e+00 8.214237213134765625e+00 -4.999160766601562500e-02 -1.111853122711181641e-01 1.026313185691833496e+00
4.719133300781250000e+02 2.046366930007934570e+00 8.941272735595703125e+00 -5.345788955688476562e+00 -2.538933753967285156e+00 1.133562475442886353e-01
1.213840332031250000e+02 1.120654344558715820e+00 7.465113639831542969e+00 2.375867366790771484e+00 1.502566337585449219e+00 7.514202594757080078e-01
4.187418518066406250e+02 3.569917440414428711e+00 1.233685684204101562e+01 2.467923164367675781e+00 -1.877105236053466797e-01 2.958210408687591553e-01
5.289536743164062500e+02 1.753346323966979980e+00 8.688977241516113281e+00 -7.145527839660644531e+00 -7.866590023040771484e+00 7.538914084434509277e-01
6.367094726562500000e+02 2.934146404266357422e+00 1.106167888641357422e+01 -2.566107511520385742e+00 -7.519586086273193359e+00 1.212828993797302246e+00
4.414927062988281250e+02 2.077302455902099609e+00 9.517997741699218750e+00 9.178304672241210938e+00 3.282082080841064453e+00 4.350595176219940186e-01
6.153097534179687500e+02 3.701835632324218750e+00 1.254385471343994141e+01 8.737838745117187500e+00 1.018261909484863281e+00 1.434361338615417480e-01
7.834032592773437500e+02 1.433089852333068848e+00 8.065526008605957031e+00 4.926614761352539062e+00 2.950079441070556641e+00 1.066217899322509766e+00
3.346474609375000000e+02 2.895963430404663086e+00 1.084753990173339844e+01 -6.609380245208740234e+00 -5.630745887756347656e+00 8.459756374359130859e-01
7.608402709960937500e+02 3.061423778533935547e+00 1.133664226531982422e+01 1.416211128234863281e+00 -1.609998941421508789e+00 9.501996040344238281e-01
6.083817749023437500e+02 2.193147182464599609e+00 9.611918449401855469e+00 1.109306526184082031e+01 1.658265590667724609e+00 1.731672585010528564e-01
2.418579559326171875e+02 9.414752721786499023e-01 7.067044258117675781e+00 1.099755764007568359e+00 1.327655315399169922e+00 1.373896151781082153e-01
7.854666748046875000e+02 1.786412596702575684e+00 8.622139930725097656e+00 1.139311790466308594e+00 -1.143299341201782227e+00 7.125865817070007324e-01
8.852523803710937500e+01 8.696417808532714844e-01 6.701375007629394531e+00 3.392717838287353516e+00 -8.405768871307373047e-01 7.726687937974929810e-02
7.890383300781250000e+02 3.564349174499511719e+00 1.203583431243896484e+01 -1.115276527404785156e+01 -9.255001068115234375e+00 7.131873965263366699e-01
8.681102752685546875e+01 1.597332954406738281e+00 8.305126190185546875e+00 2.216238975524902344e+00 6.427335739135742188e-01 4.247459471225738525e-01
7.553316650390625000e+02 1.703103899955749512e+00 8.252779006958007812e+00 1.080874443054199219e+01 6.939899921417236328e+00 9.672595262527465820e-01
6.165250396728515625e+01 8.534433841705322266e-01 6.697782993316650391e+00 1.569190025329589844e+00 9.051847457885742188e-01 4.764755070209503174e-01
3.098392333984375000e+02 7.283428311347961426e-01 6.583897590637207031e+00 1.288604736328125000e+00 -7.971513271331787109e-01 5.484123714268207550e-03
5.528956298828125000e+02 1.673145771026611328e+00 8.340803146362304688e+00 -3.458094596862792969e-01 -1.161154508590698242e+00 1.971682310104370117e-01
7.197166442871093750e+01 3.881844997406005859e+00 1.303092479705810547e+01 -1.846615600585937500e+01 -1.149896430969238281e+01 5.732375979423522949e-01
7.093371582031250000e+02 6.442423462867736816e-01 6.423095703125000000e+00 1.844933032989501953e+00 -3.094673156738281250e-01 1.582173109054565430e-01
7.477632446289062500e+02 6.448465585708618164e-01 6.437511920928955078e+00 2.143695354461669922e+00 -4.163825511932373047e-01 4.869289994239807129e-01
2.411461334228515625e+02 1.206379532814025879e+00 7.451927185058593750e+00 8.748149871826171875e-01 -1.283587217330932617e+00 1.563758254051208496e-01
4.724609985351562500e+02 3.108059644699096680e+00 1.115358161926269531e+01 -7.479393482208251953e-01 -6.060612201690673828e-01 4.080982208251953125e-01
7.310798339843750000e+02 2.633829593658447266e+00 1.059158229827880859e+01 3.132295608520507812e-01 -9.683549404144287109e-01 4.358676671981811523e-01
1.398889465332031250e+02 9.364336133003234863e-01 6.881131172180175781e+00 3.754034042358398438e+00 4.473924636840820312e-01 1.562406308948993683e-02
6.166698608398437500e+02 1.656552195549011230e+00 8.492956161499023438e+00 3.434114456176757812e+00 2.729988098144531250e-01 3.721618056297302246e-01
3.517984008789062500e+02 2.378104209899902344e+00 9.867523193359375000e+00 7.406167984008789062e+00 3.692555427551269531e-01 1.293045580387115479e-01
5.751152343750000000e+02 1.410371541976928711e+00 8.022275924682617188e+00 -9.083127975463867188e-01 -2.995868921279907227e+00 1.124606370925903320e+00
5.530588989257812500e+02 9.152684807777404785e-01 6.829102516174316406e+00 6.068229675292968750e-02 -1.695610284805297852e+00 1.131699919700622559e+00
3.024703063964843750e+02 7.511333823204040527e-01 6.891460895538330078e+00 3.362531661987304688e+00 8.590936660766601562e-02 4.477170407772064209e-01
7.967141723632812500e+02 2.681044578552246094e+00 1.056095790863037109e+01 -6.554555892944335938e+00 -4.872379302978515625e+00 5.582512617111206055e-01
4.022477111816406250e+02 1.223671197891235352e+00 7.618103027343750000e+00 6.595997810363769531e+00 1.010363101959228516e+00 4.075426161289215088e-01
2.542694854736328125e+02 3.927674770355224609e+00 1.281496620178222656e+01 1.112727355957031250e+01 1.011736106872558594e+01 9.853345751762390137e-01
4.303738098144531250e+02 2.834967136383056641e+00 1.074000358581542969e+01 1.689975547790527344e+01 3.185758590698242188e+00 2.599775791168212891e-01
7.228704833984375000e+02 1.572681307792663574e+00 8.200762748718261719e+00 3.552882671356201172e+00 -2.558493614196777344e-01 5.233365893363952637e-01
2.701575927734375000e+02 1.725459218025207520e+00 8.459195137023925781e+00 6.352591514587402344e+00 9.141111373901367188e-01 3.326773643493652344e-01
4.520684204101562500e+02 1.494754910469055176e+00 8.283888816833496094e+00 1.610503196716308594e+00 -4.967248439788818359e-01 6.185538768768310547e-01
4.326528625488281250e+02 2.320039749145507812e+00 9.856639862060546875e+00 1.360188961029052734e+01 8.046838760375976562e+00 7.547398805618286133e-01
6.339086303710937500e+02 1.410539984703063965e+00 7.859407424926757812e+00 4.083676338195800781e+00 -1.608378887176513672e+00 2.405757308006286621e-01
4.191701049804687500e+02 8.086136579513549805e-01 6.883335113525390625e+00 2.947678565979003906e+00 1.682853698730468750e-01 4.304164946079254150e-01
6.299683837890625000e+02 2.391163825988769531e+00 9.874110221862792969e+00 1.111811637878417969e+01 5.738718509674072266e+00 6.990892291069030762e-01
5.861978759765625000e+02 3.042018890380859375e+00 1.114968872070312500e+01 -1.022334194183349609e+01 -8.674401283264160156e+00 5.917329788208007812e-01
6.036657104492187500e+02 1.195297718048095703e+00 7.489490985870361328e+00 1.067147254943847656e+00 -2.421796321868896484e-01 4.044109880924224854e-01
5.516369628906250000e+02 1.924436211585998535e+00 8.876521110534667969e+00 -5.814419746398925781e+00 -1.774097681045532227e+00 1.157087385654449463e-01
5.005386352539062500e+02 8.949414491653442383e-01 6.832437038421630859e+00 2.245678901672363281e+00 2.864694595336914062e-01 1.299476474523544312e-01
5.989750976562500000e+02 1.891825199127197266e+00 8.830907821655273438e+00 1.331078529357910156e+01 9.231632232666015625e+00 8.060865998268127441e-01
1.453447265625000000e+02 9.734393358230590820e-01 7.056577205657958984e+00 4.259092807769775391e+00 2.884771823883056641e+00 1.119052886962890625e+00
6.632623291015625000e+02 1.123280048370361328e+00 7.433888435363769531e+00 2.388327121734619141e+00 1.795380115509033203e+00 1.087920740246772766e-01
6.901412353515625000e+02 2.426918745040893555e+00 1.019584369659423828e+01 6.506867408752441406e+00 3.292989730834960938e-01 7.760492153465747833e-03
2.701273803710937500e+02 1.972009658813476562e+00 9.007215499877929688e+00 -1.470048427581787109e+00 -1.347435712814331055e+00 5.839725583791732788e-02
3.168869018554687500e+02 3.683473587036132812e+00 1.259934806823730469e+01 -1.448583793640136719e+01 -1.784833717346191406e+01 1.064109683036804199e+00
4.921457824707031250e+02 2.910607337951660156e+00 1.086969852447509766e+01 4.895808696746826172e+00 1.208033561706542969e+00 2.459572255611419678e-01
3.810018920898437500e+02 1.666693449020385742e+00 8.513241767883300781e+00 -5.710548400878906250e+00 -5.597400665283203125e-01 6.609094142913818359e-02
4.096932373046875000e+02 1.269744396209716797e+00 7.665417194366455078e+00 1.653218269348144531e-01 -9.507918357849121094e-01 3.582945466041564941e-01
5.569241333007812500e+02 1.018734335899353027e+00 7.145384788513183594e+00 -2.845460176467895508e+00 -2.195545434951782227e+00 6.107103228569030762e-01
5.680211791992187500e+02 1.194546341896057129e+00 7.717869281768798828e+00 2.097456455230712891e+00 -3.398180007934570312e-02 2.110840678215026855e-01
7.143092041015625000e+02 1.536122798919677734e+00 8.053682327270507812e+00 -8.998715877532958984e-01 -1.400314569473266602e+00 4.962030053138732910e-01
5.285161743164062500e+02 1.344109535217285156e+00 7.999315261840820312e+00 1.047649383544921875e+00 9.752798080444335938e-01 9.987820684909820557e-02
1.948413085937500000e+02 3.252580165863037109e+00 1.142770099639892578e+01 1.718534851074218750e+01 1.770219993591308594e+01 1.106756806373596191e+00
3.504052734375000000e+02 1.292147636413574219e+00 7.618506431579589844e+00 1.300289630889892578e+00 -9.445333480834960938e-01 6.304802894592285156e-01
2.780121459960937500e+02 1.678968310356140137e+00 8.323562622070312500e+00 8.558198928833007812e+00 -1.943635940551757812e-01 2.348137199878692627e-01
5.897647094726562500e+02 2.354075908660888672e+00 9.802412033081054688e+00 3.365006446838378906e+00 -6.114768981933593750e-01 7.169115543365478516e-01
4.696289978027343750e+02 1.930592060089111328e+00 8.938266754150390625e+00 5.989141464233398438e+00 1.025598049163818359e+00 2.768822908401489258e-01
3.260568237304687500e+02 3.562358379364013672e+00 1.190663146972656250e+01 1.770178604125976562e+01 4.700546264648437500e+00 3.138545751571655273e-01
3.392567749023437500e+02 3.568255901336669922e+00 1.240911483764648438e+01 -1.753386497497558594e+01 -4.868125915527343750e+00 2.621388137340545654e-01
6.183344116210937500e+02 3.566003322601318359e+00 1.176954269409179688e+01 -8.400894165039062500e+00 -2.679116725921630859e+00 3.378385901451110840e-01
3.960679626464843750e+02 1.980486154556274414e+00 8.921614646911621094e+00 1.092539024353027344e+01 5.889806747436523438e+00 7.646345496177673340e-01
6.465342407226562500e+02 2.673911094665527344e+00 1.058640956878662109e+01 -5.315557479858398438e+00 -4.858319759368896484e+00 7.355806231498718262e-01
4.998420104980468750e+02 2.088511228561401367e+00 9.286745071411132812e+00 9.342088699340820312e+00 3.619534969329833984e+00 3.509293496608734131e-01
7.930383911132812500e+02 5.133374929428100586e-01 5.877327919006347656e+00 3.807663917541503906e-01 -1.483122110366821289e+00 6.123881340026855469e-01
1.806566009521484375e+02 1.491078495979309082e+00 8.249125480651855469e+00 -2.049270868301391602e+00 3.267836570739746094e-01 3.079483509063720703e-01
5.511326293945312500e+02 1.750550031661987305e+00 8.908778190612792969e+00 3.252410888671875000e+00 8.279871940612792969e-01 8.618305921554565430e-01
5.866741943359375000e+02 2.857966899871826172e+00 1.073873043060302734e+01 1.294048786163330078e+01 4.537112712860107422e+00 3.482016921043395996e-01
3.449256286621093750e+02 7.326295375823974609e-01 6.467800140380859375e+00 4.004263877868652344e+00 -1.201660633087158203e+00 1.103108078241348267e-01
5.011523742675781250e+02 2.339101314544677734e+00 9.686846733093261719e+00 7.866582870483398438e+00 2.637221813201904297e+00 4.299686551094055176e-01
4.064537048339843750e+02 1.307819962501525879e+00 7.686181545257568359e+00 4.271533489227294922e+00 1.546154022216796875e+00 1.112247109413146973e-01
6.986660156250000000e+02 2.777203798294067383e+00 1.085039997100830078e+01 1.319184780120849609e+01 1.980934143066406250e+00 1.751805245876312256e-01
2.361566467285156250e+02 8.311628103256225586e-01 6.703813076019287109e+00 1.457579135894775391e+00 -1.673638820648193359e-01 6.591840982437133789e-01
2.228251266479492188e+01 3.223420143127441406e+00 1.168993091583251953e+01 -9.321636199951171875e+00 -4.522748947143554688e+00 4.686400592327117920e-01
7.935967254638671875e+01 2.167063236236572266e+00 9.417558670043945312e+00 1.555850505828857422e+00 -6.553125381469726562e-01 2.667492926120758057e-01
7.017152099609375000e+02 1.880905032157897949e+00 8.684012413024902344e+00 1.379704475402832031e-01 4.849720001220703125e-01 5.248044133186340332e-01
4.414927062988281250e+02 2.077302455902099609e+00 9.517997741699218750e+00 9.178304672241210938e+00 3.282082080841064453e+00 4.350595176219940186e-01
6.705899047851562500e+02 1.470094680786132812e+00 8.059675216674804688e+00 3.365123271942138672e+00 1.394281387329101562e+00 3.890607953071594238e-01
7.570855712890625000e+02 1.971066236495971680e+00 8.941663742065429688e+00 -2.315346002578735352e+00 -4.111786842346191406e+00 6.074831485748291016e-01
5.871338500976562500e+02 1.642840027809143066e+00 8.176879882812500000e+00 4.193367958068847656e+00 -3.308582305908203125e-01 3.427195250988006592e-01
6.977822113037109375e+01 1.602381587028503418e+00 8.407297134399414062e+00 -2.007980346679687500e+00 -1.756606101989746094e+00 3.295301795005798340e-01
3.022684631347656250e+02 2.701772928237915039e+00 1.063954925537109375e+01 1.562649917602539062e+01 -2.265834808349609375e-01 1.451935060322284698e-02
4.887200012207031250e+02 2.233020067214965820e+00 9.635573387145996094e+00 1.104577827453613281e+01 4.536485671997070312e-01 2.246541902422904968e-02
1.069025039672851562e+02 1.511761903762817383e+00 8.114736557006835938e+00 2.281746864318847656e+00 -1.430332660675048828e-01 2.459719181060791016e-01
7.765512084960937500e+02 1.474945545196533203e+00 8.332837104797363281e+00 1.534161567687988281e+00 -1.006759405136108398e+00 2.168505489826202393e-01
4.712074890136718750e+02 1.544304251670837402e+00 8.115152359008789062e+00 4.005022048950195312e+00 1.815056800842285156e+00 3.694155216217041016e-01
6.578344726562500000e+01 7.169096469879150391e-01 6.680573463439941406e+00 1.903302669525146484e+00 5.030846595764160156e-01 8.219409584999084473e-01
1.595886230468750000e+02 3.352638244628906250e+00 1.197219657897949219e+01 -1.721469116210937500e+01 -9.517371654510498047e-01 1.026920825242996216e-01
6.262890625000000000e+02 3.387263774871826172e+00 1.181859779357910156e+01 -1.723472213745117188e+01 -7.669118881225585938e+00 3.664739131927490234e-01
6.266912841796875000e+02 1.810776352882385254e+00 8.595249176025390625e+00 9.739766120910644531e+00 1.766436100006103516e+00 2.559703290462493896e-01
3.209773864746093750e+02 1.161410689353942871e+00 7.691909313201904297e+00 3.172178268432617188e+00 -2.777779102325439453e-01 5.308175086975097656e-01
1.049849224090576172e+01 3.488440036773681641e+00 1.188907814025878906e+01 1.167791843414306641e+01 1.893744468688964844e+00 2.547911107540130615e-01
4.077879943847656250e+02 3.577923297882080078e+00 1.246525382995605469e+01 3.161292076110839844e+00 2.160906791687011719e-01 5.977562069892883301e-01
4.134414062500000000e+02 1.322698354721069336e+00 7.517929553985595703e+00 4.398710727691650391e+00 9.051012992858886719e-01 6.417185664176940918e-01
5.368010253906250000e+02 2.215328931808471680e+00 9.552210807800292969e+00 7.778956890106201172e+00 5.054402351379394531e+00 7.766228914260864258e-01
6.103547363281250000e+02 3.782961368560791016e+00 1.266180419921875000e+01 -3.759335279464721680e+00 -4.642963409423828125e-01 6.522219628095626831e-02
7.186761474609375000e+02 3.324762344360351562e+00 1.185127258300781250e+01 -5.910816192626953125e+00 -3.037880659103393555e+00 3.840504586696624756e-01
5.549507141113281250e+01 7.005866169929504395e-01 6.431310653686523438e+00 1.321356296539306641e+00 -7.496297359466552734e-01 4.852512180805206299e-01
4.183007812500000000e+02 3.080251932144165039e+00 1.122211647033691406e+01 3.643677234649658203e+00 1.034624576568603516e+00 1.722101271152496338e-01
8.463285827636718750e+01 1.459354758262634277e+00 8.067523956298828125e+00 -4.682087898254394531e+00 -3.368049860000610352e+00 5.272737741470336914e-01
3.349414367675781250e+02 1.182691693305969238e+00 7.720747470855712891e+00 8.498048782348632812e-01 -2.220070362091064453e-01 9.736075252294540405e-02
1.786822509765625000e+02 1.076577425003051758e+00 7.578074455261230469e+00 4.821729660034179688e+00 5.711650848388671875e-01 3.441634774208068848e-01
7.780291748046875000e+02 1.750009298324584961e+00 8.579163551330566406e+00 9.509711265563964844e+00 7.707409858703613281e+00 1.150943398475646973e+00
5.396185302734375000e+02 1.067634582519531250e+00 7.254641532897949219e+00 3.522334098815917969e+00 9.476900100708007812e-01 1.731024682521820068e-01
4.168366394042968750e+02 1.329930663108825684e+00 7.879693031311035156e+00 3.874354362487792969e+00 1.487879753112792969e+00 3.974422514438629150e-01
1.379923343658447266e+01 1.813574790954589844e+00 8.586232185363769531e+00 4.202542304992675781e+00 -1.001329421997070312e+00 4.760956466197967529e-01
1.675021820068359375e+02 1.355850815773010254e+00 8.014837265014648438e+00 1.565918922424316406e+00 2.774000167846679688e-01 1.153556108474731445e+00
2.566593933105468750e+02 1.124798893928527832e+00 7.300920486450195312e+00 3.121554851531982422e+00 9.392023086547851562e-02 7.491177320480346680e-02
2.621825866699218750e+02 1.254200816154479980e+00 7.554780960083007812e+00 9.409389495849609375e+00 5.451729297637939453e+00 5.985162854194641113e-01
2.618979797363281250e+02 2.163073539733886719e+00 9.554534912109375000e+00 1.004961490631103516e+01 2.665643692016601562e+00 1.460125446319580078e-01
5.785528564453125000e+02 2.181201219558715820e+00 9.462309837341308594e+00 6.430573463439941406e+00 2.067563533782958984e+00 4.120569229125976562e-01
3.005835571289062500e+02 1.886669278144836426e+00 8.879367828369140625e+00 3.882284164428710938e+00 3.844237327575683594e-01 5.614554286003112793e-01
3.398587036132812500e+02 2.950064182281494141e+00 1.075791358947753906e+01 1.544773292541503906e+01 1.151004981994628906e+01 7.785743474960327148e-01
4.218989257812500000e+02 2.002320289611816406e+00 9.141090393066406250e+00 1.167593002319335938e+00 -3.232657909393310547e-01 5.244392901659011841e-02
5.579895019531250000e+02 1.502992153167724609e+00 8.077363967895507812e+00 5.449261665344238281e+00 1.192169189453125000e+00 1.374117434024810791e-01
6.436353759765625000e+02 2.677636623382568359e+00 1.021765899658203125e+01 1.838412475585937500e+01 2.303197383880615234e+00 1.372271627187728882e-01
9.531520843505859375e+01 1.393683910369873047e+00 8.208891868591308594e+00 -5.518615245819091797e-01 -1.115908622741699219e+00 2.967640459537506104e-01
5.814785957336425781e+00 2.017483472824096680e+00 9.357271194458007812e+00 -1.059137582778930664e+00 -5.330395698547363281e-01 1.691654026508331299e-01
4.992709655761718750e+02 5.979139804840087891e-01 6.067317008972167969e+00 -5.705237388610839844e-02 -1.553572416305541992e+00 3.536347746849060059e-01
4.111289978027343750e+02 2.400310516357421875e+00 1.016275882720947266e+01 6.366693973541259766e+00 3.563036918640136719e+00 6.977906227111816406e-01
5.623682861328125000e+02 1.816617131233215332e+00 8.802466392517089844e+00 9.171047210693359375e+00 3.491404056549072266e+00 5.246018171310424805e-01
4.988861999511718750e+02 2.431751728057861328e+00 9.826055526733398438e+00 1.728246498107910156e+01 9.616458892822265625e+00 6.079291701316833496e-01
5.783616333007812500e+02 1.754642009735107422e+00 8.730588912963867188e+00 1.305515766143798828e+00 -1.091518402099609375e+00 1.238165020942687988e+00
4.257297973632812500e+02 1.869760990142822266e+00 9.035301208496093750e+00 7.125976085662841797e+00 3.198828697204589844e+00 5.956745743751525879e-01
4.016777648925781250e+02 1.509630441665649414e+00 7.952682495117187500e+00 3.309144973754882812e+00 9.936666488647460938e-01 2.452524900436401367e-01
5.478304443359375000e+02 1.380393743515014648e+00 7.950782775878906250e+00 -1.498520374298095703e+00 -1.451557874679565430e+00 3.118753433227539062e-01
6.666459350585937500e+02 8.162180781364440918e-01 6.693975448608398438e+00 1.868112087249755859e+00 7.320165634155273438e-02 1.038557365536689758e-01
3.121803588867187500e+02 1.056097865104675293e+00 7.022931575775146484e+00 4.484167098999023438e+00 2.549650669097900391e+00 5.407211184501647949e-01
5.470449829101562500e+02 3.863689422607421875e+00 1.272510433197021484e+01 -1.000418663024902344e+00 -6.955683231353759766e-01 3.960339725017547607e-01
6.320348510742187500e+02 2.175633668899536133e+00 9.510062217712402344e+00 -4.195490837097167969e+00 -6.026244163513183594e-01 1.230549216270446777e-01
4.431582031250000000e+02 7.016786336898803711e-01 6.385727882385253906e+00 3.291301727294921875e+00 1.757173538208007812e+00 5.111120939254760742e-01
5.010068054199218750e+02 1.973530650138854980e+00 9.153687477111816406e+00 -2.866876125335693359e+00 -5.319335460662841797e+00 1.036723494529724121e+00
7.849616699218750000e+02 1.247549653053283691e+00 7.650296211242675781e+00 3.142821788787841797e+00 8.427357673645019531e-01 6.834634542465209961e-01
1.122054672241210938e+02 3.684242725372314453e+00 1.233568096160888672e+01 1.886286544799804688e+01 1.869558715820312500e+01 1.062086939811706543e+00
6.505191040039062500e+02 2.006158113479614258e+00 9.109182357788085938e+00 -6.705006599426269531e+00 -2.239762544631958008e+00 1.626846492290496826e-01
3.667819213867187500e+02 2.179355859756469727e+00 9.433694839477539062e+00 1.709110736846923828e+00 4.398036003112792969e-01 7.803614139556884766e-01
1.487297363281250000e+02 1.870452642440795898e+00 8.677137374877929688e+00 -7.687310218811035156e+00 -6.478044986724853516e+00 7.593126296997070312e-01
3.895082702636718750e+02 6.876513957977294922e-01 6.471831798553466797e+00 4.462349414825439453e+00 1.055028438568115234e+00 6.963158845901489258e-01
7.383116455078125000e+02 1.992879033088684082e+00 9.223942756652832031e+00 1.771850585937500000e+00 -7.118260860443115234e-01 4.271516203880310059e-01
7.535763549804687500e+02 2.102571725845336914e+00 9.271145820617675781e+00 -5.817823410034179688e+00 -2.589854001998901367e+00 3.110058903694152832e-01
4.366464233398437500e+02 1.570451855659484863e+00 8.341234207153320312e+00 -1.010998487472534180e+00 -2.070742845535278320e+00 7.751088142395019531e-01
5.465593872070312500e+02 1.102330565452575684e+00 7.451128959655761719e+00 3.224518299102783203e+00 1.756727695465087891e+00 5.122627615928649902e-01
3.260568237304687500e+02 3.562358379364013672e+00 1.190663146972656250e+01 1.770178604125976562e+01 4.700546264648437500e+00 3.138545751571655273e-01
5.884742431640625000e+02 1.817260146141052246e+00 8.873260498046875000e+00 9.595446586608886719e+00 1.671454906463623047e+00 2.798383235931396484e-01
4.083170471191406250e+02 1.013409256935119629e+00 6.989133358001708984e+00 3.318581581115722656e+00 1.671261787414550781e+00 1.858367323875427246e-01
2.095281982421875000e+01 1.390346884727478027e+00 8.111535072326660156e+00 2.227549552917480469e+00 -5.972981452941894531e-02 1.030287221074104309e-01
6.694864654541015625e+01 1.592665195465087891e+00 8.294994354248046875e+00 4.839143753051757812e+00 3.340582847595214844e+00 1.101749658584594727e+00
5.376941528320312500e+02 2.943018674850463867e-01 5.503282546997070312e+00 2.140824794769287109e+00 2.416543960571289062e+00 7.968494296073913574e-01
5.335829467773437500e+02 2.608173847198486328e+00 1.049334621429443359e+01 -1.376540088653564453e+01 -9.668401718139648438e+00 5.693888664245605469e-01
4.921457824707031250e+02 2.910607337951660156e+00 1.086969852447509766e+01 4.895808696746826172e+00 1.208033561706542969e+00 2.459572255611419678e-01
8.043524932861328125e+01 1.342551708221435547e+00 7.812922477722167969e+00 2.220642566680908203e+00 9.252309799194335938e-01 3.314989209175109863e-01
7.029359130859375000e+02 3.023812294006347656e+00 1.080871295928955078e+01 -1.466384124755859375e+01 -1.031263065338134766e+01 5.990332365036010742e-01
7.220124511718750000e+02 3.575842618942260742e+00 1.207566547393798828e+01 7.485249042510986328e+00 1.015748977661132812e+00 2.690215706825256348e-01
3.838757629394531250e+02 2.245643138885498047e+00 9.549131393432617188e+00 -2.996953725814819336e+00 6.181406974792480469e-01 6.901652365922927856e-02
1.226322021484375000e+02 1.226829409599304199e+00 7.790014266967773438e+00 4.953846931457519531e+00 1.459805965423583984e+00 5.449145436286926270e-01
2.758891296386718750e+02 1.780386567115783691e+00 8.735719680786132812e+00 5.088262557983398438e+00 1.231524944305419922e+00 2.687394320964813232e-01
4.573507690429687500e+02 5.620369315147399902e-01 6.193379402160644531e+00 7.685327529907226562e-01 -1.007940769195556641e+00 7.129562497138977051e-01
5.631844482421875000e+02 2.058812141418457031e+00 9.287174224853515625e+00 1.329887580871582031e+01 -2.495169639587402344e-02 5.464344844222068787e-02
6.207452392578125000e+02 1.220874905586242676e+00 7.239526271820068359e+00 4.540839195251464844e+00 1.124157905578613281e+00 2.954919338226318359e-01
5.746540527343750000e+02 2.859495639801025391e+00 1.090690422058105469e+01 -1.505750846862792969e+01 -8.488445281982421875e+00 4.998803734779357910e-01
2.518964843750000000e+02 1.846879243850708008e+00 8.623576164245605469e+00 -8.435601234436035156e+00 -2.719596624374389648e+00 3.492413759231567383e-01
5.087837829589843750e+02 2.708905220031738281e+00 1.078192996978759766e+01 -1.126692199707031250e+01 -6.806995868682861328e+00 5.232251286506652832e-01
6.866192626953125000e+02 2.835208415985107422e+00 1.062877750396728516e+01 1.507233810424804688e+01 7.920885086059570312e-01 6.161004677414894104e-02
5.376533813476562500e+02 5.040069818496704102e-01 6.236929893493652344e+00 1.655323505401611328e+00 -2.324109077453613281e+00 5.649969577789306641e-01
3.919520263671875000e+02 3.588587760925292969e+00 1.229341697692871094e+01 -1.847319602966308594e+00 -4.340191841125488281e+00 8.745025396347045898e-01
7.017999877929687500e+02 2.274998664855957031e+00 9.773475646972656250e+00 -1.439865827560424805e+00 -3.603100776672363281e-01 1.340863555669784546e-01
4.860454711914062500e+02 1.611039757728576660e+00 8.374841690063476562e+00 -3.951166868209838867e+00 -1.781665086746215820e+00 2.163596302270889282e-01
1.830598602294921875e+02 2.213493824005126953e+00 9.605878829956054688e+00 4.883468151092529297e+00 1.802847385406494141e+00 6.112071275711059570e-01
1.970424346923828125e+02 1.008722543716430664e+00 7.262652873992919922e+00 5.564787387847900391e+00 -4.529058933258056641e-01 7.148323208093643188e-02
6.206376647949218750e+01 1.471604943275451660e+00 8.021490097045898438e+00 -1.873733997344970703e+00 -2.771942615509033203e+00 4.262329339981079102e-01
4.802626647949218750e+02 2.374354839324951172e+00 9.841005325317382812e+00 1.365294933319091797e+01 6.216704845428466797e+00 4.894648194313049316e-01
6.042075195312500000e+02 3.510081768035888672e+00 1.213329696655273438e+01 -1.961751747131347656e+01 -6.616125106811523438e+00 2.861008346080780029e-01
9.637189483642578125e+01 1.718220472335815430e+00 8.286657333374023438e+00 3.297882080078125000e+00 9.547257423400878906e-01 6.290174126625061035e-01
5.293728637695312500e+02 1.457707166671752930e+00 8.157562255859375000e+00 2.107758522033691406e+00 -4.309403896331787109e-01 9.200161695480346680e-01
4.347839355468750000e+02 1.741888999938964844e+00 8.441921234130859375e+00 -5.829405784606933594e-01 -2.478170394897460938e-01 3.083448410034179688e-01
7.491315307617187500e+02 8.227267265319824219e-01 6.643335342407226562e+00 3.931658267974853516e+00 1.229310035705566406e+00 3.680751323699951172e-01
7.471495361328125000e+02 8.176804184913635254e-01 6.655279159545898438e+00 4.225492477416992188e-02 -2.136614322662353516e+00 7.068171501159667969e-01
3.461651916503906250e+02 1.399372696876525879e+00 7.737110614776611328e+00 1.266050338745117188e+00 1.484901905059814453e+00 3.681024312973022461e-01
3.175364685058593750e+02 2.189668655395507812e+00 9.480794906616210938e+00 1.275242328643798828e+01 3.725969791412353516e+00 2.734042406082153320e-01
2.610951538085937500e+02 3.622966527938842773e+00 1.260304641723632812e+01 1.070024967193603516e+01 8.345195770263671875e+00 7.370622158050537109e-01
4.996413269042968750e+02 2.138665199279785156e+00 9.478579521179199219e+00 1.159409523010253906e+01 7.339701652526855469e+00 7.743504047393798828e-01
5.142022705078125000e+02 1.028709292411804199e+00 7.075633049011230469e+00 -1.989400386810302734e-01 1.934289932250976562e-01 2.829578220844268799e-01
9.140647125244140625e+01 1.112723946571350098e+00 7.548686981201171875e+00 2.782914638519287109e+00 1.395173072814941406e+00 3.594518899917602539e-01
6.951608886718750000e+02 2.234216690063476562e+00 9.368555068969726562e+00 3.557419776916503906e+00 4.709696769714355469e-01 5.154685974121093750e-01
5.136826782226562500e+02 2.243371248245239258e+00 9.577153205871582031e+00 1.008479118347167969e+01 2.376751899719238281e+00 3.672322630882263184e-01
6.789179687500000000e+02 2.187448263168334961e+00 9.225256919860839844e+00 -7.812644004821777344e+00 -5.887946128845214844e+00 6.076555252075195312e-01
7.752873535156250000e+02 9.990962743759155273e-01 7.046582221984863281e+00 4.367458820343017578e+00 6.197047233581542969e-01 3.519532084465026855e-01
5.973250122070312500e+02 1.846160769462585449e+00 9.129129409790039062e+00 -1.048422527313232422e+01 -4.713169097900390625e+00 3.195647895336151123e-01
5.716955566406250000e+02 3.586032152175903320e+00 1.247686958312988281e+01 1.573334217071533203e+01 2.623038291931152344e+00 2.129806429147720337e-01
4.152093811035156250e+02 1.105983018875122070e+00 7.317006111145019531e+00 6.091015338897705078e+00 -7.339715957641601562e-01 1.894257031381130219e-02
5.832639160156250000e+02 2.692821502685546875e+00 1.026272106170654297e+01 1.354294967651367188e+01 1.803660392761230469e+00 1.191098541021347046e-01
7.972394409179687500e+02 2.575995206832885742e+00 1.051105880737304688e+01 -1.193181276321411133e+00 -4.291865825653076172e+00 9.377771615982055664e-01
3.088341369628906250e+02 1.182322978973388672e+00 7.621049404144287109e+00 6.534211635589599609e+00 1.898086071014404297e+00 3.719553947448730469e-01
3.388592224121093750e+02 9.766435027122497559e-01 7.186230182647705078e+00 8.126544952392578125e-01 -9.511888027191162109e-01 7.747906446456909180e-01
4.279441223144531250e+02 1.465912580490112305e+00 7.993988990783691406e+00 -1.597084999084472656e+00 -3.120890855789184570e+00 7.751257419586181641e-01
7.138799438476562500e+02 2.738658428192138672e+00 1.046191215515136719e+01 1.486555099487304688e+01 7.885568141937255859e+00 5.516448020935058594e-01
7.612242889404296875e+01 1.182778239250183105e+00 7.368714809417724609e+00 5.468485355377197266e+00 1.678504943847656250e+00 3.459438979625701904e-01
4.432626342773437500e+02 1.559003114700317383e+00 8.301266670227050781e+00 4.411020278930664062e+00 1.201763153076171875e+00 3.387418389320373535e-01
5.224551391601562500e+02 3.967417716979980469e+00 1.287988281250000000e+01 -5.842608451843261719e+00 -6.950231552124023438e+00 9.591895937919616699e-01
2.062812805175781250e+02 8.073701858520507812e-01 6.461063385009765625e+00 3.873164653778076172e+00 3.434896469116210938e-02 1.272421777248382568e-01
6.970101928710937500e+02 1.807804822921752930e+00 8.868673324584960938e+00 1.234566688537597656e+01 -2.995193004608154297e-01 1.662315428256988525e-01
2.175070037841796875e+02 1.664806246757507324e+00 8.446977615356445312e+00 -3.077872991561889648e+00 -3.662188053131103516e+00 6.431990265846252441e-01
2.663974189758300781e+01 2.585944652557373047e+00 1.038612556457519531e+01 7.118635177612304688e+00 3.470778465270996094e-01 2.213546633720397949e-01
3.450124206542968750e+02 3.077779293060302734e+00 1.146475601196289062e+01 9.517728805541992188e+00 1.714351177215576172e+00 9.979054331779479980e-02
7.031863403320312500e+02 2.453864574432373047e+00 9.920157432556152344e+00 -6.552920341491699219e+00 -3.274989128112792969e+00 2.269546538591384888e-01
7.371184082031250000e+02 2.795833110809326172e+00 1.043487834930419922e+01 -1.111639785766601562e+01 -7.426057815551757812e+00 5.532441735267639160e-01
6.957207641601562500e+02 2.142235279083251953e+00 9.514822006225585938e+00 -5.789809226989746094e+00 5.594253540039062500e-02 7.191107422113418579e-02
1.081466522216796875e+02 1.394890189170837402e+00 7.625999927520751953e+00 4.449934959411621094e+00 2.426047325134277344e+00 4.881125390529632568e-01
6.089125366210937500e+02 3.586881875991821289e+00 1.220617103576660156e+01 2.419376373291015625e-01 -1.536719799041748047e+00 6.635710000991821289e-01
2.015126190185546875e+02 3.360031127929687500e+00 1.200285339355468750e+01 -1.385224246978759766e+01 -1.164209270477294922e+01 8.155346512794494629e-01
3.893857116699218750e+02 2.428456306457519531e+00 9.834287643432617188e+00 -1.037169265747070312e+01 -2.216352224349975586e+00 2.104107290506362915e-01
4.230781555175781250e+02 2.229828834533691406e+00 9.625161170959472656e+00 1.086077213287353516e+01 -1.138579845428466797e-01 1.597714237868785858e-02
2.919964294433593750e+02 2.164512157440185547e+00 9.265348434448242188e+00 9.840025901794433594e+00 1.561594009399414062e+00 2.058095932006835938e-01
4.486530761718750000e+02 1.940922856330871582e+00 9.132795333862304688e+00 1.296346664428710938e+01 3.394801616668701172e+00 3.052428960800170898e-01
6.500002441406250000e+02 2.278089523315429688e+00 9.615062713623046875e+00 -1.002827835083007812e+01 -5.674986839294433594e+00 4.821880161762237549e-01
3.426800537109375000e+02 1.262815356254577637e+00 7.589555740356445312e+00 2.283964157104492188e+00 1.286973953247070312e+00 8.577598631381988525e-02
3.040637588500976562e+01 6.789681911468505859e-01 6.461606979370117188e+00 -2.909672260284423828e-01 -1.438761949539184570e+00 2.897804379463195801e-01
5.237791137695312500e+02 2.855022430419921875e+00 1.092242717742919922e+01 1.642444992065429688e+01 8.161783218383789062e-01 2.231024950742721558e-02
1.084110641479492188e+02 1.986644864082336426e+00 9.144963264465332031e+00 -8.440819740295410156e+00 -5.722420215606689453e+00 4.828692972660064697e-01
2.766950988769531250e+02 8.508023023605346680e-01 6.625053405761718750e+00 3.427960872650146484e+00 1.179370880126953125e+00 2.123592048883438110e-01
6.033545532226562500e+02 1.448573708534240723e+00 7.732501983642578125e+00 5.524384975433349609e+00 2.074878215789794922e+00 4.623177349567413330e-01
2.435341186523437500e+02 1.297886133193969727e+00 7.694979667663574219e+00 -1.556158065795898438e-02 -3.135967254638671875e-01 2.706575095653533936e-01
7.753545532226562500e+02 3.119169235229492188e+00 1.136168098449707031e+01 -1.825798749923706055e+00 -1.103663444519042969e-01 1.443965137004852295e-01
1.126110305786132812e+02 1.814098715782165527e+00 8.807783126831054688e+00 -4.055364131927490234e+00 -2.085387706756591797e+00 3.192332684993743896e-01
7.729426269531250000e+02 1.785642623901367188e+00 8.442623138427734375e+00 -3.702265024185180664e+00 -5.983519554138183594e-01 3.081243336200714111e-01
4.325940246582031250e+02 1.580996155738830566e+00 8.356010437011718750e+00 3.437490463256835938e+00 2.208213806152343750e+00 8.933683633804321289e-01
7.220831298828125000e+02 3.919263839721679688e+00 1.332056903839111328e+01 1.974780559539794922e+00 5.044102668762207031e-01 5.970559120178222656e-01
6.387164306640625000e+02 3.145029783248901367e+00 1.142343330383300781e+01 4.430670738220214844e+00 1.858069896697998047e+00 5.480518937110900879e-01
6.660122680664062500e+02 2.907219886779785156e+00 1.085003185272216797e+01 5.449473857879638672e+00 -3.155744075775146484e-01 2.868083491921424866e-02
4.210675659179687500e+02 3.293224811553955078e+00 1.206413078308105469e+01 -1.262191534042358398e+00 -1.569614410400390625e+00 5.499012470245361328e-01
5.059309082031250000e+02 3.375027656555175781e+00 1.168472671508789062e+01 1.033536911010742188e+01 9.094572067260742188e-01 1.622505187988281250e-01
6.917662048339843750e+01 2.354663372039794922e+00 9.609190940856933594e+00 6.036224365234375000e+00 9.230065345764160156e-01 1.849877536296844482e-01
4.731647338867187500e+02 3.399958610534667969e+00 1.214106464385986328e+01 7.140333652496337891e+00 3.997855186462402344e+00 7.617729306221008301e-01
3.378975524902343750e+02 2.493001937866210938e+00 1.004987335205078125e+01 -2.492420673370361328e+00 -2.290177345275878906e-01 3.056710660457611084e-01
6.278613891601562500e+02 2.201824903488159180e+00 9.521729469299316406e+00 -8.225834369659423828e-01 -1.313918828964233398e+00 7.154239416122436523e-01
1.282639923095703125e+02 2.974281787872314453e+00 1.118334102630615234e+01 1.943796539306640625e+01 9.860609054565429688e+00 6.026490926742553711e-01
1.440863189697265625e+02 3.200938463211059570e+00 1.161246871948242188e+01 1.658177185058593750e+01 1.528634548187255859e+01 1.151368737220764160e+00
2.961325988769531250e+02 2.176733732223510742e+00 9.313073158264160156e+00 -1.110299825668334961e+00 -2.560758590698242188e-01 2.443300038576126099e-01
6.576181640625000000e+02 1.580441832542419434e+00 8.361981391906738281e+00 5.868916511535644531e+00 -4.517138004302978516e-01 4.811700433492660522e-02
4.299216308593750000e+02 2.634738445281982422e+00 1.046388244628906250e+01 1.021912097930908203e+01 5.569753646850585938e+00 7.401682138442993164e-01
1.006680831909179688e+02 4.425268173217773438e-01 5.808137893676757812e+00 2.447404861450195312e+00 8.596873283386230469e-01 4.625390470027923584e-01
2.344132843017578125e+02 8.480040431022644043e-01 6.868344783782958984e+00 1.136155128479003906e+00 -5.022525787353515625e-01 1.179008036851882935e-01
5.765087890625000000e+02 1.218282103538513184e+00 7.644304275512695312e+00 1.414208412170410156e+00 -1.176362037658691406e+00 9.355770349502563477e-01
7.534895629882812500e+02 2.982598781585693359e+00 1.104670524597167969e+01 -3.812370300292968750e+00 -3.366625308990478516e+00 4.371786713600158691e-01
7.075448608398437500e+02 9.984482526779174805e-01 7.092001914978027344e+00 8.129072189331054688e-01 -1.245032548904418945e+00 5.925506353378295898e-01
2.116927642822265625e+02 1.655269384384155273e+00 8.512916564941406250e+00 6.535868644714355469e+00 2.173116207122802734e+00 3.874127566814422607e-01
7.565640258789062500e+02 7.487494349479675293e-01 6.332823276519775391e+00 1.100769042968750000e+00 -1.869308948516845703e+00 4.052654206752777100e-01
7.457587890625000000e+02 2.443452596664428711e+00 9.941477775573730469e+00 -1.600862741470336914e+00 -2.486734390258789062e+00 6.043631434440612793e-01
5.933494567871093750e+01 9.033988118171691895e-01 6.948687076568603516e+00 4.972474575042724609e+00 -6.944656372070312500e-01 1.534386277198791504e-01
5.895923461914062500e+02 2.921024799346923828e+00 1.065698146820068359e+01 1.758779525756835938e+01 2.257108688354492188e-02 7.066406309604644775e-02
3.858803405761718750e+02 2.779420852661132812e+00 1.046826934814453125e+01 -7.067418098449707031e+00 9.838581085205078125e-02 1.246996372938156128e-01
4.664870605468750000e+02 1.232885122299194336e+00 7.657937526702880859e+00 6.091673374176025391e+00 2.358689308166503906e+00 5.328425765037536621e-01
1.500374908447265625e+02 3.964828014373779297e+00 1.326037693023681641e+01 5.842161178588867188e-01 -5.173349380493164062e-01 8.955171108245849609e-01
1.563280639648437500e+02 1.988694787025451660e+00 9.033228874206542969e+00 4.650065898895263672e+00 2.232432365417480469e-01 7.665809392929077148e-01
4.300645446777343750e+02 2.957768440246582031e+00 1.073124217987060547e+01 1.376197814941406250e+01 6.417925357818603516e+00 5.928128361701965332e-01
4.142873840332031250e+02 1.469304323196411133e+00 8.034695625305175781e+00 5.826938152313232422e+00 2.244415283203125000e+00 4.178127050399780273e-01
5.136608886718750000e+02 2.696060657501220703e+00 1.073899650573730469e+01 1.752204704284667969e+01 4.192278385162353516e+00 2.453954219818115234e-01
7.309309692382812500e+02 2.538740634918212891e+00 9.797473907470703125e+00 8.298459053039550781e+00 3.264431953430175781e+00 5.483011603355407715e-01
1.457283172607421875e+02 3.058272123336791992e+00 1.150931835174560547e+01 -1.354969787597656250e+01 -6.035293579101562500e+00 4.052814841270446777e-01
4.415436401367187500e+02 2.136968612670898438e+00 9.367301940917968750e+00 1.292404937744140625e+01 5.119028091430664062e+00 3.624728322029113770e-01
6.082791519165039062e+01 1.335384845733642578e+00 7.937318801879882812e+00 7.225024700164794922e+00 1.304163932800292969e+00 2.400795817375183105e-01
6.675162353515625000e+02 1.739111661911010742e+00 8.549195289611816406e+00 3.297903537750244141e+00 1.169474124908447266e+00 8.963688276708126068e-03
3.024224853515625000e+02 1.918318986892700195e+00 8.864821434020996094e+00 -7.162785530090332031e-01 -5.591988563537597656e-01 3.493605256080627441e-01
2.007373504638671875e+02 1.354482173919677734e+00 7.875156879425048828e+00 1.970205307006835938e+00 1.616725921630859375e+00 7.127109766006469727e-01
5.437708129882812500e+02 1.439268231391906738e+00 7.954171180725097656e+00 6.142771244049072266e+00 -2.837085723876953125e-01 6.331437826156616211e-02
4.457918090820312500e+02 1.710250735282897949e+00 8.781942367553710938e+00 -1.913479566574096680e+00 -6.335306167602539062e-01 6.020104885101318359e-02
7.454310302734375000e+02 3.509324550628662109e+00 1.198719215393066406e+01 1.885278320312500000e+01 5.576806068420410156e+00 3.925451040267944336e-01
3.027498779296875000e+02 2.846930027008056641e+00 1.082254791259765625e+01 5.597136020660400391e+00 -5.337417125701904297e-01 1.014575213193893433e-01
2.715010070800781250e+02 1.170597434043884277e+00 7.632757186889648438e+00 -1.166999340057373047e+00 -9.142303466796875000e-01 5.294438004493713379e-01
3.475204467773437500e+02 9.472137689590454102e-01 7.037153244018554688e+00 2.007088661193847656e+00 1.849865913391113281e-01 3.175030350685119629e-01
5.149865112304687500e+02 2.119114398956298828e+00 9.329123497009277344e+00 1.728896331787109375e+01 1.066864204406738281e+01 7.173306345939636230e-01
1.890628051757812500e+02 1.130642533302307129e+00 7.516524314880371094e+00 2.459838390350341797e+00 -1.419974565505981445e+00 3.361968696117401123e-01
2.171219177246093750e+02 7.774587273597717285e-01 6.698788166046142578e+00 3.014183044433593750e+00 4.559755325317382812e-01 1.983406208455562592e-02
4.173294982910156250e+02 8.796453475952148438e-01 7.060008049011230469e+00 1.343894004821777344e+00 1.841783523559570312e-01 1.887504905462265015e-01
7.376397094726562500e+02 1.379394888877868652e+00 7.983016014099121094e+00 1.170277595520019531e-01 2.700138092041015625e-01 3.239870369434356689e-01
1.411718139648437500e+02 7.707430124282836914e-01 6.671005249023437500e+00 1.105072498321533203e+00 1.495165824890136719e+00 6.482345610857009888e-02
1.464834785461425781e+01 1.892008304595947266e+00 8.667752265930175781e+00 1.011099052429199219e+01 1.948571205139160156e+00 1.942733824253082275e-01
7.835549926757812500e+02 1.936788678169250488e+00 8.880739212036132812e+00 4.649209976196289062e+00 -7.270419597625732422e-01 3.075618743896484375e-01
6.603767700195312500e+02 1.241492152214050293e+00 7.739222526550292969e+00 1.146769523620605469e+00 -3.113496303558349609e-01 6.343325972557067871e-02
3.806007995605468750e+02 1.168429136276245117e+00 7.607871532440185547e+00 3.818619251251220703e+00 1.072936058044433594e+00 2.613047957420349121e-01
3.896653137207031250e+02 2.830349445343017578e+00 1.055111503601074219e+01 -7.270526885986328125e-01 -4.981911182403564453e-01 3.214374482631683350e-01
2.040489654541015625e+02 9.951789975166320801e-01 6.955745220184326172e+00 -7.429516315460205078e-01 -1.897639036178588867e+00 6.310621500015258789e-01
5.782601928710937500e+02 2.303459644317626953e+00 9.763411521911621094e+00 -2.812767028808593750e+00 -1.283938884735107422e+00 1.135508120059967041e-01
1.317682800292968750e+02 1.119679093360900879e+00 7.272331237792968750e+00 2.020833492279052734e+00 1.123130321502685547e+00 5.950106978416442871e-01
5.056359863281250000e+02 2.524283885955810547e+00 1.014847183227539062e+01 1.996557044982910156e+01 1.200552749633789062e+01 6.147794127464294434e-01
5.462477111816406250e+01 8.973252177238464355e-01 6.870057106018066406e+00 1.538846492767333984e+00 5.088400840759277344e-01 5.785971879959106445e-01
4.386096496582031250e+02 1.754654526710510254e+00 8.677619934082031250e+00 -1.284112930297851562e+00 -1.781398057937622070e+00 4.570167958736419678e-01
3.535926513671875000e+02 1.567665576934814453e+00 8.300031661987304688e+00 9.292712211608886719e+00 4.909369945526123047e+00 4.148319661617279053e-01
3.791059570312500000e+02 2.852118015289306641e+00 1.063214874267578125e+01 3.173453807830810547e+00 -4.506862163543701172e-01 1.337995287030935287e-03
