1.170274276733398438e+02 5.072593688964843750e-02 4.077650070190429688e+00 -2.305774688720703125e-01 -1.788997650146484375e-01 1.685828685760498047e+00
1.132676925659179688e+02 -7.950425148010253906e-02 3.814761400222778320e+00 3.928947448730468750e-02 -1.669178009033203125e-01 1.249333143234252930e+00
1.419380035400390625e+02 1.635265350341796875e-02 4.065357208251953125e+00 4.629364013671875000e-01 6.837825775146484375e-01 1.799859404563903809e+00
1.595204162597656250e+02 3.808284282684326172e+00 1.192998313903808594e+01 1.314066314697265625e+01 5.835731506347656250e+00 4.727839231491088867e-01
1.876889038085937500e+02 4.276266098022460938e-01 5.238399505615234375e+00 -1.082323074340820312e+00 -1.911733627319335938e+00 1.002661943435668945e+00
1.662496032714843750e+02 6.671571731567382812e-02 4.398401737213134766e+00 3.258876800537109375e-01 -3.180274963378906250e-01 1.256012439727783203e+00
2.195493774414062500e+02 -1.809310913085937500e-02 3.852387189865112305e+00 3.236351013183593750e-01 -5.928611755371093750e-02 1.236022830009460449e+00
1.834132843017578125e+02 3.317942619323730469e-01 4.959403991699218750e+00 9.622859954833984375e-01 7.264595031738281250e-01 8.918809294700622559e-01
1.615309906005859375e+02 3.171930789947509766e+00 1.055070114135742188e+01 1.187370681762695312e+01 1.626521301269531250e+01 1.411655545234680176e+00
1.871259460449218750e+02 -1.150121688842773438e-01 4.197689056396484375e+00 1.938819885253906250e-02 2.834300994873046875e-01 1.547217845916748047e+00
1.311508178710937500e+02 2.121069431304931641e-01 4.789324760437011719e+00 1.955051422119140625e-01 2.051925659179687500e-01 6.686959266662597656e-01
2.323331909179687500e+02 3.028140068054199219e-01 4.826777458190917969e+00 2.380352020263671875e-01 1.741409301757812500e-02 8.078122138977050781e-01
1.308274230957031250e+02 8.736648559570312500e-01 5.759500503540039062e+00 8.951473236083984375e-01 6.989135742187500000e-01 8.018963336944580078e-01
1.326860351562500000e+02 6.578924655914306641e-01 5.573963165283203125e+00 3.509330749511718750e-02 -2.851524353027343750e-01 6.598788499832153320e-01
1.227998962402343750e+02 2.840723991394042969e-01 4.935553550720214844e+00 9.822845458984375000e-03 -1.637344360351562500e-01 9.418073296546936035e-01
5.635498046875000000e+02 -1.237475872039794922e-02 4.106616020202636719e+00 -5.237197875976562500e-02 -4.837570190429687500e-01 7.036293745040893555e-01
1.340718841552734375e+02 -2.883797883987426758e-01 3.748575210571289062e+00 6.568527221679687500e-02 -1.312561035156250000e-01 1.389487504959106445e+00
1.824565582275390625e+02 -4.100632667541503906e-02 4.247053623199462891e+00 2.050399780273437500e-02 -2.468528747558593750e-01 1.237051606178283691e+00
1.870957183837890625e+02 4.307889938354492188e-01 5.206885814666748047e+00 8.605041503906250000e-01 1.277219772338867188e+00 1.516853094100952148e+00
1.329525756835937500e+02 1.200349330902099609e-01 4.358248710632324219e+00 9.928131103515625000e-02 -5.585365295410156250e-01 1.228484749794006348e+00
1.960719451904296875e+02 2.450373172760009766e-01 4.390119552612304688e+00 6.935024261474609375e-01 9.348011016845703125e-01 1.826951265335083008e+00
1.397692260742187500e+02 1.895005702972412109e-01 4.427353858947753906e+00 1.617698669433593750e-01 -1.854877471923828125e-01 1.126189112663269043e+00
1.343440856933593750e+02 5.634617805480957031e-02 4.255187034606933594e+00 3.656845092773437500e-01 -1.935005187988281250e-02 8.157365322113037109e-01
1.809907379150390625e+02 -7.971978187561035156e-02 4.093033790588378906e+00 7.829475402832031250e-02 -6.301898956298828125e-01 1.485620021820068359e+00
1.550746307373046875e+02 3.386354446411132812e-02 4.377537250518798828e+00 4.988174438476562500e-01 3.075981140136718750e-01 2.322201728820800781e+00
1.246953506469726562e+02 -1.305170059204101562e-01 3.868334531784057617e+00 1.802616119384765625e-01 3.559303283691406250e-02 1.239823818206787109e+00
1.211493835449218750e+02 -6.501150131225585938e-02 4.036881923675537109e+00 -1.254577636718750000e-01 -3.980045318603515625e-01 1.229738712310791016e+00
1.950414428710937500e+02 1.965856552124023438e-02 4.197450637817382812e+00 1.598854064941406250e-01 -7.275829315185546875e-01 1.393211841583251953e+00
1.062460327148437500e+02 -1.930513381958007812e-01 3.644872188568115234e+00 2.292633056640625000e-02 3.775501251220703125e-01 1.433907508850097656e+00
5.944895629882812500e+02 7.184481620788574219e-02 4.165314674377441406e+00 5.425643920898437500e-01 -3.746585845947265625e-01 6.969271898269653320e-01
1.355233001708984375e+02 -1.482324600219726562e-01 3.849886894226074219e+00 6.340026855468750000e-02 -4.524974822998046875e-01 1.092687845230102539e+00
1.979579162597656250e+02 4.606986045837402344e-02 4.175654888153076172e+00 1.699752807617187500e-01 -1.723327636718750000e-01 1.255459904670715332e+00
1.336115875244140625e+02 -2.739155292510986328e-02 4.362632751464843750e+00 1.618156433105468750e-01 -3.371524810791015625e-01 9.371703267097473145e-01
1.706542968750000000e+02 -8.611762523651123047e-02 4.202408790588378906e+00 2.365951538085937500e-01 2.948112487792968750e-01 6.479455232620239258e-01
5.841666870117187500e+02 1.173520088195800781e-01 4.506204605102539062e+00 -1.246299743652343750e-01 -6.134643554687500000e-01 1.414979219436645508e+00
1.504606170654296875e+02 1.868557929992675781e-02 3.930438995361328125e+00 4.443931579589843750e-01 1.354217529296875000e-01 1.359723567962646484e+00
1.347996826171875000e+02 2.117507457733154297e-01 4.463810443878173828e+00 -9.384155273437500000e-04 3.889064788818359375e-01 1.000143527984619141e+00
1.454057006835937500e+02 1.347675323486328125e-01 4.467600345611572266e+00 7.211685180664062500e-03 -6.055164337158203125e-01 8.658164143562316895e-01
5.727567749023437500e+02 9.820613861083984375e-01 6.067429065704345703e+00 3.497982025146484375e-01 7.854080200195312500e-02 7.096859812736511230e-01
1.207654800415039062e+02 -9.559059143066406250e-02 3.832890987396240234e+00 5.844707489013671875e-01 4.587192535400390625e-01 1.329504013061523438e+00
1.873170013427734375e+02 6.959867477416992188e-02 4.305806159973144531e+00 -1.587810516357421875e-01 -2.501525878906250000e-01 1.131281971931457520e+00
2.236050109863281250e+02 3.802061080932617188e-02 4.136926651000976562e+00 1.962013244628906250e-01 -4.491806030273437500e-02 1.185920476913452148e+00
5.241201782226562500e+02 -3.658044338226318359e-02 4.028181076049804688e+00 -1.511497497558593750e-01 -1.824226379394531250e-01 8.440759181976318359e-01
5.175929565429687500e+02 2.078852653503417969e-01 4.613908767700195312e+00 -4.172363281250000000e-01 -6.239814758300781250e-01 8.097083568572998047e-01
1.843531188964843750e+02 1.254293918609619141e-01 4.393263816833496094e+00 -3.875770568847656250e-01 4.070472717285156250e-02 1.510013222694396973e+00
1.321961212158203125e+02 3.651618957519531250e-02 4.316716194152832031e+00 -1.785812377929687500e-01 -4.939479827880859375e-01 1.438377022743225098e+00
1.128498306274414062e+02 -1.665093898773193359e-01 3.968366384506225586e+00 -6.711959838867187500e-02 4.183769226074218750e-01 1.556340336799621582e+00
1.914158477783203125e+02 4.939875602722167969e-01 5.330089569091796875e+00 -1.020460128784179688e+00 -1.097715377807617188e+00 9.471319913864135742e-01
1.269150390625000000e+02 -2.942931652069091797e-02 4.145057201385498047e+00 -2.064132690429687500e-02 1.284999847412109375e-01 1.408796310424804688e+00
5.631350097656250000e+02 9.321451187133789062e-03 4.241747856140136719e+00 5.790309906005859375e-01 5.532264709472656250e-02 1.227855205535888672e+00
1.246553039550781250e+02 -4.492390155792236328e-02 4.122276306152343750e+00 1.190204620361328125e-01 5.576705932617187500e-02 1.271283388137817383e+00
1.311915893554687500e+02 1.979613304138183594e-01 4.334856033325195312e+00 4.082145690917968750e-01 -1.891727447509765625e-01 1.559924602508544922e+00
5.464263305664062500e+02 -1.740980148315429688e-01 3.876206874847412109e+00 1.760768890380859375e-01 -8.515129089355468750e-01 1.652816772460937500e+00
1.939766235351562500e+02 -1.239068508148193359e-01 3.527352094650268555e+00 1.030349731445312500e-01 -1.606159210205078125e-01 8.993477821350097656e-01
1.490148010253906250e+02 -4.543447494506835938e-02 3.985769033432006836e+00 1.633377075195312500e-01 -1.062641143798828125e+00 1.756383657455444336e+00
5.597441406250000000e+02 -1.192353963851928711e-01 4.040346622467041016e+00 2.622318267822265625e-01 -5.531215667724609375e-01 1.772270202636718750e+00
5.800595092773437500e+02 5.335927009582519531e-02 4.776649475097656250e+00 1.947765350341796875e-01 -1.204105377197265625e+00 1.550939202308654785e+00
1.103322296142578125e+02 2.169132232666015625e-03 3.984095335006713867e+00 -1.992206573486328125e-01 -7.678527832031250000e-01 1.715352058410644531e+00
1.622135009765625000e+02 -8.066666126251220703e-02 4.266603946685791016e+00 2.929840087890625000e-01 1.666927337646484375e-01 1.471752643585205078e+00
2.107470245361328125e+02 4.822731018066406250e-03 4.100377082824707031e+00 1.261329650878906250e-01 -1.486740112304687500e-01 1.097609281539916992e+00
1.806230468750000000e+02 -8.304476737976074219e-02 3.917457818984985352e+00 -5.401172637939453125e-01 5.893516540527343750e-02 1.125602602958679199e+00
1.268425445556640625e+02 1.499733924865722656e-01 4.654664039611816406e+00 1.038551330566406250e-01 -1.639232635498046875e-01 8.435431718826293945e-01
5.484214477539062500e+02 -7.581508159637451172e-02 3.889523029327392578e+00 7.169723510742187500e-02 1.268196105957031250e-02 1.471982955932617188e+00
2.153707275390625000e+02 1.470494270324707031e-02 3.917033433914184570e+00 -1.745147705078125000e-01 -4.194316864013671875e-01 1.256126403808593750e+00
4.864129028320312500e+02 -2.515885829925537109e-01 3.677914857864379883e+00 5.334472656250000000e-01 -1.565284729003906250e-01 1.474193453788757324e+00
1.369619140625000000e+02 -1.964669227600097656e-01 3.766260147094726562e+00 -1.116924285888671875e-01 1.124992370605468750e-01 1.378887772560119629e+00
1.542695007324218750e+02 1.455676555633544922e-01 4.616161823272705078e+00 -8.807106018066406250e-01 -3.452205657958984375e-01 1.007705807685852051e+00
2.346719665527343750e+02 1.386737823486328125e-01 4.637171745300292969e+00 2.106094360351562500e-01 7.277679443359375000e-02 4.929278790950775146e-01
1.520672302246093750e+02 -9.219145774841308594e-02 4.116515159606933594e+00 2.632293701171875000e-01 -6.270980834960937500e-02 1.032698035240173340e+00
5.053923034667968750e+02 -2.067276239395141602e-01 4.051496982574462891e+00 1.817131042480468750e-01 6.498622894287109375e-01 2.165148019790649414e+00
2.060869140625000000e+02 2.581892013549804688e-01 4.298346519470214844e+00 -3.345870971679687500e-02 -8.951568603515625000e-02 9.466713666915893555e-01
1.214443435668945312e+02 7.740011215209960938e-01 5.564033508300781250e+00 -2.394945144653320312e+00 -4.435729026794433594e+00 1.570502996444702148e+00
1.205239257812500000e+02 1.981911659240722656e-01 4.720980644226074219e+00 4.771251678466796875e-01 -1.643142700195312500e-01 1.352105379104614258e+00
5.240780639648437500e+02 -1.618742942810058594e-01 3.964951515197753906e+00 -4.150314331054687500e-01 -9.098415374755859375e-01 1.389905095100402832e+00
5.934588012695312500e+02 2.535214424133300781e-01 4.500965118408203125e+00 3.418636322021484375e-01 -2.951297760009765625e-01 7.770031094551086426e-01
1.791516113281250000e+02 1.175444126129150391e-01 4.202925682067871094e+00 -3.446922302246093750e-01 -1.145355224609375000e+00 1.445268273353576660e+00
2.129108428955078125e+02 7.295608520507812500e-05 3.768363237380981445e+00 1.046772003173828125e-01 -7.025794982910156250e-01 1.371646165847778320e+00
1.637956085205078125e+02 1.259965896606445312e-01 4.728220939636230469e+00 2.033500671386718750e-01 -9.635391235351562500e-01 1.472235798835754395e+00
1.478322601318359375e+02 1.297619342803955078e-01 4.651663780212402344e+00 4.272537231445312500e-01 1.888942718505859375e-01 1.378944516181945801e+00
2.053517303466796875e+02 -9.224438667297363281e-02 3.835283994674682617e+00 -3.571434020996093750e-01 -8.495750427246093750e-01 1.313615083694458008e+00
1.515495910644531250e+02 -6.322658061981201172e-02 4.236568450927734375e+00 3.381347656250000000e-02 -2.043457031250000000e-01 7.520437240600585938e-01
1.167957687377929688e+02 -1.805956363677978516e-01 3.791204452514648438e+00 -1.247806549072265625e-01 -4.675559997558593750e-01 8.589476346969604492e-01
5.377488403320312500e+02 2.295863628387451172e-01 4.630813598632812500e+00 -1.321983337402343750e-02 1.496887207031250000e-02 8.037496805191040039e-01
1.375928039550781250e+02 -8.536338806152343750e-03 3.917586326599121094e+00 1.935997009277343750e-01 1.146984100341796875e-01 9.312338232994079590e-01
1.944940490722656250e+02 -8.347177505493164062e-02 3.563482284545898438e+00 -1.179637908935546875e-01 -8.495616912841796875e-01 1.166617751121520996e+00
5.712354125976562500e+02 7.006549835205078125e-02 4.366692066192626953e+00 1.459579467773437500e-01 9.873962402343750000e-02 8.958684206008911133e-01
2.238707733154296875e+02 3.209364414215087891e-01 5.128416061401367188e+00 -5.503253936767578125e-01 -3.520317077636718750e-01 7.513524293899536133e-01
1.871259460449218750e+02 -1.150121688842773438e-01 4.197689056396484375e+00 1.938819885253906250e-02 2.834300994873046875e-01 1.547217845916748047e+00
1.581717071533203125e+02 2.735018730163574219e-02 4.384845256805419922e+00 9.344863891601562500e-02 -1.180725097656250000e-01 8.609791994094848633e-01
1.318777008056640625e+02 1.897487640380859375e-01 4.517829418182373047e+00 -5.375671386718750000e-02 4.021644592285156250e-01 1.271086931228637695e+00
1.819382019042968750e+02 1.323237419128417969e-01 4.527125358581542969e+00 9.376907348632812500e-02 -1.554279327392578125e-01 1.560892343521118164e+00
1.433092193603515625e+02 1.278269290924072266e-01 4.454167842864990234e+00 -1.173362731933593750e-01 1.903648376464843750e-01 1.248424887657165527e+00
1.337805023193359375e+02 1.084048748016357422e-01 4.421308517456054688e+00 7.470588684082031250e-01 5.875473022460937500e-01 9.060378074645996094e-01
1.930100402832031250e+02 1.844553947448730469e-01 4.489490032196044922e+00 -3.326416015625000000e-02 -5.227470397949218750e-01 8.906477689743041992e-01
1.236699676513671875e+02 1.232726573944091797e-01 4.316773414611816406e+00 1.811237335205078125e-01 3.496284484863281250e-01 1.262667179107666016e+00
1.641486206054687500e+02 -5.167961120605468750e-02 4.297182559967041016e+00 1.160221099853515625e-01 1.675300598144531250e-01 1.707623243331909180e+00
2.041098175048828125e+02 -1.254751682281494141e-01 4.014214992523193359e+00 7.419586181640625000e-04 -9.895706176757812500e-02 1.696043968200683594e+00
1.348610687255859375e+02 -2.094066143035888672e-01 3.832524061203002930e+00 2.647933959960937500e-01 -9.883117675781250000e-02 8.160884380340576172e-01
1.589151458740234375e+02 4.381346702575683594e-01 4.934820175170898438e+00 -5.057315826416015625e-01 -1.294494628906250000e+00 1.252600193023681641e+00
1.291354675292968750e+02 1.249830722808837891e-01 4.544301509857177734e+00 -7.972450256347656250e-01 -8.072681427001953125e-01 1.012609124183654785e+00
1.456992645263671875e+02 9.592485427856445312e-02 4.138724327087402344e+00 -6.838798522949218750e-02 -6.601161956787109375e-01 1.176003932952880859e+00
2.314656982421875000e+02 -2.119920253753662109e-01 3.768276691436767578e+00 -1.257266998291015625e-01 -4.894599914550781250e-01 8.717397451400756836e-01
1.075790176391601562e+02 2.748227119445800781e-02 4.304804801940917969e+00 -2.577056884765625000e-01 -1.124807357788085938e+00 1.804563045501708984e+00
1.524800872802734375e+02 5.455896854400634766e-01 5.394657135009765625e+00 -4.282321929931640625e-01 -6.559257507324218750e-01 1.302831292152404785e+00
2.102115173339843750e+02 1.311242580413818359e-01 4.371118068695068359e+00 -2.295589447021484375e-01 -4.144153594970703125e-01 7.569088935852050781e-01
1.897713775634765625e+02 -6.417083740234375000e-02 3.929470062255859375e+00 -7.300186157226562500e-02 -1.033584594726562500e+00 1.846779584884643555e+00
1.169874420166015625e+02 -2.157883644104003906e-01 3.718636512756347656e+00 -1.753845214843750000e-01 3.169822692871093750e-01 1.580518960952758789e+00
1.730627899169921875e+02 7.386159896850585938e-02 4.515995502471923828e+00 3.224906921386718750e-01 3.830490112304687500e-01 8.947572112083435059e-01
1.883779449462890625e+02 -2.365612983703613281e-02 4.209530830383300781e+00 4.585266113281250000e-03 -2.296504974365234375e-01 1.031448841094970703e+00
2.191713867187500000e+02 7.016706466674804688e-02 4.291822433471679688e+00 5.204925537109375000e-01 2.120418548583984375e-01 1.037656068801879883e+00
2.151177673339843750e+02 6.965160369873046875e-02 4.243227958679199219e+00 3.221492767333984375e-01 2.647857666015625000e-01 5.798360109329223633e-01
2.106446533203125000e+02 -3.673648834228515625e-02 3.793300628662109375e+00 3.107452392578125000e-02 -2.560386657714843750e-01 1.432181477546691895e+00
5.199974365234375000e+02 -4.115009307861328125e-02 4.272095680236816406e+00 -4.113044738769531250e-01 -2.166194915771484375e-01 1.221305131912231445e+00
2.209257659912109375e+02 2.134683132171630859e-01 4.688084602355957031e+00 2.684574127197265625e-01 -4.603118896484375000e-01 1.513698220252990723e+00
1.221350555419921875e+02 -1.190066337585449219e-01 3.740892410278320312e+00 -4.754638671875000000e-02 -2.869396209716796875e-01 1.537681102752685547e+00
1.594752044677734375e+02 -1.206480264663696289e-01 3.877373695373535156e+00 4.920959472656250000e-04 -5.530796051025390625e-01 1.468252897262573242e+00
1.265871887207031250e+02 6.024255752563476562e-01 5.747054100036621094e+00 4.829254150390625000e-01 1.422119140625000000e-02 1.488273739814758301e+00
1.161751632690429688e+02 6.438732147216796875e-03 4.202257156372070312e+00 6.315193176269531250e-01 8.739166259765625000e-01 1.728253364562988281e+00
1.174888610839843750e+02 -4.439878463745117188e-02 4.082731246948242188e+00 6.429481506347656250e-02 9.632301330566406250e-02 1.368458271026611328e+00
1.933831329345703125e+02 5.691027641296386719e-02 3.718529224395751953e+00 -1.244087219238281250e-01 -2.580108642578125000e-01 8.376952409744262695e-01
1.074157867431640625e+02 -7.239937782287597656e-03 3.778702259063720703e+00 -3.039894104003906250e-01 -2.330112457275390625e-01 6.864254474639892578e-01
1.227592239379882812e+02 -1.186295747756958008e-01 3.799419641494750977e+00 4.755992889404296875e-01 3.488426208496093750e-01 1.201714158058166504e+00
1.258820037841796875e+02 -1.363925933837890625e-01 3.771136045455932617e+00 2.671146392822265625e-01 8.537292480468750000e-03 1.894385337829589844e+00
1.378984680175781250e+02 3.073215484619140625e-01 4.937446594238281250e+00 1.787719726562500000e-01 1.212289810180664062e+00 1.958431005477905273e+00
1.968997497558593750e+02 1.090335845947265625e-02 4.145192623138427734e+00 1.735534667968750000e-01 -3.851718902587890625e-01 1.552031755447387695e+00
1.124105606079101562e+02 -6.690096855163574219e-02 3.797305107116699219e+00 2.667884826660156250e-01 -2.327251434326171875e-01 1.255931377410888672e+00
1.698890380859375000e+02 1.682984828948974609e-01 4.781636238098144531e+00 -2.957305908203125000e-01 -7.725696563720703125e-01 1.562361121177673340e+00
4.974503479003906250e+02 -1.379743814468383789e-01 3.582834959030151367e+00 2.446517944335937500e-01 -6.173744201660156250e-01 9.748831391334533691e-01
1.504907531738281250e+02 1.353018283843994141e-01 4.537228107452392578e+00 -5.193138122558593750e-01 -4.428901672363281250e-01 1.102018952369689941e+00
2.077215728759765625e+02 -6.906628608703613281e-02 3.807057380676269531e+00 1.267623901367187500e-02 3.886394500732421875e-01 1.740242838859558105e+00
1.887416534423828125e+02 2.828269004821777344e-01 4.829709529876708984e+00 -8.473548889160156250e-01 -6.186904907226562500e-01 6.919218301773071289e-01
1.247798080444335938e+02 -4.242193698883056641e-02 3.895669937133789062e+00 -2.844924926757812500e-01 -9.639739990234375000e-03 7.971972823143005371e-01
5.143815307617187500e+02 2.049708366394042969e-02 3.885011672973632812e+00 -1.953277587890625000e-01 -8.600139617919921875e-01 1.155539155006408691e+00
5.513540039062500000e+02 3.421039581298828125e-01 4.766100406646728516e+00 1.448917388916015625e-01 -2.746238708496093750e-01 4.776179194450378418e-01
1.212148437500000000e+02 5.848240852355957031e-02 3.836466312408447266e+00 1.199722290039062500e-03 -4.708709716796875000e-01 1.066143512725830078e+00
1.595593261718750000e+02 -2.015662193298339844e-02 4.021350860595703125e+00 2.745285034179687500e-01 -1.293449401855468750e-01 7.777302265167236328e-01
1.592239837646484375e+02 5.706095695495605469e-02 4.439432144165039062e+00 4.308509826660156250e-02 -9.277725219726562500e-02 1.204185247421264648e+00
1.224794540405273438e+02 -6.357622146606445312e-02 3.945598125457763672e+00 -8.194732666015625000e-02 -2.195663452148437500e-01 1.057671904563903809e+00
5.186137084960937500e+02 1.311750411987304688e-01 4.276692390441894531e+00 -2.342567443847656250e-01 -5.179061889648437500e-01 9.456717967987060547e-01
2.139562835693359375e+02 7.277464866638183594e-02 4.673849582672119141e+00 -1.765441894531250000e-01 -6.763420104980468750e-01 1.205216765403747559e+00
1.488741149902343750e+02 -7.829630374908447266e-02 3.865130662918090820e+00 -3.084182739257812500e-03 2.086105346679687500e-01 8.314334154129028320e-01
1.181725463867187500e+02 8.625531196594238281e-02 4.110417366027832031e+00 -1.481208801269531250e-01 -5.418910980224609375e-01 1.450519084930419922e+00
2.212360076904296875e+02 -1.844019889831542969e-01 3.947186231613159180e+00 1.896018981933593750e-01 -1.625614166259765625e-01 6.757262945175170898e-01
1.194228515625000000e+02 -7.235395908355712891e-02 4.210083007812500000e+00 -1.805152893066406250e-01 -4.017658233642578125e-01 8.903785943984985352e-01
1.519385986328125000e+02 -5.575489997863769531e-02 4.154466629028320312e+00 6.667175292968750000e-01 9.940872192382812500e-01 1.043743252754211426e+00
1.185085525512695312e+02 -4.921293258666992188e-02 3.871922969818115234e+00 2.036857604980468750e-02 6.046791076660156250e-01 1.527278661727905273e+00
1.370684814453125000e+02 1.697404384613037109e-01 4.691732406616210938e+00 1.712989807128906250e-02 8.485412597656250000e-02 6.298547387123107910e-01
1.230955123901367188e+02 9.726762771606445312e-02 4.726274490356445312e+00 1.630287170410156250e-01 -4.124717712402343750e-01 1.672307491302490234e+00
1.699973144531250000e+02 -1.157343387603759766e-01 4.085769653320312500e+00 -1.435394287109375000e-01 5.250740051269531250e-02 1.573648214340209961e+00
1.208994369506835938e+02 -3.372597694396972656e-02 4.258502006530761719e+00 5.233764648437500000e-02 -4.289798736572265625e-01 8.044172525405883789e-01
1.389706115722656250e+02 2.222211360931396484e-01 4.539128780364990234e+00 -3.979492187500000000e-02 8.226394653320312500e-02 1.092473387718200684e+00
1.266342544555664062e+02 1.645045280456542969e-01 4.608326435089111328e+00 -1.866493225097656250e-01 -2.903003692626953125e-01 1.649525642395019531e+00
1.097753753662109375e+02 -1.885207891464233398e-01 3.552639961242675781e+00 -3.279304504394531250e-02 -3.025646209716796875e-01 1.648068904876708984e+00
1.947529449462890625e+02 5.153703689575195312e-01 5.476656913757324219e+00 -1.299427032470703125e+00 -1.259382247924804688e+00 9.395939707756042480e-01
2.112104187011718750e+02 3.784179687500000000e-02 4.227871894836425781e+00 -1.421890258789062500e-01 -8.027858734130859375e-01 1.083742141723632812e+00
2.047865600585937500e+02 -1.366989612579345703e-01 3.914659976959228516e+00 -1.936531066894531250e-01 -5.260925292968750000e-01 1.743937969207763672e+00
1.496988525390625000e+02 -1.150097846984863281e-01 3.930913448333740234e+00 -1.188011169433593750e-01 -2.601242065429687500e-02 1.674299716949462891e+00
2.165838928222656250e+02 3.012635707855224609e-01 4.753571033477783203e+00 -3.905487060546875000e-02 -1.234741210937500000e-01 1.044859290122985840e+00
2.226607360839843750e+02 3.972029685974121094e-01 5.273136138916015625e+00 -1.259700775146484375e+00 -2.113111495971679688e+00 1.557439565658569336e+00
1.979529571533203125e+02 -3.665981292724609375e-01 3.541655302047729492e+00 4.157638549804687500e-02 -4.345626831054687500e-01 1.680790185928344727e+00
1.103322296142578125e+02 2.169132232666015625e-03 3.984095335006713867e+00 -1.992206573486328125e-01 -7.678527832031250000e-01 1.715352058410644531e+00
2.054909667968750000e+02 -1.205909252166748047e-01 4.052672863006591797e+00 1.301097869873046875e-01 -3.975257873535156250e-01 1.186631917953491211e+00
2.107443847656250000e+02 7.287006378173828125e-01 5.421492576599121094e+00 -3.883743286132812500e-02 -6.393871307373046875e-01 8.145925402641296387e-01
1.401412048339843750e+02 3.777778148651123047e-01 4.882435798645019531e+00 3.242206573486328125e-01 5.455017089843750000e-01 9.809587001800537109e-01
5.242797851562500000e+02 1.890635490417480469e-02 4.336606502532958984e+00 5.231094360351562500e-02 -8.376045227050781250e-01 1.472778320312500000e+00
1.630933990478515625e+02 3.933906555175781250e-02 4.214548110961914062e+00 -3.405647277832031250e-01 4.641342163085937500e-02 1.127383828163146973e+00
1.408669281005859375e+02 -7.803583145141601562e-02 4.027448177337646484e+00 9.764862060546875000e-02 -2.393646240234375000e-01 6.882914304733276367e-01
1.301341094970703125e+02 -1.382215023040771484e-01 4.065725326538085938e+00 1.486682891845703125e-01 -4.554538726806640625e-01 1.152236819267272949e+00
1.926177215576171875e+02 9.166693687438964844e-02 4.221432209014892578e+00 -2.105712890625000000e-03 7.940483093261718750e-02 5.998377203941345215e-01
1.197332534790039062e+02 1.593518257141113281e-01 4.484197616577148438e+00 3.087520599365234375e-01 -3.755073547363281250e-01 1.191887378692626953e+00
2.281751708984375000e+02 1.902680397033691406e-01 4.575518608093261719e+00 -2.574119567871093750e-01 -7.211894989013671875e-01 7.962177991867065430e-01
1.165949554443359375e+02 -4.864430427551269531e-02 3.715963840484619141e+00 1.347808837890625000e-01 -8.207435607910156250e-01 1.032444834709167480e+00
5.056091918945312500e+02 7.289409637451171875e-03 3.859924316406250000e+00 -1.473312377929687500e-01 3.602409362792968750e-01 9.626748561859130859e-01
2.079282531738281250e+02 -1.408696174621582031e-02 4.299860000610351562e+00 1.237106323242187500e-01 1.793785095214843750e-01 1.807473421096801758e+00
1.840675506591796875e+02 1.201357841491699219e-01 4.314804077148437500e+00 6.984806060791015625e-01 9.450263977050781250e-01 1.145668148994445801e+00
2.011881408691406250e+02 2.691063880920410156e-01 4.783819198608398438e+00 -1.119445800781250000e+00 -1.741016387939453125e+00 1.179078102111816406e+00
1.433327331542968750e+02 1.256513595581054688e-02 4.023161888122558594e+00 -1.443023681640625000e-01 -8.248519897460937500e-01 1.372324943542480469e+00
1.719203796386718750e+02 1.224970817565917969e-02 4.427389144897460938e+00 -9.917640686035156250e-02 -5.092449188232421875e-01 1.127753734588623047e+00
1.772701721191406250e+02 2.582883834838867188e-02 4.137138366699218750e+00 1.863632202148437500e-01 -6.983871459960937500e-01 1.582836508750915527e+00
1.442773742675781250e+02 -2.015920877456665039e-01 3.940371036529541016e+00 -2.102508544921875000e-01 -2.652721405029296875e-01 1.126984000205993652e+00
5.653205566406250000e+02 -1.965122222900390625e-01 3.869768381118774414e+00 4.455566406250000000e-02 1.054210662841796875e-01 7.039027214050292969e-01
2.059146881103515625e+02 3.705143928527832031e-02 4.469642639160156250e+00 -2.596569061279296875e-01 -2.477302551269531250e-01 1.062941312789916992e+00
2.035007019042968750e+02 7.538795471191406250e-03 4.054780483245849609e+00 9.107780456542968750e-02 5.040359497070312500e-01 1.221354484558105469e+00
5.254729614257812500e+02 -9.178888797760009766e-02 4.138389110565185547e+00 -3.177356719970703125e-01 -4.360427856445312500e-01 1.403013467788696289e+00
1.745368041992187500e+02 -1.087361574172973633e-01 4.240262985229492188e+00 -6.288337707519531250e-02 -4.197254180908203125e-01 1.144601821899414062e+00
5.622573242187500000e+02 -1.558423042297363281e-02 4.218143463134765625e+00 6.006240844726562500e-03 -3.393936157226562500e-02 8.553925752639770508e-01
1.680415039062500000e+02 -1.075613498687744141e-02 4.096206665039062500e+00 1.845321655273437500e-01 6.711578369140625000e-02 1.298540830612182617e+00
1.263741378784179688e+02 2.120113372802734375e-02 4.274600982666015625e+00 3.065586090087890625e-01 2.561378479003906250e-01 1.724889755249023438e+00
5.479375000000000000e+02 1.726057529449462891e-01 4.621039867401123047e+00 -1.057434082031250000e-02 -1.049953460693359375e+00 1.864666938781738281e+00
2.075808563232421875e+02 -1.017816066741943359e-01 3.889164209365844727e+00 -1.228141784667968750e-02 1.963653564453125000e-01 8.636630773544311523e-01
5.373848876953125000e+02 8.376464843750000000e-01 5.734742641448974609e+00 -1.281791687011718750e+00 -3.211402893066406250e+00 1.649318814277648926e+00
5.967938232421875000e+02 5.203151702880859375e-02 4.190449237823486328e+00 -3.258209228515625000e-01 -4.055271148681640625e-01 5.284541845321655273e-01
1.896008453369140625e+02 -7.647871971130371094e-02 4.019483566284179688e+00 2.307300567626953125e-01 -2.705917358398437500e-01 8.618860840797424316e-01
1.555647888183593750e+02 -1.124913692474365234e-01 3.700134992599487305e+00 3.379936218261718750e-01 -2.815608978271484375e-01 1.334087252616882324e+00
1.588331756591796875e+02 -1.825648546218872070e-01 4.072325229644775391e+00 2.028656005859375000e-02 -5.140266418457031250e-01 1.163655400276184082e+00
1.110359344482421875e+02 -2.117936611175537109e-01 3.849884033203125000e+00 -1.382541656494140625e-01 5.502510070800781250e-02 1.430271387100219727e+00
5.681588134765625000e+02 4.912066459655761719e-01 4.960421085357666016e+00 3.721656799316406250e-01 -1.921806335449218750e-01 9.466980695724487305e-01
1.193050842285156250e+02 -1.052750349044799805e-01 3.917549610137939453e+00 2.503795623779296875e-01 -3.412055969238281250e-02 1.410113453865051270e+00
1.815809783935546875e+02 1.034812211990356445e+00 6.605209350585937500e+00 -1.520254135131835938e+00 -2.119220733642578125e+00 1.408464908599853516e+00
5.158637695312500000e+02 1.348066329956054688e-01 4.181535720825195312e+00 2.528476715087890625e-01 4.963607788085937500e-01 1.227496147155761719e+00
1.254055938720703125e+02 -1.649892330169677734e-02 4.117956161499023438e+00 3.576393127441406250e-01 7.389755249023437500e-01 1.309206366539001465e+00
1.852630920410156250e+02 4.221436977386474609e-01 5.078767299652099609e+00 -1.933422088623046875e-01 -4.973487854003906250e-01 9.606285095214843750e-01
2.207583465576171875e+02 4.575433731079101562e-01 4.878879547119140625e+00 -8.844165802001953125e-01 -9.635696411132812500e-01 7.502961158752441406e-01
1.894048767089843750e+02 -1.280245780944824219e-01 3.688513755798339844e+00 -2.552032470703125000e-03 -9.629440307617187500e-02 1.497131466865539551e+00
1.179131011962890625e+02 2.848722934722900391e-01 4.684466838836669922e+00 -2.697505950927734375e-01 -6.186428070068359375e-01 1.166647553443908691e+00
2.146946716308593750e+02 1.856207847595214844e-02 4.053953647613525391e+00 1.473999023437500000e-02 9.592247009277343750e-02 1.275608777999877930e+00
1.441881713867187500e+02 -4.613947868347167969e-02 3.892089366912841797e+00 6.050281524658203125e-01 7.604331970214843750e-01 1.495640516281127930e+00
1.996391601562500000e+02 1.165885925292968750e-01 4.344957828521728516e+00 -6.752014160156250000e-03 -2.360877990722656250e-01 1.367134332656860352e+00
1.352250671386718750e+02 -1.742210388183593750e-01 3.973430395126342773e+00 -7.563972473144531250e-02 -4.273185729980468750e-01 1.475917816162109375e+00
5.410496826171875000e+02 3.552603721618652344e-01 5.246088981628417969e+00 9.184722900390625000e-01 6.697578430175781250e-01 1.514250636100769043e+00
1.242486801147460938e+02 -3.340971469879150391e-02 4.031398773193359375e+00 -4.391880035400390625e-01 -2.348155975341796875e-01 9.143800735473632812e-01
2.034902801513671875e+02 1.204040527343750000e+00 6.654249191284179688e+00 -2.209453582763671875e-01 -5.405731201171875000e-01 8.909850716590881348e-01
1.999885711669921875e+02 2.021384239196777344e-01 4.775053501129150391e+00 -2.387542724609375000e-01 -3.589172363281250000e-01 7.187190055847167969e-01
5.726904907226562500e+02 -1.858199834823608398e-01 3.957032203674316406e+00 -2.679862976074218750e-01 -3.117103576660156250e-01 9.098682403564453125e-01
5.326495361328125000e+02 1.439714431762695312e-02 4.410603523254394531e+00 -9.711837768554687500e-02 2.221221923828125000e-01 1.845256567001342773e+00
1.733185882568359375e+02 -4.565691947937011719e-02 4.210433959960937500e+00 1.050357818603515625e-01 4.231090545654296875e-01 1.901798248291015625e+00
2.313674468994140625e+02 5.128293037414550781e-01 5.006642341613769531e+00 -3.475761413574218750e-02 -4.345874786376953125e-01 9.168286323547363281e-01
2.082738647460937500e+02 -1.546828746795654297e-01 4.073914527893066406e+00 1.039333343505859375e-01 -7.269115447998046875e-01 1.602672457695007324e+00
1.233513793945312500e+02 1.208417415618896484e-01 4.771135807037353516e+00 4.515838623046875000e-01 3.685188293457031250e-01 1.136540412902832031e+00
5.265952758789062500e+02 3.532712459564208984e-01 4.833328723907470703e+00 3.198814392089843750e-02 -1.512508392333984375e-01 7.171546816825866699e-01
1.712800140380859375e+02 1.768388748168945312e-01 4.479896545410156250e+00 -1.032163619995117188e+00 -1.486808776855468750e+00 1.240118622779846191e+00
1.774572448730468750e+02 1.570897102355957031e-01 4.664558410644531250e+00 -2.055530548095703125e-01 -8.803157806396484375e-01 1.366917133331298828e+00
1.291543579101562500e+02 -2.720487117767333984e-02 3.964864492416381836e+00 -2.632732391357421875e-01 -6.839828491210937500e-01 8.628947138786315918e-01
5.909219360351562500e+02 -8.199477195739746094e-02 3.681849479675292969e+00 2.827911376953125000e-01 -1.474113464355468750e-01 9.782000780105590820e-01
2.224187316894531250e+02 -8.907389640808105469e-02 4.058166027069091797e+00 -1.171092987060546875e-01 -5.098800659179687500e-01 1.548431515693664551e+00
2.015927276611328125e+02 1.279718875885009766e-01 4.487752914428710938e+00 1.585369110107421875e-01 4.193706512451171875e-01 1.300412178039550781e+00
2.026882476806640625e+02 -1.394109725952148438e-01 3.880257129669189453e+00 1.570987701416015625e-01 -6.221427917480468750e-01 1.493686318397521973e+00
1.217192993164062500e+02 -2.711689472198486328e-01 3.861734390258789062e+00 1.406440734863281250e-01 -4.223213195800781250e-01 1.371092319488525391e+00
1.360344390869140625e+02 -4.596960544586181641e-02 4.285418510437011719e+00 -6.264495849609375000e-02 2.966518402099609375e-01 8.412598967552185059e-01
1.653709411621093750e+02 2.983546257019042969e-01 4.778074264526367188e+00 -2.759075164794921875e-01 -1.356719970703125000e+00 1.229430675506591797e+00
1.472950744628906250e+02 2.981901168823242188e-02 4.220714092254638672e+00 2.490234375000000000e-02 -5.798988342285156250e-01 1.391533613204956055e+00
1.573704071044921875e+02 1.802945137023925781e-01 4.416686534881591797e+00 3.765563964843750000e-01 -6.194686889648437500e-02 1.270205974578857422e+00
1.235587615966796875e+02 1.660280227661132812e-01 4.416210174560546875e+00 -2.844734191894531250e-01 -5.954475402832031250e-01 1.096865296363830566e+00
1.952266235351562500e+02 1.841275691986083984e-01 4.409563541412353516e+00 -2.782421112060546875e-01 -9.137096405029296875e-01 1.082811594009399414e+00
1.886994781494140625e+02 -5.417358875274658203e-02 4.158630847930908203e+00 -1.958580017089843750e-01 -9.852714538574218750e-01 1.440485477447509766e+00
1.420220947265625000e+02 4.875473976135253906e-01 5.369887828826904297e+00 -7.234020233154296875e-01 -5.214920043945312500e-01 9.083912372589111328e-01
1.136436080932617188e+02 1.516315937042236328e-01 4.625241756439208984e+00 3.181304931640625000e-01 1.602668762207031250e-01 1.566342115402221680e+00
1.174786682128906250e+02 5.685257911682128906e-01 5.530164241790771484e+00 -2.251241683959960938e+00 -5.149288177490234375e-01 2.858203053474426270e-01
5.035495300292968750e+02 3.076958656311035156e-02 4.293067932128906250e+00 4.129505157470703125e-01 4.606399536132812500e-01 1.412127256393432617e+00
1.683197479248046875e+02 -1.849720478057861328e-01 3.937667369842529297e+00 -1.714439392089843750e-01 -4.210453033447265625e-01 1.606422185897827148e+00
1.835357818603515625e+02 4.720966815948486328e-01 5.543463706970214844e+00 -1.223834991455078125e+00 -2.108695983886718750e+00 1.199116349220275879e+00
5.400097045898437500e+02 -1.965022087097167969e-02 4.165554523468017578e+00 3.486518859863281250e-01 -9.352493286132812500e-02 5.170282721519470215e-01
1.067430114746093750e+02 -1.327180862426757812e-02 3.959141016006469727e+00 -4.200134277343750000e-01 -4.208774566650390625e-01 1.123522281646728516e+00
1.373737640380859375e+02 5.235083103179931641e-01 5.094121932983398438e+00 -8.008422851562500000e-01 -1.204221725463867188e+00 1.399078845977783203e+00
1.267133255004882812e+02 3.138284683227539062e-01 4.893643379211425781e+00 4.036293029785156250e-01 1.252079010009765625e-01 1.392389059066772461e+00
1.764815979003906250e+02 6.661462783813476562e-02 4.142419815063476562e+00 -4.397659301757812500e-01 -3.540878295898437500e-01 1.277187824249267578e+00
1.573819580078125000e+02 3.032610416412353516e-01 4.426844120025634766e+00 -3.065986633300781250e-01 -7.803516387939453125e-01 1.126305937767028809e+00
1.400545806884765625e+02 2.092808723449707031e+00 8.857479095458984375e+00 -5.396756172180175781e+00 -6.545133590698242188e+00 1.134310603141784668e+00
1.839182128906250000e+02 4.022598266601562500e-03 3.966475009918212891e+00 -1.309089660644531250e-01 -7.404212951660156250e-01 1.197805285453796387e+00
1.962036437988281250e+02 3.714537620544433594e-02 4.058510780334472656e+00 1.592407226562500000e-01 -4.277019500732421875e-01 1.315243005752563477e+00
1.472267761230468750e+02 -4.739999771118164062e-03 4.332526206970214844e+00 -7.847023010253906250e-02 -7.312412261962890625e-01 1.951018691062927246e+00
1.334791564941406250e+02 -2.964520454406738281e-02 3.889860868453979492e+00 -1.145858764648437500e-01 -7.533111572265625000e-01 1.419125914573669434e+00
1.300171203613281250e+02 -5.463719367980957031e-02 4.140134334564208984e+00 -2.675933837890625000e-01 -3.244953155517578125e-01 1.064143300056457520e+00
1.599343719482421875e+02 -2.091352939605712891e-01 3.829286336898803711e+00 1.664924621582031250e-01 1.422595977783203125e-01 8.788794279098510742e-01
1.699973144531250000e+02 -1.157343387603759766e-01 4.085769653320312500e+00 -1.435394287109375000e-01 5.250740051269531250e-02 1.573648214340209961e+00
1.233820190429687500e+02 1.484704017639160156e-01 4.526242256164550781e+00 7.122039794921875000e-03 -3.656806945800781250e-01 8.966997861862182617e-01
1.310292663574218750e+02 -8.122670650482177734e-02 3.965131998062133789e+00 -2.577533721923828125e-01 -2.736968994140625000e-01 1.759424209594726562e+00
2.252853088378906250e+02 6.464910507202148438e-02 3.990285873413085938e+00 6.689834594726562500e-02 -4.081096649169921875e-01 1.101587176322937012e+00
5.349194335937500000e+02 3.875756263732910156e-02 3.963255167007446289e+00 2.035102844238281250e-01 -1.357860565185546875e-01 1.090670108795166016e+00
1.943719177246093750e+02 1.434366703033447266e-01 4.527720451354980469e+00 2.920322418212890625e-01 -2.009792327880859375e-01 1.551866292953491211e+00
2.264462738037109375e+02 3.532357215881347656e-01 5.263150691986083984e+00 1.515007019042968750e-01 1.694564819335937500e-01 8.202455043792724609e-01
2.146295776367187500e+02 1.688332557678222656e-01 4.648496627807617188e+00 8.564357757568359375e-01 8.064575195312500000e-01 1.268167972564697266e+00
1.686853332519531250e+02 -3.483879566192626953e-02 4.047563552856445312e+00 2.935695648193359375e-01 -4.794883728027343750e-02 8.118233680725097656e-01
5.056580505371093750e+02 -1.381454467773437500e-01 3.459475040435791016e+00 5.445480346679687500e-03 -9.956684112548828125e-01 2.376459360122680664e+00
2.044425201416015625e+02 5.243358612060546875e-01 5.466363906860351562e+00 1.864494323730468750e+00 1.189990997314453125e+00 8.061879873275756836e-01
4.897868652343750000e+02 2.355101108551025391e-01 4.911719322204589844e+00 3.487300872802734375e-01 -8.288002014160156250e-02 9.493315219879150391e-01
5.366818237304687500e+02 -2.087950706481933594e-03 4.024678230285644531e+00 1.223564147949218750e-02 -4.722499847412109375e-01 1.163505911827087402e+00
1.982280426025390625e+02 1.031749248504638672e-01 4.752871036529541016e+00 2.697010040283203125e-01 -4.212837219238281250e-01 1.134882211685180664e+00
1.246119384765625000e+02 9.290699958801269531e-01 6.152684211730957031e+00 -7.660770416259765625e-01 -1.521322250366210938e+00 1.324008464813232422e+00
5.148825683593750000e+02 4.705402851104736328e-01 5.206166267395019531e+00 -7.348041534423828125e-01 -1.000852584838867188e+00 1.312662243843078613e+00
1.210476150512695312e+02 -1.702480316162109375e-01 3.488543748855590820e+00 1.253871917724609375e-01 5.896492004394531250e-01 1.552886724472045898e+00
4.952524108886718750e+02 -1.216669082641601562e-01 3.763897180557250977e+00 3.157615661621093750e-02 -5.546131134033203125e-01 9.951922297477722168e-01
1.809435577392578125e+02 -1.702728271484375000e-01 3.815230369567871094e+00 -1.181964874267578125e-01 -2.337284088134765625e-01 8.447540998458862305e-01
2.016083221435546875e+02 3.379940986633300781e-02 4.059878349304199219e+00 2.298946380615234375e-01 -4.226722717285156250e-01 1.136695384979248047e+00
1.623000030517578125e+02 -2.181102037429809570e-01 3.834342479705810547e+00 -3.881645202636718750e-02 -6.349964141845703125e-01 1.187190532684326172e+00
1.959976501464843750e+02 3.698849678039550781e-02 4.291868209838867188e+00 1.747283935546875000e-01 -1.812801361083984375e-01 8.779926300048828125e-01
1.949745330810546875e+02 8.551263809204101562e-02 4.161975860595703125e+00 -3.162879943847656250e-01 -1.185287475585937500e+00 1.430730104446411133e+00
1.881401214599609375e+02 1.930382251739501953e-01 4.753729820251464844e+00 -1.514434814453125000e-01 2.020816802978515625e-01 9.151037931442260742e-01
1.601802520751953125e+02 1.811244487762451172e-01 4.798077583312988281e+00 1.736068725585937500e-02 -1.436710357666015625e-01 8.988662958145141602e-01
1.841016693115234375e+02 -9.740829467773437500e-02 4.181365013122558594e+00 1.345615386962890625e-01 -4.981117248535156250e-01 8.633634448051452637e-01
1.261189804077148438e+02 -1.724725961685180664e-01 3.783205986022949219e+00 9.333038330078125000e-02 -1.940460205078125000e-01 1.214395880699157715e+00
5.682747192382812500e+02 3.285448551177978516e-01 4.731874465942382812e+00 2.772693634033203125e-01 -9.013938903808593750e-02 5.401340723037719727e-01
5.015128173828125000e+02 1.025593280792236328e-01 4.179545402526855469e+00 1.675968170166015625e-01 4.515247344970703125e-01 1.131567001342773438e+00
1.361302185058593750e+02 3.218054771423339844e-02 4.193610191345214844e+00 7.970619201660156250e-02 -1.057987213134765625e-01 9.395881891250610352e-01
1.194439392089843750e+02 -6.881856918334960938e-02 3.900181531906127930e+00 2.159290313720703125e-01 4.781379699707031250e-01 1.598274707794189453e+00
5.505267333984375000e+02 1.323337554931640625e-01 4.210165977478027344e+00 9.232711791992187500e-02 -6.532859802246093750e-02 9.964931011199951172e-01
1.949354248046875000e+02 2.172024250030517578e-01 4.669952392578125000e+00 1.249847412109375000e-01 -3.998413085937500000e-01 1.266111731529235840e+00
1.904747314453125000e+02 7.119512557983398438e-02 4.036608695983886719e+00 2.673702239990234375e-01 -6.017456054687500000e-01 9.997529983520507812e-01
2.076062927246093750e+02 -1.413583755493164062e-03 4.143889427185058594e+00 -2.475738525390625000e-02 -1.497669219970703125e-01 1.899063110351562500e+00
1.169604034423828125e+02 -5.555582046508789062e-02 4.091566085815429688e+00 -3.584308624267578125e-01 -6.025276184082031250e-01 1.273220896720886230e+00
1.905148315429687500e+02 -2.424299716949462891e-02 4.226010322570800781e+00 -1.295356750488281250e-01 -3.719215393066406250e-01 9.643307328224182129e-01
1.452785644531250000e+02 -1.677315235137939453e-01 3.461661815643310547e+00 2.785511016845703125e-01 -3.094596862792968750e-01 1.119425535202026367e+00
1.849127960205078125e+02 6.608819961547851562e-02 4.146867275238037109e+00 8.512878417968750000e-02 4.096393585205078125e-01 1.320630073547363281e+00
2.032185516357421875e+02 2.038140296936035156e-01 4.712769985198974609e+00 -1.149139404296875000e-01 -5.747623443603515625e-01 1.269435167312622070e+00
1.769559020996093750e+02 -7.282257080078125000e-02 3.923536777496337891e+00 1.950340270996093750e-01 -4.970092773437500000e-01 1.190854787826538086e+00
2.022616424560546875e+02 3.117229938507080078e-01 4.986124038696289062e+00 2.559871673583984375e-01 4.297237396240234375e-01 8.762539029121398926e-01
1.469537353515625000e+02 -9.765601158142089844e-02 4.019520759582519531e+00 -3.847122192382812500e-02 -6.259078979492187500e-01 1.354507684707641602e+00
1.068595733642578125e+02 -3.349626064300537109e-02 4.021686077117919922e+00 -1.104545593261718750e-02 1.014041900634765625e-01 1.433082222938537598e+00
1.747376098632812500e+02 6.388163566589355469e-02 4.476684570312500000e+00 -8.421897888183593750e-01 -5.559501647949218750e-01 1.188130974769592285e+00
1.463619995117187500e+02 -1.620184183120727539e-01 4.035831451416015625e+00 5.000782012939453125e-01 1.070976257324218750e-01 1.087716341018676758e+00
