6.570803833007812500e+02 -1.595350503921508789e-01 4.009814262390136719e+00 -1.539268493652343750e-01 -1.201492309570312500e+00 1.987219929695129395e+00
7.529220581054687500e+01 -5.202817916870117188e-02 4.254806518554687500e+00 1.342964172363281250e-01 -2.638511657714843750e-01 7.240675687789916992e-01
4.684671325683593750e+02 -7.676839828491210938e-03 4.312216758728027344e+00 -1.482219696044921875e-01 -6.869812011718750000e-01 1.358858823776245117e+00
5.780736083984375000e+02 4.941978454589843750e-01 5.225571155548095703e+00 -2.814846038818359375e-01 -1.318691253662109375e+00 1.263799905776977539e+00
4.243911132812500000e+02 1.863145828247070312e-02 4.239041328430175781e+00 -1.583824157714843750e-01 2.983322143554687500e-01 6.473845839500427246e-01
5.124340820312500000e+02 7.800149917602539062e-02 4.135992050170898438e+00 -6.403350830078125000e-02 1.328926086425781250e-01 5.867372751235961914e-01
4.170573120117187500e+02 1.229081153869628906e-01 4.420529365539550781e+00 -8.763504028320312500e-02 9.114723205566406250e-01 3.693594336509704590e-01
4.198094482421875000e+02 3.377437591552734375e-02 4.311001300811767578e+00 -1.761989593505859375e-01 6.906585693359375000e-01 1.489493250846862793e-01
2.462863006591796875e+02 1.319893121719360352e+00 6.741267681121826172e+00 -1.413536071777343750e-02 1.517965316772460938e+00 1.491081476211547852e+00
4.608965454101562500e+02 -1.396632194519042969e-01 4.305394172668457031e+00 -1.227798461914062500e-01 1.937141418457031250e-01 2.097349762916564941e-01
6.801437377929687500e+01 8.235144615173339844e-01 5.840492725372314453e+00 -6.677150726318359375e-01 -1.445182800292968750e+00 2.284953355789184570e+00
5.324357910156250000e+02 -3.609776496887207031e-02 4.033204078674316406e+00 -2.593708038330078125e-01 1.339229583740234375e+00 1.556059360504150391e+00
4.610187072753906250e+02 2.549781799316406250e-01 4.619504451751708984e+00 4.387512207031250000e-01 -2.014276504516601562e+00 2.065395563840866089e-01
1.182248840332031250e+02 -4.975485801696777344e-02 4.040463447570800781e+00 2.298240661621093750e-01 1.254465103149414062e+00 1.054780244827270508e+00
4.517548217773437500e+02 1.038322448730468750e-01 4.394160270690917969e+00 1.333236694335937500e-03 4.011840820312500000e-01 8.136076331138610840e-01
2.373318634033203125e+02 -3.775501251220703125e-02 4.035267829895019531e+00 -9.441757202148437500e-02 -8.985061645507812500e-01 5.765275955200195312e-01
7.077131958007812500e+02 1.476566791534423828e-01 4.819118976593017578e+00 1.515808105468750000e-01 -2.672870635986328125e+00 8.374863266944885254e-01
2.865346984863281250e+02 7.362365722656250000e-02 3.847490787506103516e+00 -2.239971160888671875e-01 1.708736419677734375e+00 1.429943740367889404e-01
6.910614776611328125e+01 9.115171432495117188e-02 4.341323375701904297e+00 -7.374954223632812500e-02 1.176738739013671875e+00 5.413447618484497070e-01
4.405195617675781250e+02 4.134798049926757812e-01 4.956215381622314453e+00 2.650451660156250000e-01 8.199310302734375000e-01 1.334295511245727539e+00
1.730204772949218750e+02 9.471940994262695312e-02 4.771014690399169922e+00 3.852958679199218750e-01 -1.814098358154296875e-01 3.824025988578796387e-01
6.179400634765625000e+02 6.833529472351074219e-02 4.058653831481933594e+00 7.472801208496093750e-02 -1.172472000122070312e+00 2.185623168945312500e+00
4.603560791015625000e+02 1.330661773681640625e-01 4.305870532989501953e+00 2.421226501464843750e-01 5.150775909423828125e-01 1.006013751029968262e+00
4.471959533691406250e+02 -1.232006549835205078e-01 4.156848907470703125e+00 1.526222229003906250e-01 -9.958496093750000000e-01 1.247065424919128418e+00
7.477060546875000000e+02 2.049180030822753906e+00 8.302039146423339844e+00 5.487527847290039062e+00 1.718326568603515625e+00 4.563898444175720215e-01
7.087123870849609375e+01 -1.168453693389892578e-02 4.275331497192382812e+00 4.474735260009765625e-01 8.683681488037109375e-01 1.535559415817260742e+00
6.728996582031250000e+02 -1.365506649017333984e-01 3.563937187194824219e+00 1.813030242919921875e-01 -1.375041961669921875e+00 2.953894376754760742e+00
4.069614868164062500e+02 1.126463413238525391e-01 4.455658912658691406e+00 -2.184524536132812500e-01 -8.245201110839843750e-01 2.450038343667984009e-01
6.133436279296875000e+02 -2.546777725219726562e-01 3.627119302749633789e+00 -1.052665710449218750e-01 -2.359916687011718750e+00 1.189712047576904297e+00
3.127113952636718750e+02 1.509921550750732422e-01 4.847852706909179688e+00 2.530097961425781250e-01 -1.078475952148437500e+00 5.099930763244628906e-01
3.732776794433593750e+02 2.510333061218261719e-02 4.476448059082031250e+00 -1.400375366210937500e-01 -6.122283935546875000e-01 3.585544228553771973e-01
1.557643432617187500e+02 3.197088241577148438e-01 4.941639900207519531e+00 -3.930263519287109375e-01 -1.156080245971679688e+00 1.807931184768676758e+00
5.336433105468750000e+02 8.050823211669921875e-02 4.289131164550781250e+00 3.934860229492187500e-01 -2.841682434082031250e-01 3.355978131294250488e-01
7.218187255859375000e+02 6.031293869018554688e-01 5.267592430114746094e+00 3.768692016601562500e-01 -2.792873382568359375e-01 8.745184540748596191e-01
4.041474914550781250e+02 1.731226444244384766e-01 4.526266098022460938e+00 3.291893005371093750e-02 -6.213607788085937500e-01 2.973755300045013428e-01
5.724854736328125000e+02 -2.025580406188964844e-02 4.334004878997802734e+00 2.698898315429687500e-02 -1.010004043579101562e+00 2.486098766326904297e+00
3.190469970703125000e+02 8.121967315673828125e-02 4.816902160644531250e+00 -4.226627349853515625e-01 2.943401336669921875e-01 3.137595891952514648e+00
3.939522094726562500e+02 3.369796276092529297e-01 5.039161205291748047e+00 -3.599090576171875000e-01 -1.500444412231445312e+00 1.747667908668518066e+00
2.164313812255859375e+02 6.715564727783203125e-01 5.571144580841064453e+00 -8.410091400146484375e-01 1.973991394042968750e-01 1.424453258514404297e+00
6.283025512695312500e+02 -8.804297447204589844e-02 4.212947368621826172e+00 -3.490276336669921875e-01 -6.068344116210937500e-01 1.630358815193176270e+00
4.849930572509765625e+01 5.894370079040527344e-01 5.565719604492187500e+00 1.456436157226562500e+00 -4.559783935546875000e-01 2.356045544147491455e-01
4.016377868652343750e+02 6.057999134063720703e-01 5.283655643463134766e+00 -5.913429260253906250e-01 4.880886077880859375e-01 9.660841226577758789e-01
4.125660400390625000e+02 6.581234931945800781e-02 4.417309761047363281e+00 -5.916023254394531250e-02 -3.334312438964843750e-01 8.510520458221435547e-01
4.350282287597656250e+02 -2.898168563842773438e-02 3.907581806182861328e+00 -1.373291015625000000e-04 -2.417411804199218750e-01 1.777285039424896240e-01
4.298870239257812500e+02 1.836686134338378906e-01 4.556756973266601562e+00 -8.843135833740234375e-01 6.719760894775390625e-01 5.596022009849548340e-01
4.996376037597656250e+02 2.961993217468261719e-02 4.444489479064941406e+00 3.998947143554687500e-01 1.948482513427734375e+00 1.690216660499572754e+00
6.540532836914062500e+02 -1.818366050720214844e-01 4.043956756591796875e+00 -8.795738220214843750e-02 -9.106979370117187500e-01 1.446848630905151367e+00
6.470052490234375000e+02 4.157774448394775391e-01 5.026740074157714844e+00 9.193000793457031250e-01 -2.941131591796875000e-01 1.638143539428710938e+00
6.629757690429687500e+02 -2.322635650634765625e-01 3.668405055999755859e+00 3.337879180908203125e-01 -2.063314437866210938e+00 1.632627844810485840e+00
3.690067749023437500e+02 9.822025299072265625e-01 6.345589160919189453e+00 4.141407012939453125e-01 -1.459655761718750000e-01 2.119181632995605469e+00
6.413035888671875000e+02 2.946352958679199219e-01 4.667237281799316406e+00 -1.354579925537109375e-01 -9.955425262451171875e-01 1.665488719940185547e+00
4.815734863281250000e+01 3.607082366943359375e-02 4.041546344757080078e+00 3.637580871582031250e-01 1.382759094238281250e+00 1.429652690887451172e+00
3.915373229980468750e+02 1.024889945983886719e-01 4.298689842224121094e+00 8.680725097656250000e-02 7.592010498046875000e-01 4.678765237331390381e-01
3.997913208007812500e+02 -9.358620643615722656e-02 3.918220996856689453e+00 -2.134399414062500000e-01 -4.840583801269531250e-01 7.400405406951904297e-01
3.645658874511718750e+02 4.187150001525878906e-01 4.600876808166503906e+00 8.392333984375000000e-03 -2.909202575683593750e-01 3.647974431514739990e-01
4.471752319335937500e+02 -4.329311847686767578e-02 4.280716419219970703e+00 1.992034912109375000e-02 -1.370405197143554688e+00 5.708504915237426758e-01
6.888282470703125000e+02 2.423248291015625000e-01 4.470211505889892578e+00 4.461326599121093750e-01 -8.921928405761718750e-01 9.520153999328613281e-01
4.236872558593750000e+02 -4.904818534851074219e-02 3.939822912216186523e+00 2.510757446289062500e-01 -3.313961029052734375e-01 9.387260675430297852e-01
8.483789825439453125e+01 4.606909751892089844e-01 5.223301410675048828e+00 -6.460742950439453125e-01 3.983230590820312500e-01 1.538815796375274658e-01
3.900314941406250000e+02 3.307070732116699219e-01 4.962777137756347656e+00 -5.320720672607421875e-01 -3.527641296386718750e-02 8.077596127986907959e-02
2.483631439208984375e+02 -1.165597438812255859e-01 4.033025741577148438e+00 1.286048889160156250e-01 -3.963434219360351562e+00 6.109321594238281250e+00
3.966563110351562500e+02 3.339734077453613281e-01 4.858022212982177734e+00 4.238719940185546875e-01 3.901958465576171875e-01 7.198100090026855469e-01
3.652214965820312500e+02 -1.427916288375854492e-01 3.910800933837890625e+00 2.956485748291015625e-01 4.873466491699218750e-01 2.851495444774627686e-01
4.677289123535156250e+02 4.816927909851074219e-01 5.215274810791015625e+00 -3.052749633789062500e-01 -1.242046356201171875e+00 1.126875758171081543e+00
1.552407379150390625e+02 9.027147293090820312e-02 4.438386440277099609e+00 7.143383026123046875e-01 -6.608428955078125000e-01 2.359510958194732666e-01
7.125713500976562500e+02 2.340010643005371094e+00 9.090133666992187500e+00 7.195095062255859375e+00 8.382766723632812500e+00 1.157295465469360352e+00
2.106711578369140625e+02 8.849472999572753906e-01 5.977902412414550781e+00 -1.119461059570312500e-01 -9.248485565185546875e-01 1.321981072425842285e+00
3.634765930175781250e+02 2.119851112365722656e-01 4.976698875427246094e+00 4.432640075683593750e-01 5.714378356933593750e-01 2.024725914001464844e+00
4.831409912109375000e+02 -1.811585426330566406e-01 3.795976877212524414e+00 -1.759719848632812500e-02 -2.995540618896484375e+00 1.727063059806823730e+00
4.024077758789062500e+02 -6.410133838653564453e-02 3.812209367752075195e+00 -9.535980224609375000e-02 -4.632377624511718750e-02 9.578128159046173096e-02
4.259862365722656250e+02 -5.055618286132812500e-02 4.096652984619140625e+00 1.017169952392578125e-01 6.737174987792968750e-01 9.262946248054504395e-01
5.475060424804687500e+02 2.990450859069824219e-01 4.726895809173583984e+00 3.289108276367187500e-01 1.639823913574218750e-01 1.129023283720016479e-01
3.109527893066406250e+02 3.612146377563476562e-01 4.905986309051513672e+00 2.251262664794921875e-01 1.269216537475585938e+00 8.573800325393676758e-01
9.289025878906250000e+01 1.049854278564453125e+00 6.481822967529296875e+00 -5.372505187988281250e-01 5.475082397460937500e-01 1.406996369361877441e+00
5.539218139648437500e+02 -2.397094964981079102e-01 3.687969207763671875e+00 1.219005584716796875e-01 -1.746213912963867188e+00 1.461632132530212402e+00
4.696539916992187500e+02 3.774490356445312500e-01 5.217124938964843750e+00 2.836589813232421875e-01 2.390441894531250000e-01 3.152035176753997803e-02
4.310512695312500000e+02 1.248195171356201172e-01 4.516322135925292969e+00 3.483772277832031250e-02 7.453880310058593750e-01 2.367257475852966309e-01
1.641080169677734375e+02 1.969299316406250000e-01 4.861077308654785156e+00 6.987972259521484375e-01 -8.687839508056640625e-01 9.123100042343139648e-01
1.898666992187500000e+02 -9.405303001403808594e-02 4.024155616760253906e+00 7.162094116210937500e-02 3.061475753784179688e+00 2.026143312454223633e+00
4.038014526367187500e+02 1.017651557922363281e-01 4.533068656921386719e+00 3.399009704589843750e-01 -1.381530761718750000e+00 3.736643493175506592e-01
1.436141815185546875e+02 1.049190998077392578e+00 6.433164119720458984e+00 -3.286188125610351562e+00 -6.053181648254394531e+00 1.693494796752929688e+00
6.669966430664062500e+02 -1.059358119964599609e-01 4.242122650146484375e+00 -1.879425048828125000e-01 -7.079410552978515625e-01 1.052465677261352539e+00
5.807746582031250000e+02 5.890965461730957031e-02 4.424387931823730469e+00 5.116348266601562500e-01 -1.655906677246093750e+00 1.149274468421936035e+00
9.719161987304687500e+01 1.089212894439697266e-01 4.348616600036621094e+00 5.741119384765625000e-02 -1.485403060913085938e+00 1.941926956176757812e+00
4.192960815429687500e+02 -5.983138084411621094e-02 3.911637783050537109e+00 4.080581665039062500e-01 3.996810913085937500e-01 4.769987463951110840e-01
4.080039978027343750e+02 8.854651451110839844e-02 4.345404624938964844e+00 2.980804443359375000e-01 4.643821716308593750e-01 3.643683791160583496e-01
4.013165893554687500e+02 2.148556709289550781e-02 4.084044456481933594e+00 3.181552886962890625e-01 2.925071716308593750e-01 5.339263677597045898e-01
5.252266845703125000e+02 -5.134475231170654297e-02 4.254841327667236328e+00 8.249473571777343750e-02 4.133682250976562500e-01 1.237205266952514648e+00
3.424327087402343750e+02 3.992366790771484375e-02 4.340839385986328125e+00 -5.462265014648437500e-02 -2.222766876220703125e-01 3.655409216880798340e-01
3.186668701171875000e+02 1.587262153625488281e-01 4.195806026458740234e+00 5.669021606445312500e-02 2.616806030273437500e-01 6.604996919631958008e-01
4.937452697753906250e+02 -7.582366466522216797e-02 4.131005287170410156e+00 4.047317504882812500e-01 2.486801147460937500e-02 2.009287595748901367e+00
3.176540832519531250e+02 2.954933643341064453e-01 4.909657955169677734e+00 4.935951232910156250e-01 5.068778991699218750e-02 1.239071786403656006e-01
3.869276428222656250e+02 1.453676223754882812e-01 4.238657951354980469e+00 -2.080574035644531250e-01 3.864822387695312500e-01 6.994807124137878418e-01
3.513503723144531250e+02 6.825680732727050781e-01 5.547321796417236328e+00 -1.330167770385742188e+00 -4.742317199707031250e-01 4.651027321815490723e-01
3.717888183593750000e+02 1.855158805847167969e-01 4.635533332824707031e+00 -3.030548095703125000e-01 9.527893066406250000e-01 3.876019120216369629e-01
3.921595458984375000e+02 5.376982688903808594e-01 5.146976947784423828e+00 -1.131362915039062500e-01 -1.704368591308593750e-01 1.074761822819709778e-01
5.945227050781250000e+02 1.602118015289306641e-01 4.617179870605468750e+00 -4.687690734863281250e-02 1.398418426513671875e+00 1.787215590476989746e+00
3.416509704589843750e+02 2.747869491577148438e-02 4.096282482147216797e+00 1.437282562255859375e-01 1.068199157714843750e+00 1.292958974838256836e+00
1.154728622436523438e+02 3.957169055938720703e-01 5.196514129638671875e+00 -7.586460113525390625e-01 -2.618255615234375000e-01 1.447477102279663086e+00
7.124430541992187500e+02 4.371061325073242188e-01 4.816515922546386719e+00 3.431491851806640625e-01 1.186361312866210938e+00 6.159243583679199219e-01
4.267711791992187500e+02 7.991170883178710938e-02 4.383641719818115234e+00 -3.729858398437500000e-01 1.088083267211914062e+00 2.800427973270416260e-01
4.638052062988281250e+02 2.716987133026123047e-01 4.823037624359130859e+00 -6.832504272460937500e-02 2.714138031005859375e-01 4.438213109970092773e-01
2.056946105957031250e+02 3.709886074066162109e-01 5.013040065765380859e+00 -8.502082824707031250e-01 -3.984874725341796875e+00 2.835955142974853516e+00
4.943792419433593750e+02 4.480791091918945312e-01 5.022062778472900391e+00 8.488769531250000000e-01 -1.187114715576171875e-01 9.379392266273498535e-01
3.087488708496093750e+02 9.617304801940917969e-01 6.228600978851318359e+00 -6.352386474609375000e-01 1.466247558593750000e+00 4.400843083858489990e-01
1.946962280273437500e+02 2.951374053955078125e-01 5.307168483734130859e+00 -9.039745330810546875e-01 -2.643123626708984375e+00 2.649168014526367188e+00
6.917501831054687500e+02 3.470802307128906250e-01 4.950814247131347656e+00 4.958381652832031250e-01 -6.365833282470703125e-01 2.248783349990844727e+00
1.215064163208007812e+02 8.020565509796142578e-01 5.874912261962890625e+00 -2.120218276977539062e+00 -1.044303894042968750e+00 7.264897823333740234e-01
5.495205688476562500e+02 5.407214164733886719e-02 4.214369773864746094e+00 3.020401000976562500e-01 -1.387723922729492188e+00 1.215110182762145996e+00
4.030108337402343750e+02 1.757578849792480469e-01 4.593992233276367188e+00 -2.075786590576171875e-01 1.591541290283203125e+00 3.268684744834899902e-01
2.401743621826171875e+02 1.556777954101562500e-01 4.434976577758789062e+00 -5.732727050781250000e-02 -1.546607971191406250e+00 1.393904447555541992e+00
4.576438293457031250e+02 2.289414405822753906e-01 4.313905715942382812e+00 -9.972381591796875000e-02 -1.528736114501953125e+00 5.251512527465820312e-01
5.098647155761718750e+02 1.328837871551513672e-01 4.903234958648681641e+00 1.489467620849609375e-01 -4.184188842773437500e-01 5.127237439155578613e-01
3.508071289062500000e+02 1.640710830688476562e-01 4.856253623962402344e+00 -5.734634399414062500e-02 -5.921649932861328125e-01 1.540534377098083496e+00
5.063025283813476562e+01 4.256145954132080078e-01 4.826456546783447266e+00 -2.457656860351562500e-01 -3.712577819824218750e-01 2.599517703056335449e-01
9.985545349121093750e+01 3.282785415649414062e-03 4.351897239685058594e+00 1.024017333984375000e-01 1.042270660400390625e-01 1.617399454116821289e+00
5.275756835937500000e+02 -5.185687541961669922e-02 4.068104743957519531e+00 -4.748840332031250000e-01 -1.191236495971679688e+00 5.198446512222290039e-01
5.151736450195312500e+02 2.297813892364501953e-01 4.581384181976318359e+00 -3.620548248291015625e-01 -1.319826126098632812e+00 3.679674118757247925e-03
3.220625610351562500e+02 -5.605041980743408203e-02 4.162407875061035156e+00 1.476287841796875000e-02 -4.151802062988281250e-01 1.027872681617736816e+00
5.027506408691406250e+02 4.808330535888671875e-02 4.463605880737304688e+00 5.078506469726562500e-02 -1.931152343750000000e+00 2.767187058925628662e-01
2.890648803710937500e+02 4.632666110992431641e-01 4.901317596435546875e+00 1.158981323242187500e-01 5.986957550048828125e-01 1.251341819763183594e+00
5.812888183593750000e+02 -2.541279792785644531e-02 4.252306461334228516e+00 3.832263946533203125e-01 1.588880538940429688e+00 1.987504243850708008e+00
3.761992492675781250e+02 3.265206813812255859e-01 4.693024158477783203e+00 -3.193321228027343750e-01 5.114822387695312500e-01 1.775258034467697144e-01
7.654335327148437500e+02 3.258016109466552734e-01 4.907318115234375000e+00 -1.418876647949218750e-01 -8.812828063964843750e-01 1.444935917854309082e+00
4.088023681640625000e+02 -2.287864685058593750e-03 4.325057506561279297e+00 -5.456638336181640625e-01 -1.555557250976562500e-01 6.157691478729248047e-01
7.319039306640625000e+02 -1.480836868286132812e-01 3.868719100952148438e+00 3.828735351562500000e-01 5.923366546630859375e-01 1.849219679832458496e+00
3.549339599609375000e+02 -8.396756649017333984e-02 3.964877843856811523e+00 -8.545494079589843750e-02 -1.928407669067382812e+00 5.828987360000610352e-01
5.498355865478515625e+00 3.875327110290527344e+00 1.212328529357910156e+01 -1.057512283325195312e+00 -1.085271835327148438e+00 8.496758341789245605e-01
5.029214782714843750e+02 1.353754997253417969e-01 4.455677986145019531e+00 1.158313751220703125e-01 3.578987121582031250e-01 3.480127155780792236e-01
5.603217773437500000e+02 1.743736267089843750e-01 4.456293106079101562e+00 -2.728996276855468750e-01 -8.985900878906250000e-02 4.025863409042358398e-01
4.101224365234375000e+02 -7.011127471923828125e-02 4.157143592834472656e+00 4.148674011230468750e-02 2.376728057861328125e-01 5.068324804306030273e-01
6.314483642578125000e+02 2.425265312194824219e+00 9.182705879211425781e+00 -7.078747749328613281e+00 -5.235357284545898438e+00 4.366921186447143555e-01
5.363714599609375000e+02 -1.992566585540771484e-01 3.999137878417968750e+00 7.107734680175781250e-02 -9.144496917724609375e-01 5.190713405609130859e-01
2.642192993164062500e+02 9.692883491516113281e-02 4.516191959381103516e+00 -5.592460632324218750e-01 -2.460529327392578125e+00 1.992098331451416016e+00
2.550308685302734375e+02 2.006590366363525391e-01 4.727406501770019531e+00 -3.677825927734375000e-01 -2.040386199951171875e-01 1.048231601715087891e+00
5.294097900390625000e+02 2.768263816833496094e-01 4.785620212554931641e+00 2.700653076171875000e-01 2.038793563842773438e+00 1.368410348892211914e+00
5.684248657226562500e+02 3.084657192230224609e-01 4.710658550262451172e+00 -7.742500305175781250e-02 -7.525062561035156250e-01 2.165798425674438477e+00
3.448880004882812500e+02 3.023142814636230469e-01 4.800293922424316406e+00 -9.322166442871093750e-02 4.390048980712890625e-01 9.573406577110290527e-01
3.244970703125000000e+02 5.688953399658203125e-02 4.405607223510742188e+00 3.435115814208984375e-01 1.982284545898437500e+00 4.101383686065673828e-01
3.019508972167968750e+02 -1.440241336822509766e-01 4.144495487213134766e+00 1.880531311035156250e-01 -3.339080810546875000e-01 6.790732145309448242e-01
3.950173339843750000e+02 3.525114059448242188e-01 5.245315074920654297e+00 1.425323486328125000e-01 -2.140956878662109375e+00 6.240879893302917480e-01
3.846197204589843750e+02 6.180801391601562500e-01 5.587959289550781250e+00 1.955776214599609375e-01 3.073081970214843750e-01 2.743762135505676270e-01
6.416333007812500000e+02 -1.090414524078369141e-01 4.148029804229736328e+00 1.714019775390625000e-01 -1.294200897216796875e+00 3.441352844238281250e+00
4.922622680664062500e+02 3.938024044036865234e-01 5.037288665771484375e+00 -1.350669860839843750e-01 -1.529184341430664062e+00 3.342204689979553223e-01
3.295154418945312500e+02 3.990626335144042969e-01 5.036424636840820312e+00 3.726272583007812500e-01 -8.982181549072265625e-01 5.281499624252319336e-01
6.139620590209960938e+01 5.318355560302734375e-01 5.319987773895263672e+00 -1.561824798583984375e+00 -6.084632873535156250e-02 3.711004853248596191e-01
6.423204956054687500e+02 -5.046677589416503906e-02 4.282789230346679688e+00 -1.431083679199218750e-02 -2.424930572509765625e+00 2.107790470123291016e+00
3.670616760253906250e+02 1.190376281738281250e-01 4.108222961425781250e+00 3.577232360839843750e-01 -7.527389526367187500e-01 8.074663877487182617e-01
6.781414794921875000e+02 -1.736116409301757812e-01 3.825853586196899414e+00 3.986740112304687500e-02 -1.498394012451171875e-01 9.787218570709228516e-01
4.544210510253906250e+02 5.940909385681152344e-01 5.552922248840332031e+00 3.230972290039062500e-01 2.935504913330078125e-01 3.517344594001770020e-01
4.963422012329101562e+01 1.028602123260498047e-01 4.477204799652099609e+00 -3.556118011474609375e-01 1.095182418823242188e+00 1.088457226753234863e+00
4.775323791503906250e+02 1.926436424255371094e-01 4.309627532958984375e+00 -2.231922149658203125e-01 -1.811256408691406250e+00 5.124178528785705566e-02
2.203630981445312500e+02 1.049233913421630859e+00 6.706336975097656250e+00 -3.675548553466796875e+00 -1.276700973510742188e+00 1.921986192464828491e-01
4.011621093750000000e+02 3.837847709655761719e-01 4.918665885925292969e+00 5.588531494140625000e-03 -5.987739562988281250e-02 5.260933041572570801e-01
6.507192382812500000e+02 9.777419567108154297e-01 6.214215278625488281e+00 1.828746795654296875e+00 2.732658386230468750e+00 2.569032192230224609e+00
3.587452697753906250e+02 -7.218527793884277344e-02 4.082717895507812500e+00 3.952484130859375000e-01 -1.665815353393554688e+00 1.441655874252319336e+00
5.529360351562500000e+02 -9.837627410888671875e-03 4.222387790679931641e+00 1.173553466796875000e-01 -1.796133041381835938e+00 3.522269725799560547e+00
3.821489257812500000e+02 3.599524497985839844e-02 4.352202415466308594e+00 1.688404083251953125e-01 -5.352783203125000000e-02 5.691373348236083984e-01
4.595258789062500000e+02 4.325680732727050781e-01 5.320163249969482422e+00 -5.388069152832031250e-02 -2.807216644287109375e-01 8.820641040802001953e-01
2.856827392578125000e+02 2.840962409973144531e-01 4.500358581542968750e+00 6.706237792968750000e-02 6.324386596679687500e-01 9.036345779895782471e-02
7.411792755126953125e+01 2.966644763946533203e-01 4.404162883758544922e+00 -1.280002593994140625e-01 1.236837387084960938e+00 1.382945179939270020e+00
3.912669067382812500e+02 1.952648162841796875e-02 4.290808677673339844e+00 1.429443359375000000e-01 6.603260040283203125e-01 2.309612333774566650e-01
4.496700744628906250e+02 -5.737614631652832031e-02 4.233839035034179688e+00 2.200107574462890625e-01 -9.820404052734375000e-01 1.562852039933204651e-02
4.616250610351562500e+02 2.058963775634765625e-01 4.280009269714355469e+00 3.734416961669921875e-01 -1.484426498413085938e+00 2.371264249086380005e-01
3.999515991210937500e+02 3.591315746307373047e-01 4.933485984802246094e+00 -3.815631866455078125e-01 -2.029941558837890625e+00 6.261805295944213867e-01
5.522791137695312500e+02 -4.702234268188476562e-02 4.318343639373779297e+00 -5.090942382812500000e-01 -1.988470077514648438e+00 1.756156682968139648e+00
6.134147949218750000e+02 -2.064299583435058594e-02 3.900953292846679688e+00 3.598880767822265625e-01 -1.827461242675781250e+00 2.360635280609130859e+00
3.156137695312500000e+02 3.698589801788330078e-01 4.933835983276367188e+00 3.394851684570312500e-01 2.068033218383789062e+00 1.141872525215148926e+00
2.444150390625000000e+02 3.806805610656738281e-01 4.870738983154296875e+00 -1.184177398681640625e+00 -1.331594467163085938e+00 1.287185430526733398e+00
3.963618164062500000e+02 1.594998836517333984e-01 4.520747184753417969e+00 5.437850952148437500e-02 9.046649932861328125e-01 2.617631554603576660e-01
4.300226135253906250e+02 1.491942405700683594e-01 4.325005531311035156e+00 6.347846984863281250e-02 -7.713737487792968750e-01 8.626115918159484863e-01
3.295755920410156250e+02 6.036634445190429688e-01 5.602962970733642578e+00 5.384254455566406250e-02 7.232379913330078125e-01 1.228236675262451172e+00
6.706716918945312500e+02 -2.740359306335449219e-02 4.078019142150878906e+00 -1.638393402099609375e-01 -6.141319274902343750e-01 1.518335342407226562e+00
7.181304321289062500e+02 -2.039456367492675781e-02 4.225780963897705078e+00 -5.190486907958984375e-01 -1.007953643798828125e+00 7.400578856468200684e-01
5.558071899414062500e+02 5.219912528991699219e-01 5.243684768676757812e+00 7.996006011962890625e-01 -8.315734863281250000e-01 2.159673213958740234e+00
2.379179077148437500e+02 -3.062146902084350586e-01 3.778063058853149414e+00 -9.627342224121093750e-02 -1.544536590576171875e+00 1.625646829605102539e+00
4.223632812500000000e+02 3.340744972229003906e-02 4.416715621948242188e+00 -5.434226989746093750e-02 1.553812026977539062e+00 7.435750365257263184e-01
3.748700256347656250e+02 1.603193283081054688e-01 4.218100070953369141e+00 -6.262912750244140625e-01 9.940910339355468750e-01 4.276247620582580566e-01
3.670603332519531250e+02 3.850855827331542969e-01 5.079596996307373047e+00 7.837600708007812500e-01 1.033149719238281250e+00 2.301341146230697632e-01
6.930921630859375000e+02 1.269898414611816406e-01 4.325413703918457031e+00 -3.708095550537109375e-01 3.319244384765625000e-01 1.226069211959838867e+00
5.582791748046875000e+02 1.498517990112304688e-01 4.481711387634277344e+00 4.450016021728515625e-01 -1.019754409790039062e+00 4.914773702621459961e-01
4.072692871093750000e+02 3.570532798767089844e-02 4.178488254547119141e+00 -1.797637939453125000e-01 -6.622772216796875000e-01 7.862323522567749023e-01
3.210804138183593750e+02 6.028859615325927734e-01 5.740923881530761719e+00 1.131515502929687500e-01 -4.668693542480468750e-01 6.412553191184997559e-01
3.947793579101562500e+02 5.674314498901367188e-02 4.414233684539794922e+00 3.176307678222656250e-01 2.036840438842773438e+00 2.693816423416137695e-01
2.313842773437500000e+02 -1.692581176757812500e-02 4.084822177886962891e+00 3.583297729492187500e-01 -3.392906188964843750e-01 1.326811313629150391e+00
3.968685607910156250e+02 -2.986733913421630859e-01 3.499991178512573242e+00 3.105163574218750000e-02 -4.859752655029296875e-01 9.351769462227821350e-03
2.380249023437500000e+02 9.311108589172363281e-01 6.178811550140380859e+00 -3.259744644165039062e+00 -6.042369842529296875e+00 1.718881130218505859e+00
6.505398559570312500e+02 9.390401840209960938e-01 5.782968044281005859e+00 -1.907386779785156250e-01 -8.071498870849609375e-01 1.513174057006835938e+00
1.551668853759765625e+02 7.347321510314941406e-01 5.517885208129882812e+00 -5.034255981445312500e-02 -1.407936096191406250e+00 1.823736906051635742e+00
2.436954956054687500e+02 2.785372734069824219e-02 3.969507217407226562e+00 2.075748443603515625e-01 -1.334899902343750000e+00 1.289563298225402832e+00
5.729638671875000000e+02 4.060685634613037109e-01 5.004105567932128906e+00 -6.117286682128906250e-01 -2.116577148437500000e+00 1.819574356079101562e+00
3.953359985351562500e+02 6.058216094970703125e-02 4.503484249114990234e+00 -1.977252960205078125e-01 9.461574554443359375e-01 2.309552580118179321e-01
3.270487365722656250e+02 -4.214024543762207031e-02 4.076177597045898438e+00 3.503379821777343750e-01 -7.040786743164062500e-02 3.442254066467285156e-01
4.965954284667968750e+02 5.736038684844970703e-01 5.421558856964111328e+00 -7.020339965820312500e-01 -1.329559326171875000e+00 1.134251475334167480e+00
4.186463012695312500e+02 2.120330333709716797e-01 4.649858474731445312e+00 -4.945049285888671875e-01 -1.316497802734375000e+00 2.499844729900360107e-01
3.146763916015625000e+02 4.516153335571289062e-01 5.039806365966796875e+00 8.995285034179687500e-01 -1.547296524047851562e+00 1.256340622901916504e+00
4.362070922851562500e+02 1.342711448669433594e-01 4.254819393157958984e+00 6.721706390380859375e-01 1.126235961914062500e+00 1.171876192092895508e+00
5.241861572265625000e+02 -1.086351871490478516e-01 3.672145128250122070e+00 -5.362892150878906250e-02 -1.657323837280273438e+00 3.092954158782958984e+00
1.854677124023437500e+02 1.726732254028320312e-01 4.658372402191162109e+00 6.402416229248046875e-01 2.091979980468750000e-01 1.814355611801147461e+00
3.956968383789062500e+02 1.566958427429199219e-01 4.411383628845214844e+00 -3.720149993896484375e-01 8.315162658691406250e-01 1.072321832180023193e-01
3.068631286621093750e+02 3.454399108886718750e-02 4.512009143829345703e+00 -1.959838867187500000e-01 -3.369306564331054688e+00 1.953738451004028320e+00
7.243212890625000000e+02 5.986633300781250000e-01 5.578771591186523438e+00 -8.448925018310546875e-01 -1.072797775268554688e+00 1.394578695297241211e+00
4.231307067871093750e+02 3.556995391845703125e-01 4.898396968841552734e+00 2.975425720214843750e-01 -2.702980041503906250e-01 1.577939391136169434e-01
3.724095458984375000e+02 -3.505516052246093750e-02 3.937441587448120117e+00 -5.519104003906250000e-02 -7.471351623535156250e-01 7.360610365867614746e-01
4.379039306640625000e+02 1.441318988800048828e-01 4.415926933288574219e+00 2.634162902832031250e-01 1.308269500732421875e-01 2.051201313734054565e-01
4.182410278320312500e+02 5.823111534118652344e-02 4.190556049346923828e+00 3.446273803710937500e-01 -2.176521301269531250e+00 1.797842234373092651e-01
3.087488708496093750e+02 9.617304801940917969e-01 6.228600978851318359e+00 -6.352386474609375000e-01 1.466247558593750000e+00 4.400843083858489990e-01
2.152032775878906250e+02 3.469867706298828125e-01 4.906234264373779297e+00 -7.014122009277343750e-01 -6.554336547851562500e-01 7.452532649040222168e-01
1.110456695556640625e+02 2.174730300903320312e-01 4.787396907806396484e+00 -2.449035644531250000e-03 -2.320249557495117188e+00 1.731999069452285767e-01
1.313865661621093750e+02 1.831173896789550781e-02 4.347989082336425781e+00 2.626228332519531250e-01 4.756698608398437500e-01 1.432615399360656738e+00
4.079793395996093750e+02 -5.680155754089355469e-02 4.101158142089843750e+00 1.631164550781250000e-02 9.756851196289062500e-02 9.171201847493648529e-03
4.222346801757812500e+02 -5.894279479980468750e-02 4.278145790100097656e+00 -1.476497650146484375e-01 1.562635421752929688e+00 1.555206775665283203e-01
5.597608032226562500e+02 7.376389503479003906e-01 5.741334438323974609e+00 1.993026733398437500e-01 1.178972244262695312e+00 2.203129768371582031e+00
5.552871704101562500e+02 3.323209285736083984e-01 5.101350784301757812e+00 1.776485443115234375e-01 2.140998840332031250e-01 5.023605227470397949e-01
3.809239196777343750e+02 1.164383888244628906e-01 4.411064624786376953e+00 8.460617065429687500e-02 -6.109619140625000000e-02 3.883061110973358154e-01
5.844263305664062500e+02 3.242053031921386719e+00 1.117484474182128906e+01 -3.097709655761718750e+00 -7.771694183349609375e+00 2.128887176513671875e+00
4.031706848144531250e+02 1.923301219940185547e-01 4.434722423553466797e+00 2.720088958740234375e-01 -4.984855651855468750e-02 9.519301652908325195e-01
5.350671386718750000e+02 2.623634338378906250e-01 4.925352573394775391e+00 4.179191589355468750e-02 8.040256500244140625e-01 5.435684919357299805e-01
3.935193176269531250e+02 -4.806685447692871094e-02 3.993417739868164062e+00 -2.120952606201171875e-01 1.705055236816406250e-01 9.444672614336013794e-02
3.174788513183593750e+02 -1.872150897979736328e-01 3.818706989288330078e+00 1.676902770996093750e-01 -3.602390289306640625e-01 2.276491522789001465e-01
6.124797439575195312e+01 -1.881122589111328125e-01 3.604362010955810547e+00 1.076698303222656250e-01 1.925800323486328125e+00 7.711186408996582031e-01
7.003472900390625000e+02 1.630768775939941406e-01 4.418082237243652344e+00 -2.709197998046875000e-02 -1.001277923583984375e+00 4.822731316089630127e-01
2.753080749511718750e+02 3.875482082366943359e-01 5.109448909759521484e+00 -3.840942382812500000e-01 5.090923309326171875e-01 6.917755305767059326e-02
6.311528930664062500e+02 3.688056468963623047e-01 4.954509258270263672e+00 -8.094596862792968750e-01 -7.869338989257812500e-01 4.605552852153778076e-01
5.607271118164062500e+02 3.595919609069824219e-01 4.934181690216064453e+00 -5.021629333496093750e-01 2.158336639404296875e-01 4.759453237056732178e-01
4.043641662597656250e+02 4.923963546752929688e-02 4.243041515350341797e+00 3.728942871093750000e-01 -2.797870635986328125e-01 4.417121112346649170e-01
4.319527282714843750e+02 1.629769802093505859e-01 4.278776168823242188e+00 -2.160015106201171875e-01 9.292507171630859375e-01 1.778398513793945312e+00
1.925343933105468750e+02 4.831266403198242188e-01 5.242858886718750000e+00 4.387817382812500000e-01 -4.613857269287109375e-01 1.113076925277709961e+00
4.476413574218750000e+02 7.158076763153076172e-01 5.612276554107666016e+00 9.837799072265625000e-01 -2.273941040039062500e-02 5.744322538375854492e-01
5.487104492187500000e+02 -1.226336956024169922e-01 4.156532764434814453e+00 1.986331939697265625e-01 1.136119842529296875e+00 2.653490066528320312e+00
2.144778747558593750e+02 2.758173942565917969e-01 4.759429454803466797e+00 5.052680969238281250e-01 7.031059265136718750e-01 1.318899154663085938e+00
4.589550476074218750e+02 1.922130584716796875e-02 4.280545234680175781e+00 -2.987251281738281250e-01 -2.177221298217773438e+00 7.856538295745849609e-01
6.412770385742187500e+02 3.868203163146972656e-01 5.100680351257324219e+00 4.801368713378906250e-01 1.074258804321289062e+00 2.130855083465576172e+00
4.332310180664062500e+02 -1.012151241302490234e-01 4.180433273315429688e+00 -1.059932708740234375e-01 -1.301139831542968750e+00 8.929678201675415039e-01
6.262456054687500000e+02 -1.782760620117187500e-01 4.126636505126953125e+00 -1.060256958007812500e-01 -1.488945007324218750e+00 1.598181962966918945e+00
5.704124755859375000e+02 4.119462966918945312e-01 5.098831176757812500e+00 -2.940540313720703125e-01 -1.863252639770507812e+00 7.172539830207824707e-01
4.280494689941406250e+02 -6.199574470520019531e-02 4.110410690307617188e+00 -4.747867584228515625e-01 -9.345359802246093750e-01 1.526969194412231445e+00
2.157670898437500000e+02 1.585047245025634766e-01 4.543089389801025391e+00 1.632480621337890625e-01 -1.032003402709960938e+00 1.514062643051147461e+00
1.809831047058105469e+01 3.115081787109375000e-01 4.856895446777343750e+00 8.324642181396484375e-01 4.298200607299804688e+00 1.702783584594726562e+00
4.138067626953125000e+02 1.473331451416015625e-02 4.481088161468505859e+00 6.278610229492187500e-02 -7.208805084228515625e-01 6.819328665733337402e-01
6.669129638671875000e+02 -2.900025844573974609e-01 3.789070367813110352e+00 1.115417480468750000e-01 -1.562194824218750000e-01 2.241867542266845703e+00
3.622500610351562500e+02 -5.302095413208007812e-02 4.021540641784667969e+00 3.445587158203125000e-01 1.671638488769531250e-01 4.285475313663482666e-01
1.055560607910156250e+02 -6.649744510650634766e-02 4.041372299194335938e+00 1.895160675048828125e-01 1.402770996093750000e+00 9.542730450630187988e-01
3.475275878906250000e+02 1.089463233947753906e-01 4.398447990417480469e+00 2.006301879882812500e-01 -9.864006042480468750e-01 1.132453083992004395e-01
3.488150634765625000e+02 3.020043373107910156e-01 4.770885467529296875e+00 -6.628437042236328125e-01 -1.488265991210937500e-01 4.951850771903991699e-01
3.761112976074218750e+02 1.498351097106933594e-01 4.545376777648925781e+00 -2.721233367919921875e-01 -1.355857849121093750e-01 2.665058374404907227e-01
6.654733886718750000e+02 3.639292716979980469e-01 5.129692077636718750e+00 -1.040536880493164062e+00 -2.941127777099609375e+00 2.164461374282836914e+00
1.044368286132812500e+02 3.193485736846923828e-01 5.017366886138916016e+00 7.008590698242187500e-01 2.000274658203125000e-01 8.843897581100463867e-01
6.608476562500000000e+02 9.083247184753417969e-02 4.410445690155029297e+00 1.286849975585937500e-01 -1.023427963256835938e+00 1.668063521385192871e+00
3.788128356933593750e+02 -6.226086616516113281e-02 3.936571598052978516e+00 6.603469848632812500e-01 9.084033966064453125e-01 1.071971729397773743e-01
6.168499145507812500e+02 3.127341270446777344e-01 4.649994850158691406e+00 3.492565155029296875e-01 -1.111907958984375000e-01 6.572846174240112305e-01
2.442938537597656250e+02 7.722065448760986328e-01 5.821917533874511719e+00 -1.243532180786132812e+00 -2.454940795898437500e+00 8.379732370376586914e-01
7.040506591796875000e+02 1.923763275146484375e+00 8.517057418823242188e+00 -2.130317687988281250e+00 -2.255023956298828125e+00 5.164838433265686035e-01
5.177116699218750000e+02 4.065084457397460938e-02 4.237712860107421875e+00 -8.446884155273437500e-02 2.188520431518554688e+00 2.043233811855316162e-01
6.423297119140625000e+02 -1.049973964691162109e-01 4.039308547973632812e+00 4.369010925292968750e-01 -3.558521270751953125e-01 4.377977922558784485e-02
4.467170104980468750e+02 -1.334514617919921875e-01 4.011176586151123047e+00 -1.673297882080078125e-01 -1.200717926025390625e+00 1.338875740766525269e-01
4.667790832519531250e+02 -3.292250633239746094e-02 3.963011741638183594e+00 -3.014945983886718750e-02 7.538375854492187500e-01 5.584141016006469727e-01
3.387614135742187500e+02 8.224844932556152344e-02 4.502274513244628906e+00 -1.418781280517578125e-01 -1.045019149780273438e+00 7.234629392623901367e-01
4.637544250488281250e+02 4.478535652160644531e-01 5.192012786865234375e+00 4.524574279785156250e-01 -2.486705780029296875e-01 6.912330389022827148e-01
6.974179077148437500e+02 3.102078437805175781e-01 5.076654911041259766e+00 -4.777507781982421875e-01 -2.957765579223632812e+00 1.908166170120239258e+00
5.856757812500000000e+02 2.045507431030273438e-01 4.733036518096923828e+00 -8.241920471191406250e-01 -9.743251800537109375e-01 3.620195388793945312e-01
4.382655029296875000e+02 -6.455910205841064453e-02 4.060067176818847656e+00 -9.241867065429687500e-02 5.462722778320312500e-01 3.631713334470987320e-03
1.767841796875000000e+02 3.507239818572998047e-01 5.269667148590087891e+00 -8.815689086914062500e-01 -1.991706848144531250e+00 4.277771115303039551e-01
4.312440795898437500e+02 -9.614586830139160156e-02 4.096710681915283203e+00 6.594467163085937500e-02 1.263240814208984375e+00 6.337373852729797363e-01
4.073421936035156250e+02 1.539776325225830078e-01 4.916554927825927734e+00 -4.650688171386718750e-01 3.755931854248046875e-01 9.857613593339920044e-02
4.364551086425781250e+02 2.605066299438476562e-01 4.595465183258056641e+00 -4.773902893066406250e-02 -6.207828521728515625e-01 9.526984691619873047e-01
5.223209228515625000e+02 1.293042421340942383e+00 6.713797569274902344e+00 -3.456413269042968750e+00 -2.842533111572265625e+00 5.165215730667114258e-01
4.638052062988281250e+02 2.716987133026123047e-01 4.823037624359130859e+00 -6.832504272460937500e-02 2.714138031005859375e-01 4.438213109970092773e-01
4.255038757324218750e+02 5.307340621948242188e-01 5.261663913726806641e+00 9.826660156250000000e-03 2.624322891235351562e+00 4.567146301269531250e-02
3.726303405761718750e+02 -4.708528518676757812e-02 3.924005031585693359e+00 1.833152770996093750e-01 1.465606689453125000e-01 4.027068018913269043e-01
6.037252807617187500e+02 2.541174888610839844e-01 4.962030410766601562e+00 7.053565979003906250e-02 -1.385332107543945312e+00 2.286291360855102539e+00
2.151150512695312500e+02 1.189659357070922852e+00 6.979974746704101562e+00 -2.556852340698242188e+00 -6.006631851196289062e+00 2.613415241241455078e+00
8.034932708740234375e+01 -2.598679065704345703e-02 4.114103317260742188e+00 4.346847534179687500e-03 -1.018703460693359375e+00 1.083227872848510742e+00
7.499766845703125000e+02 3.445971012115478516e-01 4.771206855773925781e+00 1.888008117675781250e-01 -2.071849822998046875e+00 1.244906902313232422e+00
4.778525695800781250e+02 3.847312927246093750e-01 4.733079910278320312e+00 -2.855892181396484375e-01 2.885341644287109375e-01 3.892851173877716064e-01
3.843315124511718750e+02 5.192916393280029297e-01 5.115134239196777344e+00 5.624427795410156250e-01 3.337860107421875000e-01 2.475906610488891602e-01
6.819528808593750000e+02 -1.144871711730957031e-01 4.340210914611816406e+00 6.324005126953125000e-02 -2.286891937255859375e+00 1.693475991487503052e-01
3.636545715332031250e+02 3.443169593811035156e-02 4.093464374542236328e+00 -9.309005737304687500e-02 4.211158752441406250e-01 1.342759370803833008e+00
1.900757217407226562e+01 2.783761024475097656e+00 1.011089897155761719e+01 -4.684638977050781250e-02 1.707696914672851562e+00 3.789485931396484375e+00
5.568847656250000000e+02 3.542423248291015625e-02 4.317316055297851562e+00 -1.571044921875000000e-01 -1.265676498413085938e+00 8.008962869644165039e-01
4.403506774902343750e+02 2.711272239685058594e-02 4.434811115264892578e+00 -4.015998840332031250e-01 -1.573802947998046875e+00 1.618895232677459717e-01
6.962135009765625000e+02 4.685628414154052734e-01 4.841500282287597656e+00 -1.876983642578125000e-01 2.527236938476562500e-02 9.276170730590820312e-01
6.761594848632812500e+02 2.192118167877197266e-01 4.537747383117675781e+00 -1.404190063476562500e-01 -1.540023803710937500e+00 3.342643976211547852e-01
5.085473937988281250e+02 -4.230237007141113281e-02 4.417437553405761719e+00 9.162902832031250000e-02 -1.090583801269531250e-01 6.687537431716918945e-01
5.525303344726562500e+02 5.273666381835937500e-01 5.196776390075683594e+00 -1.062870025634765625e+00 -8.397560119628906250e-01 1.593932151794433594e+00
6.244191894531250000e+02 1.437270641326904297e-01 4.575510025024414062e+00 -4.722614288330078125e-01 2.944335937500000000e-01 1.574384927749633789e+00
3.243043136596679688e+01 2.655489444732666016e-01 5.012904167175292969e+00 -5.029716491699218750e-01 1.580600738525390625e-01 1.213024377822875977e+00
3.239493713378906250e+02 2.194039821624755859e-01 4.591200828552246094e+00 2.157802581787109375e-01 1.922836303710937500e-01 5.284422636032104492e-01
3.493109130859375000e+02 1.345300674438476562e-01 4.377697944641113281e+00 -1.102714538574218750e-01 -1.041702270507812500e+00 7.308697104454040527e-01
3.374848937988281250e+01 9.101033210754394531e-01 5.809590339660644531e+00 5.166816711425781250e-02 -8.490924835205078125e-01 1.235716581344604492e+00
4.508068542480468750e+02 2.529535770416259766e+00 9.296898841857910156e+00 -7.450151443481445312e+00 -9.325141906738281250e-01 2.311284542083740234e-01
7.250493774414062500e+02 4.572253227233886719e-01 5.149211883544921875e+00 -1.186431884765625000e+00 -1.837244033813476562e+00 1.141991853713989258e+00
6.005107421875000000e+02 2.707815170288085938e-02 4.733045101165771484e+00 -2.388324737548828125e-01 5.867767333984375000e-02 2.807148933410644531e+00
4.991629028320312500e+02 4.899220466613769531e-01 5.365974426269531250e+00 -1.319581985473632812e+00 -6.804237365722656250e-01 9.933526813983917236e-02
6.516565704345703125e+01 1.828664779663085938e+00 7.836269378662109375e+00 -5.194272994995117188e+00 -1.441875076293945312e+01 2.475767374038696289e+00
6.290838623046875000e+02 -3.527867794036865234e-02 3.804115772247314453e+00 -8.937644958496093750e-02 -1.814851760864257812e+00 8.004926890134811401e-02
6.423804931640625000e+02 5.341720581054687500e-02 4.268420219421386719e+00 -4.481430053710937500e-01 -1.881948471069335938e+00 2.305740118026733398e+00
5.944001464843750000e+02 1.446294784545898438e-01 4.657085418701171875e+00 3.277950286865234375e-01 1.312179565429687500e+00 8.028792142868041992e-01
7.151875610351562500e+02 2.571189403533935547e-01 4.753800868988037109e+00 -5.660781860351562500e-01 -1.464551925659179688e+00 2.180815219879150391e+00
4.887648620605468750e+02 3.826189041137695312e-02 4.588753700256347656e+00 9.513473510742187500e-02 -3.974876403808593750e-01 6.331175565719604492e-01
1.579320373535156250e+02 9.146714210510253906e-02 4.566926956176757812e+00 9.305572509765625000e-02 -1.702003479003906250e-01 1.133486270904541016e+00
6.069898681640625000e+02 -6.104874610900878906e-02 4.129171371459960938e+00 4.180717468261718750e-02 -4.380817413330078125e-01 3.335045278072357178e-01
4.843024291992187500e+02 -1.626300811767578125e-02 4.244611740112304688e+00 -2.798500061035156250e-01 -1.049573898315429688e+00 1.106885969638824463e-01
4.651147460937500000e+02 -9.893608093261718750e-02 4.053483009338378906e+00 -3.579158782958984375e-01 -1.695209503173828125e+00 1.117460250854492188e+00
7.029102783203125000e+02 -8.263707160949707031e-02 4.078313350677490234e+00 2.526092529296875000e-01 1.287147521972656250e+00 8.376559615135192871e-01
4.963513793945312500e+02 4.317741394042968750e-01 5.232265949249267578e+00 -1.687278747558593750e-01 -1.626707077026367188e+00 6.280680894851684570e-01
5.847272338867187500e+02 -9.779214859008789062e-03 4.296852588653564453e+00 -4.456901550292968750e-02 -1.166055679321289062e+00 2.294165611267089844e+00
4.527029113769531250e+02 3.006262779235839844e-01 4.972958087921142578e+00 -2.587356567382812500e-01 -2.621116638183593750e-01 7.444528341293334961e-01
4.947460327148437500e+02 -6.270575523376464844e-02 3.989718437194824219e+00 -4.266376495361328125e-01 7.082386016845703125e-01 9.703723192214965820e-01
2.950157775878906250e+02 1.930215358734130859e-01 4.416230201721191406e+00 5.573348999023437500e-01 9.434700012207031250e-01 1.190229415893554688e+00
5.582864990234375000e+02 7.508611679077148438e-02 4.433804988861083984e+00 2.628517150878906250e-01 -1.494871139526367188e+00 9.439819455146789551e-01
6.854444580078125000e+02 2.080416679382324219e-01 4.436635494232177734e+00 4.408264160156250000e-01 -8.542289733886718750e-01 1.226146340370178223e+00
3.928027343750000000e+02 5.001664161682128906e-02 4.108204364776611328e+00 2.987174987792968750e-01 4.191417694091796875e-01 9.008172750473022461e-01
6.274066162109375000e+02 2.701282501220703125e-03 3.954039573669433594e+00 3.838520050048828125e-01 -2.315464019775390625e-01 2.695003509521484375e+00
1.948925781250000000e+02 4.688098430633544922e-01 5.326252937316894531e+00 8.569927215576171875e-01 -1.953466415405273438e+00 3.215722739696502686e-01
4.004125061035156250e+02 1.488068103790283203e-01 4.841445922851562500e+00 -4.428749084472656250e-01 -1.546934127807617188e+00 8.224430084228515625e-01
5.280939483642578125e+01 1.776719093322753906e-01 4.771139144897460938e+00 -1.538162231445312500e-01 -9.863491058349609375e-01 1.495790958404541016e+00
1.026472091674804688e+02 -2.158641815185546875e-03 4.325598239898681641e+00 4.171638488769531250e-01 3.565826416015625000e-01 6.339237689971923828e-01
4.504635620117187500e+01 1.716579437255859375e+00 7.849237442016601562e+00 -1.220958709716796875e+00 -7.010669708251953125e-01 8.503750562667846680e-01
2.819609680175781250e+02 2.939743995666503906e-01 5.115122318267822266e+00 1.748065948486328125e-01 -3.463077545166015625e-01 1.924471855163574219e-01
3.426926269531250000e+02 9.864234924316406250e-02 4.168922424316406250e+00 2.353591918945312500e-01 6.873741149902343750e-01 9.285650253295898438e-01
4.043370666503906250e+02 1.026167869567871094e-01 4.545229434967041016e+00 -2.407646179199218750e-02 6.013946533203125000e-01 3.235869109630584717e-01
3.788128356933593750e+02 -6.226086616516113281e-02 3.936571598052978516e+00 6.603469848632812500e-01 9.084033966064453125e-01 1.071971729397773743e-01
4.013246459960937500e+02 2.776284217834472656e-01 4.737098693847656250e+00 -6.753425598144531250e-01 1.521835327148437500e-01 3.960441946983337402e-01
6.343144531250000000e+02 1.460700035095214844e-01 4.330953598022460938e+00 -3.582153320312500000e-01 -3.392124176025390625e-01 1.610663533210754395e-01
5.905769042968750000e+02 1.005649566650390625e-02 4.233346939086914062e+00 -3.993225097656250000e-02 8.468704223632812500e-01 1.965829014778137207e+00
4.594338378906250000e+02 3.877243995666503906e-01 4.925034046173095703e+00 -3.323554992675781250e-01 -1.931415557861328125e+00 6.036562919616699219e-01
7.181304321289062500e+02 -2.039456367492675781e-02 4.225780963897705078e+00 -5.190486907958984375e-01 -1.007953643798828125e+00 7.400578856468200684e-01
7.542021179199218750e+01 -9.545087814331054688e-02 4.179559230804443359e+00 2.596626281738281250e-01 9.101066589355468750e-01 8.167832493782043457e-01
3.019099731445312500e+02 2.226767539978027344e-01 4.627423286437988281e+00 -3.732624053955078125e-01 7.152271270751953125e-01 1.005736351013183594e+00
4.676915283203125000e+02 1.840848922729492188e-01 4.435028553009033203e+00 5.245494842529296875e-01 3.161354064941406250e-01 6.692247092723846436e-02
4.972243347167968750e+02 1.243004798889160156e-01 4.379281997680664062e+00 9.239196777343750000e-03 -1.088502883911132812e+00 3.088788688182830811e-01
7.818669891357421875e+01 -7.097458839416503906e-02 4.226499557495117188e+00 7.005500793457031250e-02 -9.104156494140625000e-02 1.420751333236694336e+00
5.307365112304687500e+02 3.720645904541015625e-01 5.223107814788818359e+00 -1.144626617431640625e+00 -4.130135536193847656e+00 1.306815743446350098e+00
3.700166931152343750e+02 6.983900070190429688e-02 4.261404991149902344e+00 2.016849517822265625e-01 3.936347961425781250e-01 4.422810375690460205e-01
7.587935180664062500e+02 1.793489456176757812e-01 4.678438663482666016e+00 -9.744071960449218750e-02 9.449577331542968750e-01 1.338831663131713867e+00
3.713282470703125000e+02 -8.851671218872070312e-02 4.080670356750488281e+00 -4.892387390136718750e-01 4.534225463867187500e-01 2.969565987586975098e-01
6.534629516601562500e+02 2.655792236328125000e-02 4.266453742980957031e+00 6.816864013671875000e-02 -3.290050506591796875e+00 3.004031777381896973e-01
9.388401794433593750e+01 2.495222091674804688e-01 5.004134178161621094e+00 1.827392578125000000e-01 1.300275802612304688e+00 1.246466040611267090e+00
5.401350708007812500e+02 -1.077353954315185547e-01 3.872863769531250000e+00 -7.008743286132812500e-02 -2.082691192626953125e+00 3.294158935546875000e+00
3.202898864746093750e+02 5.207982063293457031e-01 5.169829368591308594e+00 -8.289489746093750000e-01 4.388790130615234375e-01 7.322948426008224487e-02
3.304993896484375000e+02 1.597015857696533203e-01 4.510183811187744141e+00 8.492069244384765625e-01 2.814445495605468750e-01 2.046849578619003296e-02
4.617336425781250000e+02 5.275440216064453125e-02 4.366810798645019531e+00 3.727836608886718750e-01 -6.838111877441406250e-01 9.642037153244018555e-01
4.660173950195312500e+02 2.464058399200439453e-01 4.445487976074218750e+00 -6.711673736572265625e-01 -1.940979003906250000e+00 1.079769372940063477e+00
9.482587432861328125e+01 1.652138233184814453e-01 4.625815391540527344e+00 1.261539459228515625e-01 -1.390901565551757812e+00 6.164301037788391113e-01
4.475361328125000000e+02 1.113939285278320312e-01 4.315203666687011719e+00 -2.822780609130859375e-01 -6.899852752685546875e-01 2.924101650714874268e-01
4.652657165527343750e+02 2.516704082489013672e+00 9.634732246398925781e+00 -9.857986450195312500e+00 -1.644662475585937500e+01 1.600659966468811035e+00
2.855328674316406250e+02 6.912705898284912109e-01 5.506663322448730469e+00 -2.877330780029296875e-01 1.491279602050781250e-01 5.529030561447143555e-01
2.747094116210937500e+02 1.259572505950927734e-01 4.379588127136230469e+00 4.790077209472656250e-01 2.063524246215820312e+00 3.337467908859252930e+00
7.247911987304687500e+02 2.402226924896240234e-01 4.794107913970947266e+00 -7.422103881835937500e-01 7.611637115478515625e-01 3.371986150741577148e-01
3.578999328613281250e+02 -2.908897399902343750e-02 4.154164791107177734e+00 -8.043670654296875000e-02 -1.877096176147460938e+00 9.912006855010986328e-01
6.517906494140625000e+02 -8.100700378417968750e-02 4.358291625976562500e+00 2.500762939453125000e-01 -5.360794067382812500e-02 5.774413347244262695e-01
6.292854003906250000e+02 2.755208015441894531e-01 4.590339660644531250e+00 2.929534912109375000e-01 -1.596790313720703125e+00 9.806884527206420898e-01
5.094563903808593750e+02 5.045199394226074219e-01 5.156004905700683594e+00 -7.619094848632812500e-02 4.739072799682617188e+00 3.151952028274536133e+00
6.504644775390625000e+02 5.556583404541015625e-02 4.225615024566650391e+00 -1.258964538574218750e-01 -2.556358337402343750e+00 3.683406829833984375e+00
6.737221679687500000e+02 8.293452262878417969e-01 6.243464946746826172e+00 1.150897979736328125e+00 -4.183044433593750000e-01 9.195314645767211914e-01
6.222400512695312500e+02 1.967105865478515625e-01 4.541869163513183594e+00 -4.944610595703125000e-02 6.612777709960937500e-02 4.363548159599304199e-01
7.100303955078125000e+02 6.467847824096679688e-01 5.935224533081054688e+00 3.925209045410156250e-01 1.432168960571289062e+00 1.091464877128601074e+00
6.294572143554687500e+02 1.485800743103027344e-02 4.292483329772949219e+00 -3.808403015136718750e-02 -1.335794448852539062e+00 2.610216140747070312e+00
7.125626831054687500e+02 1.948010921478271484e-01 4.188062191009521484e+00 -3.930931091308593750e-01 4.707069396972656250e-01 1.979150176048278809e-01
2.585686340332031250e+02 3.959112167358398438e-01 5.155993938446044922e+00 2.011146545410156250e-01 4.224548339843750000e-01 1.588444828987121582e+00
4.256281738281250000e+02 4.383530616760253906e-01 5.352425098419189453e+00 -2.127304077148437500e-01 -1.017934799194335938e+00 1.376840770244598389e-01
3.780384826660156250e+02 -1.247410774230957031e-01 4.081387519836425781e+00 -2.437858581542968750e-01 1.259565353393554688e+00 4.464485496282577515e-02
3.011658325195312500e+02 1.429709196090698242e+00 6.960774898529052734e+00 -4.179249763488769531e+00 -2.946193695068359375e+00 5.885243415832519531e-01
4.344916381835937500e+02 1.062867641448974609e-01 4.318577766418457031e+00 2.493648529052734375e-01 -2.678089141845703125e-01 4.148012995719909668e-01
2.343335418701171875e+02 1.442956924438476562e-01 4.472209453582763672e+00 -1.456050872802734375e-01 -1.729497909545898438e+00 2.382801771163940430e+00
4.197510375976562500e+02 2.740213871002197266e-01 4.728236198425292969e+00 1.036193847656250000e+00 9.987792968750000000e-01 2.508830726146697998e-01
1.247501144409179688e+02 -2.458786964416503906e-02 4.191158294677734375e+00 -4.320373535156250000e-01 -2.651958465576171875e-01 1.129560351371765137e+00
6.264321899414062500e+02 2.256383895874023438e-01 4.646316528320312500e+00 1.671047210693359375e-01 8.353576660156250000e-01 2.531164884567260742e+00
1.104800109863281250e+02 -8.579921722412109375e-02 4.016496658325195312e+00 1.949272155761718750e-01 2.203962326049804688e+00 9.168314933776855469e-01
2.947457504272460938e+01 1.195216655731201172e+00 6.687678337097167969e+00 -4.097545623779296875e+00 -9.290103912353515625e+00 2.506734132766723633e+00
2.826827239990234375e+01 2.016427040100097656e+00 8.570755004882812500e+00 -5.105224609375000000e+00 -1.079884433746337891e+01 2.172368288040161133e+00
3.840013122558593750e+02 1.050782203674316406e-01 4.580284595489501953e+00 8.247566223144531250e-02 3.879947662353515625e-01 4.315066337585449219e-01
6.288502120971679688e+01 4.229354858398437500e-01 5.149784088134765625e+00 1.269199371337890625e+00 -2.187118530273437500e-01 3.866645097732543945e-01
4.616718139648437500e+02 5.676031112670898438e-03 3.990218639373779297e+00 -2.729911804199218750e-01 -6.161117553710937500e-01 7.052144408226013184e-01
3.561726684570312500e+02 2.216169834136962891e-01 4.584374427795410156e+00 3.484725952148437500e-02 -1.228086471557617188e+00 1.203094482421875000e+00
6.333065795898437500e+02 2.369809150695800781e-02 4.636801719665527344e+00 5.850009918212890625e-01 -1.348800659179687500e-01 1.930262804031372070e+00
3.557453002929687500e+02 5.406284332275390625e-01 5.452589988708496094e+00 3.201637268066406250e-01 1.818214416503906250e+00 3.494124174118041992e+00
4.825790405273437500e+02 5.442953109741210938e-02 4.216320514678955078e+00 -1.700401306152343750e-01 -2.488649368286132812e+00 1.572741150856018066e+00
3.978515014648437500e+02 -4.023599624633789062e-02 4.325969696044921875e+00 -2.185993194580078125e-01 9.090423583984375000e-02 1.301117837429046631e-01
2.793317871093750000e+02 6.263871192932128906e-01 5.545944690704345703e+00 6.578254699707031250e-02 -1.566715240478515625e-01 1.369574308395385742e+00
3.776955261230468750e+02 1.119136810302734375e-03 4.240732192993164062e+00 1.968727111816406250e-01 -9.961605072021484375e-01 1.942466199398040771e-02
4.809192504882812500e+02 2.645287513732910156e-01 4.814561843872070312e+00 5.930328369140625000e-02 -5.413246154785156250e-02 5.611422061920166016e-01
2.739691162109375000e+02 1.562832593917846680e+00 7.393335819244384766e+00 3.633674621582031250e+00 5.975723266601562500e-02 4.314984083175659180e-01
3.994271850585937500e+02 1.608858108520507812e-01 4.576213836669921875e+00 1.725406646728515625e-01 2.610206604003906250e-01 8.012355566024780273e-01
4.302868347167968750e+02 2.459297180175781250e-01 4.770486354827880859e+00 1.484642028808593750e-01 7.459259033203125000e-02 8.327100276947021484e-01
5.239917602539062500e+02 9.292073249816894531e-01 6.162783622741699219e+00 6.987876892089843750e-01 -4.270191192626953125e-01 3.726966679096221924e-02
5.724854736328125000e+02 -2.025580406188964844e-02 4.334004878997802734e+00 2.698898315429687500e-02 -1.010004043579101562e+00 2.486098766326904297e+00
1.687504119873046875e+02 4.392385482788085938e-02 4.288505554199218750e+00 3.619308471679687500e-01 -2.950668334960937500e-03 7.829194068908691406e-01
2.167595672607421875e+02 -1.129214763641357422e-01 4.279944419860839844e+00 1.639575958251953125e-01 -6.808052062988281250e-01 3.342958927154541016e+00
5.303032226562500000e+02 5.021295547485351562e-01 5.411368370056152344e+00 -1.620254516601562500e-01 -6.998634338378906250e-02 1.041538238525390625e+00
4.739068908691406250e+02 -5.849599838256835938e-02 4.002806663513183594e+00 -1.305770874023437500e-02 -1.181966781616210938e+00 1.473194807767868042e-01
3.171144714355468750e+02 1.049299240112304688e-01 4.252947807312011719e+00 3.238468170166015625e-01 -5.908508300781250000e-01 9.979053735733032227e-01
1.948004913330078125e+02 7.841150760650634766e-01 5.913641452789306641e+00 -1.626764297485351562e+00 -2.000862121582031250e+00 4.281650483608245850e-01
1.217412796020507812e+02 5.835580825805664062e-02 4.334208011627197266e+00 -7.322120666503906250e-02 -2.359683990478515625e+00 1.808019876480102539e+00
7.946032714843750000e+01 4.617404937744140625e-02 4.399226188659667969e+00 -9.699058532714843750e-02 9.689483642578125000e-01 4.210300445556640625e-01
2.027238769531250000e+02 6.362724304199218750e-02 4.355451107025146484e+00 -2.184906005859375000e-01 3.497962951660156250e-01 2.020237922668457031e+00
6.413132934570312500e+02 -2.001795768737792969e-01 3.866786479949951172e+00 5.058288574218750000e-02 1.250360488891601562e+00 1.305826306343078613e-01
4.866876525878906250e+02 -1.330344676971435547e-01 3.672430992126464844e+00 -1.082878112792968750e-01 -1.293535232543945312e+00 9.519212245941162109e-01
3.806150512695312500e+02 3.610754013061523438e-02 4.362052917480468750e+00 -2.294864654541015625e-01 -1.493196487426757812e+00 1.761294156312942505e-01
2.066977539062500000e+02 6.128556728363037109e-01 5.446713447570800781e+00 8.261699676513671875e-01 -2.899990081787109375e-01 5.621711015701293945e-01
4.652987976074218750e+02 8.218741416931152344e-02 4.559297084808349609e+00 -6.306533813476562500e-01 -2.137275695800781250e+00 9.505614638328552246e-01
2.327527313232421875e+02 1.704449653625488281e-01 4.505370616912841797e+00 2.850151062011718750e-01 2.420139312744140625e-01 2.832596302032470703e+00
6.673569488525390625e+01 2.199348449707031250e+00 8.666345596313476562e+00 7.853870391845703125e-01 1.187887191772460938e+00 1.294406890869140625e+00
3.522210693359375000e+02 2.396156311035156250e+00 9.128362655639648438e+00 3.444223403930664062e+00 1.369955062866210938e+00 1.057312011718750000e+00
7.016859741210937500e+02 2.163789272308349609e-01 4.530817031860351562e+00 2.946815490722656250e-01 5.379104614257812500e-01 2.450937747955322266e+00
4.805949707031250000e+02 2.001447677612304688e-01 4.358924388885498047e+00 -1.292114257812500000e-01 -1.912956237792968750e-01 1.877492785453796387e+00
4.330425415039062500e+02 7.388639450073242188e-02 4.147919654846191406e+00 -2.338600158691406250e-02 -1.965065002441406250e-01 1.083509683609008789e+00
2.803131713867187500e+02 3.800702095031738281e-01 4.392601013183593750e+00 7.038307189941406250e-02 -4.674339294433593750e-01 3.399293124675750732e-01
4.727445983886718750e+02 3.964884281158447266e-01 4.936505794525146484e+00 -3.294563293457031250e-02 -1.070667266845703125e+00 1.459878563880920410e+00
1.503136444091796875e+02 -5.858349800109863281e-02 4.045048713684082031e+00 3.961734771728515625e-01 1.456848144531250000e+00 9.527125954627990723e-01
1.598899078369140625e+02 6.526587009429931641e-01 5.521552085876464844e+00 -7.122001647949218750e-01 1.105789184570312500e+00 1.140833139419555664e+00
4.359900512695312500e+02 5.568361282348632812e-02 4.432843208312988281e+00 -5.311775207519531250e-02 6.965560913085937500e-01 6.085881590843200684e-01
5.124343872070312500e+02 -3.885316848754882812e-02 4.232994556427001953e+00 3.493232727050781250e-01 -3.431053161621093750e-01 2.828465104103088379e-01
4.704382019042968750e+02 5.125050544738769531e-01 5.644495964050292969e+00 2.536048889160156250e-01 -7.903251647949218750e-01 2.515472173690795898e+00
7.075613403320312500e+02 4.563682079315185547e-01 5.275577068328857422e+00 -8.176536560058593750e-01 -9.214267730712890625e-01 5.140829086303710938e-01
4.092109680175781250e+02 2.278275489807128906e-01 4.616877555847167969e+00 -6.659317016601562500e-02 -1.290554046630859375e+00 6.008980274200439453e-01
3.334365463256835938e+01 1.769659519195556641e-01 4.512660026550292969e+00 4.353218078613281250e-01 8.539581298828125000e-02 5.483355522155761719e-01
3.713968811035156250e+02 1.103624105453491211e+00 6.538617134094238281e+00 -6.134014129638671875e-01 -1.198661804199218750e+00 1.092520356178283691e+00
7.023286743164062500e+02 1.907658576965332031e-01 4.898111343383789062e+00 -2.101516723632812500e-02 -4.049620628356933594e+00 3.696652412414550781e+00
6.244191894531250000e+02 1.437270641326904297e-01 4.575510025024414062e+00 -4.722614288330078125e-01 2.944335937500000000e-01 1.574384927749633789e+00
3.029089355468750000e+02 2.763760089874267578e-01 4.933012962341308594e+00 -1.055488586425781250e-01 -1.009773254394531250e+00 7.770985960960388184e-01
1.192602539062500000e+02 6.523549556732177734e-01 5.425569534301757812e+00 -1.016315460205078125e+00 -7.438735961914062500e-01 4.530295133590698242e-01
5.582791748046875000e+02 1.498517990112304688e-01 4.481711387634277344e+00 4.450016021728515625e-01 -1.019754409790039062e+00 4.914773702621459961e-01
5.439364013671875000e+02 -1.039824485778808594e-01 4.102883338928222656e+00 1.643924713134765625e-01 1.328701019287109375e+00 6.025319099426269531e-01
3.637691955566406250e+02 -1.603055000305175781e-02 3.917623043060302734e+00 -2.336883544921875000e-01 1.221923828125000000e-01 1.081629753112792969e+00
9.462640380859375000e+01 -1.489949226379394531e-01 3.704151391983032227e+00 8.768272399902343750e-02 -6.333522796630859375e-01 6.998775005340576172e-01
4.728890075683593750e+02 3.248562812805175781e-01 4.950595855712890625e+00 -2.158603668212890625e-01 -2.615192413330078125e+00 5.848973393440246582e-01
1.700218811035156250e+02 1.632254123687744141e-01 4.527180671691894531e+00 1.264190673828125000e-02 3.638267517089843750e-01 1.569033622741699219e+00
4.275778198242187500e+02 1.405689716339111328e-01 4.358257770538330078e+00 5.104064941406250000e-03 4.442119598388671875e-01 5.029629468917846680e-01
2.664309387207031250e+02 8.061606884002685547e-01 5.897976875305175781e+00 2.050830841064453125e+00 -1.598937988281250000e+00 1.854097843170166016e-02
4.204782104492187500e+02 2.001523971557617188e-03 4.191688060760498047e+00 6.077003479003906250e-02 1.223316192626953125e+00 1.492447853088378906e-01
5.406949462890625000e+02 -6.548547744750976562e-02 4.077134132385253906e+00 5.921936035156250000e-01 1.345100402832031250e+00 1.031749010086059570e+00
5.424292602539062500e+02 3.850808143615722656e-01 5.080772399902343750e+00 -7.478046417236328125e-01 -1.455904006958007812e+00 2.141276746988296509e-01
9.351451873779296875e+01 9.250040054321289062e-01 6.381536483764648438e+00 4.928188323974609375e-01 2.445096969604492188e+00 2.394241333007812500e+00
6.007573852539062500e+02 2.433655261993408203e-01 4.572878837585449219e+00 -3.423938751220703125e-01 -4.253654479980468750e-01 5.327352881431579590e-01
4.916214904785156250e+02 1.299881935119628906e-02 4.017605781555175781e+00 -1.129779815673828125e-01 -1.276918411254882812e+00 6.459034234285354614e-02
2.419181365966796875e+02 -1.495051383972167969e-02 4.098816394805908203e+00 9.232711791992187500e-02 -2.668190002441406250e-02 2.983240842819213867e+00
3.847857055664062500e+02 -4.876184463500976562e-02 4.225620746612548828e+00 -9.183692932128906250e-02 5.344581604003906250e-02 6.740100383758544922e-01
3.678225402832031250e+02 -8.593451976776123047e-02 4.183121204376220703e+00 2.809143066406250000e-02 -4.190521240234375000e-01 3.428437709808349609e-01
7.128394775390625000e+02 3.212122917175292969e-01 4.608208179473876953e+00 4.982910156250000000e-01 9.229278564453125000e-02 1.491234302520751953e+00
4.457806701660156250e+02 5.181477069854736328e-01 5.498703956604003906e+00 4.218788146972656250e-01 -3.616714477539062500e-01 2.325721830129623413e-01
4.533911743164062500e+02 1.414697170257568359e-01 4.753175735473632812e+00 4.812583923339843750e-01 -3.125915527343750000e-01 5.535020679235458374e-02
4.264811096191406250e+02 1.243915557861328125e-01 4.642079353332519531e+00 8.295059204101562500e-02 -4.158363342285156250e-01 4.680893421173095703e-01
5.114886093139648438e+01 -9.058642387390136719e-02 3.798083305358886719e+00 -2.181968688964843750e-01 -6.664390563964843750e-01 1.008827984333038330e-01
5.810032348632812500e+02 -5.393469333648681641e-02 4.452199459075927734e+00 -2.158241271972656250e-01 1.004039764404296875e+00 2.418488740921020508e+00
6.829077148437500000e+01 1.296060800552368164e+00 7.065449714660644531e+00 -1.665313720703125000e+00 -2.001422882080078125e+00 1.204599618911743164e+00
1.622064819335937500e+02 -2.947258949279785156e-02 3.837149143218994141e+00 -1.915779113769531250e-01 -4.443416595458984375e-01 1.841066598892211914e+00
4.420610351562500000e+02 -1.693512201309204102e-01 3.678531408309936523e+00 -3.307952880859375000e-01 4.404449462890625000e-01 6.092000603675842285e-01
4.198618469238281250e+02 2.109365463256835938e-01 4.746782779693603516e+00 -1.249160766601562500e-01 1.514232635498046875e+00 2.746439576148986816e-01
4.975565795898437500e+02 -1.680257320404052734e-01 3.869282960891723633e+00 3.061218261718750000e-01 2.321527481079101562e+00 2.259804487228393555e+00
6.814364624023437500e+02 -1.596643924713134766e-01 3.732102870941162109e+00 2.153930664062500000e-01 -1.996728897094726562e+00 2.308278799057006836e+00
4.101376953125000000e+02 -3.101778030395507812e-02 4.103932380676269531e+00 2.962493896484375000e-01 -7.848472595214843750e-01 5.956217646598815918e-01
5.702130737304687500e+02 1.702773571014404297e-01 4.714504241943359375e+00 5.967407226562500000e-01 -6.101036071777343750e-01 2.084064006805419922e+00
7.772643432617187500e+02 3.962063789367675781e-01 4.620964050292968750e+00 -4.152107238769531250e-02 -4.115657806396484375e-01 1.581502914428710938e+00
5.491431884765625000e+02 4.085111618041992188e-01 5.274344444274902344e+00 -3.210411071777343750e-01 1.606597900390625000e-01 8.500366210937500000e-01
4.401727600097656250e+02 3.567886352539062500e-02 4.397030830383300781e+00 -1.963272094726562500e-01 4.503803253173828125e-01 9.591931104660034180e-01
3.484362792968750000e+02 -1.360094547271728516e-01 4.012278079986572266e+00 -3.443698883056640625e-01 5.803184509277343750e-01 1.025525927543640137e+00
3.657471008300781250e+02 2.662962436676025391e+00 9.815607070922851562e+00 -1.025661373138427734e+01 -4.112358093261718750e-01 9.491118788719177246e-02
7.956090698242187500e+02 6.688933372497558594e-01 5.743991851806640625e+00 1.561965942382812500e-01 -5.333690643310546875e-01 2.010637223720550537e-01
1.579673309326171875e+02 -6.054258346557617188e-02 4.182803630828857422e+00 -1.628761291503906250e-01 -1.847284317016601562e+00 2.184700012207031250e+00
1.035441513061523438e+02 4.512023925781250000e-02 4.103299140930175781e+00 -2.548007965087890625e-01 -8.337097167968750000e-01 8.112580776214599609e-01
1.169118690490722656e+01 2.095942497253417969e-01 4.534725666046142578e+00 5.923271179199218750e-02 -2.045919418334960938e+00 1.793128490447998047e+00
3.690067749023437500e+02 9.822025299072265625e-01 6.345589160919189453e+00 4.141407012939453125e-01 -1.459655761718750000e-01 2.119181632995605469e+00
5.163082885742187500e+02 1.653010845184326172e-01 4.197428226470947266e+00 1.995258331298828125e-01 8.410987854003906250e-01 1.406302571296691895e+00
7.218187255859375000e+02 6.031293869018554688e-01 5.267592430114746094e+00 3.768692016601562500e-01 -2.792873382568359375e-01 8.745184540748596191e-01
1.678972625732421875e+02 1.422283649444580078e-01 4.563045501708984375e+00 -5.053672790527343750e-01 4.131698608398437500e-01 1.353907108306884766e+00
3.201825866699218750e+02 3.471863269805908203e-01 4.451593875885009766e+00 -5.565853118896484375e-01 -2.002349853515625000e+00 1.676590323448181152e+00
3.983144531250000000e+02 1.458745002746582031e-01 4.634592533111572266e+00 -8.591537475585937500e-01 -1.405071258544921875e+00 6.898169517517089844e-01
3.485251464843750000e+02 3.299617767333984375e-02 4.273344039916992188e+00 -1.618289947509765625e-01 8.251934051513671875e-01 8.918452262878417969e-01
3.654877624511718750e+02 4.390239715576171875e-01 5.242318153381347656e+00 -8.301696777343750000e-01 -1.193935394287109375e+00 2.604547739028930664e-01
6.947656860351562500e+02 1.563420295715332031e-01 4.217159271240234375e+00 -6.525573730468750000e-01 -2.542690277099609375e+00 1.907765746116638184e+00
6.637068481445312500e+02 1.590871810913085938e-01 4.908428192138671875e+00 -9.268398284912109375e-01 -7.073364257812500000e-01 1.829525113105773926e+00
4.277316894531250000e+02 -4.525542259216308594e-03 4.424781322479248047e+00 1.040000915527343750e-01 1.583240509033203125e+00 1.262925744056701660e+00
3.964379882812500000e+02 3.239064216613769531e-01 4.989624977111816406e+00 -3.287773132324218750e-01 -1.604087829589843750e+00 4.181120991706848145e-01
3.263483581542968750e+02 2.237534523010253906e-01 4.615038871765136719e+00 3.697662353515625000e-01 -3.740785598754882812e+00 1.025357365608215332e+00
6.724514770507812500e+02 3.131461143493652344e-02 4.396114349365234375e+00 1.291616439819335938e+00 2.568695068359375000e+00 1.513925671577453613e+00
3.897887573242187500e+02 4.849314689636230469e-02 4.152575016021728516e+00 -1.431980133056640625e-01 7.039623260498046875e-01 3.457562327384948730e-01
5.186253662109375000e+02 3.108701705932617188e+00 1.059140968322753906e+01 1.557091522216796875e+01 7.317131042480468750e+00 4.553747177124023438e-01
4.794732666015625000e+02 -4.854083061218261719e-02 3.887578010559082031e+00 -9.752464294433593750e-02 -9.235172271728515625e-01 1.894769906997680664e+00
4.237155456542968750e+02 1.154236793518066406e-01 4.501981735229492188e+00 -8.310317993164062500e-03 3.111801147460937500e-01 1.450545787811279297e+00
3.005904541015625000e+02 2.726554870605468750e-02 4.236638069152832031e+00 -2.487411499023437500e-01 -3.638114929199218750e-01 3.016288518905639648e+00
4.701474609375000000e+02 -3.550612926483154297e-02 4.018016338348388672e+00 -7.358741760253906250e-02 1.507453918457031250e-01 8.644997477531433105e-01
4.743217468261718750e+02 3.837742805480957031e-01 4.614166259765625000e+00 -1.537647247314453125e-01 6.047248840332031250e-02 1.810610175132751465e+00
3.550138854980468750e+02 3.384189605712890625e-01 4.833625793457031250e+00 7.949485778808593750e-01 1.297519683837890625e+00 1.538902759552001953e+00
5.693982543945312500e+02 2.691745758056640625e-01 4.948168754577636719e+00 -4.552650451660156250e-02 1.786329269409179688e+00 1.188937306404113770e+00
1.818843688964843750e+02 9.364080429077148438e-02 4.555874347686767578e+00 3.143978118896484375e-01 4.094068527221679688e+00 3.615204095840454102e+00
3.169093017578125000e+02 -1.534888744354248047e-01 3.829059839248657227e+00 3.073139190673828125e-01 1.759334564208984375e+00 3.169588744640350342e-01
5.055255432128906250e+02 1.525988578796386719e-01 4.573921203613281250e+00 2.075843811035156250e-01 -1.149602890014648438e+00 2.256945520639419556e-01
6.250879516601562500e+02 1.399722099304199219e-01 4.510251045227050781e+00 -1.858558654785156250e-01 -1.020769119262695312e+00 2.523491859436035156e+00
7.420080184936523438e+00 8.357164859771728516e-01 6.108121395111083984e+00 3.995246887207031250e-01 1.337566375732421875e+00 2.601315021514892578e+00
4.496276855468750000e+02 -3.370952606201171875e-02 4.026220798492431641e+00 -1.229934692382812500e-01 -5.003337860107421875e-01 6.692917346954345703e-01
4.197654724121093750e+02 -1.010656356811523438e-01 3.914251804351806641e+00 -4.038238525390625000e-02 -7.756538391113281250e-01 9.597272425889968872e-02
5.164069213867187500e+02 -4.067301750183105469e-02 4.398668289184570312e+00 1.007823944091796875e-01 -9.699745178222656250e-01 9.928483366966247559e-01
3.056300354003906250e+02 -3.610622882843017578e-02 4.023758888244628906e+00 -3.441143035888671875e-01 -2.654018402099609375e+00 2.376304149627685547e+00
4.010011291503906250e+02 1.722946166992187500e-01 4.514157772064208984e+00 2.428894042968750000e-01 -2.125339508056640625e-01 1.818049512803554535e-02
9.390915679931640625e+01 1.725344181060791016e+00 7.801091194152832031e+00 -1.111045837402343750e+00 -2.057155609130859375e+00 3.206155449151992798e-02
3.322929687500000000e+02 -6.271910667419433594e-02 3.873085975646972656e+00 -1.057052612304687500e-02 -2.771759033203125000e-02 4.706481099128723145e-01
3.087488708496093750e+02 9.617304801940917969e-01 6.228600978851318359e+00 -6.352386474609375000e-01 1.466247558593750000e+00 4.400843083858489990e-01
3.922139282226562500e+02 -4.442119598388671875e-02 4.134033679962158203e+00 2.424812316894531250e-01 1.178672790527343750e+00 5.978412553668022156e-02
2.573229980468750000e+02 4.816689491271972656e-01 5.031082153320312500e+00 2.160377502441406250e-01 -8.505821228027343750e-01 1.012222647666931152e+00
1.349354400634765625e+02 3.291375637054443359e-01 4.752224445343017578e+00 2.621841430664062500e-02 -1.592287063598632812e+00 1.048157095909118652e+00
2.340847778320312500e+02 3.931787490844726562e+00 1.223149967193603516e+01 7.640289306640625000e+00 1.311287689208984375e+01 1.786998748779296875e+00
3.128033752441406250e+02 3.638751506805419922e-01 4.967783927917480469e+00 1.981163024902343750e-01 -1.335735321044921875e-01 1.054417133331298828e+00
4.522024536132812500e+02 4.795529842376708984e-01 5.358109474182128906e+00 9.498214721679687500e-02 1.529273986816406250e-01 3.377880528569221497e-02
6.027561645507812500e+02 -2.418735027313232422e-01 3.389153957366943359e+00 1.202392578125000000e-02 -8.365001678466796875e-01 2.990525245666503906e+00
7.035817871093750000e+02 9.027290344238281250e-02 4.471634864807128906e+00 -3.844451904296875000e-02 -2.297698974609375000e+00 2.172595500946044922e+00
6.699956665039062500e+02 -2.004519701004028320e-01 3.844644069671630859e+00 -1.535129547119140625e-01 -1.705072402954101562e+00 2.412475347518920898e+00
7.173994750976562500e+02 3.790705204010009766e-01 5.021349906921386719e+00 5.870895385742187500e-01 -9.109306335449218750e-02 2.303551673889160156e+00
2.903427429199218750e+02 7.149915695190429688e-01 5.573885917663574219e+00 -1.149841308593750000e+00 -3.436656951904296875e+00 2.355608701705932617e+00
2.537307739257812500e+02 -5.365252494812011719e-03 3.936043739318847656e+00 -2.801361083984375000e-01 -1.074195861816406250e+00 3.470033168792724609e+00
4.222346801757812500e+02 -5.894279479980468750e-02 4.278145790100097656e+00 -1.476497650146484375e-01 1.562635421752929688e+00 1.555206775665283203e-01
6.884295654296875000e+02 1.990189552307128906e-01 4.696264266967773438e+00 3.202323913574218750e-01 8.806228637695312500e-02 2.579639196395874023e+00
5.989940795898437500e+02 2.445821762084960938e-01 4.725380897521972656e+00 3.208370208740234375e-01 -3.945154190063476562e+00 2.455717086791992188e+00
6.397720336914062500e+02 4.327058792114257812e-03 3.981376171112060547e+00 7.768249511718750000e-02 -2.218692779541015625e+00 1.787935614585876465e+00
1.873150634765625000e+02 6.906905174255371094e-01 5.898419380187988281e+00 -4.241180419921875000e-02 -5.263061523437500000e-01 1.853984713554382324e+00
4.768546447753906250e+02 1.851644515991210938e-01 4.502491950988769531e+00 -4.891548156738281250e-01 6.560306549072265625e-01 4.132933020591735840e-01
8.839077758789062500e+01 1.065492630004882812e-02 3.979364633560180664e+00 -1.547813415527343750e-01 1.963464736938476562e+00 1.147712945938110352e+00
4.583392028808593750e+02 2.655949592590332031e-01 4.645835876464843750e+00 9.475708007812500000e-03 -1.109752655029296875e-01 9.278228878974914551e-01
4.555008850097656250e+02 3.117599487304687500e-01 4.798154830932617188e+00 -5.661201477050781250e-02 8.902053833007812500e-01 4.786918163299560547e-01
4.184116210937500000e+02 1.614875793457031250e-01 4.686113357543945312e+00 -3.527736663818359375e-01 -8.832359313964843750e-02 3.019507043063640594e-02
4.662583007812500000e+02 6.052978038787841797e-01 5.050531387329101562e+00 1.052820205688476562e+00 -8.647594451904296875e-01 5.079855918884277344e-01
2.381444702148437500e+02 4.467029571533203125e-01 5.274599075317382812e+00 2.143497467041015625e-01 1.127609252929687500e+00 1.137226462364196777e+00
4.824830627441406250e+02 9.159636497497558594e-02 4.304847717285156250e+00 1.292800903320312500e-02 -7.305412292480468750e-01 4.298256337642669678e-01
4.946524963378906250e+02 3.213756084442138672e-01 4.885517597198486328e+00 -2.090663909912109375e-01 -1.331386566162109375e+00 6.277228593826293945e-01
3.461219787597656250e+02 4.425334930419921875e-02 4.438896656036376953e+00 3.641147613525390625e-01 8.459358215332031250e-01 7.608720660209655762e-01
7.878228759765625000e+01 4.263482093811035156e-01 5.227561473846435547e+00 8.280754089355468750e-02 1.119899749755859375e+00 1.143273949623107910e+00
3.313181762695312500e+02 1.551818847656250000e-02 4.096669197082519531e+00 3.851490020751953125e-01 -4.530448913574218750e-01 6.010770797729492188e-01
3.322341918945312500e+02 2.968933582305908203e-01 4.306168556213378906e+00 1.753635406494140625e-01 1.025751113891601562e+00 6.083914637565612793e-01
4.514868774414062500e+02 -9.805417060852050781e-02 3.993604183197021484e+00 1.757335662841796875e-01 -4.629917144775390625e-01 5.768960714340209961e-02
3.845260009765625000e+02 8.032083511352539062e-02 4.387960433959960938e+00 -1.351814270019531250e-01 1.149501800537109375e+00 6.856722384691238403e-02
5.154350585937500000e+02 1.206721782684326172e+00 6.710806846618652344e+00 2.129762649536132812e+00 1.964532852172851562e+00 7.662843465805053711e-01
5.814887695312500000e+02 1.625680923461914062e-02 4.208366870880126953e+00 -1.837100982666015625e-01 2.178668975830078125e-01 1.693699955940246582e+00
6.383961181640625000e+02 -1.096792221069335938e-01 4.347462177276611328e+00 1.604461669921875000e-01 -1.015407562255859375e+00 2.544193029403686523e+00
7.144514770507812500e+02 3.738660812377929688e-01 4.921441078186035156e+00 5.556221008300781250e-01 -2.178104400634765625e+00 2.006212949752807617e+00
3.900314941406250000e+02 3.307070732116699219e-01 4.962777137756347656e+00 -5.320720672607421875e-01 -3.527641296386718750e-02 8.077596127986907959e-02
5.438111572265625000e+02 6.081585884094238281e-01 5.387831211090087891e+00 3.139610290527343750e-01 4.639129638671875000e-01 1.114108920097351074e+00
3.744252319335937500e+02 7.164537906646728516e-01 5.516196250915527344e+00 1.575315475463867188e+00 2.384263992309570312e+00 2.169441699981689453e+00
4.459723815917968750e+02 -9.981489181518554688e-02 4.183998107910156250e+00 -2.538757324218750000e-01 -1.651185989379882812e+00 3.236550390720367432e-01
6.706005859375000000e+02 3.545339107513427734e-01 4.838772773742675781e+00 -4.710540771484375000e-01 -4.003372192382812500e-01 8.242917656898498535e-01
4.217383728027343750e+02 4.130332469940185547e-01 5.187211990356445312e+00 -3.022804260253906250e-01 -2.670150756835937500e+00 1.651715040206909180e+00
2.734590454101562500e+02 1.759877204895019531e-01 4.723431110382080078e+00 -5.658569335937500000e-01 -4.701843261718750000e-01 4.781011939048767090e-01
4.161648864746093750e+02 3.373899459838867188e-01 5.143633842468261719e+00 7.969741821289062500e-01 2.895641326904296875e-01 9.535682797431945801e-01
2.391572418212890625e+02 5.028643608093261719e-01 5.246166706085205078e+00 3.535308837890625000e-01 -2.516784667968750000e-01 1.607657670974731445e+00
6.039442138671875000e+02 1.345608234405517578e-01 4.296275138854980469e+00 5.881080627441406250e-01 1.945419311523437500e+00 1.131161570549011230e+00
3.335841064453125000e+02 -9.783279895782470703e-02 3.898412466049194336e+00 -1.362018585205078125e-01 -1.411243438720703125e+00 6.807518750429153442e-02
3.300429687500000000e+02 3.882040977478027344e-01 5.294973373413085938e+00 -6.833496093750000000e-01 -1.943279266357421875e+00 1.434547901153564453e+00
5.639330444335937500e+02 3.105506896972656250e+00 1.047430229187011719e+01 9.079158782958984375e+00 9.952718734741210938e+00 1.198558926582336426e+00
5.676315917968750000e+02 2.492961883544921875e-01 4.995543956756591797e+00 7.679462432861328125e-01 2.132415771484375000e-02 3.230814635753631592e-02
4.333185729980468750e+02 2.224500179290771484e-01 4.587816238403320312e+00 5.444717407226562500e-02 -2.023275375366210938e+00 7.488879561424255371e-01
2.064474334716796875e+02 3.094396591186523438e-01 4.892998218536376953e+00 3.753490447998046875e-01 -1.411216735839843750e+00 1.176879882812500000e+00
6.193649902343750000e+02 2.062211036682128906e-01 4.592262268066406250e+00 1.271781921386718750e-01 -6.692733764648437500e-01 9.283935427665710449e-01
5.314342498779296875e+01 6.716134548187255859e-01 5.415652751922607422e+00 1.405984878540039062e+00 2.211759567260742188e+00 2.157044410705566406e+00
4.651409301757812500e+02 -1.150250434875488281e-03 4.165092468261718750e+00 1.462821960449218750e-01 1.839847564697265625e-01 1.911240667104721069e-01
2.527320556640625000e+02 -4.656076431274414062e-03 4.322374820709228516e+00 6.708068847656250000e-01 1.991559982299804688e+00 3.873437881469726562e+00
5.240419921875000000e+02 -1.162948608398437500e-01 3.965190410614013672e+00 8.363533020019531250e-02 1.314180374145507812e+00 2.012436866760253906e+00
2.650123901367187500e+02 -2.325105667114257812e-02 4.140466690063476562e+00 -8.691787719726562500e-02 -6.039218902587890625e-01 3.400910139083862305e+00
8.478438568115234375e+01 2.725031375885009766e-01 4.645323753356933594e+00 2.465476989746093750e-01 3.288726806640625000e-01 7.292023301124572754e-01
5.492734985351562500e+02 2.072353363037109375e-01 4.735566616058349609e+00 -4.298324584960937500e-01 -1.766021728515625000e+00 2.802821397781372070e-01
4.250065917968750000e+02 4.595136642456054688e-02 4.445834159851074219e+00 2.387771606445312500e-01 -2.228584289550781250e-01 2.454356998205184937e-01
3.935641174316406250e+02 4.464755058288574219e-01 5.325688838958740234e+00 -2.597961425781250000e-01 5.915164947509765625e-01 1.422633081674575806e-01
4.452557983398437500e+02 1.496166467666625977e+00 7.224431991577148438e+00 -2.304458618164062500e+00 2.594568252563476562e+00 1.290983259677886963e-01
3.654813766479492188e+01 -1.176581382751464844e-01 3.937594890594482422e+00 1.263256072998046875e-01 -6.846256256103515625e-01 4.055881023406982422e+00
3.414602661132812500e+02 3.949141502380371094e-01 4.804094314575195312e+00 1.626701354980468750e-01 1.045986175537109375e+00 1.501240491867065430e+00
7.832446289062500000e+01 3.768105506896972656e-01 5.240485191345214844e+00 7.640171051025390625e-01 4.086902618408203125e+00 2.002923011779785156e+00
4.069668884277343750e+02 1.983602046966552734e-01 4.394126892089843750e+00 -2.828903198242187500e-01 -3.011703491210937500e-01 1.673136502504348755e-01
7.504424438476562500e+02 5.605611801147460938e-01 5.496057510375976562e+00 -1.717197418212890625e+00 -4.492208480834960938e+00 1.806158542633056641e+00
5.361171875000000000e+02 3.750460147857666016e-01 5.257278442382812500e+00 -1.426658630371093750e-01 -7.264041900634765625e-01 4.322343468666076660e-01
5.997902221679687500e+02 3.029980659484863281e-01 4.702657222747802734e+00 2.135581970214843750e-01 4.147300720214843750e-01 8.016559481620788574e-01
4.430129394531250000e+02 3.114647865295410156e-01 4.962080001831054688e+00 3.410148620605468750e-02 -6.695842742919921875e-01 2.913370728492736816e-01
3.713282470703125000e+02 -8.851671218872070312e-02 4.080670356750488281e+00 -4.892387390136718750e-01 4.534225463867187500e-01 2.969565987586975098e-01
1.441114044189453125e+02 2.203569412231445312e-01 4.916594505310058594e+00 -4.893112182617187500e-02 -1.600456237792968750e-02 2.339834451675415039e+00
1.214197158813476562e+02 5.780243873596191406e-01 5.497446060180664062e+00 -1.053047180175781250e-01 7.345352172851562500e-01 1.784419059753417969e+00
3.541717834472656250e+02 3.260545730590820312e-01 4.636168479919433594e+00 1.042652130126953125e+00 -4.167976379394531250e-01 3.131140470504760742e-01
3.948189697265625000e+02 1.865925788879394531e-01 4.714474678039550781e+00 -2.022743225097656250e-02 1.570909500122070312e+00 1.525938212871551514e-01
2.763657226562500000e+02 4.360795021057128906e-02 4.506453037261962891e+00 2.758197784423828125e-01 1.037208557128906250e+00 1.825174689292907715e+00
3.416898498535156250e+02 -2.944302558898925781e-02 3.987318038940429688e+00 1.785373687744140625e-01 1.509029388427734375e+00 3.275754302740097046e-02
4.916819381713867188e+01 3.148088455200195312e-01 4.742606639862060547e+00 2.251853942871093750e-01 -8.225402832031250000e-01 6.419290304183959961e-01
4.463645935058593750e+02 1.619901657104492188e-01 4.764250755310058594e+00 -2.211494445800781250e-01 3.668022155761718750e-02 3.941403031349182129e-01
1.326116180419921875e+02 4.370863437652587891e-01 5.140714645385742188e+00 3.587532043457031250e-02 -1.094532012939453125e-01 1.190293878316879272e-01
3.538028259277343750e+02 2.583265304565429688e-01 4.492864608764648438e+00 -4.616279602050781250e-01 -8.498668670654296875e-01 4.949503540992736816e-01
5.431283569335937500e+02 4.991674423217773438e-02 4.439659595489501953e+00 -1.295471191406250000e-01 1.953220367431640625e-01 1.682964444160461426e+00
6.755257568359375000e+02 3.937306404113769531e-01 5.042588233947753906e+00 -5.664978027343750000e-01 1.180458068847656250e-02 7.918058633804321289e-01
4.165513610839843750e+02 4.148154258728027344e-01 4.775277137756347656e+00 5.056400299072265625e-01 2.819803237915039062e+00 9.269150495529174805e-01
3.702553405761718750e+02 1.933481693267822266e-01 4.612881660461425781e+00 3.935432434082031250e-01 8.991146087646484375e-01 3.098276555538177490e-01
4.369606933593750000e+02 1.998999118804931641e-01 4.484377861022949219e+00 -2.273674011230468750e-01 6.163291931152343750e-01 2.553683519363403320e-01
5.327042846679687500e+02 2.817411422729492188e-01 4.897761344909667969e+00 5.991744995117187500e-02 -5.166854858398437500e-01 7.663781046867370605e-01
3.810623779296875000e+02 7.244825363159179688e-03 4.093193531036376953e+00 1.069869995117187500e-01 5.513210296630859375e-01 9.821579605340957642e-02
4.722267150878906250e+02 1.981372833251953125e-01 4.792800426483154297e+00 4.034042358398437500e-02 -7.308731079101562500e-01 3.468011319637298584e-01
3.738592529296875000e+02 4.520647525787353516e-01 5.072611808776855469e+00 1.569213867187500000e-01 -1.098747253417968750e-01 1.007389426231384277e-01
6.165059204101562500e+02 8.710098266601562500e-02 4.229589939117431641e+00 1.913070678710937500e-01 1.524662017822265625e+00 2.328330039978027344e+00
6.794783325195312500e+02 6.281685829162597656e-02 4.386635780334472656e+00 6.648063659667968750e-01 1.385356903076171875e+00 1.211300492286682129e+00
5.180549316406250000e+02 5.158758163452148438e-02 4.426067352294921875e+00 2.955150604248046875e-01 -7.937812805175781250e-02 8.727721869945526123e-02
4.039659423828125000e+02 1.107091903686523438e-01 4.567916870117187500e+00 3.465423583984375000e-01 1.346538543701171875e+00 5.940531492233276367e-01
3.580527038574218750e+02 -1.506924629211425781e-02 3.948460817337036133e+00 2.732810974121093750e-01 3.507080078125000000e-01 7.910294532775878906e-01
2.083976440429687500e+02 -9.368705749511718750e-02 4.135585784912109375e+00 2.464332580566406250e-01 -1.226692199707031250e-01 1.238095998764038086e+00
6.894605102539062500e+02 1.856626987457275391e+00 8.181673049926757812e+00 -7.488136291503906250e-01 7.473526000976562500e-01 7.606283426284790039e-01
4.780906677246093750e+02 -1.683187484741210938e-02 4.362932205200195312e+00 9.324264526367187500e-02 -2.950313568115234375e+00 1.424821853637695312e+00
3.776968994140625000e+02 1.172425746917724609e-01 4.495874404907226562e+00 3.589172363281250000e-01 1.943510055541992188e+00 3.638164699077606201e-01
2.139671897888183594e+01 -3.153681755065917969e-02 4.226131439208984375e+00 -6.519126892089843750e-02 2.342720031738281250e-01 3.182213008403778076e-01
