0.000000000000000000e+00 -5.368436500430107117e-02 2.729823589324951172e-01 0.000000000000000000e+00
9.882812500000000000e-01 -4.706247448921203613e-01 2.439445108175277710e-01 0.000000000000000000e+00
2.910156250000000000e+00 -4.847206771373748779e-01 2.611081898212432861e-01 0.000000000000000000e+00
2.191015625000000000e+01 -4.373312592506408691e-01 2.448313683271408081e-01 0.000000000000000000e+00
2.503125000000000000e+01 -2.435941994190216064e-01 3.011806607246398926e-01 0.000000000000000000e+00
2.892187500000000000e+01 -6.884098052978515625e-02 2.556984424591064453e-01 0.000000000000000000e+00
3.501953125000000000e+01 6.716680526733398438e-01 2.772008180618286133e-01 0.000000000000000000e+00
5.391796875000000000e+01 7.658630609512329102e-01 2.737999558448791504e-01 0.000000000000000000e+00
6.394531250000000000e+01 4.885300993919372559e-01 2.853799760341644287e-01 0.000000000000000000e+00
7.288671875000000000e+01 -1.491914037615060806e-02 3.129787743091583252e-01 0.000000000000000000e+00
8.288281250000000000e+01 1.063525557518005371e+00 2.952006757259368896e-01 0.000000000000000000e+00
2.962148437500000000e+02 2.077591657638549805e+00 2.066288888454437256e-02 0.000000000000000000e+00
3.011562500000000000e+02 1.784166097640991211e+00 2.771008061245083809e-03 0.000000000000000000e+00
3.050429687500000000e+02 1.088531255722045898e+00 5.494320020079612732e-02 0.000000000000000000e+00
3.091250000000000000e+02 2.770000934600830078e+00 1.265616863965988159e-01 0.000000000000000000e+00
3.210898437500000000e+02 2.030459642410278320e+00 1.637486927211284637e-02 0.000000000000000000e+00
3.250429687500000000e+02 2.125054359436035156e+00 1.164586320519447327e-01 0.000000000000000000e+00
3.270937500000000000e+02 1.842297077178955078e+00 3.900830820202827454e-02 0.000000000000000000e+00
3.329687500000000000e+02 1.825492024421691895e+00 4.880686849355697632e-02 0.000000000000000000e+00
3.369570312500000000e+02 1.600842118263244629e+00 2.237720936536788940e-01 0.000000000000000000e+00
3.489101562500000000e+02 2.225209712982177734e+00 2.698581814765930176e-01 0.000000000000000000e+00
3.500117187500000000e+02 1.951193571090698242e+00 2.231706976890563965e-01 0.000000000000000000e+00
3.598945312500000000e+02 2.734785795211791992e+00 8.993296325206756592e-02 0.000000000000000000e+00
3.728554687500000000e+02 2.810303688049316406e+00 3.065532147884368896e-01 0.000000000000000000e+00
3.758632812500000000e+02 1.168351292610168457e+00 2.155864238739013672e-02 0.000000000000000000e+00
3.848828125000000000e+02 1.250645041465759277e+00 6.356275081634521484e-02 0.000000000000000000e+00
3.928867187500000000e+02 1.760137915611267090e+00 2.326165884733200073e-02 0.000000000000000000e+00
3.999453125000000000e+02 5.658456325531005859e+00 1.546962857246398926e-01 0.000000000000000000e+00
4.059765625000000000e+02 1.097377061843872070e+00 7.667468488216400146e-02 0.000000000000000000e+00
4.109023437500000000e+02 2.572697639465332031e+00 7.319110631942749023e-02 0.000000000000000000e+00
4.179492187500000000e+02 1.717404961585998535e+00 1.562584042549133301e-01 0.000000000000000000e+00
4.249609375000000000e+02 7.369350790977478027e-01 3.425468876957893372e-02 0.000000000000000000e+00
4.338750000000000000e+02 1.317168712615966797e+00 9.674754738807678223e-02 0.000000000000000000e+00
4.408867187500000000e+02 1.702339410781860352e+00 1.338368207216262817e-01 0.000000000000000000e+00
4.488906250000000000e+02 1.992329597473144531e+00 2.256873697042465210e-01 0.000000000000000000e+00
4.558632812500000000e+02 3.895439147949218750e+00 8.055320382118225098e-02 0.000000000000000000e+00
6.480898437500000000e+02 1.263884067535400391e+00 1.710957102477550507e-02 0.000000000000000000e+00
6.610546875000000000e+02 1.180778980255126953e+00 2.201606146991252899e-02 0.000000000000000000e+00
6.730234375000000000e+02 9.043701887130737305e-01 5.593694373965263367e-02 0.000000000000000000e+00
6.820000000000000000e+02 1.048721194267272949e+00 3.967205062508583069e-02 0.000000000000000000e+00
6.890898437500000000e+02 7.584677934646606445e-01 1.764806103892624378e-03 0.000000000000000000e+00
6.941796875000000000e+02 1.362630605697631836e+00 1.720071956515312195e-02 0.000000000000000000e+00
7.009492187500000000e+02 1.268621683120727539e+00 7.482607848942279816e-03 0.000000000000000000e+00
7.069296875000000000e+02 1.083405852317810059e+00 3.724016547203063965e-01 0.000000000000000000e+00
7.139140625000000000e+02 7.531602978706359863e-01 3.655880317091941833e-02 0.000000000000000000e+00
7.171289062500000000e+02 5.953941941261291504e-01 1.687203645706176758e-01 0.000000000000000000e+00
7.180312500000000000e+02 2.333607673645019531e+00 1.301229894161224365e-01 0.000000000000000000e+00
7.308671875000000000e+02 9.429909586906433105e-01 1.504258438944816589e-02 0.000000000000000000e+00
7.378828125000000000e+02 1.279927253723144531e+00 7.806677371263504028e-02 0.000000000000000000e+00
7.448906250000000000e+02 1.847018837928771973e+00 9.514207392930984497e-02 0.000000000000000000e+00
7.588671875000000000e+02 1.101326942443847656e+00 2.088124491274356842e-02 0.000000000000000000e+00
7.628671875000000000e+02 1.391366600990295410e+00 7.311745733022689819e-02 0.000000000000000000e+00
7.698710937500000000e+02 2.943277835845947266e+00 1.743033975362777710e-01 0.000000000000000000e+00
7.718750000000000000e+02 9.498182535171508789e-01 2.001014724373817444e-02 0.000000000000000000e+00
7.759179687500000000e+02 1.992572903633117676e+00 3.526490181684494019e-02 0.000000000000000000e+00
7.829179687500000000e+02 3.405102193355560303e-01 2.481813579797744751e-01 0.000000000000000000e+00
7.949218750000000000e+02 1.370039701461791992e+00 1.245262399315834045e-01 0.000000000000000000e+00
8.018906250000000000e+02 2.861922025680541992e+00 8.837934583425521851e-02 0.000000000000000000e+00
8.088828125000000000e+02 1.689375400543212891e+00 1.268097478896379471e-02 0.000000000000000000e+00
1.006250000000000000e+03 3.417163848876953125e+00 8.065717294812202454e-03 0.000000000000000000e+00
1.010097656250000000e+03 -1.202939033508300781e+00 1.295226216316223145e-01 0.000000000000000000e+00
1.015085937500000000e+03 2.068415433168411255e-01 2.469011545181274414e-01 0.000000000000000000e+00
1.034199218750000000e+03 1.335182934999465942e-01 2.680955640971660614e-02 0.000000000000000000e+00
1.036035156250000000e+03 9.954484105110168457e-01 1.047912836074829102e-01 0.000000000000000000e+00
1.044042968750000000e+03 1.122901320457458496e+00 1.035643294453620911e-01 0.000000000000000000e+00
1.054992187500000000e+03 -2.085454940795898438e+00 4.238823354244232178e-01 0.000000000000000000e+00
1.059113281250000000e+03 1.374761462211608887e-01 1.937271058559417725e-01 0.000000000000000000e+00
1.063109375000000000e+03 3.516891896724700928e-01 3.466011956334114075e-02 0.000000000000000000e+00
1.068937500000000000e+03 -1.918056458234786987e-01 1.065095067024230957e-01 0.000000000000000000e+00
1.073011718750000000e+03 -1.422819733619689941e+00 6.268832087516784668e-02 0.000000000000000000e+00
1.077109375000000000e+03 -5.029327273368835449e-01 1.489903777837753296e-01 0.000000000000000000e+00
1.082902343750000000e+03 7.527130842208862305e-01 2.116253226995468140e-01 0.000000000000000000e+00
1.086890625000000000e+03 3.413235545158386230e-01 1.281608492136001587e-01 0.000000000000000000e+00
1.096863281250000000e+03 -2.240601927042007446e-01 1.659441888332366943e-01 0.000000000000000000e+00
1.102046875000000000e+03 1.002168878912925720e-01 6.838016211986541748e-03 0.000000000000000000e+00
1.112988281250000000e+03 3.624149858951568604e-01 1.154489070177078247e-01 0.000000000000000000e+00
1.122882812500000000e+03 -4.635758101940155029e-01 2.280524820089340210e-01 0.000000000000000000e+00
1.129878906250000000e+03 -8.613364100456237793e-01 5.441649630665779114e-02 0.000000000000000000e+00
1.145875000000000000e+03 1.131709516048431396e-01 1.278057880699634552e-02 0.000000000000000000e+00
1.152925781250000000e+03 -7.649903297424316406e-01 1.017221133224666119e-03 0.000000000000000000e+00
1.184882812500000000e+03 -7.290925979614257812e-01 8.233976364135742188e-02 0.000000000000000000e+00
1.373242187500000000e+03 -2.224163055419921875e+00 8.864440023899078369e-02 0.000000000000000000e+00
1.383214843750000000e+03 -2.351598024368286133e+00 1.198995858430862427e-01 0.000000000000000000e+00
1.387074218750000000e+03 -1.929667830467224121e+00 2.166607230901718140e-01 0.000000000000000000e+00
1.391175781250000000e+03 -2.021738290786743164e+00 7.338923215866088867e-02 0.000000000000000000e+00
1.395062500000000000e+03 -1.494229316711425781e+00 1.565530002117156982e-01 0.000000000000000000e+00
1.400152343750000000e+03 -2.228287935256958008e+00 7.538890838623046875e-02 0.000000000000000000e+00
1.411000000000000000e+03 -1.897414207458496094e+00 1.475307345390319824e-01 0.000000000000000000e+00
1.415054687500000000e+03 -1.516452670097351074e+00 3.416933491826057434e-02 0.000000000000000000e+00
1.420152343750000000e+03 -2.202261209487915039e+00 4.567148908972740173e-02 0.000000000000000000e+00
1.422078125000000000e+03 -2.318968534469604492e+00 9.308258444070816040e-02 0.000000000000000000e+00
1.426929687500000000e+03 -2.167911052703857422e+00 2.634250819683074951e-01 0.000000000000000000e+00
1.428925781250000000e+03 -4.340669155120849609e+00 5.577991008758544922e-01 0.000000000000000000e+00
1.439023437500000000e+03 -1.335358977317810059e+00 2.221986055374145508e-01 0.000000000000000000e+00
1.443976562500000000e+03 -9.647631645202636719e-01 1.359627842903137207e-01 0.000000000000000000e+00
1.444910156250000000e+03 -3.330298662185668945e-01 2.301272302865982056e-01 0.000000000000000000e+00
1.451890625000000000e+03 -7.572883367538452148e-01 1.590487360954284668e-01 0.000000000000000000e+00
1.458886718750000000e+03 -3.633354902267456055e+00 2.618604004383087158e-01 0.000000000000000000e+00
1.466851562500000000e+03 -1.865953207015991211e+00 1.627206355333328247e-01 0.000000000000000000e+00
1.472003906250000000e+03 -1.170225381851196289e+00 4.767104238271713257e-02 0.000000000000000000e+00
1.475886718750000000e+03 -1.273877620697021484e+00 1.224511191248893738e-01 0.000000000000000000e+00
1.479882812500000000e+03 -1.275290608406066895e+00 1.083818152546882629e-01 0.000000000000000000e+00
1.485863281250000000e+03 -1.785195112228393555e+00 1.709717214107513428e-01 0.000000000000000000e+00
1.496933593750000000e+03 -3.259778738021850586e+00 9.933000802993774414e-02 0.000000000000000000e+00
1.501878906250000000e+03 -6.854196190834045410e-01 1.018834039568901062e-01 0.000000000000000000e+00
1.507875000000000000e+03 -3.643285930156707764e-01 1.179865524172782898e-01 0.000000000000000000e+00
1.513882812500000000e+03 -1.021324843168258667e-02 1.171507239341735840e-01 0.000000000000000000e+00
1.530894531250000000e+03 -7.258036136627197266e-01 4.192868992686271667e-02 0.000000000000000000e+00
1.538882812500000000e+03 -2.394107431173324585e-01 1.241317763924598694e-02 0.000000000000000000e+00
1.744121093750000000e+03 1.461436510086059570e+00 2.154644392430782318e-02 0.000000000000000000e+00
1.748218750000000000e+03 1.990010216832160950e-02 5.782305076718330383e-02 0.000000000000000000e+00
1.752164062500000000e+03 1.424927234649658203e+00 4.170974250882863998e-03 0.000000000000000000e+00
1.753070312500000000e+03 2.866319119930267334e-01 6.969763040542602539e-01 0.000000000000000000e+00
1.766214843750000000e+03 5.124058723449707031e-01 1.182178184390068054e-01 0.000000000000000000e+00
1.773007812500000000e+03 1.000288844108581543e+00 1.085869297385215759e-01 0.000000000000000000e+00
1.777000000000000000e+03 1.758228302001953125e+00 1.294635534286499023e-01 0.000000000000000000e+00
1.793953125000000000e+03 1.119675636291503906e+00 1.527836918830871582e-01 0.000000000000000000e+00
1.797957031250000000e+03 1.175168752670288086e+00 9.683831781148910522e-02 0.000000000000000000e+00
1.802144531250000000e+03 1.610980153083801270e+00 5.294589325785636902e-03 0.000000000000000000e+00
1.809910156250000000e+03 2.001009225845336914e+00 1.335547864437103271e-01 0.000000000000000000e+00
1.814898437500000000e+03 1.869711130857467651e-01 2.722539901733398438e-01 0.000000000000000000e+00
1.821882812500000000e+03 1.565342187881469727e+00 7.069396227598190308e-02 0.000000000000000000e+00
1.828886718750000000e+03 1.100266337394714355e+00 1.000190153717994690e-01 0.000000000000000000e+00
1.832968750000000000e+03 5.602939426898956299e-02 1.228583976626396179e-01 0.000000000000000000e+00
1.833953125000000000e+03 1.129435658454895020e+00 1.707698032259941101e-02 0.000000000000000000e+00
1.837949218750000000e+03 2.881675660610198975e-01 8.546745777130126953e-02 0.000000000000000000e+00
1.839894531250000000e+03 4.764408171176910400e-01 9.321366250514984131e-02 0.000000000000000000e+00
1.849867187500000000e+03 4.415978491306304932e-01 8.607969433069229126e-02 0.000000000000000000e+00
1.854882812500000000e+03 1.516235023736953735e-01 3.715103119611740112e-02 0.000000000000000000e+00
1.858875000000000000e+03 9.940156340599060059e-02 1.642257161438465118e-02 0.000000000000000000e+00
1.866875000000000000e+03 1.031951680779457092e-01 1.109920255839824677e-02 0.000000000000000000e+00
1.870882812500000000e+03 1.200219988822937012e-01 5.810319632291793823e-02 0.000000000000000000e+00
1.879917968750000000e+03 1.415499687194824219e+00 8.253740519285202026e-02 0.000000000000000000e+00
1.886875000000000000e+03 -2.744041383266448975e-01 4.126266110688447952e-03 0.000000000000000000e+00
1.893871093750000000e+03 1.284225434064865112e-01 7.933113723993301392e-02 0.000000000000000000e+00
2.130101562500000000e+03 7.835368514060974121e-01 1.460720896720886230e-01 0.000000000000000000e+00
2.159050781250000000e+03 9.920189380645751953e-01 8.834130316972732544e-02 0.000000000000000000e+00
2.186007812500000000e+03 4.864621162414550781e-01 1.465350091457366943e-01 0.000000000000000000e+00
2.188984375000000000e+03 6.130442619323730469e-01 1.244073361158370972e-01 0.000000000000000000e+00
2.208988281250000000e+03 1.390470147132873535e+00 7.460688799619674683e-02 0.000000000000000000e+00
3.853828125000000000e+02 9.394789338111877441e-01 5.681378245353698730e-01 1.000000000000000000e+00
6.774218750000000000e+02 -2.866419792175292969e+00 1.469686150550842285e+00 1.000000000000000000e+00
7.184257812500000000e+02 -1.297032713890075684e+00 5.531342029571533203e-01 1.000000000000000000e+00
7.383750000000000000e+02 2.030485868453979492e+00 3.559547364711761475e-01 1.000000000000000000e+00
1.010550781250000000e+03 8.179024457931518555e-01 5.216071605682373047e-01 1.000000000000000000e+00
1.041398437500000000e+03 -9.334418922662734985e-02 6.967224478721618652e-01 1.000000000000000000e+00
1.043445312500000000e+03 -6.561003327369689941e-01 6.259683966636657715e-01 1.000000000000000000e+00
1.064375000000000000e+03 -6.127135753631591797e-01 6.671337485313415527e-01 1.000000000000000000e+00
1.066398437500000000e+03 3.117430806159973145e-01 7.289274930953979492e-01 1.000000000000000000e+00
1.099347656250000000e+03 -4.020940139889717102e-02 4.914728701114654541e-01 1.000000000000000000e+00
1.127382812500000000e+03 -1.375175118446350098e+00 4.680899083614349365e-01 1.000000000000000000e+00
1.387574218750000000e+03 -1.325589299201965332e+00 6.409351825714111328e-01 1.000000000000000000e+00
1.415437500000000000e+03 4.884799420833587646e-01 3.227879405021667480e-01 1.000000000000000000e+00
1.452457031250000000e+03 -1.211543560028076172e+00 7.081684470176696777e-01 1.000000000000000000e+00
1.477285156250000000e+03 -8.167836815118789673e-02 3.690366744995117188e-01 1.000000000000000000e+00
1.507285156250000000e+03 2.344560474157333374e-01 3.688297867774963379e-01 1.000000000000000000e+00
1.747503906250000000e+03 -1.843370869755744934e-02 1.064525008201599121e+00 1.000000000000000000e+00
1.750460937500000000e+03 -3.253929913043975830e-01 9.866602420806884766e-01 1.000000000000000000e+00
1.806398437500000000e+03 -1.232803225517272949e+00 4.167687594890594482e-01 1.000000000000000000e+00
1.834332031250000000e+03 -1.251404285430908203e-01 4.361955523490905762e-01 1.000000000000000000e+00
1.868371093750000000e+03 -1.122209072113037109e+00 5.387226939201354980e-01 1.000000000000000000e+00
2.157343750000000000e+03 9.875777363777160645e-01 4.670923352241516113e-01 1.000000000000000000e+00
3.853828125000000000e+02 3.717258214950561523e+00 1.341917800903320312e+01 2.000000000000000000e+00
6.774218750000000000e+02 -2.691328227519989014e-01 9.786080360412597656e+00 2.000000000000000000e+00
7.184257812500000000e+02 1.256133556365966797e+00 1.068723869323730469e+01 2.000000000000000000e+00
7.383750000000000000e+02 -6.858686804771423340e-01 8.545048713684082031e+00 2.000000000000000000e+00
1.010550781250000000e+03 2.486756145954132080e-01 9.270196914672851562e+00 2.000000000000000000e+00
1.042421875000000000e+03 1.257671713829040527e+00 1.040745544433593750e+01 2.000000000000000000e+00
1.065894531250000000e+03 -2.431842237710952759e-01 9.369420051574707031e+00 2.000000000000000000e+00
1.099347656250000000e+03 -2.204914808273315430e+00 9.638294219970703125e+00 2.000000000000000000e+00
1.127382812500000000e+03 1.063018441200256348e+00 1.051025676727294922e+01 2.000000000000000000e+00
1.387574218750000000e+03 -6.999463438987731934e-01 8.535493850708007812e+00 2.000000000000000000e+00
1.415437500000000000e+03 -3.201813697814941406e-01 8.575079917907714844e+00 2.000000000000000000e+00
1.452457031250000000e+03 -3.541091978549957275e-01 8.850474357604980469e+00 2.000000000000000000e+00
1.477285156250000000e+03 1.679155528545379639e-01 9.746126174926757812e+00 2.000000000000000000e+00
1.507285156250000000e+03 4.881128370761871338e-01 9.593566894531250000e+00 2.000000000000000000e+00
1.749496093750000000e+03 1.029424905776977539e+00 1.028439617156982422e+01 2.000000000000000000e+00
1.806398437500000000e+03 3.729445338249206543e-01 9.677004814147949219e+00 2.000000000000000000e+00
1.834332031250000000e+03 -5.925759077072143555e-01 8.896099090576171875e+00 2.000000000000000000e+00
1.868371093750000000e+03 -4.993738830089569092e-01 8.857626914978027344e+00 2.000000000000000000e+00
2.157343750000000000e+03 -4.282260239124298096e-01 8.814455032348632812e+00 2.000000000000000000e+00
