5.594435424804687500e+02 4.892814755439758301e-01 2.688979864120483398e+00 8.479833602905273438e-01 -8.622527122497558594e-02 6.876698732376098633e-01
5.461671142578125000e+02 4.221879839897155762e-01 2.618290185928344727e+00 6.223416328430175781e-01 -1.928663253784179688e-01 5.183464884757995605e-01
5.412199707031250000e+02 5.747067928314208984e-01 3.163053989410400391e+00 4.158926010131835938e-01 -3.942108154296875000e-01 5.426793098449707031e-01
2.756939697265625000e+02 5.098334550857543945e-01 2.147111177444458008e+00 7.934474945068359375e-01 -3.122067451477050781e-01 4.796028733253479004e-01
5.064357910156250000e+02 6.273088455200195312e-01 3.228990077972412109e+00 4.448103904724121094e-01 5.908489227294921875e-02 6.630588173866271973e-01
5.528356323242187500e+02 2.778457999229431152e-01 2.376012563705444336e+00 6.267976760864257812e-01 -4.774773120880126953e-01 6.128741502761840820e-01
2.018706970214843750e+02 5.579862594604492188e-01 2.887734413146972656e+00 2.993917465209960938e-01 -6.056869029998779297e-01 6.250787377357482910e-01
4.897986450195312500e+02 3.668143153190612793e-01 2.863616943359375000e+00 8.876180648803710938e-01 1.265192031860351562e-01 6.318341493606567383e-01
1.611128387451171875e+02 6.335262060165405273e-01 3.280193328857421875e+00 7.051110267639160156e-01 -4.528760910034179688e-02 9.564262032508850098e-01
1.776560363769531250e+02 2.484777569770812988e-01 2.452282190322875977e+00 4.086661338806152344e-01 4.142045974731445312e-02 6.673763990402221680e-01
4.877139892578125000e+02 5.648870468139648438e-01 2.908617258071899414e+00 3.758096694946289062e-01 -2.098596096038818359e-01 6.008319854736328125e-01
5.104311523437500000e+02 3.871154189109802246e-01 2.327487945556640625e+00 9.011054039001464844e-01 5.127906799316406250e-02 5.189278125762939453e-01
5.102005615234375000e+02 4.817509055137634277e-01 2.220670938491821289e+00 7.320404052734375000e-01 2.409458160400390625e-02 4.119335114955902100e-01
5.589086303710937500e+02 2.752846479415893555e-01 2.176546335220336914e+00 8.291721343994140625e-01 2.861261367797851562e-02 5.067209005355834961e-01
5.213602294921875000e+02 3.521022200584411621e-01 2.584310770034790039e+00 3.056597709655761719e-01 -2.469396591186523438e-01 7.966396212577819824e-01
5.411796875000000000e+02 5.158358812332153320e-01 2.635823011398315430e+00 6.524395942687988281e-01 -5.725622177124023438e-02 5.025167465209960938e-01
5.204138183593750000e+02 3.694276809692382812e-01 2.531353950500488281e+00 8.521699905395507812e-01 -3.743815422058105469e-01 6.874610185623168945e-01
5.184433593750000000e+02 3.276640772819519043e-01 2.558887720108032227e+00 6.660628318786621094e-01 -3.830039501190185547e-01 6.917787790298461914e-01
2.470749816894531250e+02 3.468787074089050293e-01 2.658558368682861328e+00 7.866144180297851562e-01 1.978611946105957031e-01 7.671248316764831543e-01
5.326491088867187500e+02 4.037948250770568848e-01 2.688246011734008789e+00 2.815318107604980469e-01 -2.566599845886230469e-01 6.475934386253356934e-01
5.673983154296875000e+02 5.208092331886291504e-01 2.697464704513549805e+00 6.004810333251953125e-01 2.683830261230468750e-01 9.726064801216125488e-01
5.509847412109375000e+02 4.208003878593444824e-01 2.596415281295776367e+00 8.235716819763183594e-01 -2.536892890930175781e-01 4.364253878593444824e-01
5.327263183593750000e+02 3.862538933753967285e-01 2.663105249404907227e+00 6.341123580932617188e-01 -3.458857536315917969e-02 6.398596763610839844e-01
5.143059082031250000e+02 3.970567584037780762e-01 2.394491434097290039e+00 6.317138671875000000e-01 -4.464948177337646484e-01 6.642438173294067383e-01
6.088868408203125000e+02 4.243571758270263672e-01 2.488761186599731445e+00 2.806949615478515625e-01 -5.448067188262939453e-01 3.889026641845703125e-01
2.048693847656250000e+02 4.315705299377441406e-01 2.604858875274658203e+00 5.302810668945312500e-01 -2.401435375213623047e-01 6.010912656784057617e-01
2.029629974365234375e+02 4.185571670532226562e-01 2.707682132720947266e+00 5.518293380737304688e-01 -3.316521644592285156e-01 5.779846310615539551e-01
5.376849365234375000e+02 3.619568347930908203e-01 2.469309568405151367e+00 2.691197395324707031e-01 -1.892256736755371094e-01 7.326259613037109375e-01
5.521761474609375000e+02 3.946148753166198730e-01 2.692148685455322266e+00 1.010692119598388672e+00 -8.283734321594238281e-02 7.358132600784301758e-01
5.437954711914062500e+02 4.217262864112854004e-01 2.819351673126220703e+00 6.543993949890136719e-01 -7.640230655670166016e-01 7.624688744544982910e-01
5.105514526367187500e+02 3.430249094963073730e-01 2.453120946884155273e+00 6.106638908386230469e-01 -2.736032009124755859e-01 6.927803158760070801e-01
5.368883056640625000e+02 3.540559411048889160e-01 2.487358808517456055e+00 6.527853012084960938e-01 3.560543060302734375e-02 5.893279910087585449e-01
5.104981994628906250e+02 3.167412281036376953e-01 2.462137460708618164e+00 6.146049499511718750e-01 -6.258845329284667969e-02 4.672005772590637207e-01
1.926338958740234375e+02 5.115032196044921875e-01 3.105885505676269531e+00 5.968785285949707031e-01 -6.150007247924804688e-02 5.936045050621032715e-01
1.783196258544921875e+02 5.338370800018310547e-01 2.790047168731689453e+00 7.037401199340820312e-01 1.813626289367675781e-01 4.767670035362243652e-01
5.325863647460937500e+02 3.224409222602844238e-01 2.173632860183715820e+00 4.653787612915039062e-01 -4.182112216949462891e-01 7.302943468093872070e-01
1.646832733154296875e+02 4.826149344444274902e-01 2.679633617401123047e+00 6.936550140380859375e-01 -3.706169128417968750e-01 7.622081637382507324e-01
5.243983764648437500e+02 4.513253569602966309e-01 2.899969100952148438e+00 6.585502624511718750e-01 -1.195311546325683594e-02 5.179466009140014648e-01
5.091790161132812500e+02 4.544978737831115723e-01 2.570441484451293945e+00 5.189204216003417969e-01 -7.129704952239990234e-01 1.151029109954833984e+00
5.979490966796875000e+02 3.587737679481506348e-01 2.598716735839843750e+00 7.934117317199707031e-01 -2.134132385253906250e-01 7.963453531265258789e-01
1.884792022705078125e+02 4.001164436340332031e-01 2.477639198303222656e+00 6.670451164245605469e-01 -2.269935607910156250e-01 7.328398227691650391e-01
5.185051879882812500e+02 5.189483165740966797e-01 2.633598327636718750e+00 5.848574638366699219e-01 -2.652144432067871094e-01 5.356895923614501953e-01
5.663168334960937500e+02 4.540461897850036621e-01 2.708569765090942383e+00 3.196763992309570312e-01 3.945350646972656250e-02 6.182570457458496094e-01
4.921624145507812500e+02 4.706694483757019043e-01 3.004733562469482422e+00 5.341672897338867188e-01 -1.497864723205566406e-01 6.331324577331542969e-01
4.602861938476562500e+02 4.717255234718322754e-01 2.704816102981567383e+00 4.057908058166503906e-01 1.855349540710449219e-01 5.400145649909973145e-01
5.152464599609375000e+02 3.805044889450073242e-01 2.701851844787597656e+00 5.964875221252441406e-01 -1.283347606658935547e-01 5.994330048561096191e-01
5.598673095703125000e+02 3.076540827751159668e-01 2.461522340774536133e+00 2.034664154052734375e-01 -4.470598697662353516e-01 5.317311286926269531e-01
2.328725280761718750e+02 4.535033106803894043e-01 2.769992113113403320e+00 7.033061981201171875e-01 2.305912971496582031e-01 5.750898122787475586e-01
5.323568115234375000e+02 3.780792355537414551e-01 2.519233465194702148e+00 4.926776885986328125e-01 -5.583524703979492188e-02 5.515630245208740234e-01
1.841310424804687500e+02 4.452952146530151367e-01 2.868066310882568359e+00 3.968763351440429688e-01 -4.750990867614746094e-01 5.823379158973693848e-01
4.986556091308593750e+02 4.066753387451171875e-01 2.556627511978149414e+00 6.500601768493652344e-01 -1.350235939025878906e-01 5.458479523658752441e-01
4.643094177246093750e+02 3.697772622108459473e-01 2.352217674255371094e+00 2.500581741333007812e-01 -8.373260498046875000e-03 6.031249761581420898e-01
5.496195068359375000e+02 4.800273180007934570e-01 2.479383230209350586e+00 3.154826164245605469e-01 -3.366839885711669922e-01 6.186077594757080078e-01
1.807468566894531250e+02 4.028133153915405273e-01 2.395051002502441406e+00 4.732084274291992188e-01 1.235032081604003906e-01 7.848947048187255859e-01
5.600518188476562500e+02 3.448041081428527832e-01 2.344068527221679688e+00 1.801848411560058594e-01 -5.559360980987548828e-01 7.469782829284667969e-01
5.069135742187500000e+02 3.319241404533386230e-01 2.581225872039794922e+00 6.112599372863769531e-01 -6.685054302215576172e-01 7.522373199462890625e-01
5.727971801757812500e+02 3.212033510208129883e-01 2.613364934921264648e+00 3.987193107604980469e-01 1.921868324279785156e-01 1.188041448593139648e+00
5.443859252929687500e+02 4.584550261497497559e-01 2.499337911605834961e+00 2.277612686157226562e-01 -2.694284915924072266e-01 6.490333080291748047e-01
5.390770874023437500e+02 4.010208845138549805e-01 2.289956092834472656e+00 7.519149780273437500e-01 -3.068566322326660156e-02 5.048770308494567871e-01
1.989767608642578125e+02 3.950622677803039551e-01 2.470369100570678711e+00 7.295942306518554688e-01 -3.564190864562988281e-01 6.766475439071655273e-01
1.777122802734375000e+02 3.126387000083923340e-01 2.687154293060302734e+00 4.041504859924316406e-01 1.161265373229980469e-01 4.695002734661102295e-01
5.701085815429687500e+02 4.031199812889099121e-01 2.426363229751586914e+00 4.943943023681640625e-01 -1.087069511413574219e-01 7.356221675872802734e-01
5.255444946289062500e+02 3.719850778579711914e-01 2.542482852935791016e+00 4.441308975219726562e-01 -4.034948348999023438e-01 4.855030775070190430e-01
5.199294433593750000e+02 5.122898221015930176e-01 2.610718727111816406e+00 3.388261795043945312e-01 -1.760458946228027344e-01 4.368205070495605469e-01
2.224036254882812500e+02 5.139926671981811523e-01 3.035606861114501953e+00 3.002429008483886719e-01 -1.064860820770263672e-01 5.410642027854919434e-01
5.187269897460937500e+02 4.535374641418457031e-01 2.601066350936889648e+00 6.573677062988281250e-01 -3.707015514373779297e-01 6.897116303443908691e-01
2.033987579345703125e+02 4.579382538795471191e-01 2.525233030319213867e+00 5.047750473022460938e-01 -5.506539344787597656e-01 1.103134870529174805e+00
1.411207733154296875e+02 2.798789143562316895e-01 2.334708213806152344e+00 6.800675392150878906e-01 -3.716838359832763672e-01 5.929313898086547852e-01
5.144884643554687500e+02 4.049596190452575684e-01 2.512990951538085938e+00 5.642700195312500000e-01 1.129889488220214844e-01 5.607178807258605957e-01
2.742028198242187500e+02 4.109155535697937012e-01 2.576299190521240234e+00 6.502866744995117188e-01 -5.207407474517822266e-01 5.904183387756347656e-01
5.420761718750000000e+02 2.326244711875915527e-01 2.391074895858764648e+00 7.545733451843261719e-01 -3.051042556762695312e-02 5.462577342987060547e-01
1.750093383789062500e+02 5.542604923248291016e-01 2.565720081329345703e+00 6.967306137084960938e-01 5.528903007507324219e-01 8.713880181312561035e-01
5.093757629394531250e+02 3.858302831649780273e-01 2.331692934036254883e+00 5.260586738586425781e-01 -5.322849750518798828e-01 9.342538118362426758e-01
5.382924804687500000e+02 5.410488247871398926e-01 2.891312599182128906e+00 1.062672138214111328e+00 9.047269821166992188e-02 6.718822717666625977e-01
5.221754760742187500e+02 2.700065970420837402e-01 2.379496097564697266e+00 3.159284591674804688e-01 -1.908552646636962891e-01 7.072548866271972656e-01
5.118265991210937500e+02 4.722612500190734863e-01 2.818281650543212891e+00 2.565145492553710938e-01 -7.706606388092041016e-01 6.896222233772277832e-01
5.112595214843750000e+02 4.460471272468566895e-01 2.826296806335449219e+00 3.444838523864746094e-01 -4.972207546234130859e-01 9.052059054374694824e-01
2.733607177734375000e+02 4.682930111885070801e-01 2.674776077270507812e+00 5.899572372436523438e-01 -2.829337120056152344e-01 4.967896640300750732e-01
4.935923156738281250e+02 3.687050938606262207e-01 2.502331733703613281e+00 2.432370185852050781e-01 2.238512039184570312e-01 8.159053921699523926e-01
5.656948242187500000e+02 2.750318050384521484e-01 2.252515316009521484e+00 6.780076026916503906e-01 -2.530360221862792969e-01 5.503571629524230957e-01
5.093567504882812500e+02 4.140228033065795898e-01 2.501717090606689453e+00 3.686475753784179688e-01 -3.879654407501220703e-01 4.488693475723266602e-01
5.197799682617187500e+02 3.817445635795593262e-01 2.775351047515869141e+00 7.503318786621093750e-01 -2.883994579315185547e-01 6.580143570899963379e-01
2.353814392089843750e+02 4.456392526626586914e-01 2.575253009796142578e+00 8.345699310302734375e-01 -3.364372253417968750e-01 6.304172277450561523e-01
5.036193847656250000e+02 3.719092607498168945e-01 2.535996437072753906e+00 4.953765869140625000e-01 -3.581845760345458984e-01 5.799058675765991211e-01
6.042450561523437500e+02 5.211060643196105957e-01 2.701882839202880859e+00 1.045606136322021484e+00 2.771615982055664062e-02 6.915766596794128418e-01
2.078790893554687500e+02 5.128686428070068359e-01 2.842846632003784180e+00 9.198355674743652344e-01 -2.892506122589111328e-01 5.309923887252807617e-01
5.501718750000000000e+02 3.727021217346191406e-01 2.435450077056884766e+00 2.693057060241699219e-01 -1.023455858230590820e+00 7.402613162994384766e-01
5.213001708984375000e+02 2.693814635276794434e-01 2.472524404525756836e+00 5.897355079650878906e-01 -5.594980716705322266e-01 6.056647300720214844e-01
1.833798217773437500e+02 4.178249239921569824e-01 2.731542825698852539e+00 4.801535606384277344e-01 -1.510441303253173828e-01 4.722540974617004395e-01
5.276409301757812500e+02 3.982519507408142090e-01 2.663478612899780273e+00 7.398414611816406250e-01 -6.825220584869384766e-01 7.732117772102355957e-01
5.526681518554687500e+02 5.223268270492553711e-01 2.968986034393310547e+00 5.670738220214843750e-01 -5.626046657562255859e-01 5.706483721733093262e-01
1.955439910888671875e+02 4.567174911499023438e-01 2.827728033065795898e+00 7.208609580993652344e-01 1.843047142028808594e-01 5.577882528305053711e-01
5.505653686523437500e+02 3.511369824409484863e-01 2.136341810226440430e+00 7.399511337280273438e-01 -2.148473262786865234e-01 5.452488660812377930e-01
5.048786010742187500e+02 4.375466704368591309e-01 2.398700475692749023e+00 7.715916633605957031e-01 -3.031146526336669922e-01 5.006389021873474121e-01
5.383101196289062500e+02 4.334330558776855469e-01 2.642813682556152344e+00 6.341457366943359375e-01 2.924680709838867188e-02 6.189732551574707031e-01
4.816381530761718750e+02 4.062857031822204590e-01 2.512770414352416992e+00 7.420778274536132812e-01 1.189708709716796875e-03 4.468433260917663574e-01
5.387766113281250000e+02 3.879476189613342285e-01 2.607652902603149414e+00 4.576897621154785156e-01 -6.085145473480224609e-01 7.245569229125976562e-01
5.162474365234375000e+02 4.067209362983703613e-01 2.488500118255615234e+00 6.686139106750488281e-01 -5.394291877746582031e-01 7.009528875350952148e-01
5.097169494628906250e+02 3.185908794403076172e-01 2.441418647766113281e+00 1.096675395965576172e+00 -3.166210651397705078e-01 7.434319853782653809e-01
2.046634979248046875e+02 4.168471693992614746e-01 2.351120710372924805e+00 8.835029602050781250e-01 -9.998321533203125000e-02 8.092835545539855957e-01
5.381003417968750000e+02 4.933539628982543945e-01 2.777697086334228516e+00 3.373789787292480469e-01 -6.625771522521972656e-02 6.581711173057556152e-01
5.314122314453125000e+02 3.362448215484619141e-01 2.149978876113891602e+00 6.210207939147949219e-01 -4.726386070251464844e-01 6.237560510635375977e-01
1.795264282226562500e+02 3.310980200767517090e-01 2.814854145050048828e+00 7.837295532226562500e-01 -2.142667770385742188e-02 7.252714037895202637e-01
5.089142761230468750e+02 6.851966381072998047e-01 3.081470727920532227e+00 4.878950119018554688e-01 -3.540921211242675781e-01 4.581016302108764648e-01
2.076350708007812500e+02 4.037410020828247070e-01 2.613202095031738281e+00 5.463719367980957031e-01 -1.049041748046875000e-02 8.069184422492980957e-01
5.521278076171875000e+02 5.225136876106262207e-01 2.721182107925415039e+00 3.569078445434570312e-01 -5.369186401367187500e-01 6.578234434127807617e-01
1.962934417724609375e+02 4.953958392143249512e-01 2.865894556045532227e+00 1.070344448089599609e+00 -2.038180828094482422e-01 6.543430089950561523e-01
1.877445526123046875e+02 2.304061055183410645e-01 2.288101673126220703e+00 6.353044509887695312e-01 -1.502072811126708984e-01 6.158686876296997070e-01
1.745562438964843750e+02 3.944051265716552734e-01 2.611732006072998047e+00 4.377102851867675781e-01 -1.865220069885253906e-01 6.383169889450073242e-01
5.584955444335937500e+02 5.830080509185791016e-01 2.990068435668945312e+00 3.089714050292968750e-01 -2.556359767913818359e-01 4.536633193492889404e-01
5.360489501953125000e+02 2.735798358917236328e-01 2.106881618499755859e+00 4.234695434570312500e-01 -3.263819217681884766e-01 6.983958482742309570e-01
4.989437255859375000e+02 4.233509898185729980e-01 2.801364898681640625e+00 1.591897010803222656e-01 -3.885221481323242188e-01 6.149746179580688477e-01
5.286173706054687500e+02 3.343508243560791016e-01 2.360661983489990234e+00 3.162884712219238281e-01 -3.730833530426025391e-01 9.646807909011840820e-01
1.740009002685546875e+02 3.020781278610229492e-01 2.449550628662109375e+00 6.149172782897949219e-01 -1.379251480102539062e-01 1.091269493103027344e+00
5.669349365234375000e+02 3.717095255851745605e-01 2.453783988952636719e+00 5.028939247131347656e-01 -7.093071937561035156e-02 6.257323026657104492e-01
5.382061157226562500e+02 3.618423938751220703e-01 2.573483705520629883e+00 7.988643646240234375e-01 -2.731204032897949219e-02 5.583285689353942871e-01
5.265420532226562500e+02 6.010612845420837402e-01 2.659197807312011719e+00 8.350753784179687500e-01 -6.797707080841064453e-01 6.092332005500793457e-01
2.032355499267578125e+02 3.288707137107849121e-01 2.497301578521728516e+00 1.134662628173828125e+00 -1.734638214111328125e-01 5.925203561782836914e-01
2.007681579589843750e+02 4.178243875503540039e-01 2.672084808349609375e+00 4.563641548156738281e-01 3.091096878051757812e-02 5.411999821662902832e-01
5.546181640625000000e+02 4.976987838745117188e-01 2.479140758514404297e+00 1.020183563232421875e+00 -3.169977664947509766e-01 6.345998048782348633e-01
5.313809204101562500e+02 2.802116870880126953e-01 2.533381700515747070e+00 3.080701828002929688e-01 5.111932754516601562e-02 8.625919818878173828e-01
5.470594482421875000e+02 3.635413050651550293e-01 2.299414873123168945e+00 6.660556793212890625e-01 -3.286695480346679688e-01 6.983213424682617188e-01
5.130592041015625000e+02 5.591081380844116211e-01 2.938715219497680664e+00 6.994152069091796875e-01 -1.990032196044921875e-01 6.099256873130798340e-01
5.703528442382812500e+02 4.512320160865783691e-01 2.752008199691772461e+00 1.242816448211669922e+00 1.719641685485839844e-01 5.017393231391906738e-01
1.792839202880859375e+02 4.169569611549377441e-01 2.712216615676879883e+00 4.270935058593750000e-01 -3.251087665557861328e-01 5.616134405136108398e-01
5.584169311523437500e+02 3.605669140815734863e-01 2.504090070724487305e+00 5.483412742614746094e-01 -3.204238414764404297e-01 7.869389653205871582e-01
1.472111511230468750e+02 3.462675213813781738e-01 2.485861063003540039e+00 5.465626716613769531e-01 -6.964719295501708984e-01 7.426578402519226074e-01
2.144433288574218750e+02 5.493039488792419434e-01 2.978211879730224609e+00 2.780103683471679688e-01 -2.367615699768066406e-02 6.047785878181457520e-01
5.107574462890625000e+02 4.183610081672668457e-01 2.819597721099853516e+00 5.049681663513183594e-01 1.868414878845214844e-01 5.480808615684509277e-01
1.626907653808593750e+02 4.889263510704040527e-01 2.337431192398071289e+00 3.817343711853027344e-01 -2.200222015380859375e-01 5.289670228958129883e-01
1.624159851074218750e+02 2.524710297584533691e-01 2.185712575912475586e+00 5.324101448059082031e-01 -1.892554759979248047e-01 9.546324014663696289e-01
5.460453491210937500e+02 4.427937865257263184e-01 2.387141227722167969e+00 5.146336555480957031e-01 -3.068089485168457031e-01 6.589782834053039551e-01
4.918612060546875000e+02 5.785512924194335938e-01 3.152720928192138672e+00 5.441689491271972656e-01 7.685184478759765625e-02 4.598224759101867676e-01
1.947161102294921875e+02 6.544358134269714355e-01 3.054185390472412109e+00 7.840847969055175781e-01 -1.597619056701660156e-01 3.946296572685241699e-01
1.828311004638671875e+02 4.341762065887451172e-01 2.325064659118652344e+00 4.592394828796386719e-01 -1.835024356842041016e-01 5.879240632057189941e-01
5.588830566406250000e+02 3.153611421585083008e-01 2.523625850677490234e+00 7.699704170227050781e-01 -2.739810943603515625e-01 6.902170777320861816e-01
5.091135864257812500e+02 4.422283768653869629e-01 2.626577854156494141e+00 5.007910728454589844e-01 -3.043174743652343750e-02 4.182560741901397705e-01
2.017172851562500000e+02 3.430567383766174316e-01 2.390026330947875977e+00 5.414819717407226562e-01 -1.546931266784667969e-01 6.257445216178894043e-01
4.895924682617187500e+02 3.935888409614562988e-01 2.462340116500854492e+00 5.890679359436035156e-01 -1.733779907226562500e-02 8.401596546173095703e-01
5.472882080078125000e+02 3.194971084594726562e-01 2.505453586578369141e+00 9.460926055908203125e-02 4.191160202026367188e-02 5.926997065544128418e-01
5.646701660156250000e+02 4.927554726600646973e-01 2.634222745895385742e+00 7.536292076110839844e-01 1.168251037597656250e-04 5.566809177398681641e-01
4.983759460449218750e+02 4.470883607864379883e-01 2.592327594757080078e+00 3.426909446716308594e-01 -3.464221954345703125e-02 7.808254957199096680e-01
1.805773620605468750e+02 3.468318581581115723e-01 2.616862058639526367e+00 3.801298141479492188e-01 -6.888782978057861328e-01 8.272171020507812500e-01
5.096284790039062500e+02 3.536072969436645508e-01 2.406044483184814453e+00 5.374550819396972656e-01 -5.124235153198242188e-01 6.765118241310119629e-01
5.639614868164062500e+02 4.851700067520141602e-01 2.974107503890991211e+00 -1.593816280364990234e-01 -4.590153694152832031e-01 6.076921224594116211e-01
6.359752807617187500e+02 4.314637780189514160e-01 2.653316259384155273e+00 6.798124313354492188e-01 -3.989624977111816406e-01 4.851807355880737305e-01
5.581341552734375000e+02 3.561577200889587402e-01 2.465826749801635742e+00 9.137153625488281250e-01 3.021717071533203125e-02 7.347010374069213867e-01
5.405745849609375000e+02 5.104973912239074707e-01 3.148243427276611328e+00 6.711459159851074219e-01 -5.932068824768066406e-01 6.561210751533508301e-01
5.464249267578125000e+02 4.694892764091491699e-01 2.785511255264282227e+00 7.235479354858398438e-01 -2.774703502655029297e-01 8.046475052833557129e-01
5.521596679687500000e+02 3.579862713813781738e-01 2.338849782943725586e+00 3.875088691711425781e-01 -4.133427143096923828e-01 6.991705894470214844e-01
5.367612915039062500e+02 4.613659381866455078e-01 2.629771709442138672e+00 3.024554252624511719e-01 -1.730668544769287109e-01 4.223063290119171143e-01
5.201550903320312500e+02 3.669346570968627930e-01 2.598435401916503906e+00 2.330803871154785156e-01 -4.383814334869384766e-01 6.298902034759521484e-01
5.457402954101562500e+02 3.763726353645324707e-01 2.573406934738159180e+00 3.840398788452148438e-01 -6.155097484588623047e-01 5.847804546356201172e-01
2.742028198242187500e+02 4.109155535697937012e-01 2.576299190521240234e+00 6.502866744995117188e-01 -5.207407474517822266e-01 5.904183387756347656e-01
1.686367950439453125e+02 4.026616811752319336e-01 2.544081926345825195e+00 7.394027709960937500e-01 8.666276931762695312e-02 7.198839783668518066e-01
4.915086669921875000e+02 5.395013689994812012e-01 2.753014326095581055e+00 3.428077697753906250e-01 5.430936813354492188e-02 4.857285320758819580e-01
5.456438598632812500e+02 4.401299953460693359e-01 2.774390935897827148e+00 7.732725143432617188e-01 -1.231420040130615234e-01 7.311988472938537598e-01
6.153329467773437500e+02 5.072465538978576660e-01 2.730314970016479492e+00 9.711360931396484375e-01 -2.658724784851074219e-01 4.298073053359985352e-01
5.322109375000000000e+02 5.173171758651733398e-01 2.879765033721923828e+00 1.080141067504882812e+00 -4.017269611358642578e-01 1.022632598876953125e+00
2.122363586425781250e+02 3.689373731613159180e-01 2.096927642822265625e+00 6.333613395690917969e-01 2.681493759155273438e-02 4.692938327789306641e-01
5.289359130859375000e+02 4.620670676231384277e-01 2.628942728042602539e+00 9.887528419494628906e-01 -2.635931968688964844e-01 5.236639380455017090e-01
5.508904418945312500e+02 4.301586151123046875e-01 2.630645990371704102e+00 2.632737159729003906e-01 -2.911233901977539062e-01 6.107471585273742676e-01
5.088641662597656250e+02 5.080211758613586426e-01 2.838276386260986328e+00 -1.009798049926757812e-01 -1.032209396362304688e-01 3.368618488311767578e-01
2.019875488281250000e+02 4.488441348075866699e-01 3.005926847457885742e+00 7.008147239685058594e-01 2.349328994750976562e-01 6.654321551322937012e-01
5.135770263671875000e+02 4.596915245056152344e-01 2.476419210433959961e+00 2.233648300170898438e-01 -8.947849273681640625e-02 5.241936445236206055e-01
5.658970336914062500e+02 4.319090247154235840e-01 2.673537492752075195e+00 7.603907585144042969e-01 -4.574811458587646484e-01 7.489340901374816895e-01
5.149915771484375000e+02 3.241214156150817871e-01 2.435195684432983398e+00 3.297615051269531250e-01 -1.634037494659423828e-01 5.934557914733886719e-01
5.714055786132812500e+02 4.456374645233154297e-01 2.709395885467529297e+00 5.704474449157714844e-01 -8.219838142395019531e-02 6.038036942481994629e-01
5.234530029296875000e+02 5.369850993156433105e-01 2.860675096511840820e+00 2.878618240356445312e-01 -4.527604579925537109e-01 4.981783628463745117e-01
5.656536865234375000e+02 3.603630661964416504e-01 2.349772214889526367e+00 4.362344741821289062e-01 1.818156242370605469e-01 5.794955492019653320e-01
1.793601226806640625e+02 3.549943566322326660e-01 2.658102035522460938e+00 7.353281974792480469e-01 -4.720890522003173828e-01 5.108267068862915039e-01
1.879171447753906250e+02 4.413051605224609375e-01 2.708796977996826172e+00 1.921629905700683594e-01 1.237535476684570312e-01 8.932325839996337891e-01
5.698876342773437500e+02 3.555070161819458008e-01 2.152593612670898438e+00 6.725025177001953125e-01 -1.003026962280273438e-01 9.448024034500122070e-01
5.559222412109375000e+02 3.918012380599975586e-01 2.506610393524169922e+00 3.570461273193359375e-01 -6.308221817016601562e-01 4.751437604427337646e-01
5.428107299804687500e+02 3.252298831939697266e-01 2.692039012908935547e+00 4.612684249877929688e-01 -8.138906955718994141e-01 6.236643791198730469e-01
5.234066162109375000e+02 2.917256951332092285e-01 2.718531608581542969e+00 9.804868698120117188e-01 -2.817118167877197266e-01 7.096778750419616699e-01
4.938152465820312500e+02 3.677328824996948242e-01 2.449495077133178711e+00 7.444477081298828125e-01 1.354932785034179688e-01 6.561384201049804688e-01
5.590612182617187500e+02 3.430866003036499023e-01 2.168717861175537109e+00 4.336547851562500000e-01 -1.763761043548583984e-01 6.063471436500549316e-01
1.890287322998046875e+02 3.884116411209106445e-01 2.421775102615356445e+00 7.681012153625488281e-01 -2.926850318908691406e-01 7.902962565422058105e-01
5.969685058593750000e+02 3.821708559989929199e-01 2.613749265670776367e+00 7.782483100891113281e-01 -4.020261764526367188e-01 7.184102535247802734e-01
5.605563964843750000e+02 4.040628671646118164e-01 2.725198984146118164e+00 6.632876396179199219e-01 -5.152845382690429688e-01 4.509822130203247070e-01
1.992832946777343750e+02 4.351287484169006348e-01 2.685814857482910156e+00 5.051565170288085938e-01 -7.206201553344726562e-01 6.694028377532958984e-01
2.071083526611328125e+02 4.807320237159729004e-01 3.001757621765136719e+00 9.070920944213867188e-01 -3.182446956634521484e-01 5.540201067924499512e-01
5.096536254882812500e+02 4.241436719894409180e-01 2.630343914031982422e+00 2.662563323974609375e-01 1.730442047119140625e-02 7.893050909042358398e-01
5.192815551757812500e+02 4.167159199714660645e-01 2.686914682388305664e+00 1.266646385192871094e-01 -1.714825630187988281e-02 5.940618515014648438e-01
5.248196411132812500e+02 4.069855809211730957e-01 2.627599954605102539e+00 3.332662582397460938e-01 1.230287551879882812e-01 6.238307356834411621e-01
5.181040039062500000e+02 3.784871101379394531e-01 2.444668292999267578e+00 3.375267982482910156e-01 -3.361153602600097656e-01 6.532946825027465820e-01
5.679598388671875000e+02 4.582361578941345215e-01 2.599484920501708984e+00 7.537627220153808594e-01 -1.101970672607421875e-02 5.011048913002014160e-01
5.429053955078125000e+02 5.198130607604980469e-01 2.607448339462280273e+00 2.642750740051269531e-01 -5.791294574737548828e-01 6.165232062339782715e-01
5.079327697753906250e+02 3.191339373588562012e-01 2.353796720504760742e+00 3.137159347534179688e-01 -4.636704921722412109e-01 7.476126551628112793e-01
5.707119140625000000e+02 6.595371961593627930e-01 3.031445503234863281e+00 1.002266407012939453e+00 1.148939132690429688e-01 8.121210932731628418e-01
5.156321411132812500e+02 4.568326473236083984e-01 2.595651149749755859e+00 6.253385543823242188e-01 -6.110990047454833984e-01 8.073343038558959961e-01
5.502374267578125000e+02 3.312308788299560547e-01 2.561491727828979492e+00 3.851199150085449219e-01 -1.224660873413085938e-01 4.961483180522918701e-01
5.285185546875000000e+02 4.470863938331604004e-01 2.641012907028198242e+00 9.142923355102539062e-01 -5.062496662139892578e-01 6.112521290779113770e-01
5.440361328125000000e+02 4.294975399971008301e-01 2.572044134140014648e+00 5.359458923339843750e-01 -6.027424335479736328e-01 4.725868701934814453e-01
6.050287475585937500e+02 3.556851148605346680e-01 2.615503787994384766e+00 8.181524276733398438e-01 -3.879642486572265625e-01 7.339345216751098633e-01
4.893338317871093750e+02 2.354170083999633789e-01 2.479537963867187500e+00 5.614948272705078125e-01 1.715064048767089844e-01 5.256724953651428223e-01
5.415338745117187500e+02 3.460311293601989746e-01 2.417203426361083984e+00 4.995512962341308594e-01 -7.431864738464355469e-02 5.972158312797546387e-01
2.326297454833984375e+02 4.473218917846679688e-01 2.259595870971679688e+00 3.253078460693359375e-01 -6.769955158233642578e-01 7.596940398216247559e-01
5.489575195312500000e+02 4.024875164031982422e-01 2.757186889648437500e+00 1.159465312957763672e+00 -4.729747772216796875e-02 6.668079495429992676e-01
5.607723999023437500e+02 5.291661024093627930e-01 2.812720060348510742e+00 5.163526535034179688e-01 -4.378032684326171875e-01 5.097911357879638672e-01
1.748067016601562500e+02 4.673317074775695801e-01 2.763053417205810547e+00 9.590911865234375000e-01 -3.662002086639404297e-01 7.550902366638183594e-01
5.106464843750000000e+02 7.069491744041442871e-01 3.229748249053955078e+00 5.953884124755859375e-01 -3.519773483276367188e-01 5.789102315902709961e-01
5.198651123046875000e+02 4.050738811492919922e-01 2.753047943115234375e+00 4.709339141845703125e-01 -5.047190189361572266e-01 7.621444463729858398e-01
5.485319824218750000e+02 2.710839509963989258e-01 2.490359067916870117e+00 6.044745445251464844e-01 -3.693497180938720703e-01 6.913217306137084961e-01
5.673139038085937500e+02 4.041914343833923340e-01 2.494078874588012695e+00 7.005834579467773438e-01 -5.138921737670898438e-01 5.840715169906616211e-01
1.530538024902343750e+02 3.217619657516479492e-01 2.402208089828491211e+00 9.072399139404296875e-01 1.983928680419921875e-01 7.786106467247009277e-01
5.583784179687500000e+02 2.908296585083007812e-01 2.328935146331787109e+00 6.420564651489257812e-01 -2.088820934295654297e-01 7.051630020141601562e-01
5.128237304687500000e+02 3.830450773239135742e-01 2.529225349426269531e+00 6.378340721130371094e-01 -2.879750728607177734e-01 4.644278287887573242e-01
1.929345397949218750e+02 6.726287007331848145e-01 3.064540386199951172e+00 1.230666637420654297e+00 -3.867864608764648438e-02 4.317055940628051758e-01
1.795718994140625000e+02 3.923314213752746582e-01 2.647352695465087891e+00 2.834844589233398438e-01 -3.542101383209228516e-01 6.242352128028869629e-01
5.160377807617187500e+02 5.937340259552001953e-01 3.200962066650390625e+00 1.417522430419921875e+00 -3.102600574493408203e-01 5.179689526557922363e-01
2.136298828125000000e+02 4.892426729202270508e-01 2.827687740325927734e+00 6.943249702453613281e-01 2.507209777832031250e-02 7.140150070190429688e-01
5.284471435546875000e+02 5.087823867797851562e-01 2.738835334777832031e+00 7.448077201843261719e-01 -5.879378318786621094e-01 7.136538028717041016e-01
5.257648315429687500e+02 3.975164890289306641e-01 2.427356481552124023e+00 3.382611274719238281e-01 3.793573379516601562e-01 8.211675882339477539e-01
5.312329711914062500e+02 3.354948759078979492e-01 2.767712116241455078e+00 2.973175048828125000e-01 -2.766776084899902344e-01 5.590271353721618652e-01
5.097759399414062500e+02 2.624104022979736328e-01 2.648365020751953125e+00 5.621671676635742188e-01 -4.003310203552246094e-01 5.342553853988647461e-01
5.581309204101562500e+02 3.205535411834716797e-01 2.666255712509155273e+00 8.537697792053222656e-01 -3.117513656616210938e-01 6.693050861358642578e-01
1.707522735595703125e+02 5.772659778594970703e-01 2.815518856048583984e+00 6.169986724853515625e-01 -1.691365242004394531e-01 4.357508122920989990e-01
5.153224487304687500e+02 3.710191249847412109e-01 2.798701286315917969e+00 8.465600013732910156e-01 -1.170504093170166016e-01 4.127859771251678467e-01
2.017406768798828125e+02 6.076139211654663086e-01 2.930048465728759766e+00 8.551788330078125000e-01 -7.530331611633300781e-02 9.064847826957702637e-01
5.422486572265625000e+02 5.477940440177917480e-01 2.959520816802978516e+00 6.935739517211914062e-01 -3.632366657257080078e-01 6.903630495071411133e-01
1.855692443847656250e+02 3.654853701591491699e-01 2.565171480178833008e+00 5.377244949340820312e-01 2.369523048400878906e-01 6.538335084915161133e-01
4.751156921386718750e+02 4.275107383728027344e-01 2.536095142364501953e+00 6.303811073303222656e-01 -2.023124694824218750e-01 5.448120236396789551e-01
5.382164306640625000e+02 4.412459731101989746e-01 2.858655452728271484e+00 1.031005382537841797e+00 -2.378869056701660156e-01 5.589083433151245117e-01
5.344428710937500000e+02 4.961779713630676270e-01 2.948836803436279297e+00 6.210184097290039062e-01 -2.671921253204345703e-01 7.558298707008361816e-01
5.213114624023437500e+02 3.499221205711364746e-01 2.711343288421630859e+00 4.700422286987304688e-01 -2.129220962524414062e-01 5.770026445388793945e-01
5.997437744140625000e+02 3.647842407226562500e-01 2.470283508300781250e+00 8.230090141296386719e-01 -8.585739135742187500e-01 7.488604784011840820e-01
1.756447601318359375e+02 3.062684535980224609e-01 2.538279056549072266e+00 2.986979484558105469e-01 -2.264380455017089844e-01 8.225628733634948730e-01
4.975369873046875000e+02 3.453130125999450684e-01 2.609426259994506836e+00 2.926492691040039062e-01 4.422807693481445312e-01 5.742334723472595215e-01
5.294523925781250000e+02 4.232279658317565918e-01 2.599756479263305664e+00 4.981088638305664062e-01 3.364086151123046875e-03 7.007175087928771973e-01
5.695993652343750000e+02 4.648571014404296875e-01 2.604611158370971680e+00 5.894255638122558594e-01 1.387596130371093750e-01 7.379957437515258789e-01
5.426010131835937500e+02 4.299311637878417969e-01 2.729891538619995117e+00 5.585098266601562500e-01 -4.165720939636230469e-01 5.324037075042724609e-01
5.247954711914062500e+02 3.776620626449584961e-01 2.396599292755126953e+00 4.640674591064453125e-01 -5.993819236755371094e-01 8.022378683090209961e-01
5.232239990234375000e+02 3.477391600608825684e-01 2.661731243133544922e+00 7.869243621826171875e-01 -3.194618225097656250e-01 7.714918851852416992e-01
1.844066772460937500e+02 4.754124879837036133e-01 2.650974988937377930e+00 3.199577331542968750e-01 3.401327133178710938e-01 8.398808240890502930e-01
5.309651489257812500e+02 3.392953872680664062e-01 2.731488466262817383e+00 3.022170066833496094e-01 -2.981078624725341797e-01 6.661936640739440918e-01
4.594799194335937500e+02 5.913327336311340332e-01 2.591333866119384766e+00 3.888368606567382812e-01 2.416443824768066406e-01 7.482177019119262695e-01
5.226723632812500000e+02 5.034113526344299316e-01 2.964794874191284180e+00 8.611822128295898438e-01 -2.574861049652099609e-01 7.422004938125610352e-01
5.194084472656250000e+02 3.347508311271667480e-01 2.285412311553955078e+00 7.070803642272949219e-01 -4.659533500671386719e-02 7.639423012733459473e-01
6.072052001953125000e+02 5.929311513900756836e-01 2.606171607971191406e+00 6.945109367370605469e-01 -7.431471347808837891e-01 4.463925659656524658e-01
5.672724609375000000e+02 4.630671739578247070e-01 2.439156770706176758e+00 1.292562484741210938e-01 -2.330696582794189453e-01 6.444138884544372559e-01
5.435558471679687500e+02 3.413277864456176758e-01 2.484245300292968750e+00 8.775830268859863281e-01 -4.063069820404052734e-01 5.018425583839416504e-01
5.431213378906250000e+02 3.135182857513427734e-01 2.657501697540283203e+00 5.778169631958007812e-01 -1.563608646392822266e-01 1.113576412200927734e+00
5.071718139648437500e+02 4.904373288154602051e-01 2.681116104125976562e+00 3.570175170898437500e-01 -9.826898574829101562e-02 7.320020198822021484e-01
5.500469360351562500e+02 3.874249458312988281e-01 2.479878425598144531e+00 3.030824661254882812e-01 5.483150482177734375e-02 7.921871542930603027e-01
4.846593933105468750e+02 5.177207589149475098e-01 2.594354867935180664e+00 7.105731964111328125e-01 7.359027862548828125e-02 3.388853073120117188e-01
1.695949249267578125e+02 3.066858053207397461e-01 2.553271293640136719e+00 1.094906330108642578e+00 -2.857017517089843750e-01 1.237547278404235840e+00
2.030409393310546875e+02 4.606748223304748535e-01 2.421387910842895508e+00 5.701398849487304688e-01 -5.559539794921875000e-01 6.310253143310546875e-01
5.631398925781250000e+02 4.408552646636962891e-01 2.824165821075439453e+00 5.887079238891601562e-01 -1.198387145996093750e-01 4.866978526115417480e-01
5.459284667968750000e+02 3.899337053298950195e-01 2.740700960159301758e+00 5.209803581237792969e-01 -7.924914360046386719e-01 7.163033485412597656e-01
5.424416503906250000e+02 4.525423645973205566e-01 2.721019983291625977e+00 5.762004852294921875e-01 -3.078544139862060547e-01 4.130470454692840576e-01
5.493490600585937500e+02 3.152152299880981445e-01 2.407104730606079102e+00 4.748773574829101562e-01 -2.333498001098632812e-01 5.557718873023986816e-01
1.980368804931640625e+02 3.527931571006774902e-01 2.534122943878173828e+00 5.513525009155273438e-01 2.473711967468261719e-01 5.062832832336425781e-01
5.464249267578125000e+02 4.694892764091491699e-01 2.785511255264282227e+00 7.235479354858398438e-01 -2.774703502655029297e-01 8.046475052833557129e-01
2.106754760742187500e+02 3.496238589286804199e-01 2.402511358261108398e+00 4.758381843566894531e-01 -1.974213123321533203e-01 6.826103925704956055e-01
2.056638946533203125e+02 2.869241833686828613e-01 2.371203899383544922e+00 7.392835617065429688e-01 1.697540283203125000e-03 7.103974819183349609e-01
5.535263061523437500e+02 3.899371027946472168e-01 2.747894287109375000e+00 2.574896812438964844e-01 -4.086554050445556641e-01 5.009866356849670410e-01
5.162435302734375000e+02 4.598832130432128906e-01 2.687698602676391602e+00 4.308652877807617188e-01 -6.136119365692138672e-01 5.438978672027587891e-01
5.217583618164062500e+02 4.251226782798767090e-01 2.807106018066406250e+00 6.516790390014648438e-01 -4.581534862518310547e-01 4.794384837150573730e-01
1.865334930419921875e+02 3.825447559356689453e-01 2.627928256988525391e+00 9.492659568786621094e-01 -8.921432495117187500e-01 7.290374040603637695e-01
1.879771118164062500e+02 5.267826914787292480e-01 3.123497247695922852e+00 9.005379676818847656e-01 4.189014434814453125e-02 4.993576407432556152e-01
5.430537109375000000e+02 4.484723806381225586e-01 2.542494297027587891e+00 7.678651809692382812e-01 -1.369667053222656250e-01 6.572892665863037109e-01
4.804453735351562500e+02 3.141024708747863770e-01 2.186850547790527344e+00 6.299829483032226562e-01 -1.870715618133544922e-01 3.514896035194396973e-01
4.993689575195312500e+02 3.537140488624572754e-01 2.195647001266479492e+00 8.772563934326171875e-01 -7.194268703460693359e-01 5.604418516159057617e-01
5.225582885742187500e+02 3.411251902580261230e-01 2.252723217010498047e+00 4.070043563842773438e-01 1.285696029663085938e-01 3.928694427013397217e-01
1.948108978271484375e+02 4.030327200889587402e-01 2.398306846618652344e+00 3.643012046813964844e-01 -5.591750144958496094e-02 6.186735033988952637e-01
1.737819519042968750e+02 4.496622085571289062e-01 2.658513784408569336e+00 6.590819358825683594e-01 -1.717305183410644531e-01 9.782792329788208008e-01
1.969537963867187500e+02 4.190624952316284180e-01 2.951160192489624023e+00 4.418277740478515625e-01 4.601454734802246094e-01 6.919476985931396484e-01
5.577450561523437500e+02 4.363827705383300781e-01 2.785258531570434570e+00 5.333924293518066406e-01 -4.135739803314208984e-01 3.143796026706695557e-01
5.209484863281250000e+02 3.835418224334716797e-01 2.714441776275634766e+00 6.588578224182128906e-01 -4.363775253295898438e-02 9.514272809028625488e-01
1.917091674804687500e+02 3.748874068260192871e-01 2.275820016860961914e+00 7.311701774597167969e-01 -2.748823165893554688e-01 6.647350788116455078e-01
4.886143188476562500e+02 3.376345634460449219e-01 2.473831176757812500e+00 4.242801666259765625e-01 -3.955328464508056641e-01 6.233276724815368652e-01
5.463381958007812500e+02 4.172409176826477051e-01 2.506218433380126953e+00 5.969357490539550781e-01 1.542329788208007812e-01 5.663905143737792969e-01
4.835144958496093750e+02 4.366788864135742188e-01 2.546468496322631836e+00 5.115246772766113281e-01 5.341768264770507812e-02 4.409241974353790283e-01
5.121127929687500000e+02 4.123081564903259277e-01 2.446727991104125977e+00 7.884883880615234375e-01 -1.826536655426025391e-01 5.415278673171997070e-01
5.470220947265625000e+02 2.587999701499938965e-01 2.459427118301391602e+00 5.591011047363281250e-01 -7.617115974426269531e-02 8.775105476379394531e-01
4.919750671386718750e+02 3.702173233032226562e-01 2.258055925369262695e+00 3.687644004821777344e-01 -4.042518138885498047e-01 7.488107085227966309e-01
1.700216674804687500e+02 4.733378887176513672e-01 2.682070970535278320e+00 2.534365653991699219e-01 1.679873466491699219e-01 5.757874846458435059e-01
5.061627807617187500e+02 2.847964763641357422e-01 2.589270353317260742e+00 7.460379600524902344e-01 -2.173471450805664062e-01 7.196098566055297852e-01
2.026244201660156250e+02 3.497170209884643555e-01 2.396549940109252930e+00 5.543017387390136719e-01 4.854679107666015625e-02 5.737037062644958496e-01
5.609613037109375000e+02 5.090336203575134277e-01 2.328619480133056641e+00 5.004715919494628906e-01 -3.069686889648437500e-01 5.152664184570312500e-01
1.650520782470703125e+02 3.629004359245300293e-01 2.396039247512817383e+00 4.247784614562988281e-01 -6.900525093078613281e-01 8.474414944648742676e-01
5.514993286132812500e+02 4.182619452476501465e-01 2.598745346069335938e+00 4.563450813293457031e-01 -2.259624004364013672e-01 5.887200832366943359e-01
2.097443084716796875e+02 4.474100470542907715e-01 2.676514625549316406e+00 6.990933418273925781e-01 7.661819458007812500e-02 4.963005781173706055e-01
1.498216247558593750e+02 3.954401016235351562e-01 2.456240653991699219e+00 6.209778785705566406e-01 -4.181742668151855469e-02 7.296856641769409180e-01
2.025860290527343750e+02 2.373421192169189453e-01 2.169044494628906250e+00 6.465291976928710938e-01 -2.357304096221923828e-01 6.149446964263916016e-01
2.043337402343750000e+02 4.237826466560363770e-01 2.411525726318359375e+00 7.790040969848632812e-01 2.764034271240234375e-01 5.214337706565856934e-01
5.491575317382812500e+02 2.785658836364746094e-01 2.475806236267089844e+00 4.628467559814453125e-01 -2.076566219329833984e-01 4.731058776378631592e-01
5.221109008789062500e+02 3.781566619873046875e-01 2.634100437164306641e+00 4.578375816345214844e-01 -4.292953014373779297e-01 6.831666231155395508e-01
5.534539184570312500e+02 3.831956386566162109e-01 2.663919210433959961e+00 3.998017311096191406e-01 -2.785503864288330078e-01 4.721688628196716309e-01
4.990487670898437500e+02 2.533606290817260742e-01 2.459851264953613281e+00 3.159523010253906250e-01 -2.746796607971191406e-01 8.721193671226501465e-01
5.253812255859375000e+02 4.996768236160278320e-01 2.507647514343261719e+00 5.324602127075195312e-01 -4.517650604248046875e-01 5.784363746643066406e-01
1.859558868408203125e+02 4.280103445053100586e-01 2.528715372085571289e+00 3.943204879760742188e-01 -4.505467414855957031e-01 7.386940717697143555e-01
6.000687255859375000e+02 3.796860575675964355e-01 2.470940113067626953e+00 5.206537246704101562e-01 -6.647849082946777344e-01 8.047738075256347656e-01
6.042450561523437500e+02 5.211060643196105957e-01 2.701882839202880859e+00 1.045606136322021484e+00 2.771615982055664062e-02 6.915766596794128418e-01
5.400535278320312500e+02 4.136092066764831543e-01 2.660822868347167969e+00 2.897763252258300781e-01 -1.116108894348144531e-01 5.727261900901794434e-01
5.386847534179687500e+02 4.362799525260925293e-01 2.765692234039306641e+00 6.973862648010253906e-01 6.388664245605468750e-02 6.310808062553405762e-01
6.048740234375000000e+02 5.367242097854614258e-01 2.851016283035278320e+00 8.874034881591796875e-01 9.167194366455078125e-02 8.167222738265991211e-01
2.063340454101562500e+02 4.799849390983581543e-01 2.967743873596191406e+00 7.784104347229003906e-01 1.090645790100097656e-01 6.653308868408203125e-01
