5.872794189453125000e+02 4.771487712860107422e-01 2.600194454193115234e+00 3.519487380981445312e-01 2.015471458435058594e+00 8.832097649574279785e-01
3.577024230957031250e+02 4.137195348739624023e-01 2.584722518920898438e+00 6.388711929321289062e-01 -1.075545549392700195e+00 4.284874200820922852e-01
5.101800842285156250e+02 3.444693684577941895e-01 2.843183994293212891e+00 6.971836090087890625e-01 5.261230468750000000e-01 1.133388996124267578e+00
3.630712280273437500e+02 2.623506784439086914e-01 2.577130317687988281e+00 1.271336078643798828e+00 5.359029769897460938e-01 1.705822944641113281e+00
5.425043334960937500e+02 6.993023753166198730e-01 3.273302555084228516e+00 1.191115379333496094e+00 7.792663574218750000e-01 1.103342533111572266e+00
1.776214294433593750e+02 3.566911220550537109e-01 2.465875387191772461e+00 5.294108390808105469e-01 -1.925476789474487305e+00 2.234274864196777344e+00
2.396421966552734375e+02 4.787316322326660156e-01 2.950256824493408203e+00 9.131526947021484375e-01 2.599334716796875000e+00 9.337863922119140625e-01
3.846034851074218750e+02 4.051799178123474121e-01 2.446318864822387695e+00 4.699039459228515625e-01 -9.141612052917480469e-01 3.848110675811767578e+00
5.872628173828125000e+02 3.882119059562683105e-01 2.501768827438354492e+00 1.236398220062255859e+00 5.519180297851562500e+00 1.353646516799926758e+00
1.947008361816406250e+02 4.866137504577636719e-01 2.844300031661987305e+00 1.037597656250000000e-01 2.351875305175781250e+00 1.098932743072509766e+00
5.090126647949218750e+02 5.578423142433166504e-01 2.761587381362915039e+00 1.804566383361816406e-01 -2.650022506713867188e-01 9.330465644598007202e-02
2.834960937500000000e+02 3.170353770256042480e-01 2.187390327453613281e+00 7.307147979736328125e-01 1.731631755828857422e+00 2.184998095035552979e-01
7.718817749023437500e+02 5.778272747993469238e-01 2.995696783065795898e+00 8.999586105346679688e-02 -4.113602638244628906e+00 2.756819486618041992e+00
4.866449279785156250e+02 3.577632904052734375e-01 2.559309720993041992e+00 9.166979789733886719e-01 -2.666424512863159180e+00 2.440219402313232422e+00
4.772681579589843750e+02 2.977792620658874512e-01 2.469732761383056641e+00 6.074810028076171875e-01 2.710413932800292969e+00 1.445362269878387451e-01
7.220502319335937500e+02 3.426181077957153320e-01 2.426472902297973633e+00 6.339049339294433594e-01 1.751251220703125000e+00 2.231714248657226562e+00
1.581674957275390625e+02 4.003313779830932617e-01 2.789669275283813477e+00 6.338119506835937500e-01 -2.848470211029052734e-01 1.672481894493103027e+00
4.049943542480468750e+02 5.108771920204162598e-01 2.767319202423095703e+00 7.245612144470214844e-01 1.830625534057617188e-01 6.850959062576293945e-01
4.768556518554687500e+02 4.188500642776489258e-01 2.500902652740478516e+00 3.346848487854003906e-01 4.743564128875732422e+00 3.161841392517089844e+00
3.010045471191406250e+02 4.862323403358459473e-01 2.906501531600952148e+00 4.695200920104980469e-01 -4.109430313110351562e-01 9.502312541007995605e-01
4.915971374511718750e+02 5.585924386978149414e-01 2.723172426223754883e+00 8.886408805847167969e-01 2.173478603363037109e+00 3.093381166458129883e+00
5.014860229492187500e+02 4.912157058715820312e-01 2.746247529983520508e+00 4.998135566711425781e-01 2.229819297790527344e+00 6.081892251968383789e-01
2.169899444580078125e+02 4.437559843063354492e-01 2.628510713577270508e+00 4.778885841369628906e-01 1.001913547515869141e+00 1.043750166893005371e+00
7.261259155273437500e+02 3.892547488212585449e-01 2.484873533248901367e+00 4.858136177062988281e-01 -1.474039554595947266e+00 1.833869814872741699e+00
1.673122215270996094e+01 5.316001176834106445e-01 2.729173421859741211e+00 8.694529533386230469e-01 2.052302360534667969e+00 2.877942323684692383e+00
2.862857360839843750e+02 4.257871508598327637e-01 2.688259840011596680e+00 5.319118499755859375e-01 -3.238201141357421875e-02 4.193916916847229004e-01
3.456805419921875000e+02 3.878760933876037598e-01 2.628029584884643555e+00 6.394243240356445312e-01 -6.485617160797119141e-01 1.081037223339080811e-01
4.151807250976562500e+02 3.329584002494812012e-01 2.497796535491943359e+00 3.819346427917480469e-01 -1.498486995697021484e+00 1.431053876876831055e+00
3.581621398925781250e+02 4.041453003883361816e-01 2.859847307205200195e+00 6.430435180664062500e-01 3.321132659912109375e+00 1.722923398017883301e+00
2.449492034912109375e+02 4.983096122741699219e-01 2.499341726303100586e+00 2.457308769226074219e-01 1.390933990478515625e-02 8.000438213348388672e-01
1.713060455322265625e+02 4.855868220329284668e-01 2.785416603088378906e+00 5.892086029052734375e-01 8.617448806762695312e-01 3.642729297280311584e-02
6.504390716552734375e+01 3.720256686210632324e-01 2.517328977584838867e+00 3.191351890563964844e-01 2.437162399291992188e-01 7.778857946395874023e-01
1.404010314941406250e+02 4.038994312286376953e-01 2.369651794433593750e+00 6.595420837402343750e-01 1.741259098052978516e+00 2.323033511638641357e-01
3.148030395507812500e+02 4.906865954399108887e-01 3.071682691574096680e+00 1.020569801330566406e+00 -5.835890769958496094e-02 1.706543266773223877e-01
6.798215332031250000e+02 4.519304633140563965e-01 2.954599142074584961e+00 6.640672683715820312e-01 1.492707729339599609e+00 2.415567874908447266e+00
4.264281311035156250e+02 4.751276373863220215e-01 2.778997898101806641e+00 5.816888809204101562e-01 4.505422115325927734e+00 7.456555962562561035e-01
3.055289916992187500e+02 5.351299047470092773e-01 3.050293207168579102e+00 3.564357757568359375e-01 -4.108548164367675781e-01 1.853065371513366699e+00
3.015704650878906250e+02 4.278681874275207520e-01 2.505010604858398438e+00 5.226802825927734375e-01 -2.541322708129882812e+00 1.907938599586486816e+00
1.152263412475585938e+02 2.619701623916625977e-01 2.197690963745117188e+00 5.699706077575683594e-01 -3.898544311523437500e+00 2.988469600677490234e+00
4.582989807128906250e+02 3.426871299743652344e-01 2.392424821853637695e+00 7.562255859375000000e-01 -2.700623273849487305e+00 1.162241697311401367e+00
1.841476745605468750e+02 3.499371409416198730e-01 2.527215957641601562e+00 7.181334495544433594e-01 -8.923816680908203125e-01 1.519341945648193359e+00
1.546306762695312500e+02 3.736934661865234375e-01 2.584277629852294922e+00 5.595588684082031250e-01 -2.823344469070434570e+00 1.712926387786865234e+00
5.512665557861328125e+01 3.271059989929199219e-01 2.302268266677856445e+00 5.340671539306640625e-01 -1.609599590301513672e+00 8.175777196884155273e-01
3.435322875976562500e+02 3.850821256637573242e-01 2.537919759750366211e+00 3.782081604003906250e-01 -2.417248487472534180e+00 2.599997520446777344e+00
4.451682662963867188e+01 3.943867087364196777e-01 2.433062791824340820e+00 7.764363288879394531e-01 5.139074325561523438e+00 4.681256711483001709e-01
3.589287719726562500e+02 3.983274102210998535e-01 2.470532894134521484e+00 4.739952087402343750e-01 -2.248024940490722656e-01 1.028654456138610840e+00
3.936955566406250000e+02 3.059018850326538086e-01 2.309084177017211914e+00 3.108692169189453125e-01 -7.479667663574218750e-01 2.082612991333007812e+00
7.967267456054687500e+02 6.774368286132812500e-01 3.169092178344726562e+00 8.397436141967773438e-01 -1.014518737792968750e+00 1.362571597099304199e+00
1.745874176025390625e+02 4.378427863121032715e-01 2.751911640167236328e+00 5.696845054626464844e-01 -5.291485786437988281e-01 8.398237228393554688e-01
6.842920532226562500e+02 3.491178154945373535e-01 2.492763519287109375e+00 7.539820671081542969e-01 -2.759988307952880859e+00 2.481459140777587891e+00
4.368313293457031250e+02 4.074304699897766113e-01 2.578478813171386719e+00 6.001472473144531250e-01 9.541440010070800781e-01 6.955153495073318481e-02
2.308755645751953125e+02 5.099167823791503906e-01 2.921538829803466797e+00 2.974104881286621094e-01 -4.138880729675292969e+00 1.387231111526489258e+00
1.106947174072265625e+02 4.386175870895385742e-01 2.453680992126464844e+00 2.895474433898925781e-01 6.654095649719238281e-01 1.366948485374450684e+00
4.574441528320312500e+02 4.351775646209716797e-01 2.768929958343505859e+00 9.113669395446777344e-01 -3.369114398956298828e+00 2.056633532047271729e-01
1.571743316650390625e+02 4.312132596969604492e-01 2.759708166122436523e+00 7.755351066589355469e-01 -3.170832395553588867e+00 2.319544553756713867e+00
4.921027221679687500e+02 3.916510343551635742e-01 2.344780683517456055e+00 2.845025062561035156e-01 -5.075836181640625000e-01 1.324550151824951172e+00
6.129414672851562500e+02 4.046812057495117188e-01 3.100362300872802734e+00 5.854654312133789062e-01 -3.789191246032714844e+00 8.511107414960861206e-02
2.817899780273437500e+02 2.964692711830139160e-01 2.476903200149536133e+00 6.985092163085937500e-01 -2.518522739410400391e+00 6.291352510452270508e-01
3.639592590332031250e+02 3.680719137191772461e-01 2.684947490692138672e+00 7.240891456604003906e-01 3.727440834045410156e+00 1.316853642463684082e+00
4.797514038085937500e+02 3.885958194732666016e-01 2.570781946182250977e+00 7.113099098205566406e-01 -1.781527996063232422e+00 2.757328152656555176e-01
3.033312683105468750e+02 6.386215090751647949e-01 3.297877788543701172e+00 1.847290992736816406e-01 -2.422821521759033203e-01 1.545139700174331665e-01
4.334520874023437500e+02 4.347881078720092773e-01 2.649163961410522461e+00 4.928302764892578125e-01 3.053951263427734375e+00 9.133306145668029785e-01
3.523095703125000000e+02 4.810356497764587402e-01 2.688221931457519531e+00 7.746386528015136719e-01 -2.101598978042602539e+00 3.653704524040222168e-01
1.416958618164062500e+02 5.648609399795532227e-01 2.992168903350830078e+00 7.135415077209472656e-01 -2.203136682510375977e+00 3.488554060459136963e-01
3.241713867187500000e+02 5.908397436141967773e-01 2.688074111938476562e+00 -8.200168609619140625e-02 -2.156329154968261719e-01 1.607566773891448975e-01
3.619348754882812500e+02 3.625884056091308594e-01 2.535239458084106445e+00 3.738498687744140625e-01 -2.499691247940063477e+00 1.018890812993049622e-01
3.046716308593750000e+02 5.186765193939208984e-01 2.938288688659667969e+00 1.345639228820800781e+00 1.824712753295898438e+00 2.502834796905517578e-01
2.210366058349609375e+02 4.090760946273803711e-01 2.823212862014770508e+00 9.990334510803222656e-01 -1.156547069549560547e+00 2.386986970901489258e+00
2.051712036132812500e+02 3.672307729721069336e-01 2.626389026641845703e+00 6.966781616210937500e-01 1.114315986633300781e+00 1.381821155548095703e+00
3.048229370117187500e+02 4.651719927787780762e-01 2.644949197769165039e+00 -4.430890083312988281e-02 -3.150125741958618164e+00 3.300295114517211914e+00
2.845678710937500000e+02 5.675433278083801270e-01 2.982419490814208984e+00 4.865288734436035156e-01 -1.241487264633178711e+00 2.591641902923583984e+00
3.016314392089843750e+02 7.521027326583862305e-01 3.354362487792968750e+00 9.477186203002929688e-01 5.609924793243408203e+00 1.683802127838134766e+00
3.652106018066406250e+02 5.174369812011718750e-01 3.000980854034423828e+00 1.109454631805419922e+00 2.422294616699218750e+00 3.299086689949035645e-01
3.157926635742187500e+02 3.905316591262817383e-01 2.667078971862792969e+00 -3.493309020996093750e-02 -1.440095901489257812e+00 3.940953314304351807e-01
6.625100097656250000e+02 3.440459370613098145e-01 2.195897817611694336e+00 5.788159370422363281e-01 -2.690875530242919922e-01 9.187444448471069336e-01
7.244790649414062500e+02 3.473604321479797363e-01 2.718977689743041992e+00 3.100252151489257812e-01 1.450672149658203125e+00 2.116108894348144531e+00
6.702835693359375000e+02 5.113430023193359375e-01 2.578747510910034180e+00 9.017109870910644531e-01 -2.893915176391601562e+00 5.941059589385986328e-01
3.574788208007812500e+02 5.223028659820556641e-01 2.826505661010742188e+00 1.167511940002441406e+00 3.392429351806640625e+00 1.226079106330871582e+00
2.167196807861328125e+02 5.641885995864868164e-01 3.003310203552246094e+00 6.719946861267089844e-01 1.979691982269287109e+00 1.276350259780883789e+00
7.093660888671875000e+02 4.250084161758422852e-01 2.843680381774902344e+00 6.333303451538085938e-01 -3.083577156066894531e+00 2.129969596862792969e+00
4.822275085449218750e+02 5.010007619857788086e-01 2.743637323379516602e+00 6.749463081359863281e-01 -2.451660633087158203e+00 8.366933465003967285e-01
5.043192749023437500e+02 4.014473557472229004e-01 2.482039451599121094e+00 5.478143692016601562e-01 3.420615196228027344e-01 2.233247280120849609e+00
4.501030883789062500e+02 4.057328104972839355e-01 2.886517524719238281e+00 7.495522499084472656e-01 3.425836563110351562e-02 1.641707897186279297e+00
2.578320312500000000e+02 3.884456157684326172e-01 2.706831455230712891e+00 7.742261886596679688e-01 2.345776557922363281e-01 2.567748427391052246e-01
6.299793701171875000e+02 4.576054811477661133e-01 2.476392030715942383e+00 1.476860046386718750e-01 -5.477440357208251953e-01 2.299374103546142578e+00
4.480418090820312500e+02 2.978380918502807617e-01 2.334827899932861328e+00 6.500554084777832031e-01 -1.820709705352783203e+00 4.840657114982604980e-02
4.469078979492187500e+02 5.608204603195190430e-01 3.057161569595336914e+00 1.350712776184082031e+00 6.987786293029785156e-01 9.789839386940002441e-02
4.085147705078125000e+02 3.608104586601257324e-01 2.487019777297973633e+00 5.516910552978515625e-01 -1.107789278030395508e+00 2.830697536468505859e+00
3.474638671875000000e+02 4.079157710075378418e-01 2.451141357421875000e+00 6.985592842102050781e-01 2.250151634216308594e+00 4.555490612983703613e-02
2.774557495117187500e+02 5.052940845489501953e-01 2.675980091094970703e+00 7.258796691894531250e-01 -2.036478519439697266e+00 1.610441803932189941e+00
3.820934143066406250e+02 5.499217510223388672e-01 2.858245134353637695e+00 4.426527023315429688e-01 -1.453804969787597656e+00 1.312742233276367188e+00
5.217518310546875000e+02 3.630964159965515137e-01 2.805189847946166992e+00 6.291460990905761719e-01 -5.155622959136962891e-01 4.696859121322631836e-01
3.220780944824218750e+02 4.072076678276062012e-01 2.355773925781250000e+00 6.290817260742187500e-01 1.709089279174804688e+00 2.048368930816650391e+00
3.892875366210937500e+02 2.939209938049316406e-01 2.385091304779052734e+00 5.977153778076171875e-01 2.476468086242675781e+00 1.368814855813980103e-01
2.930917358398437500e+02 3.418298959732055664e-01 2.478130817413330078e+00 4.299259185791015625e-01 -8.970272541046142578e-01 8.395198583602905273e-01
2.277564544677734375e+02 2.803885340690612793e-01 2.321146011352539062e+00 3.398537635803222656e-01 -1.957261562347412109e+00 5.666967630386352539e-01
3.596770629882812500e+02 3.396126031875610352e-01 2.459311246871948242e+00 8.321523666381835938e-01 -1.011224985122680664e+00 2.820670008659362793e-01
2.934525756835937500e+02 4.042490124702453613e-01 2.844289541244506836e+00 4.863262176513671875e-01 1.456964015960693359e+00 1.972062289714813232e-01
3.552838134765625000e+02 4.285550117492675781e-01 2.904068470001220703e+00 5.283403396606445312e-01 4.096126556396484375e+00 2.709473371505737305e+00
6.515288085937500000e+02 4.419438838958740234e-01 2.786403179168701172e+00 1.080272197723388672e+00 1.750574111938476562e+00 1.258497714996337891e+00
2.391886901855468750e+02 5.198636651039123535e-01 2.887709617614746094e+00 6.237912178039550781e-01 5.423235893249511719e-01 1.730600476264953613e+00
3.599265441894531250e+02 3.232951164245605469e-01 2.531565427780151367e+00 4.278969764709472656e-01 4.524066448211669922e+00 4.265892803668975830e-01
6.300725097656250000e+02 5.601962208747863770e-01 2.788791418075561523e+00 7.577133178710937500e-01 -3.118408918380737305e+00 2.285389661788940430e+00
6.852936401367187500e+02 5.355093479156494141e-01 3.063425064086914062e+00 1.267046928405761719e+00 -2.570271492004394531e-01 1.122437044978141785e-02
2.616572265625000000e+02 4.941600561141967773e-01 2.934157609939575195e+00 2.792072296142578125e-01 4.398822784423828125e-03 1.024283289909362793e+00
8.156082916259765625e+01 4.322360754013061523e-01 2.488278627395629883e+00 6.344771385192871094e-01 2.228019237518310547e+00 2.449467658996582031e+00
1.966934585571289062e+01 6.115372776985168457e-01 3.176985502243041992e+00 3.917694091796875000e-01 5.852746963500976562e-01 3.990986645221710205e-01
6.121118774414062500e+02 5.892849564552307129e-01 2.929615974426269531e+00 8.476209640502929688e-01 -3.933894634246826172e-01 1.068031549453735352e+00
3.859508666992187500e+02 4.578409790992736816e-01 2.562980413436889648e+00 6.965899467468261719e-01 -3.647828102111816406e-01 1.617097109556198120e-01
5.794855346679687500e+02 5.173350572586059570e-01 2.622537612915039062e+00 6.229496002197265625e-01 -2.438392639160156250e+00 1.257560491561889648e+00
6.096487426757812500e+02 5.657158493995666504e-01 2.623928070068359375e+00 5.111670494079589844e-01 -6.884264945983886719e-01 3.753142356872558594e-01
6.783955688476562500e+02 3.902621865272521973e-01 2.477285623550415039e+00 3.587698936462402344e-01 -8.486509323120117188e-02 2.372312545776367188e+00
6.628551025390625000e+02 5.441371202468872070e-01 2.927054405212402344e+00 1.160182952880859375e+00 -1.122825145721435547e+00 6.864362359046936035e-01
1.953246002197265625e+02 3.290400505065917969e-01 2.607111215591430664e+00 5.699467658996582031e-01 2.379035949707031250e+00 3.833768844604492188e+00
4.591081237792968750e+02 3.719301819801330566e-01 2.592549324035644531e+00 6.579041481018066406e-01 -1.537293195724487305e+00 2.536779735237360001e-03
2.930520629882812500e+02 4.719973206520080566e-01 2.726541042327880859e+00 5.295777320861816406e-01 -2.034912109375000000e+00 9.825899600982666016e-01
6.007817993164062500e+02 5.008652210235595703e-01 2.729042053222656250e+00 7.358384132385253906e-01 1.138207912445068359e+00 4.920243740081787109e+00
1.973726654052734375e+02 5.218674540519714355e-01 3.105284690856933594e+00 8.828091621398925781e-01 -4.018425941467285156e-02 1.593579649925231934e+00
2.278155517578125000e+02 4.431803822517395020e-01 2.610679149627685547e+00 6.412076950073242188e-01 -2.844214439392089844e-01 4.815611541271209717e-01
3.534821166992187500e+02 4.529767036437988281e-01 2.497000694274902344e+00 4.710602760314941406e-01 2.398469448089599609e+00 3.898461341857910156e+00
6.468574829101562500e+02 3.697806596755981445e-01 2.207043170928955078e+00 2.778673171997070312e-01 -2.144434452056884766e+00 1.298849433660507202e-01
2.134742431640625000e+02 4.939163327217102051e-01 2.733278512954711914e+00 8.429384231567382812e-01 1.274445056915283203e+00 3.726075589656829834e-01
6.597457885742187500e+01 3.572264909744262695e-01 2.521293640136718750e+00 4.739928245544433594e-01 1.850674152374267578e+00 2.661919355392456055e+00
7.521212768554687500e+02 6.733618378639221191e-01 3.341089963912963867e+00 7.323861122131347656e-01 -2.030674219131469727e+00 1.989348888397216797e+00
2.247208862304687500e+02 4.009491801261901855e-01 2.583788871765136719e+00 3.594970703125000000e-01 -2.581313848495483398e+00 1.250587552785873413e-01
2.696061401367187500e+02 3.669155240058898926e-01 2.631505727767944336e+00 3.971695899963378906e-01 2.052979469299316406e+00 1.241920813918113708e-01
5.919589233398437500e+02 3.734880089759826660e-01 2.541149377822875977e+00 8.449125289916992188e-01 1.944713592529296875e+00 3.161693096160888672e+00
6.501961669921875000e+02 2.727184891700744629e-01 2.426584482192993164e+00 8.579063415527343750e-01 -2.828215360641479492e+00 1.097155734896659851e-01
4.218746643066406250e+02 3.843532800674438477e-01 2.798683643341064453e+00 4.406166076660156250e-01 -1.045334339141845703e+00 1.912882328033447266e+00
7.649083251953125000e+02 6.167572140693664551e-01 2.877280712127685547e+00 2.742052078247070312e-01 1.068129539489746094e+00 9.166722297668457031e-01
4.118595581054687500e+02 4.568530321121215820e-01 2.571556329727172852e+00 4.405331611633300781e-01 -2.030342817306518555e+00 3.099473714828491211e+00
3.584055480957031250e+02 4.603999853134155273e-01 2.630937576293945312e+00 3.266882896423339844e-01 -2.782860994338989258e+00 8.035931736230850220e-03
4.793460388183593750e+02 2.606045603752136230e-01 2.531205654144287109e+00 7.967257499694824219e-01 5.964589118957519531e-01 7.714795470237731934e-01
5.489564819335937500e+02 5.428775548934936523e-01 2.617910861968994141e+00 1.049797534942626953e+00 -1.245603561401367188e+00 3.106021285057067871e-01
4.634199218750000000e+02 3.031889200210571289e-01 2.508726596832275391e+00 5.675792694091796875e-01 -6.059515476226806641e-01 2.222096681594848633e+00
1.004281311035156250e+02 3.632165789604187012e-01 2.643367767333984375e+00 6.073331832885742188e-01 -1.961286067962646484e+00 1.035834312438964844e+00
3.664249038696289062e+01 4.868903756141662598e-01 2.553752183914184570e+00 4.691720008850097656e-01 4.143166542053222656e-01 2.158629894256591797e-02
1.724747467041015625e+02 3.769661188125610352e-01 2.576565504074096680e+00 5.345082283020019531e-01 -3.303647041320800781e-02 1.693635582923889160e-01
3.931019897460937500e+02 3.979615569114685059e-01 2.692478179931640625e+00 5.530810356140136719e-01 -2.677680253982543945e+00 2.456780910491943359e+00
7.043491363525390625e+01 4.932593703269958496e-01 2.731701850891113281e+00 6.420922279357910156e-01 -6.085789203643798828e-01 3.069913387298583984e+00
5.447904052734375000e+02 3.231763839721679688e-01 2.504058361053466797e+00 4.824376106262207031e-01 1.955492496490478516e+00 1.516696453094482422e+00
2.330784759521484375e+02 4.633879661560058594e-01 2.838494539260864258e+00 2.688574790954589844e-01 -3.014421463012695312e-01 8.831121921539306641e-01
3.262795104980468750e+02 5.119502544403076172e-01 3.117365598678588867e+00 8.758306503295898438e-01 1.089568138122558594e+00 7.183685302734375000e-01
2.832925415039062500e+02 4.067465066909790039e-01 2.711088418960571289e+00 6.524300575256347656e-01 -1.814544200897216797e+00 1.234410285949707031e+00
1.884124298095703125e+02 3.882244229316711426e-01 2.188588142395019531e+00 1.642894744873046875e-01 2.485244274139404297e+00 9.645613431930541992e-01
2.056323089599609375e+02 4.002923965454101562e-01 2.375135898590087891e+00 5.455827713012695312e-01 2.832119464874267578e+00 1.463113427162170410e+00
1.139506607055664062e+02 5.085082650184631348e-01 2.585108280181884766e+00 7.861733436584472656e-01 2.354948520660400391e+00 6.245929747819900513e-02
1.893724365234375000e+02 7.090162634849548340e-01 3.271066904067993164e+00 4.817819595336914062e-01 -3.387939929962158203e-01 7.116948366165161133e-01
4.782358093261718750e+02 3.441895246505737305e-01 2.295231819152832031e+00 5.942893028259277344e-01 1.257698535919189453e+00 2.078769445419311523e+00
1.271577644348144531e+01 3.595355153083801270e-01 2.468041419982910156e+00 6.649327278137207031e-01 3.380405902862548828e+00 9.591990709304809570e-01
9.228976440429687500e+01 4.275068044662475586e-01 2.590273857116699219e+00 4.614281654357910156e-01 2.569801807403564453e+00 1.546970367431640625e+00
3.627809143066406250e+02 5.410327315330505371e-01 2.861653566360473633e+00 8.627486228942871094e-01 -1.069155931472778320e+00 1.749976575374603271e-01
3.920486145019531250e+02 4.488173127174377441e-01 2.754433393478393555e+00 9.689688682556152344e-01 -6.757414340972900391e-01 3.047037422657012939e-01
3.048229370117187500e+02 4.651719927787780762e-01 2.644949197769165039e+00 -4.430890083312988281e-02 -3.150125741958618164e+00 3.300295114517211914e+00
5.171296386718750000e+02 4.742020964622497559e-01 2.649816989898681641e+00 2.021312713623046875e-01 1.445937156677246094e+00 5.209591984748840332e-01
3.001577453613281250e+02 3.791957497596740723e-01 2.599381685256958008e+00 4.624485969543457031e-01 -1.338032484054565430e+00 2.935211658477783203e+00
3.783116455078125000e+02 4.477959275245666504e-01 2.495712757110595703e+00 6.012630462646484375e-01 2.231764793395996094e+00 9.916235208511352539e-01
6.867595825195312500e+02 5.445142388343811035e-01 2.804449081420898438e+00 8.912849426269531250e-01 -2.352892160415649414e+00 3.140496090054512024e-03
2.010176391601562500e+02 3.632253408432006836e-01 2.292488336563110352e+00 3.365755081176757812e-01 3.350124359130859375e+00 4.763707160949707031e+00
3.784111328125000000e+02 3.089097142219543457e-01 2.512912034988403320e+00 2.158021926879882812e-01 -1.787173748016357422e-01 2.146151065826416016e+00
1.294925079345703125e+02 3.894503712654113770e-01 2.248369932174682617e+00 4.632592201232910156e-01 6.295037269592285156e-01 3.563802242279052734e-01
2.808107910156250000e+02 4.216154217720031738e-01 2.710704803466796875e+00 3.789806365966796875e-01 6.543040275573730469e-01 1.182713031768798828e+00
3.322381591796875000e+02 3.175711035728454590e-01 2.783987760543823242e+00 7.908821105957031250e-01 -1.089489459991455078e-01 3.504016160964965820e+00
4.011466064453125000e+02 5.380704998970031738e-01 3.000840187072753906e+00 4.307246208190917969e-01 4.076383113861083984e+00 3.217971324920654297e-01
4.303745117187500000e+02 5.605407953262329102e-01 2.798164606094360352e+00 5.201601982116699219e-01 -1.137998104095458984e+00 9.933782815933227539e-01
1.869561767578125000e+02 4.900993704795837402e-01 3.030755043029785156e+00 5.436587333679199219e-01 -1.690635681152343750e+00 3.384378254413604736e-01
1.769419097900390625e+02 3.237727284431457520e-01 2.506825208663940430e+00 7.115077972412109375e-01 -1.117068529129028320e+00 6.724036335945129395e-01
4.896439514160156250e+02 4.041803479194641113e-01 2.821184635162353516e+00 6.153726577758789062e-01 1.024286746978759766e+00 6.615610122680664062e-01
1.940581970214843750e+02 3.285590410232543945e-01 2.467669486999511719e+00 4.733943939208984375e-01 5.724763870239257812e-01 3.094733238220214844e+00
6.308740997314453125e+01 4.898245334625244141e-01 2.705932140350341797e+00 2.208876609802246094e-01 1.366186141967773438e+00 1.069738149642944336e+00
6.690692749023437500e+02 5.752770304679870605e-01 2.949665307998657227e+00 6.600928306579589844e-01 -9.366893768310546875e-01 1.969736814498901367e+00
2.718349304199218750e+02 5.158126354217529297e-01 2.896937847137451172e+00 1.277945041656494141e+00 1.227450370788574219e+00 4.042890369892120361e-01
4.429934082031250000e+02 6.461252570152282715e-01 3.020417213439941406e+00 2.628087997436523438e-01 2.409985065460205078e+00 4.311202466487884521e-01
2.278312988281250000e+02 3.766551613807678223e-01 2.349995851516723633e+00 3.221058845520019531e-01 -2.581758499145507812e+00 1.300660252571105957e+00
5.627893676757812500e+02 5.737705230712890625e-01 3.116804838180541992e+00 3.747224807739257812e-01 -4.218487739562988281e+00 7.097491025924682617e-01
1.583847045898437500e+02 5.887431502342224121e-01 2.945739507675170898e+00 1.021142005920410156e+00 4.169745445251464844e+00 2.342590838670730591e-01
1.931094818115234375e+02 4.657855033874511719e-01 2.847105741500854492e+00 8.692169189453125000e-01 1.667261123657226562e-01 1.307096242904663086e+00
7.079594116210937500e+02 4.808759689331054688e-01 2.917231082916259766e+00 6.028199195861816406e-01 -1.518974304199218750e+00 2.125725269317626953e+00
8.897887420654296875e+01 4.108048677444458008e-01 2.404400348663330078e+00 4.709672927856445312e-01 1.099526882171630859e+00 2.155319213867187500e+00
4.701361083984375000e+02 5.624326467514038086e-01 2.798369407653808594e+00 7.092690467834472656e-01 -2.618718147277832031e-01 3.831378817558288574e-01
2.118115234375000000e+02 4.185587763786315918e-01 2.682093381881713867e+00 6.681275367736816406e-01 2.214369773864746094e+00 2.976858139038085938e+00
4.414769287109375000e+02 4.208608269691467285e-01 2.594655990600585938e+00 1.464176177978515625e-01 -1.207768917083740234e-01 1.433352231979370117e+00
5.964216308593750000e+02 4.075011014938354492e-01 2.551126003265380859e+00 1.065905094146728516e+00 -7.706820964813232422e-01 7.020014524459838867e-01
5.576374511718750000e+02 4.964311718940734863e-01 2.878522396087646484e+00 8.809065818786621094e-01 3.161206245422363281e+00 6.260910034179687500e-01
3.085632934570312500e+02 5.846463441848754883e-01 2.956090688705444336e+00 5.196571350097656250e-01 -6.309592723846435547e-01 1.077387332916259766e+00
1.895496673583984375e+02 3.985344767570495605e-01 2.775785684585571289e+00 4.909920692443847656e-01 -1.476037502288818359e-01 1.764202594757080078e+00
3.213529968261718750e+02 3.602046370506286621e-01 2.363708019256591797e+00 5.129146575927734375e-01 1.392509937286376953e+00 6.398612260818481445e-01
6.310723876953125000e+02 3.341630697250366211e-01 2.606650829315185547e+00 6.601285934448242188e-01 -2.193366289138793945e+00 7.925841212272644043e-01
4.745476684570312500e+02 3.966521024703979492e-01 2.849268674850463867e+00 8.453989028930664062e-01 -2.690539360046386719e+00 1.123567342758178711e+00
4.229892578125000000e+02 3.005564212799072266e-01 2.465219497680664062e+00 8.435487747192382812e-01 3.481292724609375000e-01 8.195322155952453613e-01
4.872872924804687500e+02 4.654548764228820801e-01 2.595344305038452148e+00 5.627083778381347656e-01 -7.023394107818603516e-01 5.519891262054443359e+00
1.163545379638671875e+02 4.238001704216003418e-01 2.453517675399780273e+00 9.168291091918945312e-01 -5.209565162658691406e-02 1.308702230453491211e+00
5.242393798828125000e+02 4.560928940773010254e-01 2.619999885559082031e+00 2.421140670776367188e-01 -8.050835132598876953e-01 2.887120246887207031e-01
4.247373657226562500e+02 3.068168759346008301e-01 2.458768367767333984e+00 4.720020294189453125e-01 3.612256050109863281e-01 2.282714605331420898e+00
4.312633056640625000e+02 3.048513531684875488e-01 2.312040328979492188e+00 6.948089599609375000e-01 -1.823281049728393555e+00 1.095155715942382812e+00
2.989846191406250000e+02 4.997474551200866699e-01 2.939675331115722656e+00 3.286552429199218750e-01 1.474909782409667969e+00 1.597303748130798340e-01
3.606128845214843750e+02 4.344521164894104004e-01 2.699686765670776367e+00 8.876872062683105469e-01 1.255736351013183594e+00 3.960614442825317383e+00
3.868309020996093750e+02 3.816066980361938477e-01 2.580684661865234375e+00 7.486367225646972656e-01 -2.942717075347900391e-01 3.433384895324707031e-01
5.584557723999023438e+01 5.748262405395507812e-01 3.144693613052368164e+00 5.547833442687988281e-01 3.212053775787353516e+00 4.265074253082275391e+00
6.343368530273437500e+02 2.885689139366149902e-01 2.259812831878662109e+00 7.902908325195312500e-01 -4.404520988464355469e-01 2.669312953948974609e+00
4.302132263183593750e+02 3.492165207862854004e-01 2.468483448028564453e+00 6.495070457458496094e-01 -2.970612049102783203e+00 6.451129913330078125e-01
4.782168884277343750e+02 4.460494518280029297e-01 3.017426490783691406e+00 3.502607345581054688e-01 -1.423403024673461914e+00 1.140742897987365723e-01
2.445523071289062500e+02 4.241411685943603516e-01 2.169474363327026367e+00 4.651427268981933594e-01 -8.101701736450195312e-01 2.459588527679443359e+00
2.860251464843750000e+02 4.041617512702941895e-01 2.811395406723022461e+00 4.344892501831054688e-01 -5.776262283325195312e-01 1.689016580581665039e+00
5.498678588867187500e+02 4.987990260124206543e-01 2.810684204101562500e+00 8.275032043457031250e-01 -8.023142814636230469e-01 1.356526136398315430e+00
3.326060180664062500e+02 3.240577578544616699e-01 2.644849300384521484e+00 3.892254829406738281e-01 1.015918254852294922e+00 6.701236367225646973e-01
5.542456054687500000e+02 3.972910046577453613e-01 2.630527973175048828e+00 8.428621292114257812e-01 -6.548988819122314453e-01 3.617203235626220703e+00
4.374987487792968750e+02 4.813126325607299805e-01 2.805065393447875977e+00 5.511736869812011719e-01 1.228511333465576172e+00 1.516422629356384277e+00
2.228862304687500000e+02 4.413854479789733887e-01 2.617200851440429688e+00 8.061099052429199219e-01 2.463650703430175781e-01 7.714825272560119629e-01
7.230115356445312500e+02 7.226104140281677246e-01 3.437071084976196289e+00 1.204235553741455078e+00 8.232879638671875000e-01 3.708420991897583008e-01
1.349807434082031250e+02 3.517388701438903809e-01 2.442714452743530273e+00 8.317518234252929688e-01 1.455638408660888672e+00 4.711222052574157715e-01
1.206823348999023438e+02 2.978652715682983398e-01 2.172221660614013672e+00 6.236219406127929688e-01 1.154320240020751953e+00 4.098032951354980469e+00
5.734796752929687500e+02 2.743712663650512695e-01 2.329963445663452148e+00 7.116460800170898438e-01 -1.280704736709594727e+00 1.982677102088928223e+00
3.405674438476562500e+02 5.654052495956420898e-01 3.004270076751708984e+00 4.408931732177734375e-01 -2.254332304000854492e+00 1.015906214714050293e+00
4.005578002929687500e+02 5.886630415916442871e-01 2.862989664077758789e+00 2.054452896118164062e-01 -2.505301237106323242e+00 1.222418308258056641e+00
1.617918243408203125e+02 4.104447364807128906e-01 2.662415266036987305e+00 1.083240509033203125e+00 2.120983600616455078e+00 1.092749834060668945e-01
6.507217407226562500e+01 5.613858699798583984e-01 3.133778810501098633e+00 2.953910827636718750e-01 -2.970875501632690430e+00 1.446408033370971680e+00
1.281430816650390625e+02 5.210461616516113281e-01 2.801707267761230469e+00 7.215070724487304688e-01 -3.212690353393554688e+00 8.426585197448730469e-01
4.446219482421875000e+02 5.554656982421875000e-01 2.926719427108764648e+00 8.410692214965820312e-01 3.253867626190185547e+00 9.894836544990539551e-01
2.748427124023437500e+02 4.209125041961669922e-01 2.635194778442382812e+00 1.311182975769042969e-01 -4.257369995117187500e+00 8.665353655815124512e-01
2.788609008789062500e+02 4.528974890708923340e-01 2.589664459228515625e+00 8.850669860839843750e-01 -5.719281196594238281e+00 1.089316606521606445e+00
2.783268432617187500e+02 4.433069825172424316e-01 2.825942039489746094e+00 6.313157081604003906e-01 -3.975346088409423828e+00 1.140034317970275879e+00
2.117504882812500000e+02 5.145530700683593750e-01 2.923331260681152344e+00 8.435368537902832031e-01 1.409196853637695312e+00 6.703511476516723633e-01
3.396476135253906250e+02 4.573029279708862305e-01 2.548668622970581055e+00 7.353663444519042969e-01 1.373405456542968750e+00 1.592209339141845703e+00
5.501284790039062500e+02 3.807348012924194336e-01 2.346549272537231445e+00 5.028200149536132812e-01 -4.618418216705322266e-01 2.554841518402099609e+00
4.522171936035156250e+02 4.696167707443237305e-01 2.821748971939086914e+00 1.091051101684570312e-01 1.434152126312255859e+00 9.347745180130004883e-01
3.547708740234375000e+02 3.631518483161926270e-01 2.551002264022827148e+00 4.215621948242187500e-01 -2.971978187561035156e+00 1.119421049952507019e-01
6.484401702880859375e+01 4.788804054260253906e-01 2.974072456359863281e+00 3.502202033996582031e-01 6.283044815063476562e-01 1.972311019897460938e+00
1.030299758911132812e+02 3.910153508186340332e-01 2.526745080947875977e+00 8.557486534118652344e-01 3.863048553466796875e+00 5.709772929549217224e-02
2.634687805175781250e+02 4.219260215759277344e-01 2.533658742904663086e+00 8.246517181396484375e-01 1.103706359863281250e+00 3.174367189407348633e+00
6.905429077148437500e+02 4.059042930603027344e-01 2.502285242080688477e+00 6.077361106872558594e-01 -2.581737041473388672e+00 3.148475885391235352e-01
9.532459259033203125e+01 2.982370257377624512e-01 2.532216310501098633e+00 3.220605850219726562e-01 1.804571151733398438e+00 3.599542081356048584e-01
4.371143188476562500e+02 4.023387432098388672e-01 2.482886791229248047e+00 6.724190711975097656e-01 -1.661726236343383789e+00 6.917583942413330078e-02
5.893634033203125000e+01 2.656537294387817383e-01 2.380107164382934570e+00 3.436088562011718750e-01 5.593395233154296875e-01 7.165385484695434570e-01
2.592467346191406250e+02 4.720731377601623535e-01 2.993245124816894531e+00 5.178594589233398438e-01 1.132514476776123047e+00 4.288384020328521729e-01
4.012009811401367188e+01 6.066123843193054199e-01 3.233161211013793945e+00 1.057713031768798828e+00 -1.046477556228637695e+00 7.715637087821960449e-01
3.327308349609375000e+02 5.122676491737365723e-01 2.758119821548461914e+00 2.322316169738769531e-01 -2.182844877243041992e+00 1.290875673294067383e+00
2.590669555664062500e+02 2.650221586227416992e-01 2.832052707672119141e+00 6.312131881713867188e-01 -2.567464113235473633e+00 2.142611980438232422e+00
4.961599426269531250e+02 3.563334941864013672e-01 2.496326208114624023e+00 5.821633338928222656e-01 7.830095291137695312e-01 3.482298851013183594e+00
2.320791435241699219e+01 3.979624509811401367e-01 2.465089321136474609e+00 7.481169700622558594e-01 -2.457785606384277344e+00 1.108632683753967285e+00
3.315478210449218750e+02 6.341157555580139160e-01 3.060398817062377930e+00 1.372878551483154297e+00 2.224285602569580078e+00 2.351947784423828125e+00
1.494685974121093750e+02 4.398871660232543945e-01 2.337418794631958008e+00 2.266192436218261719e-01 2.684974670410156250e-01 4.926466643810272217e-01
5.280825805664062500e+02 4.475319981575012207e-01 2.506575584411621094e+00 4.418110847473144531e-01 -8.005499839782714844e-02 2.477594852447509766e+00
2.685307006835937500e+02 6.188775897026062012e-01 3.359270811080932617e+00 4.723906517028808594e-01 9.558010101318359375e-01 5.201425552368164062e-01
3.299888000488281250e+02 3.454034924507141113e-01 2.370264053344726562e+00 7.711267471313476562e-01 2.504062652587890625e+00 1.887236237525939941e+00
6.462050781250000000e+02 3.690312504768371582e-01 2.761565685272216797e+00 7.120895385742187500e-01 6.708765029907226562e-01 2.108932495117187500e+00
4.641907653808593750e+02 2.278964519500732422e-01 2.208489894866943359e+00 3.826689720153808594e-01 1.417539119720458984e+00 1.778384327888488770e+00
7.228720703125000000e+02 2.917391061782836914e-01 2.111575841903686523e+00 5.579757690429687500e-01 -5.612191200256347656e+00 5.197035789489746094e+00
1.664539031982421875e+02 3.324804306030273438e-01 2.576727628707885742e+00 4.770970344543457031e-01 -1.074492931365966797e-01 2.395602941513061523e+00
2.811407470703125000e+02 4.768621325492858887e-01 2.701314687728881836e+00 3.276109695434570312e-01 1.827287673950195312e-01 1.069308996200561523e+00
5.831094970703125000e+02 3.616258502006530762e-01 2.585448741912841797e+00 9.225368499755859375e-02 1.131436824798583984e+00 3.072032630443572998e-01
6.539364624023437500e+02 4.368621706962585449e-01 2.640660047531127930e+00 2.880477905273437500e-01 -2.568823099136352539e+00 2.945402860641479492e-01
2.608916931152343750e+02 4.813991785049438477e-01 2.797226667404174805e+00 6.553316116333007812e-01 -3.745555877685546875e-01 4.421079456806182861e-01
3.981553039550781250e+02 4.577619433403015137e-01 2.764158010482788086e+00 6.189179420471191406e-01 3.992710113525390625e+00 1.109061479568481445e+00
4.782358093261718750e+02 3.441895246505737305e-01 2.295231819152832031e+00 5.942893028259277344e-01 1.257698535919189453e+00 2.078769445419311523e+00
2.972771606445312500e+02 3.979529738426208496e-01 2.501311302185058594e+00 5.665302276611328125e-01 -1.206660270690917969e-01 1.440154552459716797e+00
4.338665161132812500e+02 3.612526655197143555e-01 2.665599584579467773e+00 2.963495254516601562e-01 7.681703567504882812e-01 5.442889928817749023e-01
2.257518310546875000e+02 5.210114717483520508e-01 2.948607683181762695e+00 6.795310974121093750e-01 3.113198280334472656e+00 4.728714823722839355e-01
6.703341674804687500e+02 4.459223151206970215e-01 2.489597558975219727e+00 6.523871421813964844e-01 -1.563086509704589844e+00 1.915807604789733887e+00
2.352804718017578125e+02 5.233464241027832031e-01 2.724136829376220703e+00 7.799077033996582031e-01 2.415351867675781250e+00 3.656323254108428955e-02
5.265468750000000000e+02 4.452984333038330078e-01 2.372925996780395508e+00 1.358723640441894531e-01 -4.665088653564453125e-01 2.613605260848999023e+00
4.621605529785156250e+02 3.988195061683654785e-01 2.723689317703247070e+00 1.597905158996582031e-01 -4.101985931396484375e+00 1.358460307121276855e+00
5.688752441406250000e+02 4.459017515182495117e-01 2.824404239654541016e+00 2.783584594726562500e-01 -7.700920104980468750e-02 5.239076614379882812e-01
3.604826965332031250e+02 5.167608857154846191e-01 2.790818929672241211e+00 6.708860397338867188e-02 -5.895540714263916016e+00 6.064873933792114258e-01
3.839974060058593750e+02 2.609276771545410156e-01 2.497721433639526367e+00 1.708173751831054688e-01 -4.305242538452148438e+00 1.530310630798339844e+00
5.220852661132812500e+02 4.516100287437438965e-01 3.027982711791992188e+00 2.215862274169921875e-01 2.973487377166748047e+00 5.081575512886047363e-01
3.691784667968750000e+02 4.740742444992065430e-01 2.740102291107177734e+00 5.730247497558593750e-01 -2.566778659820556641e+00 8.083558082580566406e-02
3.792489624023437500e+02 5.869820117950439453e-01 3.000268459320068359e+00 4.092383384704589844e-01 -3.628659248352050781e+00 7.568646669387817383e-01
4.314518432617187500e+02 5.815346240997314453e-01 3.313605308532714844e+00 4.242610931396484375e-01 1.063687801361083984e+00 1.558600902557373047e+00
7.556528320312500000e+02 4.694769382476806641e-01 2.700881242752075195e+00 1.555061340332031250e-01 -5.416393280029296875e+00 2.662124872207641602e+00
3.467572326660156250e+02 4.927529692649841309e-01 2.753208875656127930e+00 1.598954200744628906e-01 2.815692424774169922e+00 9.001928567886352539e-01
3.011479187011718750e+02 4.233420491218566895e-01 2.722218990325927734e+00 5.917668342590332031e-01 -2.592334747314453125e+00 2.567032814025878906e+00
2.092528991699218750e+02 4.989358186721801758e-01 2.899930953979492188e+00 4.754972457885742188e-01 -1.136838197708129883e+00 1.598042368888854980e+00
1.712380523681640625e+02 4.366195201873779297e-01 2.814014673233032227e+00 6.176638603210449219e-01 -1.059114933013916016e+00 1.639956831932067871e+00
5.455493774414062500e+02 2.978985309600830078e-01 2.523111820220947266e+00 3.659629821777343750e-01 8.476281166076660156e-01 1.558065176010131836e+00
1.128991603851318359e+01 4.841911792755126953e-01 2.770180225372314453e+00 3.650689125061035156e-01 1.750040054321289062e-01 1.027660846710205078e+00
3.745150451660156250e+02 4.350291490554809570e-01 2.577414989471435547e+00 3.810644149780273438e-01 3.056116104125976562e+00 2.078375101089477539e+00
6.133364257812500000e+02 5.592713952064514160e-01 2.704501628875732422e+00 1.173448562622070312e-01 4.885673522949218750e-02 1.512732654809951782e-01
2.410370178222656250e+02 5.591569542884826660e-01 3.003369808197021484e+00 5.216550827026367188e-01 -1.454429626464843750e+00 1.856066942214965820e+00
3.087961120605468750e+02 4.990087747573852539e-01 2.634640693664550781e+00 1.794505119323730469e-01 -1.039799451828002930e+00 1.195476055145263672e+00
8.691579437255859375e+01 4.062865972518920898e-01 2.596100091934204102e+00 5.738401412963867188e-01 -8.741104602813720703e-01 6.776190996170043945e-01
2.514133911132812500e+02 5.506475567817687988e-01 2.996965169906616211e+00 2.342152595520019531e-01 -2.662059068679809570e+00 1.566808223724365234e+00
6.285422973632812500e+02 5.040767192840576172e-01 3.053996086120605469e+00 7.893872261047363281e-01 2.825345993041992188e+00 9.696539640426635742e-01
3.447859191894531250e+02 3.644584417343139648e-01 2.590964317321777344e+00 6.058549880981445312e-01 -9.558510780334472656e-01 2.824023663997650146e-01
1.758205718994140625e+02 3.469398617744445801e-01 2.461013555526733398e+00 7.155299186706542969e-01 2.061462402343750000e-01 1.321039795875549316e+00
4.070798339843750000e+02 4.723681807518005371e-01 2.729902267456054688e+00 9.400153160095214844e-01 -2.000806331634521484e+00 9.262654930353164673e-02
5.035058593750000000e+02 4.054113030433654785e-01 2.442566156387329102e+00 6.911778450012207031e-01 3.017272949218750000e+00 7.325226664543151855e-01
4.582999572753906250e+02 4.350908398628234863e-01 2.939005136489868164e+00 8.422613143920898438e-01 1.901423931121826172e+00 8.789888024330139160e-01
5.039388732910156250e+02 4.048251509666442871e-01 2.521961212158203125e+00 9.606218338012695312e-01 -1.316183805465698242e+00 7.395949959754943848e-01
6.181237792968750000e+02 3.256180882453918457e-01 2.377347946166992188e+00 4.900765419006347656e-01 1.398236751556396484e+00 1.529948115348815918e-01
3.317742614746093750e+02 3.917949795722961426e-01 2.801183462142944336e+00 5.892205238342285156e-01 5.421018600463867188e-01 2.036182433366775513e-01
1.620115356445312500e+02 4.492049813270568848e-01 2.565606117248535156e+00 3.459239006042480469e-01 -3.360466957092285156e+00 1.931890368461608887e+00
3.551872863769531250e+02 4.727898240089416504e-01 2.920372724533081055e+00 5.360531806945800781e-01 1.842269897460937500e+00 2.635485887527465820e+00
1.965528259277343750e+02 3.426687121391296387e-01 2.247642755508422852e+00 6.711292266845703125e-01 1.070854663848876953e+00 2.171289920806884766e-01
3.612709655761718750e+02 4.675521850585937500e-01 2.692595481872558594e+00 5.796551704406738281e-01 1.374650001525878906e-01 2.015850067138671875e+00
6.299793701171875000e+02 4.576054811477661133e-01 2.476392030715942383e+00 1.476860046386718750e-01 -5.477440357208251953e-01 2.299374103546142578e+00
3.108358764648437500e+01 4.752715826034545898e-01 2.757785797119140625e+00 5.329680442810058594e-01 2.186832427978515625e+00 9.312505722045898438e-01
3.337471313476562500e+02 3.391421437263488770e-01 2.628566503524780273e+00 5.661630630493164062e-01 1.825077533721923828e+00 1.023009538650512695e+00
4.224028015136718750e+02 4.863237142562866211e-01 2.599124908447265625e+00 3.069829940795898438e-01 3.346807956695556641e+00 2.825615167617797852e+00
3.796439514160156250e+02 3.400605320930480957e-01 2.329480409622192383e+00 3.783679008483886719e-01 2.576811313629150391e+00 1.532844424247741699e+00
