0.000000000000000000e+00 -8.682025074958801270e-01 4.129707440733909607e-02 0.000000000000000000e+00
1.811149978637695312e+01 -5.759438872337341309e-01 7.710125297307968140e-02 0.000000000000000000e+00
2.804154014587402344e+01 -8.035784959793090820e-02 1.793544888496398926e-01 0.000000000000000000e+00
5.606259918212890625e+01 -4.415931180119514465e-03 8.910737931728363037e-02 0.000000000000000000e+00
7.498059844970703125e+01 7.911652922630310059e-01 9.339479357004165649e-02 0.000000000000000000e+00
1.800000000000000000e+02 1.075064539909362793e+00 1.084808111190795898e-01 0.000000000000000000e+00
1.981114959716796875e+02 6.407838463783264160e-01 1.782898157835006714e-01 0.000000000000000000e+00
2.080415344238281250e+02 6.766116023063659668e-01 4.707174003124237061e-02 0.000000000000000000e+00
2.360626068115234375e+02 5.590719580650329590e-01 1.227788976393640041e-03 0.000000000000000000e+00
2.549806060791015625e+02 2.341894209384918213e-01 1.836979936342686415e-04 0.000000000000000000e+00
2.841767272949218750e+02 7.228932380676269531e-01 2.136003039777278900e-02 0.000000000000000000e+00
2.931998291015625000e+02 9.617216587066650391e-01 1.310108453035354614e-01 0.000000000000000000e+00
3.131186218261718750e+02 5.354112982749938965e-01 9.089253097772598267e-02 0.000000000000000000e+00
3.250541381835937500e+02 3.357261717319488525e-01 1.132427714765071869e-02 0.000000000000000000e+00
3.402011108398437500e+02 6.157895326614379883e-01 5.924124643206596375e-02 0.000000000000000000e+00
3.440451965332031250e+02 7.859030365943908691e-01 1.051917076110839844e-01 0.000000000000000000e+00
3.589731140136718750e+02 5.429221987724304199e-01 1.549106836318969727e-01 0.000000000000000000e+00
3.769408264160156250e+02 4.790664613246917725e-01 2.054600566625595093e-01 0.000000000000000000e+00
3.949539489746093750e+02 -1.395261436700820923e-01 9.713084250688552856e-02 0.000000000000000000e+00
4.030041198730468750e+02 -1.586310863494873047e-01 9.728496894240379333e-03 0.000000000000000000e+00
4.249471130371093750e+02 -3.742567598819732666e-01 1.780311912298202515e-01 0.000000000000000000e+00
4.369428100585937500e+02 -3.718041777610778809e-01 2.427386194467544556e-01 0.000000000000000000e+00
4.641767272949218750e+02 6.399241834878921509e-02 9.852199582383036613e-04 0.000000000000000000e+00
4.731998291015625000e+02 1.491368860006332397e-01 3.068516030907630920e-03 0.000000000000000000e+00
4.931186218261718750e+02 4.621501564979553223e-01 2.411096096038818359e-01 0.000000000000000000e+00
5.050541381835937500e+02 1.678586602210998535e-01 4.446267336606979370e-02 0.000000000000000000e+00
5.202011108398437500e+02 -4.555782303214073181e-02 7.480631116777658463e-03 0.000000000000000000e+00
5.240452270507812500e+02 -9.312168508768081665e-02 1.524097193032503128e-02 0.000000000000000000e+00
5.389730834960937500e+02 1.251198649406433105e-01 7.773903757333755493e-02 0.000000000000000000e+00
5.569407958984375000e+02 3.026839494705200195e-01 1.107314154505729675e-01 0.000000000000000000e+00
5.749539794921875000e+02 8.606801182031631470e-02 1.129957661032676697e-01 0.000000000000000000e+00
5.830041503906250000e+02 1.024878993630409241e-01 8.749303966760635376e-02 0.000000000000000000e+00
6.049470825195312500e+02 3.360157310962677002e-01 2.359006851911544800e-01 0.000000000000000000e+00
6.169428100585937500e+02 8.219544887542724609e-01 8.668147027492523193e-02 0.000000000000000000e+00
6.402323608398437500e+02 1.154479980468750000e+00 2.213593572378158569e-01 0.000000000000000000e+00
6.732196044921875000e+02 1.109352469444274902e+00 2.942292392253875732e-02 0.000000000000000000e+00
6.801918334960937500e+02 1.692534446716308594e+00 2.375076264142990112e-01 0.000000000000000000e+00
6.931060180664062500e+02 1.891056299209594727e+00 1.669420599937438965e-01 0.000000000000000000e+00
7.032150268554687500e+02 2.283172369003295898e+00 8.448584936559200287e-03 0.000000000000000000e+00
7.141195068359375000e+02 2.577673673629760742e+00 1.132977902889251709e-01 0.000000000000000000e+00
7.300828857421875000e+02 2.641479015350341797e+00 9.796981513500213623e-02 0.000000000000000000e+00
7.510507202148437500e+02 1.922707676887512207e+00 1.423681527376174927e-01 0.000000000000000000e+00
7.609748535156250000e+02 2.293217658996582031e+00 1.236151084303855896e-01 0.000000000000000000e+00
7.789698486328125000e+02 2.369711399078369141e+00 1.299075484275817871e-01 0.000000000000000000e+00
7.989693603515625000e+02 2.598437309265136719e+00 8.573918603360652924e-03 0.000000000000000000e+00
8.332874755859375000e+02 2.478468179702758789e+00 1.244302024133503437e-03 0.000000000000000000e+00
8.571845092773437500e+02 2.583864688873291016e+00 8.751295506954193115e-02 0.000000000000000000e+00
8.621216430664062500e+02 2.746697187423706055e+00 7.851292937994003296e-02 0.000000000000000000e+00
8.820219116210937500e+02 2.300500631332397461e+00 9.887513518333435059e-02 0.000000000000000000e+00
8.890042724609375000e+02 2.427501201629638672e+00 1.784279048442840576e-01 0.000000000000000000e+00
9.030872802734375000e+02 2.159966945648193359e+00 4.988171160221099854e-02 0.000000000000000000e+00
9.170841064453125000e+02 2.327014923095703125e+00 9.850360453128814697e-02 0.000000000000000000e+00
9.329468383789062500e+02 2.086416959762573242e+00 1.929738968610763550e-01 0.000000000000000000e+00
9.479470825195312500e+02 2.368556261062622070e+00 1.860630661249160767e-01 0.000000000000000000e+00
9.659548950195312500e+02 2.828405141830444336e+00 2.593225613236427307e-02 0.000000000000000000e+00
1.002207031250000000e+03 2.510343074798583984e+00 8.597039617598056793e-03 0.000000000000000000e+00
1.015190246582031250e+03 2.675608873367309570e+00 1.270880997180938721e-01 0.000000000000000000e+00
1.034228027343750000e+03 2.216916084289550781e+00 1.089440006762742996e-02 0.000000000000000000e+00
1.049122070312500000e+03 2.188222646713256836e+00 2.215044386684894562e-02 0.000000000000000000e+00
1.061197875976562500e+03 2.060017108917236328e+00 1.509065330028533936e-01 0.000000000000000000e+00
1.069036254882812500e+03 2.176829338073730469e+00 4.628174751996994019e-02 0.000000000000000000e+00
1.089021606445312500e+03 1.882085323333740234e+00 1.408056765794754028e-01 0.000000000000000000e+00
1.105114135742187500e+03 1.761583328247070312e+00 1.030457392334938049e-02 0.000000000000000000e+00
1.122003784179687500e+03 1.622302293777465820e+00 7.422319054603576660e-02 0.000000000000000000e+00
1.139013183593750000e+03 1.658744454383850098e+00 1.487866491079330444e-01 0.000000000000000000e+00
1.177960327148437500e+03 2.213572263717651367e+00 1.915270984172821045e-01 0.000000000000000000e+00
1.186196655273437500e+03 1.737788081169128418e+00 4.857777804136276245e-02 0.000000000000000000e+00
1.207211547851562500e+03 1.482635259628295898e+00 1.879403889179229736e-01 0.000000000000000000e+00
1.221126098632812500e+03 1.486709594726562500e+00 8.148281276226043701e-02 0.000000000000000000e+00
1.234109375000000000e+03 1.351714849472045898e+00 9.669212624430656433e-03 0.000000000000000000e+00
1.245109863281250000e+03 1.434507608413696289e+00 5.158668011426925659e-02 0.000000000000000000e+00
1.259072875976562500e+03 1.250249505043029785e+00 1.008893847465515137e-01 0.000000000000000000e+00
1.275130981445312500e+03 9.421246051788330078e-01 3.571810899302363396e-03 0.000000000000000000e+00
1.295011596679687500e+03 6.960023641586303711e-01 1.045873481780290604e-02 0.000000000000000000e+00
1.314968505859375000e+03 1.048178315162658691e+00 1.155357435345649719e-01 0.000000000000000000e+00
1.326000610351562500e+03 6.641145944595336914e-01 4.408274963498115540e-02 0.000000000000000000e+00
1.365226318359375000e+03 8.416836857795715332e-01 9.843979030847549438e-03 0.000000000000000000e+00
1.383167236328125000e+03 7.719881534576416016e-01 5.038664117455482483e-02 0.000000000000000000e+00
1.393160034179687500e+03 6.570224165916442871e-01 6.037214770913124084e-02 0.000000000000000000e+00
1.407285644531250000e+03 5.728574991226196289e-01 7.820569723844528198e-02 0.000000000000000000e+00
1.420026000976562500e+03 3.467370271682739258e-01 1.702530831098556519e-01 0.000000000000000000e+00
1.437209472656250000e+03 8.572317957878112793e-01 1.153657808899879456e-01 0.000000000000000000e+00
1.439129394531250000e+03 1.293181419372558594e+00 1.421211808919906616e-01 0.000000000000000000e+00
1.459063842773437500e+03 1.304335236549377441e+00 1.044781878590583801e-01 0.000000000000000000e+00
1.468083374023437500e+03 1.309952616691589355e+00 1.315912455320358276e-01 0.000000000000000000e+00
1.472981079101562500e+03 1.321689248085021973e+00 4.957243800163269043e-02 0.000000000000000000e+00
1.489072265625000000e+03 1.379898309707641602e+00 1.091372147202491760e-01 0.000000000000000000e+00
1.500028198242187500e+03 1.484007835388183594e+00 2.265788614749908447e-02 0.000000000000000000e+00
1.519955078125000000e+03 1.171324014663696289e+00 1.105018258094787598e-01 0.000000000000000000e+00
1.531957885742187500e+03 1.205565214157104492e+00 5.902001634240150452e-02 0.000000000000000000e+00
1.556180664062500000e+03 6.889793276786804199e-01 4.657754674553871155e-02 0.000000000000000000e+00
1.567176025390625000e+03 8.790967464447021484e-01 1.026846766471862793e-01 0.000000000000000000e+00
1.583209594726562500e+03 9.770029783248901367e-01 1.029006764292716980e-01 0.000000000000000000e+00
1.593210937500000000e+03 8.598109483718872070e-01 8.081188052892684937e-02 0.000000000000000000e+00
1.611081420898437500e+03 5.981494188308715820e-01 7.979221642017364502e-02 0.000000000000000000e+00
1.618058837890625000e+03 2.211329489946365356e-01 4.520215839147567749e-02 0.000000000000000000e+00
1.631994873046875000e+03 8.221324682235717773e-01 6.319417804479598999e-02 0.000000000000000000e+00
1.644141723632812500e+03 8.104183077812194824e-01 4.235522076487541199e-02 0.000000000000000000e+00
1.651038452148437500e+03 6.929560899734497070e-01 4.018538072705268860e-02 0.000000000000000000e+00
1.660004394531250000e+03 9.236333370208740234e-01 1.456410437822341919e-01 0.000000000000000000e+00
1.675947509765625000e+03 1.033260464668273926e+00 1.687010526657104492e-01 0.000000000000000000e+00
1.685982177734375000e+03 8.757436275482177734e-01 1.366446465253829956e-01 0.000000000000000000e+00
1.707952148437500000e+03 7.242736220359802246e-01 1.022026594728231430e-02 0.000000000000000000e+00
1.736204833984375000e+03 1.436144560575485229e-01 2.949478924274444580e-01 0.000000000000000000e+00
1.746258056640625000e+03 3.817582875490188599e-02 1.137738898396492004e-01 0.000000000000000000e+00
1.760130615234375000e+03 -1.111541092395782471e-01 2.272716611623764038e-01 0.000000000000000000e+00
1.789104614257812500e+03 -4.990961253643035889e-01 1.211144123226404190e-02 0.000000000000000000e+00
1.802108154296875000e+03 -3.816908597946166992e-01 9.558595716953277588e-02 0.000000000000000000e+00
1.807093017578125000e+03 -5.483468174934387207e-01 3.718685731291770935e-02 0.000000000000000000e+00
1.821081420898437500e+03 -1.639285236597061157e-01 2.173896878957748413e-01 0.000000000000000000e+00
1.830055175781250000e+03 -8.896892666816711426e-01 1.072814017534255981e-01 0.000000000000000000e+00
1.841965332031250000e+03 -8.009514212608337402e-01 1.423492282629013062e-02 0.000000000000000000e+00
1.851958374023437500e+03 -6.612704992294311523e-01 1.959275156259536743e-01 0.000000000000000000e+00
1.862994628906250000e+03 -6.539457440376281738e-01 1.856654137372970581e-02 0.000000000000000000e+00
1.878999023437500000e+03 -9.734910130500793457e-01 1.632321625947952271e-02 0.000000000000000000e+00
1.916204833984375000e+03 -1.123831391334533691e+00 2.447975240647792816e-02 0.000000000000000000e+00
1.926258056640625000e+03 -9.652032852172851562e-01 1.653654277324676514e-01 0.000000000000000000e+00
1.940130615234375000e+03 -1.136252641677856445e+00 2.561778724193572998e-01 0.000000000000000000e+00
1.969104614257812500e+03 -1.357190728187561035e+00 1.572201997041702271e-01 0.000000000000000000e+00
1.982108154296875000e+03 -1.158193469047546387e+00 3.356130793690681458e-02 0.000000000000000000e+00
1.987093017578125000e+03 -1.071145415306091309e+00 1.547690182924270630e-01 0.000000000000000000e+00
2.001081420898437500e+03 -9.132434129714965820e-01 2.380202058702707291e-03 0.000000000000000000e+00
2.010055175781250000e+03 -1.475623369216918945e+00 1.405876725912094116e-01 0.000000000000000000e+00
2.021965332031250000e+03 -9.416760206222534180e-01 4.590992815792560577e-03 0.000000000000000000e+00
2.031958374023437500e+03 -7.410662174224853516e-01 8.390580862760543823e-02 0.000000000000000000e+00
2.042994628906250000e+03 -9.483169913291931152e-01 1.673234999179840088e-01 0.000000000000000000e+00
2.058999023437500000e+03 -5.310836434364318848e-01 2.880654036998748779e-01 0.000000000000000000e+00
2.122200683593750000e+03 -2.192572057247161865e-01 2.494668215513229370e-02 0.000000000000000000e+00
2.181073974609375000e+03 4.017560482025146484e-01 6.874863058328628540e-02 0.000000000000000000e+00
2.302200683593750000e+03 4.524441957473754883e-01 6.011879816651344299e-02 0.000000000000000000e+00
2.361073974609375000e+03 1.184628486633300781e+00 2.153689265251159668e-01 0.000000000000000000e+00
