2.162528533935546875e+02 2.027577400207519531e+00 7.152153968811035156e+00 1.744699478149414062e+00 1.767961502075195312e+00 3.768864572048187256e-01
2.141941375732421875e+02 1.215746164321899414e+00 5.371860027313232422e+00 -1.719558715820312500e+00 1.987438201904296875e-01 3.757734894752502441e-01
1.585432128906250000e+02 3.546380996704101562e+00 1.020831584930419922e+01 1.649368286132812500e+01 5.390901565551757812e+00 2.942233085632324219e-01
1.407427978515625000e+02 3.746482849121093750e+00 1.014502048492431641e+01 1.078915786743164062e+01 2.912624359130859375e+00 1.975826919078826904e-01
1.377218322753906250e+02 1.123812675476074219e+00 5.634395599365234375e+00 -3.332824707031250000e+00 -5.078887939453125000e-02 2.316980361938476562e-01
1.840305023193359375e+02 8.345389366149902344e-01 4.909958839416503906e+00 -9.432697296142578125e-01 5.954170227050781250e-01 4.679822623729705811e-01
2.312177124023437500e+02 1.798220396041870117e+00 6.748209476470947266e+00 -2.855987548828125000e+00 -5.976047515869140625e-01 5.823889970779418945e-01
2.031751861572265625e+02 3.852024078369140625e+00 1.073367500305175781e+01 1.302079772949218750e+01 5.913024902343750000e+00 4.110825657844543457e-01
1.713550720214843750e+02 3.991184711456298828e+00 1.096417617797851562e+01 9.482629776000976562e+00 1.596109390258789062e+00 1.785083264112472534e-01
2.071731872558593750e+02 1.928999423980712891e+00 7.038428306579589844e+00 -7.428016662597656250e-01 7.386417388916015625e-01 5.970475673675537109e-01
2.091357879638671875e+02 2.096576690673828125e+00 7.532595634460449219e+00 -5.086820602416992188e+00 -1.269086837768554688e+00 4.371089041233062744e-01
2.040142974853515625e+02 1.364367008209228516e+00 5.937492370605468750e+00 1.056253433227539062e+00 2.194326400756835938e+00 5.368649363517761230e-01
1.366133575439453125e+02 3.584521293640136719e+00 1.019188308715820312e+01 1.304249191284179688e+01 2.929918289184570312e+00 2.157858610153198242e-01
1.403934478759765625e+02 2.367475986480712891e+00 7.892418384552001953e+00 3.664875030517578125e+00 1.575321197509765625e+00 3.620014786720275879e-01
1.909500122070312500e+02 2.152210712432861328e+00 7.385813236236572266e+00 -4.678063392639160156e+00 -5.613250732421875000e-01 2.638151645660400391e-01
1.611214599609375000e+02 1.525881052017211914e+00 6.364219665527343750e+00 1.667692184448242188e+00 8.045692443847656250e-01 2.570668160915374756e-01
2.323895721435546875e+02 1.777971744537353516e+00 6.668296813964843750e+00 3.698539733886718750e-01 1.009384155273437500e+00 3.929457068443298340e-01
1.488174743652343750e+02 1.173025369644165039e+00 5.157175064086914062e+00 -4.179210662841796875e-01 2.916145324707031250e-01 2.112539708614349365e-01
1.505876464843750000e+02 2.350231170654296875e+00 7.372893333435058594e+00 -3.374641418457031250e+00 -2.012691497802734375e-01 2.629050910472869873e-01
2.057976226806640625e+02 1.757055282592773438e+00 6.440096855163574219e+00 -9.081878662109375000e-01 3.817462921142578125e-01 2.509574294090270996e-01
2.379194946289062500e+02 2.383928775787353516e+00 7.566063404083251953e+00 -4.133838653564453125e+00 -1.348964691162109375e+00 4.635801613330841064e-01
1.361745910644531250e+02 1.088490009307861328e+00 5.330255031585693359e+00 -8.829708099365234375e-01 1.950149536132812500e-01 3.582760691642761230e-01
1.618843383789062500e+02 1.164402484893798828e+00 5.419623374938964844e+00 -1.061956405639648438e+00 9.425735473632812500e-02 3.474245965480804443e-01
1.912448272705078125e+02 1.622256278991699219e+00 6.474647045135498047e+00 -2.859123229980468750e+00 -1.068840026855468750e-01 2.583826482295989990e-01
2.087267150878906250e+02 9.677755832672119141e-01 4.997524738311767578e+00 -2.055252075195312500e+00 7.931098937988281250e-01 6.406313180923461914e-01
2.156746673583984375e+02 1.056620359420776367e+00 5.017681121826171875e+00 -9.572582244873046875e-01 2.130908966064453125e-01 2.988481223583221436e-01
2.216560821533203125e+02 1.058078765869140625e+00 5.160361289978027344e+00 -7.516975402832031250e-01 2.994823455810546875e-01 3.032098412513732910e-01
1.830420074462890625e+02 1.285020112991333008e+00 5.445659160614013672e+00 -9.452438354492187500e-02 4.808654785156250000e-01 1.723262965679168701e-01
2.044194183349609375e+02 1.230698108673095703e+00 5.426107883453369141e+00 3.617097854614257812e+00 1.769554138183593750e+00 3.009924888610839844e-01
1.438789825439453125e+02 2.373120307922363281e+00 7.701004981994628906e+00 5.293083190917968750e-01 8.429222106933593750e-01 2.698199748992919922e-01
1.929464569091796875e+02 1.172404289245605469e+00 5.239774227142333984e+00 1.541900634765625000e-01 8.862915039062500000e-01 3.261782228946685791e-01
2.177830657958984375e+02 1.047952175140380859e+00 5.010024547576904297e+00 -1.261341094970703125e+00 1.682434082031250000e-01 5.258297324180603027e-01
2.098795928955078125e+02 1.180834531784057617e+00 5.157051086425781250e+00 -1.962280273437500000e+00 -5.797386169433593750e-02 4.875679612159729004e-01
1.664110107421875000e+02 1.350731372833251953e+00 5.741446018218994141e+00 2.598075866699218750e-01 1.032447814941406250e+00 6.348826885223388672e-01
2.070052642822265625e+02 1.653816699981689453e+00 6.117937088012695312e+00 -4.238873481750488281e+00 -3.651065826416015625e-01 1.890089362859725952e-01
1.584860076904296875e+02 1.778547763824462891e+00 6.846586227416992188e+00 -4.190202713012695312e+00 -7.535820007324218750e-01 3.685429096221923828e-01
1.757419586181640625e+02 1.046750068664550781e+00 5.044701576232910156e+00 1.366786956787109375e+00 1.499095916748046875e+00 3.602500259876251221e-01
1.970700073242187500e+02 1.626510143280029297e+00 6.093561649322509766e+00 -1.788978576660156250e+00 -1.628322601318359375e-01 3.061016201972961426e-01
1.516529693603515625e+02 1.782200098037719727e+00 6.201841354370117188e+00 -4.162736892700195312e+00 -1.186464309692382812e+00 3.863174021244049072e-01
2.301842041015625000e+02 1.574638605117797852e+00 6.090651512145996094e+00 -5.423716545104980469e+00 -1.185493469238281250e+00 3.635048568248748779e-01
1.966716308593750000e+02 9.800925254821777344e-01 5.224237442016601562e+00 4.112815856933593750e-01 4.661350250244140625e-01 2.857598066329956055e-01
1.835900115966796875e+02 1.126542091369628906e+00 5.111178398132324219e+00 -6.158103942871093750e-01 6.092834472656250000e-02 4.336996376514434814e-01
2.129622650146484375e+02 1.593315362930297852e+00 6.300364017486572266e+00 -1.276494979858398438e+00 3.354721069335937500e-01 5.350867509841918945e-01
7.799032592773437500e+01 1.884353637695312500e+00 6.897462368011474609e+00 -1.619928359985351562e+00 1.676750183105468750e-01 2.493961006402969360e-01
2.268284759521484375e+02 3.818411350250244141e+00 1.056611251831054688e+01 9.337490081787109375e+00 4.038793563842773438e+00 3.613817989826202393e-01
1.650671081542968750e+02 1.193494796752929688e+00 5.342840671539306641e+00 3.929691314697265625e-01 6.725463867187500000e-01 2.403163313865661621e-01
1.999775238037109375e+02 2.961256980895996094e+00 9.067081451416015625e+00 -1.430369186401367188e+01 -3.001863479614257812e+00 2.444348931312561035e-01
1.619231414794921875e+02 3.621326446533203125e+00 1.051728725433349609e+01 -1.245474815368652344e+01 -3.908521652221679688e+00 3.479182422161102295e-01
1.806311798095703125e+02 1.004317283630371094e+00 4.896942138671875000e+00 -1.212053298950195312e+00 2.998886108398437500e-01 3.068233728408813477e-01
1.965223846435546875e+02 9.050610065460205078e-01 5.172966957092285156e+00 6.738395690917968750e-01 1.060525894165039062e+00 3.246055543422698975e-01
2.013902893066406250e+02 1.123934507369995117e+00 5.272501468658447266e+00 -2.253894805908203125e-01 6.065273284912109375e-01 2.910371422767639160e-01
2.198565979003906250e+02 1.171689033508300781e+00 5.226923942565917969e+00 2.729396820068359375e-01 1.492357254028320312e+00 7.800927162170410156e-01
2.142088928222656250e+02 1.872290849685668945e+00 6.857870101928710938e+00 -6.010116577148437500e+00 -8.281707763671875000e-01 2.599051892757415771e-01
2.154930419921875000e+02 1.575990200042724609e+00 6.582015991210937500e+00 -3.606998443603515625e+00 -7.057933807373046875e-01 4.101614654064178467e-01
2.352465362548828125e+02 1.057133674621582031e+00 4.583682060241699219e+00 -1.201198577880859375e+00 9.212875366210937500e-02 3.922848701477050781e-01
2.076809692382812500e+02 1.278899669647216797e+00 5.455695629119873047e+00 1.076822280883789062e+00 1.877807617187500000e+00 5.819998979568481445e-01
2.072792358398437500e+02 2.896623134613037109e+00 8.707986831665039062e+00 -6.640591621398925781e+00 -1.664882659912109375e+00 2.442642748355865479e-01
2.108896026611328125e+02 1.563429117202758789e+00 6.219775199890136719e+00 -5.465175628662109375e+00 -7.917175292968750000e-01 2.470169663429260254e-01
2.089451751708984375e+02 2.621198654174804688e+00 8.399074554443359375e+00 -2.773387908935546875e+00 4.796981811523437500e-02 3.220154345035552979e-01
1.922042846679687500e+02 1.333316802978515625e+00 5.678330898284912109e+00 1.764442443847656250e+00 9.510040283203125000e-01 2.816069722175598145e-01
1.404904174804687500e+02 1.693247318267822266e+00 6.163811683654785156e+00 -1.055438995361328125e+00 1.471538543701171875e-01 4.489468038082122803e-01
2.036728668212890625e+02 1.451027393341064453e+00 5.901113986968994141e+00 -1.284612655639648438e+00 -1.150321960449218750e-02 4.074881076812744141e-01
1.823431701660156250e+02 1.156787872314453125e+00 5.428862571716308594e+00 5.506343841552734375e-01 4.984626770019531250e-01 1.767536997795104980e-01
1.895089111328125000e+02 1.718426465988159180e+00 6.227545738220214844e+00 -1.957433700561523438e+00 -2.468109130859375000e-03 3.563801944255828857e-01
1.877957305908203125e+02 3.800353050231933594e+00 1.071015453338623047e+01 1.302082443237304688e+01 8.017246246337890625e+00 5.061830282211303711e-01
2.229178619384765625e+02 1.603261470794677734e+00 6.449106693267822266e+00 1.416330337524414062e+00 1.141105651855468750e+00 3.088638782501220703e-01
1.919475097656250000e+02 1.793361663818359375e+00 6.626986503601074219e+00 -5.117282867431640625e+00 -1.455978393554687500e+00 5.905423164367675781e-01
2.196931304931640625e+02 3.999643802642822266e+00 1.116686820983886719e+01 1.328813934326171875e+01 7.415456771850585938e+00 4.786472022533416748e-01
1.773364257812500000e+02 1.346651554107666016e+00 5.644518852233886719e+00 -2.138896942138671875e+00 1.720066070556640625e-01 3.212988674640655518e-01
2.215054931640625000e+02 3.480700492858886719e+00 1.040148162841796875e+01 -1.089457416534423828e+01 -3.759561538696289062e+00 4.379320740699768066e-01
2.224199981689453125e+02 2.414461612701416016e+00 8.267751693725585938e+00 1.870107650756835938e+00 1.463956832885742188e+00 4.191125929355621338e-01
2.103605957031250000e+02 1.946190357208251953e+00 7.143238067626953125e+00 1.826060867309570312e+01 8.109043121337890625e+00 4.214842617511749268e-01
1.640697479248046875e+02 3.727220535278320312e+00 1.050019264221191406e+01 -1.201360702514648438e+00 2.671661376953125000e-01 3.088057041168212891e-01
1.654284667968750000e+02 1.805286407470703125e+00 6.921281337738037109e+00 -1.114332199096679688e+00 -1.088733673095703125e-01 4.607539772987365723e-01
2.225390472412109375e+02 1.715623378753662109e+00 6.712503433227539062e+00 -4.857433319091796875e+00 -1.226371765136718750e+00 3.924283683300018311e-01
2.189719390869140625e+02 1.627439498901367188e+00 6.493058681488037109e+00 -6.957015991210937500e-01 1.037105560302734375e+00 6.663277149200439453e-01
1.671057891845703125e+02 2.285970687866210938e+00 7.583908081054687500e+00 -3.825567245483398438e+00 -1.100669860839843750e+00 3.325428366661071777e-01
1.912076110839843750e+02 3.692971706390380859e+00 1.048387050628662109e+01 1.076363754272460938e+01 2.394454956054687500e+00 1.966525614261627197e-01
1.822910003662109375e+02 1.716613292694091797e+00 6.402710437774658203e+00 -6.469438552856445312e+00 -9.786815643310546875e-01 2.521799206733703613e-01
2.044417572021484375e+02 1.598027706146240234e+00 6.271840095520019531e+00 -5.669628143310546875e+00 -1.514369964599609375e+00 3.936355710029602051e-01
1.902342987060546875e+02 1.886412143707275391e+00 6.860997200012207031e+00 -2.256656646728515625e+00 1.744880676269531250e-01 3.418752551078796387e-01
1.938930206298828125e+02 1.736850023269653320e+00 6.428937435150146484e+00 -1.305202484130859375e+00 -3.474426269531250000e-02 2.467851340770721436e-01
2.161209564208984375e+02 2.325791358947753906e+00 7.551795959472656250e+00 -3.252592086791992188e+00 -5.664062500000000000e-01 4.637669324874877930e-01
2.153074798583984375e+02 1.153267145156860352e+00 5.558008193969726562e+00 -9.236030578613281250e-01 7.789421081542968750e-02 3.299181163311004639e-01
2.132474212646484375e+02 1.353344917297363281e+00 5.488063335418701172e+00 -4.502191543579101562e+00 -1.010240554809570312e+00 4.946216344833374023e-01
2.191645660400390625e+02 1.147136211395263672e+00 5.515885353088378906e+00 1.287508010864257812e+00 1.460123062133789062e+00 3.514306545257568359e-01
1.943829956054687500e+02 3.645534515380859375e+00 1.022115993499755859e+01 1.659891891479492188e+01 8.061246871948242188e+00 4.214277565479278564e-01
2.071731872558593750e+02 1.928999423980712891e+00 7.038428306579589844e+00 -7.428016662597656250e-01 7.386417388916015625e-01 5.970475673675537109e-01
2.286458435058593750e+02 1.791711330413818359e+00 6.514657974243164062e+00 -3.707695007324218750e-02 5.075149536132812500e-01 3.305661082267761230e-01
2.224021606445312500e+02 1.241720676422119141e+00 5.684234619140625000e+00 2.152795791625976562e+00 1.017541885375976562e+00 2.165002226829528809e-01
1.779342803955078125e+02 1.319209575653076172e+00 5.600643634796142578e+00 2.452621459960937500e-01 1.492330551147460938e+00 4.439772665500640869e-01
1.736457519531250000e+02 1.405890464782714844e+00 6.093830585479736328e+00 -3.165662765502929688e+00 -1.536064147949218750e-01 2.395572364330291748e-01
1.768061370849609375e+02 1.820465087890625000e+00 6.689432621002197266e+00 -6.161111831665039062e+00 -6.612339019775390625e-01 2.136826515197753906e-01
2.328427734375000000e+02 1.441429615020751953e+00 6.135159015655517578e+00 -2.740310668945312500e+00 -5.559158325195312500e-01 4.370561540126800537e-01
2.062475280761718750e+02 1.143372297286987305e+00 5.059916496276855469e+00 -3.264122009277343750e-01 8.228912353515625000e-01 3.591492474079132080e-01
1.851128997802734375e+02 1.407213211059570312e+00 5.567057132720947266e+00 2.335245132446289062e+00 1.669427871704101562e+00 3.670021593570709229e-01
2.191110839843750000e+02 1.975608348846435547e+00 6.867932319641113281e+00 -1.315155029296875000e+00 3.359756469726562500e-01 3.275874555110931396e-01
2.321999969482421875e+02 1.784012317657470703e+00 6.488187789916992188e+00 -1.229045867919921875e+00 2.112655639648437500e-01 4.405146837234497070e-01
1.392577819824218750e+02 2.060517311096191406e+00 7.496198654174804688e+00 9.465221405029296875e+00 4.098302841186523438e+00 3.568325042724609375e-01
2.029917449951171875e+02 1.363841533660888672e+00 6.213528633117675781e+00 -2.295579910278320312e+00 -2.830715179443359375e-01 2.953580319881439209e-01
1.810726470947265625e+02 1.177099466323852539e+00 5.579502582550048828e+00 -3.070732116699218750e+00 -3.388614654541015625e-01 3.621515035629272461e-01
2.160365600585937500e+02 1.881825447082519531e+00 7.030179977416992188e+00 2.768022537231445312e+00 2.589221954345703125e+00 6.000731587409973145e-01
1.299280853271484375e+02 1.866932868957519531e+00 6.746725082397460938e+00 9.404159545898437500e+00 2.381879806518554688e+00 2.083755135536193848e-01
1.924629516601562500e+02 3.942738056182861328e+00 1.117000579833984375e+01 1.513537597656250000e+01 6.865707397460937500e+00 3.894381225109100342e-01
2.204531707763671875e+02 1.225233078002929688e+00 5.413948535919189453e+00 -3.027883529663085938e+00 -7.178611755371093750e-01 5.217128396034240723e-01
1.555739593505859375e+02 1.804910182952880859e+00 6.516784667968750000e+00 -2.654554367065429688e+00 -4.346809387207031250e-01 2.398961186408996582e-01
1.758970794677734375e+02 3.049798965454101562e+00 9.125761985778808594e+00 -1.214714050292968750e+01 -2.600831985473632812e+00 2.546570301055908203e-01
1.972276916503906250e+02 1.965167045593261719e+00 7.283491611480712891e+00 -1.367664337158203125e-01 2.422447204589843750e-01 2.533049285411834717e-01
2.137443542480468750e+02 1.004334926605224609e+00 5.086389541625976562e+00 -8.411788940429687500e-01 6.079483032226562500e-01 2.681781947612762451e-01
2.151060791015625000e+02 1.590458393096923828e+00 6.648522377014160156e+00 2.242813110351562500e-01 9.942913055419921875e-01 3.535242676734924316e-01
2.113832244873046875e+02 2.126242637634277344e+00 6.987383365631103516e+00 6.394081115722656250e-01 1.214607238769531250e+00 3.890943825244903564e-01
2.188038330078125000e+02 1.435624361038208008e+00 5.646044731140136719e+00 -2.092815399169921875e+00 2.622680664062500000e-01 4.171983599662780762e-01
1.974026489257812500e+02 3.789073944091796875e+00 1.085755157470703125e+01 -5.465728759765625000e+00 -1.234399795532226562e+00 3.359090685844421387e-01
1.589998626708984375e+02 3.365298748016357422e+00 9.731149673461914062e+00 1.927998352050781250e+01 5.005701065063476562e+00 2.454610764980316162e-01
2.277936706542968750e+02 1.030535221099853516e+00 5.102806091308593750e+00 -8.522434234619140625e-01 2.001781463623046875e-01 4.569151699542999268e-01
1.578248901367187500e+02 1.095451831817626953e+00 5.034090518951416016e+00 -1.401798248291015625e+00 3.703308105468750000e-01 2.588677108287811279e-01
2.046199493408203125e+02 3.364517688751220703e+00 9.653309822082519531e+00 6.168716430664062500e+00 3.144853591918945312e+00 4.512977004051208496e-01
1.747236328125000000e+02 2.009360313415527344e+00 7.044833660125732422e+00 -2.313491821289062500e+00 4.011707305908203125e-01 2.211417406797409058e-01
2.040545196533203125e+02 1.308063983917236328e+00 5.620324611663818359e+00 -7.153205871582031250e-01 5.068054199218750000e-01 3.722259998321533203e-01
1.750090179443359375e+02 2.102276802062988281e+00 7.549242973327636719e+00 -3.513948440551757812e+00 -1.032705307006835938e+00 5.076318383216857910e-01
1.694002685546875000e+02 3.662025451660156250e+00 1.049725151062011719e+01 1.889943313598632812e+01 4.734481811523437500e+00 2.265169322490692139e-01
1.817569427490234375e+02 1.703102827072143555e+00 6.447878837585449219e+00 -1.275545120239257812e+00 2.067718505859375000e-01 3.758752048015594482e-01
2.064943084716796875e+02 1.655752658843994141e+00 6.760848522186279297e+00 8.729953765869140625e-01 8.659725189208984375e-01 3.226207196712493896e-01
1.609028320312500000e+02 1.819997072219848633e+00 7.031451225280761719e+00 -2.823167800903320312e+00 -6.166858673095703125e-01 5.748322010040283203e-01
1.458367767333984375e+02 1.077419281005859375e+00 5.045800209045410156e+00 -1.154756546020507812e+00 3.869323730468750000e-01 2.431969344615936279e-01
1.407384796142578125e+02 1.153259754180908203e+00 5.425707817077636719e+00 -1.394069671630859375e+00 3.018379211425781250e-02 2.450960725545883179e-01
1.575128631591796875e+02 2.702716350555419922e+00 8.481085777282714844e+00 -9.593373298645019531e+00 -2.364746093750000000e+00 3.392049074172973633e-01
1.268889160156250000e+02 1.559282064437866211e+00 5.950212478637695312e+00 -4.567442893981933594e+00 -8.827209472656250000e-01 2.988499104976654053e-01
1.976211242675781250e+02 1.468418836593627930e+00 5.617999553680419922e+00 -1.281526565551757812e+00 3.829879760742187500e-01 3.988062143325805664e-01
2.101256408691406250e+02 3.561238765716552734e+00 1.026523494720458984e+01 -6.552005767822265625e+00 -8.544559478759765625e-01 2.572381496429443359e-01
1.630793151855468750e+02 2.068017005920410156e+00 7.268960475921630859e+00 -3.260356903076171875e+00 1.081943511962890625e-01 3.522991538047790527e-01
1.953516540527343750e+02 2.013684272766113281e+00 7.168388843536376953e+00 -2.885707855224609375e+00 -3.631019592285156250e-02 2.447893619537353516e-01
2.109637908935546875e+02 3.971028327941894531e+00 1.103231716156005859e+01 -6.725979804992675781e+00 -1.331466674804687500e+00 3.240822553634643555e-01
1.782917480468750000e+02 1.670561313629150391e+00 6.317563056945800781e+00 -8.174700736999511719e+00 -1.601682662963867188e+00 3.018821477890014648e-01
2.189858703613281250e+02 1.730941295623779297e+00 6.559425354003906250e+00 1.887056350708007812e+00 2.038619995117187500e+00 5.675694942474365234e-01
2.018339233398437500e+02 1.686667442321777344e+00 6.221452713012695312e+00 -1.462533950805664062e+00 1.856327056884765625e-01 2.912673354148864746e-01
1.348908843994140625e+02 1.326630115509033203e+00 5.707921504974365234e+00 -1.142784118652343750e+00 1.960678100585937500e-01 3.505924046039581299e-01
2.159434967041015625e+02 1.083714962005615234e+00 5.299331665039062500e+00 -4.148826599121093750e-01 5.763473510742187500e-01 3.723910152912139893e-01
1.828820648193359375e+02 1.763593196868896484e+00 6.850883960723876953e+00 -9.116477966308593750e-01 5.502433776855468750e-01 4.269733726978302002e-01
2.113685302734375000e+02 1.755238533020019531e+00 6.396262645721435547e+00 3.758277893066406250e-01 1.419904708862304688e+00 6.267961263656616211e-01
2.137511901855468750e+02 2.176523208618164062e+00 7.472903251647949219e+00 -2.574804306030273438e+00 -9.151268005371093750e-02 3.780497312545776367e-01
2.189843597412109375e+02 1.940085649490356445e+00 6.959858894348144531e+00 -8.649311065673828125e-01 5.037345886230468750e-01 4.319910705089569092e-01
7.898900604248046875e+01 1.485371589660644531e+00 5.719946861267089844e+00 5.339660644531250000e-01 4.870185852050781250e-01 2.161155492067337036e-01
1.833701782226562500e+02 1.635345458984375000e+00 6.183224678039550781e+00 9.261360168457031250e-01 8.064632415771484375e-01 3.062924444675445557e-01
1.936653594970703125e+02 1.950067043304443359e+00 7.165119171142578125e+00 6.263925552368164062e+00 4.107849121093750000e+00 4.116199612617492676e-01
1.933676300048828125e+02 2.082883358001708984e+00 7.228289604187011719e+00 -5.670861244201660156e+00 -8.266067504882812500e-01 3.109321296215057373e-01
2.142834625244140625e+02 2.017192840576171875e+00 7.144833564758300781e+00 -5.612052917480468750e+00 -1.798994064331054688e+00 4.022319614887237549e-01
1.631065521240234375e+02 3.778467655181884766e+00 1.062301254272460938e+01 1.291609191894531250e+01 2.736003875732421875e+00 1.815593987703323364e-01
1.996802215576171875e+02 2.304533004760742188e+00 7.609568595886230469e+00 -1.620038986206054688e+00 3.296699523925781250e-01 3.846519589424133301e-01
1.721267547607421875e+02 1.840511798858642578e+00 6.767105579376220703e+00 -2.466695785522460938e+00 -2.202796936035156250e-02 2.351903915405273438e-01
1.420696868896484375e+02 1.519085884094238281e+00 5.879423141479492188e+00 1.860774993896484375e+00 9.473457336425781250e-01 2.655607759952545166e-01
2.106692962646484375e+02 1.964708328247070312e+00 6.944783687591552734e+00 -4.088676452636718750e+00 -6.884632110595703125e-01 4.032725095748901367e-01
2.357016143798828125e+02 1.568389892578125000e+00 6.241349220275878906e+00 1.109552383422851562e+00 8.438701629638671875e-01 3.147908747196197510e-01
2.215054931640625000e+02 3.480700492858886719e+00 1.040148162841796875e+01 -1.089457416534423828e+01 -3.759561538696289062e+00 4.379320740699768066e-01
1.550691528320312500e+02 1.730003833770751953e+00 6.396761894226074219e+00 -2.027086257934570312e+00 9.507179260253906250e-02 2.088746577501296997e-01
1.517688293457031250e+02 1.781209945678710938e+00 6.495193004608154297e+00 9.142971038818359375e-01 5.380554199218750000e-01 2.367272675037384033e-01
2.095960083007812500e+02 1.672519922256469727e+00 6.464132308959960938e+00 -4.921941757202148438e+00 -6.705608367919921875e-01 2.652853727340698242e-01
2.227211761474609375e+02 1.746217012405395508e+00 6.328008651733398438e+00 -4.031621932983398438e+00 -8.812026977539062500e-01 4.476220607757568359e-01
2.154763031005859375e+02 3.784879684448242188e+00 1.021026134490966797e+01 1.804017639160156250e+01 7.018272399902343750e+00 3.523810207843780518e-01
6.780184173583984375e+01 1.368621349334716797e+00 5.607964515686035156e+00 -1.261877059936523438e+00 1.164455413818359375e-01 2.784246802330017090e-01
1.558187255859375000e+02 1.916811943054199219e+00 6.999608993530273438e+00 -3.848649978637695312e+00 -6.792449951171875000e-01 3.284943401813507080e-01
1.574689331054687500e+02 1.119820594787597656e+00 5.292678833007812500e+00 -2.291614532470703125e+00 -9.873962402343750000e-02 2.790388762950897217e-01
9.635191345214843750e+01 1.026270389556884766e+00 4.937905311584472656e+00 -7.026672363281250000e-03 3.054771423339843750e-01 3.690920770168304443e-01
1.952451324462890625e+02 2.285886764526367188e+00 7.648314476013183594e+00 1.800452041625976562e+01 4.840202331542968750e+00 2.416370064020156860e-01
1.937218933105468750e+02 1.854833126068115234e+00 6.707898616790771484e+00 -1.559452056884765625e+00 -2.201423645019531250e-01 3.661945164203643799e-01
1.882859344482421875e+02 1.774650573730468750e+00 6.709308624267578125e+00 -5.822018623352050781e+00 -7.473983764648437500e-01 2.518197298049926758e-01
1.937348937988281250e+02 1.600610971450805664e+00 6.073656082153320312e+00 -1.526218414306640625e+00 1.824951171875000000e-01 2.498093396425247192e-01
1.741793212890625000e+02 1.265668392181396484e+00 5.855093002319335938e+00 -9.795646667480468750e-01 4.559116363525390625e-01 3.506125509738922119e-01
1.889644470214843750e+02 1.982569694519042969e+00 6.867017269134521484e+00 3.318019866943359375e+00 1.589574813842773438e+00 3.495572805404663086e-01
1.620720062255859375e+02 1.006084918975830078e+00 5.072356224060058594e+00 -2.131799697875976562e+00 -4.399337768554687500e-01 3.223023116588592529e-01
2.385066680908203125e+02 1.054766178131103516e+00 5.299237251281738281e+00 2.724552154541015625e-01 1.008594512939453125e+00 5.170881748199462891e-01
1.904553833007812500e+02 2.058238983154296875e+00 6.823746681213378906e+00 2.225112915039062500e+00 1.511442184448242188e+00 2.569048404693603516e-01
2.156822204589843750e+02 2.360840320587158203e+00 7.975425720214843750e+00 1.162830162048339844e+01 7.058952331542968750e+00 5.465186834335327148e-01
1.912247467041015625e+02 2.707697868347167969e+00 8.586658477783203125e+00 6.223823547363281250e+00 3.207283020019531250e+00 3.892299532890319824e-01
1.992262420654296875e+02 1.792519807815551758e+00 6.838659763336181641e+00 -2.136653900146484375e+00 2.072753906250000000e-01 6.466412544250488281e-01
1.604624938964843750e+02 1.979092121124267578e+00 6.783305168151855469e+00 -5.678085327148437500e+00 -1.188499450683593750e+00 4.062831401824951172e-01
2.190419464111328125e+02 1.314190864562988281e+00 5.637477397918701172e+00 -2.638214111328125000e+00 -1.191043853759765625e-01 5.300992727279663086e-01
2.174596557617187500e+02 2.052001953125000000e+00 7.000040054321289062e+00 -3.599838256835937500e+00 -3.471565246582031250e-01 2.814771234989166260e-01
1.598185729980468750e+02 1.924421787261962891e+00 6.856006145477294922e+00 2.803344726562500000e+00 1.526885986328125000e+00 3.561758995056152344e-01
1.684784698486328125e+02 1.867153167724609375e+00 6.649588584899902344e+00 4.525117874145507812e+00 1.708337783813476562e+00 2.514174282550811768e-01
1.646892700195312500e+02 2.684309005737304688e+00 8.333934783935546875e+00 1.085851478576660156e+01 3.269947052001953125e+00 2.483317106962203979e-01
2.250307006835937500e+02 1.735603809356689453e+00 6.811658382415771484e+00 5.072555541992187500e-01 5.809402465820312500e-01 3.241649866104125977e-01
1.952547760009765625e+02 2.275249004364013672e+00 7.649105548858642578e+00 -4.096406936645507812e+00 -1.118673324584960938e+00 4.648997783660888672e-01
1.775167083740234375e+02 1.098012447357177734e+00 4.936355590820312500e+00 2.420902252197265625e-01 1.206943511962890625e+00 3.367632627487182617e-01
2.037353973388671875e+02 1.594219207763671875e+00 6.450742721557617188e+00 -5.243926048278808594e+00 -9.338645935058593750e-01 3.346559107303619385e-01
1.729283294677734375e+02 1.012364625930786133e+00 5.258296489715576172e+00 -1.204486846923828125e+00 -9.447288513183593750e-02 3.916528820991516113e-01
1.872872009277343750e+02 9.558203220367431641e-01 5.029087066650390625e+00 -9.640312194824218750e-02 2.476730346679687500e-01 2.291955053806304932e-01
2.218594970703125000e+02 1.594502449035644531e+00 6.303490638732910156e+00 1.477243423461914062e+00 1.739578247070312500e+00 5.074893832206726074e-01
2.132598114013671875e+02 1.211459159851074219e+00 5.168761253356933594e+00 -2.652725219726562500e+00 4.158515930175781250e-01 3.837966322898864746e-01
2.173795776367187500e+02 1.458952426910400391e+00 6.218958377838134766e+00 -1.786384582519531250e+00 3.456039428710937500e-01 5.188058614730834961e-01
1.881017303466796875e+02 1.846083879470825195e+00 6.738532066345214844e+00 -7.500752449035644531e+00 -4.321212768554687500e-01 1.234831735491752625e-01
1.977388305664062500e+02 2.260823249816894531e+00 7.693596839904785156e+00 -2.006582260131835938e+00 7.504272460937500000e-02 1.885877400636672974e-01
1.925703430175781250e+02 1.835903167724609375e+00 6.720336914062500000e+00 5.450267791748046875e-01 4.977149963378906250e-01 2.484095692634582520e-01
1.965131683349609375e+02 1.404479026794433594e+00 5.859565734863281250e+00 -2.581890106201171875e+00 -4.607906341552734375e-01 5.274010300636291504e-01
2.263811340332031250e+02 1.691975116729736328e+00 6.689002037048339844e+00 -4.619003295898437500e+00 -8.539733886718750000e-01 3.298000991344451904e-01
1.729520263671875000e+02 9.934606552124023438e-01 5.118608474731445312e+00 1.459724426269531250e+00 8.116359710693359375e-01 2.880036532878875732e-01
2.008620758056640625e+02 2.318219184875488281e+00 7.617555618286132812e+00 1.681731796264648438e+01 3.888120651245117188e+00 2.156224697828292847e-01
2.216407775878906250e+02 1.358290672302246094e+00 5.776793003082275391e+00 -1.695650100708007812e+00 1.489791870117187500e-01 3.006336688995361328e-01
1.245253219604492188e+02 3.337237834930419922e+00 1.004214572906494141e+01 1.958723449707031250e+01 7.979013442993164062e+00 3.668924868106842041e-01
1.252975692749023438e+02 1.773503780364990234e+00 6.663638114929199219e+00 8.242301940917968750e+00 2.590442657470703125e+00 2.682839632034301758e-01
2.081702270507812500e+02 1.553051471710205078e+00 6.224181175231933594e+00 -4.526863098144531250e+00 -5.549526214599609375e-01 2.500307857990264893e-01
2.049762725830078125e+02 1.807613849639892578e+00 6.346889495849609375e+00 -2.401472091674804688e+00 -4.029693603515625000e-01 2.948311567306518555e-01
1.480850524902343750e+02 1.933673381805419922e+00 6.631367683410644531e+00 -4.466747283935546875e+00 -9.234676361083984375e-01 4.121927618980407715e-01
1.721888122558593750e+02 1.475817680358886719e+00 6.131275653839111328e+00 -3.356452941894531250e+00 -6.859817504882812500e-01 3.152167797088623047e-01
1.629855194091796875e+02 1.549794197082519531e+00 6.026406288146972656e+00 -1.261428833007812500e+00 -1.027641296386718750e-01 2.421398758888244629e-01
2.148207702636718750e+02 1.713334083557128906e+00 6.441350460052490234e+00 -4.652037620544433594e+00 -1.115207672119140625e+00 3.485383987426757812e-01
1.863740844726562500e+02 1.539841651916503906e+00 6.564233779907226562e+00 -2.727460861206054688e+00 1.482753753662109375e-01 2.779148817062377930e-01
1.646737213134765625e+02 1.253135442733764648e+00 5.472716331481933594e+00 -1.033897399902343750e-01 3.543090820312500000e-01 1.741029173135757446e-01
2.121277313232421875e+02 1.605664253234863281e+00 6.436693668365478516e+00 -1.884157180786132812e+00 5.844116210937500000e-03 3.024925589561462402e-01
1.374064025878906250e+02 3.192229270935058594e+00 9.324993133544921875e+00 6.314344406127929688e+00 3.592113494873046875e+00 4.358446002006530762e-01
1.997726440429687500e+02 1.126256942749023438e+00 5.112527847290039062e+00 7.118911743164062500e-01 9.277496337890625000e-01 4.596966207027435303e-01
1.416906433105468750e+02 1.477100610733032227e+00 6.034926414489746094e+00 1.230888366699218750e-01 5.256805419921875000e-01 5.967983603477478027e-01
1.991410064697265625e+02 1.750002861022949219e+00 6.553721427917480469e+00 -4.737455368041992188e+00 -4.401397705078125000e-01 3.425963222980499268e-01
2.004063110351562500e+02 1.717372894287109375e+00 6.777323722839355469e+00 -4.932146072387695312e+00 -1.273340225219726562e+00 4.260556101799011230e-01
2.046656341552734375e+02 3.866230964660644531e+00 1.091032505035400391e+01 1.581962203979492188e+01 7.816450119018554688e+00 4.470935165882110596e-01
1.985933074951171875e+02 2.352134704589843750e+00 7.756166458129882812e+00 -1.233242034912109375e+00 6.125259399414062500e-02 4.582289457321166992e-01
2.128436126708984375e+02 3.559371948242187500e+00 1.011339759826660156e+01 1.506817245483398438e+01 3.536157608032226562e+00 1.981671899557113647e-01
1.673122406005859375e+02 1.844664096832275391e+00 6.509591579437255859e+00 -3.592578887939453125e+00 -2.760028839111328125e-01 2.302729785442352295e-01
1.859021759033203125e+02 2.424545288085937500e+00 8.038112640380859375e+00 -2.091882705688476562e+00 -2.746829986572265625e-01 4.396105110645294189e-01
2.191868591308593750e+02 1.850675821304321289e+00 6.879043102264404297e+00 -1.156997680664062500e-01 3.252944946289062500e-01 4.915182590484619141e-01
1.586317596435546875e+02 1.606418848037719727e+00 6.088242530822753906e+00 5.888504028320312500e+00 1.159753799438476562e+00 1.942281126976013184e-01
2.106920928955078125e+02 1.923702716827392578e+00 7.171500205993652344e+00 -6.984224319458007812e+00 -1.350902557373046875e+00 2.873509228229522705e-01
1.835522460937500000e+02 1.623968124389648438e+00 6.379798412322998047e+00 -3.713983535766601562e+00 -2.085094451904296875e-01 2.156708389520645142e-01
1.973846282958984375e+02 1.294036388397216797e+00 5.844650745391845703e+00 -4.100971221923828125e+00 -6.050376892089843750e-01 3.160754144191741943e-01
1.955704803466796875e+02 1.744823932647705078e+00 6.720191955566406250e+00 -6.275470733642578125e+00 -1.290151596069335938e+00 3.478396534919738770e-01
1.298564605712890625e+02 2.039222240447998047e+00 7.094990730285644531e+00 -1.969047546386718750e+00 -5.126953125000000000e-03 2.299501001834869385e-01
1.681078643798828125e+02 1.153813600540161133e+00 5.162957668304443359e+00 1.326934814453125000e+00 8.009052276611328125e-01 3.015216886997222900e-01
2.039419860839843750e+02 2.108038902282714844e+00 7.293018817901611328e+00 -4.346423149108886719e+00 -1.176208496093750000e+00 5.025364160537719727e-01
2.214505615234375000e+02 3.050783157348632812e+00 9.183959007263183594e+00 6.348739624023437500e+00 2.294252395629882812e+00 2.888902425765991211e-01
1.222466812133789062e+02 1.983470916748046875e+00 7.048434257507324219e+00 -2.894824981689453125e+00 -1.627388000488281250e-01 1.769252866506576538e-01
1.702449035644531250e+02 1.374998569488525391e+00 5.606046676635742188e+00 -4.747848510742187500e-01 5.618820190429687500e-01 3.318604230880737305e-01
1.910379180908203125e+02 1.763351440429687500e+00 6.826698303222656250e+00 -4.649580001831054688e+00 -5.282421112060546875e-01 2.639245390892028809e-01
2.169393768310546875e+02 1.404853820800781250e+00 5.994807720184326172e+00 1.401689529418945312e+00 1.091884613037109375e+00 3.891202807426452637e-01
1.256413116455078125e+02 1.438087463378906250e+00 6.042390346527099609e+00 -2.961637496948242188e+00 -2.021827697753906250e-01 2.318670749664306641e-01
1.883363037109375000e+02 2.442903518676757812e+00 7.921588897705078125e+00 1.628288269042968750e+00 1.216587066650390625e+00 3.065618276596069336e-01
1.287606811523437500e+02 7.251679897308349609e-01 4.329243659973144531e+00 -9.999732971191406250e-01 5.080051422119140625e-01 3.646860718727111816e-01
1.982075195312500000e+02 2.333649635314941406e+00 7.709235191345214844e+00 -6.270122528076171875e+00 -1.715963363647460938e+00 3.760959208011627197e-01
7.259351348876953125e+01 2.069014072418212891e+00 6.951437473297119141e+00 8.855102539062500000e+00 4.357559204101562500e+00 4.046495258808135986e-01
1.549868469238281250e+02 2.038495063781738281e+00 7.004811286926269531e+00 -2.336532592773437500e+00 2.082996368408203125e-01 2.172359824180603027e-01
2.179502563476562500e+02 2.499065876007080078e+00 8.043606758117675781e+00 8.621751785278320312e+00 3.748922348022460938e+00 3.330185711383819580e-01
2.224560241699218750e+02 2.131751537322998047e+00 6.917256355285644531e+00 8.090991973876953125e-01 8.234977722167968750e-01 4.526183605194091797e-01
1.690052795410156250e+02 1.553411006927490234e+00 6.264687538146972656e+00 -3.870080947875976562e+00 -8.280258178710937500e-01 4.957781732082366943e-01
1.868637390136718750e+02 2.032916069030761719e+00 7.069090843200683594e+00 5.635559082031250000e+00 3.196008682250976562e+00 3.985017836093902588e-01
1.790407104492187500e+02 2.521022319793701172e+00 8.429227828979492188e+00 1.386048126220703125e+01 6.591190338134765625e+00 4.356358945369720459e-01
1.933396301269531250e+02 1.888350963592529297e+00 6.742458343505859375e+00 -3.300970077514648438e+00 -4.864196777343750000e-01 4.508030414581298828e-01
2.188828430175781250e+02 2.125131130218505859e+00 7.260064125061035156e+00 8.351669311523437500e-01 4.766960144042968750e-01 3.005184531211853027e-01
1.431198883056640625e+02 2.482531547546386719e+00 8.054093360900878906e+00 1.618827056884765625e+01 6.992465972900390625e+00 3.798179626464843750e-01
9.606527709960937500e+01 1.757859706878662109e+00 6.255373954772949219e+00 -4.931198120117187500e+00 -2.994556427001953125e-01 2.441982626914978027e-01
1.539168548583984375e+02 1.711277008056640625e+00 6.437850475311279297e+00 -1.014358520507812500e+00 1.582908630371093750e-01 1.889128684997558594e-01
1.925146484375000000e+02 9.013237953186035156e-01 5.042325973510742188e+00 -9.834403991699218750e-01 1.976795196533203125e-01 4.584103226661682129e-01
1.756049804687500000e+02 1.678259134292602539e+00 6.172022342681884766e+00 7.304782867431640625e-01 3.838939666748046875e-01 3.074968457221984863e-01
2.033796386718750000e+02 1.006974220275878906e+00 5.179608821868896484e+00 -1.680950164794921875e+00 5.501098632812500000e-01 4.602276682853698730e-01
1.653642730712890625e+02 1.129918575286865234e+00 5.428706169128417969e+00 -3.201332092285156250e-01 5.478324890136718750e-01 3.561287820339202881e-01
1.479901580810546875e+02 1.045193672180175781e+00 4.876296520233154297e+00 -8.863487243652343750e-01 -1.289157867431640625e-01 2.346038818359375000e-01
1.996802215576171875e+02 2.304533004760742188e+00 7.609568595886230469e+00 -1.620038986206054688e+00 3.296699523925781250e-01 3.846519589424133301e-01
1.825846099853515625e+02 1.230769157409667969e+00 5.268442153930664062e+00 -9.055900573730468750e-01 4.201602935791015625e-01 3.077499866485595703e-01
1.891079254150390625e+02 1.603637933731079102e+00 6.268857479095458984e+00 -1.087297439575195312e+00 -1.827621459960937500e-02 3.392368257045745850e-01
2.094889221191406250e+02 2.493486881256103516e+00 8.099841117858886719e+00 -4.502220153808593750e-01 8.566856384277343750e-01 3.475540280342102051e-01
1.715252227783203125e+02 1.591049194335937500e+00 6.255128860473632812e+00 -4.281083106994628906e+00 -4.800891876220703125e-01 3.135573863983154297e-01
2.281701965332031250e+02 2.042209625244140625e+00 7.377717971801757812e+00 2.136756896972656250e+00 1.175525665283203125e+00 3.075481057167053223e-01
1.885890655517578125e+02 2.673016548156738281e+00 8.809946060180664062e+00 -6.196475982666015625e+00 -2.007120132446289062e+00 4.790018200874328613e-01
2.051651763916015625e+02 1.947769165039062500e+00 7.352277755737304688e+00 -5.586420059204101562e+00 -9.152965545654296875e-01 2.322806715965270996e-01
1.533202819824218750e+02 1.503603935241699219e+00 6.253496170043945312e+00 4.744033813476562500e-01 5.549125671386718750e-01 2.843202352523803711e-01
2.257247924804687500e+02 2.159099578857421875e+00 7.703635215759277344e+00 -4.709873199462890625e-01 -1.400375366210937500e-02 3.495889306068420410e-01
2.007458953857421875e+02 3.739906311035156250e+00 1.087689304351806641e+01 1.393413162231445312e+01 7.970684051513671875e+00 4.758033752441406250e-01
1.749090576171875000e+02 1.828068256378173828e+00 6.533726692199707031e+00 -6.366452217102050781e+00 -2.119913101196289062e+00 4.576462209224700928e-01
2.240016174316406250e+02 1.483629226684570312e+00 6.096048831939697266e+00 -8.709564208984375000e-01 6.695861816406250000e-01 4.127194881439208984e-01
2.180163421630859375e+02 2.409132480621337891e+00 8.019799232482910156e+00 1.771060562133789062e+01 5.340431213378906250e+00 2.583702206611633301e-01
1.442574310302734375e+02 6.897139549255371094e-01 4.083913803100585938e+00 -1.144226074218750000e+00 2.160282135009765625e-01 4.410794675350189209e-01
2.093500823974609375e+02 3.817770957946777344e+00 1.075720405578613281e+01 1.384762573242187500e+01 7.773160934448242188e+00 4.615455567836761475e-01
1.991826019287109375e+02 2.145384311676025391e+00 7.695589065551757812e+00 9.677354812622070312e+00 3.151729583740234375e+00 2.672849297523498535e-01
1.699954681396484375e+02 1.415529966354370117e+00 5.869277954101562500e+00 -4.157381057739257812e+00 -5.697650909423828125e-01 3.238734602928161621e-01
2.321410827636718750e+02 2.147331237792968750e+00 7.425021171569824219e+00 -6.089363098144531250e-01 3.664684295654296875e-01 3.831445872783660889e-01
2.105742187500000000e+02 1.174373626708984375e+00 5.389487266540527344e+00 6.249389648437500000e-01 1.442817687988281250e+00 3.731470704078674316e-01
1.946003875732421875e+02 1.297503948211669922e+00 5.468676567077636719e+00 -8.555984497070312500e-02 1.022861480712890625e+00 2.559798955917358398e-01
2.036506652832031250e+02 1.767022132873535156e+00 6.650381565093994141e+00 -1.084846496582031250e+00 4.916934967041015625e-01 3.312418162822723389e-01
2.320057373046875000e+02 2.320308685302734375e+00 7.915254592895507812e+00 1.015340423583984375e+01 3.869207382202148438e+00 3.210636377334594727e-01
1.935081787109375000e+02 2.629775047302246094e+00 8.331079483032226562e+00 4.967533111572265625e+00 2.967880249023437500e+00 3.554711341857910156e-01
2.066805572509765625e+02 2.285742759704589844e+00 7.745545387268066406e+00 -8.868158340454101562e+00 -2.819868087768554688e+00 4.215899705886840820e-01
1.516071624755859375e+02 1.716237068176269531e+00 6.625114440917968750e+00 -4.944293975830078125e+00 -8.084869384765625000e-01 3.233608603477478027e-01
2.023969879150390625e+02 1.272172927856445312e+00 5.561275005340576172e+00 1.486358642578125000e-01 5.770454406738281250e-01 2.678955793380737305e-01
1.810003662109375000e+02 3.932809829711914062e+00 1.105837154388427734e+01 -4.804096221923828125e+00 -1.005006790161132812e+00 3.338387012481689453e-01
1.561553649902343750e+02 1.073977947235107422e+00 4.604918479919433594e+00 -6.760406494140625000e-01 2.667598724365234375e-01 2.897043228149414062e-01
1.969088134765625000e+02 1.220487117767333984e+00 5.383690357208251953e+00 -7.375984191894531250e-01 5.859870910644531250e-01 2.970135807991027832e-01
1.787089843750000000e+02 1.676399469375610352e+00 6.481820106506347656e+00 1.620330810546875000e-01 6.230258941650390625e-01 2.382114529609680176e-01
2.285563964843750000e+02 1.763447284698486328e+00 6.696387290954589844e+00 -7.074375152587890625e-01 3.809947967529296875e-01 4.984562098979949951e-01
1.622337951660156250e+02 1.951394557952880859e+00 7.096494197845458984e+00 -2.435356140136718750e+00 -1.212158203125000000e-01 2.281611412763595581e-01
2.010440521240234375e+02 2.047242164611816406e+00 7.326124191284179688e+00 -5.962339401245117188e+00 -1.102817535400390625e+00 2.372451275587081909e-01
1.677730712890625000e+02 1.882513046264648438e+00 6.699677467346191406e+00 -3.845478057861328125e+00 -6.217327117919921875e-01 3.287258744239807129e-01
2.174073486328125000e+02 1.683466911315917969e+00 6.480747222900390625e+00 -1.782279968261718750e+00 2.378463745117187500e-01 3.789120316505432129e-01
2.213708190917968750e+02 1.634808540344238281e+00 6.308501243591308594e+00 -1.422218322753906250e+00 7.995414733886718750e-02 4.106586575508117676e-01
2.336608581542968750e+02 2.144015312194824219e+00 7.331308364868164062e+00 -3.486419677734375000e+00 -9.661235809326171875e-01 5.282207131385803223e-01
1.620928344726562500e+02 2.579814910888671875e+00 8.389778137207031250e+00 1.121129989624023438e+00 9.077720642089843750e-01 2.549065351486206055e-01
1.718773040771484375e+02 1.493106365203857422e+00 6.101535797119140625e+00 -3.635726928710937500e+00 -1.362323760986328125e-01 2.653179168701171875e-01
2.071588287353515625e+02 1.713606357574462891e+00 6.540754318237304688e+00 -3.184783935546875000e+00 -2.377166748046875000e-01 2.565920650959014893e-01
1.811726684570312500e+02 1.233181476593017578e+00 5.703936100006103516e+00 -3.559041976928710938e+00 -8.828239440917968750e-01 5.626364946365356445e-01
1.987108459472656250e+02 1.690532922744750977e+00 6.577866554260253906e+00 3.502750396728515625e-01 6.448173522949218750e-01 2.694510817527770996e-01
2.162797851562500000e+02 1.637618064880371094e+00 6.450144767761230469e+00 -1.272142410278320312e+00 4.060897827148437500e-01 2.610616981983184814e-01
1.658334350585937500e+02 3.608278274536132812e+00 1.046865653991699219e+01 1.222718048095703125e+01 2.600631713867187500e+00 1.897248327732086182e-01
2.240236511230468750e+02 1.522231817245483398e+00 6.152472496032714844e+00 -5.242269515991210938e+00 -1.108968734741210938e+00 2.861039936542510986e-01
