0.000000000000000000e+00 -1.891958355903625488e+00 2.490929961204528809e-01 0.000000000000000000e+00
1.007812500000000000e+00 -2.397705554962158203e+00 1.881593316793441772e-01 0.000000000000000000e+00
2.292968750000000000e+01 -2.459996938705444336e+00 1.895021051168441772e-01 0.000000000000000000e+00
2.605078125000000000e+01 -2.385359525680541992e+00 2.305494248867034912e-01 0.000000000000000000e+00
2.994140625000000000e+01 -2.555114030838012695e+00 1.869338005781173706e-01 0.000000000000000000e+00
3.695703125000000000e+01 -2.391670703887939453e+00 1.893249601125717163e-01 0.000000000000000000e+00
4.297656250000000000e+01 -8.440818786621093750e-01 3.682293295860290527e-01 0.000000000000000000e+00
5.493750000000000000e+01 -1.829161882400512695e+00 2.071139067411422729e-01 0.000000000000000000e+00
6.496484375000000000e+01 -2.000578641891479492e+00 2.296785265207290649e-01 0.000000000000000000e+00
7.391796875000000000e+01 -2.420044183731079102e+00 3.073660731315612793e-01 0.000000000000000000e+00
8.389453125000000000e+01 -1.572427630424499512e+00 2.701475918292999268e-01 0.000000000000000000e+00
8.987500000000000000e+01 -1.649638414382934570e+00 4.203964173793792725e-01 0.000000000000000000e+00
9.087890625000000000e+01 -1.581652283668518066e+00 2.272789031267166138e-01 0.000000000000000000e+00
2.950273437500000000e+02 -3.625400066375732422e+00 3.360266685485839844e-01 0.000000000000000000e+00
3.020468750000000000e+02 -3.522016048431396484e+00 1.830031126737594604e-01 0.000000000000000000e+00
3.060351562500000000e+02 -3.057680845260620117e+00 2.843396067619323730e-01 0.000000000000000000e+00
3.219921875000000000e+02 -3.589603662490844727e+00 2.231892496347427368e-01 0.000000000000000000e+00
3.259804687500000000e+02 -2.745796918869018555e+00 5.776851624250411987e-02 0.000000000000000000e+00
3.281132812500000000e+02 -3.364754438400268555e+00 2.005573734641075134e-02 0.000000000000000000e+00
3.339570312500000000e+02 -3.399517536163330078e+00 2.139395922422409058e-01 0.000000000000000000e+00
3.379492187500000000e+02 -3.216080188751220703e+00 3.793154656887054443e-01 0.000000000000000000e+00
3.499257812500000000e+02 -2.474453926086425781e+00 2.131280601024627686e-01 0.000000000000000000e+00
3.510156250000000000e+02 -2.789988994598388672e+00 3.071352839469909668e-01 0.000000000000000000e+00
3.539062500000000000e+02 -2.493722677230834961e+00 4.925124049186706543e-01 0.000000000000000000e+00
3.608867187500000000e+02 -3.059964418411254883e+00 1.925669163465499878e-01 0.000000000000000000e+00
3.679335937500000000e+02 -3.211906909942626953e+00 3.701738119125366211e-01 0.000000000000000000e+00
3.869414062500000000e+02 -2.665462255477905273e+00 1.701827347278594971e-01 0.000000000000000000e+00
3.939023437500000000e+02 -3.031409978866577148e+00 2.501824796199798584e-01 0.000000000000000000e+00
4.039296875000000000e+02 -2.879052877426147461e+00 2.583487033843994141e-01 0.000000000000000000e+00
4.118828125000000000e+02 -2.134058237075805664e+00 4.370531141757965088e-01 0.000000000000000000e+00
4.189375000000000000e+02 -1.877101421356201172e+00 1.306905001401901245e-01 0.000000000000000000e+00
4.259101562500000000e+02 -1.589845776557922363e+00 4.323994219303131104e-01 0.000000000000000000e+00
4.339492187500000000e+02 -2.802722692489624023e+00 1.668713539838790894e-01 0.000000000000000000e+00
4.409296875000000000e+02 -2.206111192703247070e+00 8.051921427249908447e-02 0.000000000000000000e+00
4.488710937500000000e+02 -1.992454648017883301e+00 2.003373801708221436e-01 0.000000000000000000e+00
4.559023437500000000e+02 -3.255735635757446289e+00 2.595603168010711670e-01 0.000000000000000000e+00
6.461015625000000000e+02 -2.476070880889892578e+00 3.277435302734375000e-01 0.000000000000000000e+00
6.502421875000000000e+02 -2.554039955139160156e+00 1.590970456600189209e-01 0.000000000000000000e+00
6.630546875000000000e+02 -1.470103979110717773e+00 4.597614407539367676e-01 0.000000000000000000e+00
6.741289062500000000e+02 -1.825584292411804199e+00 2.531469464302062988e-01 0.000000000000000000e+00
6.821367187500000000e+02 -9.615621566772460938e-01 1.754678785800933838e-01 0.000000000000000000e+00
6.830156250000000000e+02 -2.128079652786254883e+00 2.133597135543823242e-01 0.000000000000000000e+00
6.841250000000000000e+02 -2.318876504898071289e+00 9.466381371021270752e-02 0.000000000000000000e+00
6.899960937500000000e+02 -1.425480246543884277e+00 2.116571664810180664e-01 0.000000000000000000e+00
6.951953125000000000e+02 -1.208385586738586426e+00 2.031302452087402344e-01 0.000000000000000000e+00
7.020820312500000000e+02 -1.620875954627990723e+00 2.393952906131744385e-01 0.000000000000000000e+00
7.101640625000000000e+02 -1.618161916732788086e+00 2.855882942676544189e-01 0.000000000000000000e+00
7.150390625000000000e+02 -1.665648818016052246e+00 1.366951167583465576e-01 0.000000000000000000e+00
7.190625000000000000e+02 -1.472711682319641113e+00 1.746931523084640503e-01 0.000000000000000000e+00
7.319101562500000000e+02 -1.733646035194396973e+00 2.150168418884277344e-01 0.000000000000000000e+00
7.389023437500000000e+02 -1.505816102027893066e+00 1.864771097898483276e-01 0.000000000000000000e+00
7.459062500000000000e+02 -1.380808949470520020e+00 1.822607219219207764e-01 0.000000000000000000e+00
7.489062500000000000e+02 -8.678063750267028809e-01 3.377971649169921875e-01 0.000000000000000000e+00
7.508984375000000000e+02 -1.730476975440979004e+00 3.224595785140991211e-01 0.000000000000000000e+00
7.600625000000000000e+02 -1.523004412651062012e+00 1.993210464715957642e-01 0.000000000000000000e+00
7.639062500000000000e+02 -9.617260657250881195e-03 2.856802642345428467e-01 0.000000000000000000e+00
7.728906250000000000e+02 -3.966878354549407959e-01 2.265333086252212524e-01 0.000000000000000000e+00
7.779218750000000000e+02 2.597553133964538574e-01 2.659070789813995361e-01 0.000000000000000000e+00
7.849257812500000000e+02 4.514706432819366455e-01 4.977046251296997070e-01 0.000000000000000000e+00
7.918750000000000000e+02 -1.090580001473426819e-01 2.499610334634780884e-01 0.000000000000000000e+00
7.988789062500000000e+02 7.295345664024353027e-01 2.405434697866439819e-01 0.000000000000000000e+00
8.038828125000000000e+02 6.398040652275085449e-01 1.599967330694198608e-01 0.000000000000000000e+00
8.108710937500000000e+02 -2.981081604957580566e-01 4.269208908081054688e-01 0.000000000000000000e+00
1.008113281250000000e+03 -1.703201770782470703e+00 3.925394415855407715e-01 0.000000000000000000e+00
1.012164062500000000e+03 -2.375966072082519531e+00 2.780360579490661621e-01 0.000000000000000000e+00
1.016101562500000000e+03 -1.808201551437377930e+00 3.778302371501922607e-01 0.000000000000000000e+00
1.024214843750000000e+03 -3.911245584487915039e+00 6.040145754814147949e-01 0.000000000000000000e+00
1.032164062500000000e+03 -2.388757228851318359e+00 2.725687325000762939e-01 0.000000000000000000e+00
1.037132812500000000e+03 -2.233430385589599609e+00 3.118599951267242432e-01 0.000000000000000000e+00
1.057167968750000000e+03 -2.535390138626098633e+00 2.776132225990295410e-01 0.000000000000000000e+00
1.057976562500000000e+03 -2.945933341979980469e+00 4.461401402950286865e-01 0.000000000000000000e+00
1.063027343750000000e+03 -2.534223318099975586e+00 4.425166845321655273e-01 0.000000000000000000e+00
1.070117187500000000e+03 -2.776084661483764648e+00 2.655952870845794678e-01 0.000000000000000000e+00
1.074027343750000000e+03 -2.528177499771118164e+00 4.825444519519805908e-01 0.000000000000000000e+00
1.078097656250000000e+03 -1.251677274703979492e+00 5.698155164718627930e-01 0.000000000000000000e+00
1.085898437500000000e+03 -2.583301544189453125e+00 3.567297160625457764e-01 0.000000000000000000e+00
1.089890625000000000e+03 -2.538575172424316406e+00 4.349448680877685547e-01 0.000000000000000000e+00
1.097984375000000000e+03 -2.217427492141723633e+00 3.832250535488128662e-01 0.000000000000000000e+00
1.104859375000000000e+03 -2.925612688064575195e+00 4.484183490276336670e-01 0.000000000000000000e+00
1.114933593750000000e+03 -2.879816055297851562e+00 2.663919329643249512e-01 0.000000000000000000e+00
1.124890625000000000e+03 -2.636730432510375977e+00 2.701913416385650635e-01 0.000000000000000000e+00
1.131886718750000000e+03 -2.266166925430297852e+00 3.216805458068847656e-01 0.000000000000000000e+00
1.143941406250000000e+03 -2.685806274414062500e+00 2.701942622661590576e-01 0.000000000000000000e+00
1.147906250000000000e+03 -2.382158517837524414e+00 2.449102699756622314e-01 0.000000000000000000e+00
1.154894531250000000e+03 -2.372008085250854492e+00 2.596008181571960449e-01 0.000000000000000000e+00
1.161894531250000000e+03 -2.778667926788330078e+00 3.034093379974365234e-01 0.000000000000000000e+00
1.185898437500000000e+03 -1.753437042236328125e+00 1.656036972999572754e-01 0.000000000000000000e+00
1.384085937500000000e+03 -1.818961143493652344e+00 3.182066082954406738e-01 0.000000000000000000e+00
1.390066406250000000e+03 -1.585243225097656250e+00 2.287801355123519897e-01 0.000000000000000000e+00
1.395054687500000000e+03 -9.879799485206604004e-01 3.268088102340698242e-01 0.000000000000000000e+00
1.401144531250000000e+03 -1.645534873008728027e+00 1.270312070846557617e-01 0.000000000000000000e+00
1.412128906250000000e+03 -1.431008696556091309e+00 2.459425032138824463e-01 0.000000000000000000e+00
1.416074218750000000e+03 -1.504155158996582031e+00 3.357624709606170654e-01 0.000000000000000000e+00
1.421214843750000000e+03 -1.272040724754333496e+00 6.173931434750556946e-02 0.000000000000000000e+00
1.427949218750000000e+03 -1.159695029258728027e+00 3.925400972366333008e-01 0.000000000000000000e+00
1.432128906250000000e+03 -2.365993976593017578e+00 3.345611095428466797e-01 0.000000000000000000e+00
1.439929687500000000e+03 -9.523362517356872559e-01 3.066307604312896729e-01 0.000000000000000000e+00
1.444988281250000000e+03 3.958157598972320557e-01 1.915730684995651245e-01 0.000000000000000000e+00
1.445925781250000000e+03 -6.124505996704101562e-01 3.103307783603668213e-01 0.000000000000000000e+00
1.447027343750000000e+03 -1.245059132575988770e+00 1.569416075944900513e-01 0.000000000000000000e+00
1.453035156250000000e+03 -1.037463068962097168e+00 2.071969807147979736e-01 0.000000000000000000e+00
1.459902343750000000e+03 -7.705709338188171387e-01 3.510418832302093506e-01 0.000000000000000000e+00
1.467871093750000000e+03 -3.006448745727539062e-01 2.306724339723587036e-01 0.000000000000000000e+00
1.473019531250000000e+03 2.648018533363938332e-03 1.202757656574249268e-01 0.000000000000000000e+00
1.476906250000000000e+03 2.329620122909545898e-01 1.852836012840270996e-01 0.000000000000000000e+00
1.480906250000000000e+03 -5.837749317288398743e-02 1.803024262189865112e-01 0.000000000000000000e+00
1.486882812500000000e+03 -5.408562347292900085e-02 2.238718420267105103e-01 0.000000000000000000e+00
1.497949218750000000e+03 1.054645180702209473e-01 2.567453980445861816e-01 0.000000000000000000e+00
1.502898437500000000e+03 7.046297192573547363e-02 1.352920383214950562e-01 0.000000000000000000e+00
1.508890625000000000e+03 1.071866452693939209e-01 1.506152153015136719e-01 0.000000000000000000e+00
1.511949218750000000e+03 8.662872761487960815e-02 2.462297677993774414e-01 0.000000000000000000e+00
1.514898437500000000e+03 1.354029059410095215e+00 2.013213485479354858e-01 0.000000000000000000e+00
1.530914062500000000e+03 4.853298068046569824e-01 9.663515724241733551e-03 0.000000000000000000e+00
1.538886718750000000e+03 2.155474759638309479e-02 2.346340753138065338e-02 0.000000000000000000e+00
1.745171875000000000e+03 4.352314770221710205e-01 6.585066765546798706e-02 0.000000000000000000e+00
1.750093750000000000e+03 3.313007354736328125e-01 5.690808892250061035e-01 0.000000000000000000e+00
1.754246093750000000e+03 -6.033763885498046875e-01 1.765550374984741211e-01 0.000000000000000000e+00
1.767031250000000000e+03 -3.678482770919799805e-02 3.191196918487548828e-01 0.000000000000000000e+00
1.769027343750000000e+03 1.576518863439559937e-01 1.123671755194664001e-01 0.000000000000000000e+00
1.778015625000000000e+03 1.015823930501937866e-01 1.508690267801284790e-01 0.000000000000000000e+00
1.785000000000000000e+03 -1.068052887916564941e+00 4.747268259525299072e-01 0.000000000000000000e+00
1.795062500000000000e+03 -7.770472168922424316e-01 2.732923328876495361e-01 0.000000000000000000e+00
1.798984375000000000e+03 5.279598236083984375e-01 1.791440993547439575e-01 0.000000000000000000e+00
1.803933593750000000e+03 -4.600335657596588135e-02 2.477903515100479126e-01 0.000000000000000000e+00
1.811054687500000000e+03 4.645174741744995117e-01 5.507741123437881470e-03 0.000000000000000000e+00
1.815914062500000000e+03 -2.015681505203247070e+00 4.351843595504760742e-01 0.000000000000000000e+00
1.822898437500000000e+03 2.369395457208156586e-02 8.211881667375564575e-02 0.000000000000000000e+00
1.829902343750000000e+03 -1.888018846511840820e-01 1.217194870114326477e-01 0.000000000000000000e+00
1.834972656250000000e+03 -3.169488608837127686e-01 4.177077114582061768e-02 0.000000000000000000e+00
1.840910156250000000e+03 -3.652858734130859375e-01 1.044259890913963318e-01 0.000000000000000000e+00
1.850882812500000000e+03 -1.387378215789794922e+00 2.904527485370635986e-01 0.000000000000000000e+00
1.855953125000000000e+03 -5.244446396827697754e-01 5.629793554544448853e-02 0.000000000000000000e+00
1.860894531250000000e+03 -3.969728052616119385e-01 1.518200933933258057e-01 0.000000000000000000e+00
1.867890625000000000e+03 -1.122967720031738281e+00 3.361437469720840454e-02 0.000000000000000000e+00
1.871898437500000000e+03 -9.761390686035156250e-01 1.012891381978988647e-01 0.000000000000000000e+00
1.880937500000000000e+03 -8.424208760261535645e-01 1.998519450426101685e-01 0.000000000000000000e+00
1.887890625000000000e+03 -1.181605696678161621e+00 1.495931856334209442e-02 0.000000000000000000e+00
1.894890625000000000e+03 -8.471971154212951660e-01 7.950389385223388672e-02 0.000000000000000000e+00
2.131113281250000000e+03 -2.771175146102905273e+00 2.155701369047164917e-01 0.000000000000000000e+00
2.160062500000000000e+03 -2.683221817016601562e+00 8.800990134477615356e-02 0.000000000000000000e+00
2.189992187500000000e+03 -2.173433542251586914e+00 2.823087871074676514e-01 0.000000000000000000e+00
2.209996093750000000e+03 -1.794556617736816406e+00 1.970406770706176758e-01 0.000000000000000000e+00
3.853867187500000000e+02 -4.477774202823638916e-01 3.689168393611907959e-01 1.000000000000000000e+00
6.774218750000000000e+02 -3.964160203933715820e+00 5.983318686485290527e-01 1.000000000000000000e+00
7.174648437500000000e+02 -1.178188562393188477e+00 7.899858951568603516e-01 1.000000000000000000e+00
7.402851562500000000e+02 -2.001494884490966797e+00 9.497207403182983398e-01 1.000000000000000000e+00
7.412812500000000000e+02 -6.734430193901062012e-01 4.068692326545715332e-01 1.000000000000000000e+00
1.003519531250000000e+03 1.985545158386230469e-01 5.942131280899047852e-01 1.000000000000000000e+00
1.042484375000000000e+03 1.674890875816345215e+00 4.957747161388397217e-01 1.000000000000000000e+00
1.045476562500000000e+03 -4.227061271667480469e-01 5.578052401542663574e-01 1.000000000000000000e+00
1.100449218750000000e+03 1.816808938980102539e+00 5.104430913925170898e-01 1.000000000000000000e+00
1.129394531250000000e+03 9.277083277702331543e-01 3.089046478271484375e-01 1.000000000000000000e+00
1.417457031250000000e+03 -5.062962770462036133e-01 3.565326631069183350e-01 1.000000000000000000e+00
1.454339843750000000e+03 3.260708451271057129e-01 2.808923423290252686e-01 1.000000000000000000e+00
1.479289062500000000e+03 -4.867541193962097168e-01 3.401693403720855713e-01 1.000000000000000000e+00
1.507289062500000000e+03 -1.166549697518348694e-02 3.559795320034027100e-01 1.000000000000000000e+00
1.747539062500000000e+03 1.549278140068054199e+00 1.184003591537475586e+00 1.000000000000000000e+00
1.751531250000000000e+03 9.282153248786926270e-01 9.774537086486816406e-01 1.000000000000000000e+00
1.806355468750000000e+03 6.873893737792968750e-02 3.627364337444305420e-01 1.000000000000000000e+00
1.835402343750000000e+03 -6.639461219310760498e-02 4.405209124088287354e-01 1.000000000000000000e+00
1.865308593750000000e+03 1.853083372116088867e-01 4.582097530364990234e-01 1.000000000000000000e+00
2.126476562500000000e+03 4.893923997879028320e-01 1.001488327980041504e+00 1.000000000000000000e+00
2.157355468750000000e+03 -3.271198034286499023e+00 1.922861218452453613e+00 1.000000000000000000e+00
2.190382812500000000e+03 1.485668540000915527e+00 1.098544001579284668e+00 1.000000000000000000e+00
3.853867187500000000e+02 6.459364295005798340e-01 6.356649398803710938e+00 2.000000000000000000e+00
6.774218750000000000e+02 1.177929043769836426e+00 6.877886295318603516e+00 2.000000000000000000e+00
7.174648437500000000e+02 -1.317416667938232422e+00 5.156738758087158203e+00 2.000000000000000000e+00
7.408828125000000000e+02 6.160015463829040527e-01 6.103173732757568359e+00 2.000000000000000000e+00
1.003519531250000000e+03 -8.589698076248168945e-01 4.703820705413818359e+00 2.000000000000000000e+00
1.043980468750000000e+03 -5.669267475605010986e-02 5.396371364593505859e+00 2.000000000000000000e+00
1.100449218750000000e+03 5.126322507858276367e-01 8.043629646301269531e+00 2.000000000000000000e+00
1.129394531250000000e+03 -2.161953002214431763e-01 5.365513324737548828e+00 2.000000000000000000e+00
1.417457031250000000e+03 1.613640040159225464e-01 5.630560874938964844e+00 2.000000000000000000e+00
1.454339843750000000e+03 8.539499342441558838e-02 5.848519325256347656e+00 2.000000000000000000e+00
1.479289062500000000e+03 -1.291972696781158447e-01 5.296048164367675781e+00 2.000000000000000000e+00
1.507289062500000000e+03 -2.787569463253021240e-01 5.536351203918457031e+00 2.000000000000000000e+00
1.750203125000000000e+03 -7.683904170989990234e-01 4.724264621734619141e+00 2.000000000000000000e+00
1.806355468750000000e+03 1.202438831329345703e+00 7.581615924835205078e+00 2.000000000000000000e+00
1.835402343750000000e+03 9.826024770736694336e-01 6.714658737182617188e+00 2.000000000000000000e+00
1.865308593750000000e+03 -7.991551756858825684e-01 4.778382301330566406e+00 2.000000000000000000e+00
2.126476562500000000e+03 5.677166461944580078e+00 1.221146488189697266e+01 2.000000000000000000e+00
2.157355468750000000e+03 -8.092830181121826172e-01 1.991815376281738281e+01 2.000000000000000000e+00
2.190382812500000000e+03 1.619453549385070801e+00 7.438064575195312500e+00 2.000000000000000000e+00
