6.764466552734375000e+02 1.813958883285522461e-01 4.456984043121337891e+00 -1.228730678558349609e+00 7.130146026611328125e-02 1.475425839424133301e+00
5.991463012695312500e+02 1.377577781677246094e-01 4.263588428497314453e+00 -1.686974763870239258e+00 -1.101008653640747070e+00 3.582007810473442078e-02
7.517902832031250000e+02 1.598616838455200195e-01 4.164971351623535156e+00 -1.200797557830810547e+00 -6.857979297637939453e-01 5.371614694595336914e-01
5.731138916015625000e+02 5.721856951713562012e-01 5.054602622985839844e+00 -1.965470314025878906e+00 1.476998329162597656e+00 3.763661980628967285e-01
4.964171752929687500e+02 1.328246593475341797e-01 4.188555717468261719e+00 -1.699051856994628906e+00 8.285593986511230469e-01 8.080592155456542969e-01
4.526682434082031250e+02 3.478670120239257812e-02 3.925786256790161133e+00 -1.711928844451904297e+00 1.204907894134521484e+00 1.796878099441528320e+00
4.937543334960937500e+02 1.400805711746215820e-01 3.985292196273803711e+00 -1.590055227279663086e+00 1.488955020904541016e+00 1.484861254692077637e+00
4.805430908203125000e+02 1.579583883285522461e-01 4.100078105926513672e+00 -1.600991487503051758e+00 1.299681663513183594e+00 1.444362998008728027e+00
4.938954772949218750e+02 1.448781490325927734e+00 7.053664207458496094e+00 -4.135975837707519531e+00 -2.939307689666748047e+00 1.491568565368652344e+00
7.207666625976562500e+02 4.072797298431396484e-01 4.750986099243164062e+00 -2.293658256530761719e+00 -1.408677101135253906e+00 1.757627487182617188e+00
5.344030761718750000e+02 2.880678772926330566e-01 4.789809703826904297e+00 -7.455396652221679688e-01 2.425529956817626953e+00 9.866995215415954590e-01
3.202896728515625000e+02 4.407318830490112305e-01 4.389850139617919922e+00 -1.466091871261596680e+00 1.036119461059570312e+00 1.059647053480148315e-01
6.824138183593750000e+02 1.387323141098022461e-01 4.048579216003417969e+00 -1.874399185180664062e+00 1.867990493774414062e+00 2.418185710906982422e+00
6.071229858398437500e+02 3.775987625122070312e-01 4.609384536743164062e+00 -1.456881761550903320e+00 6.929206848144531250e-01 2.571919858455657959e-01
5.143690795898437500e+02 4.928386211395263672e-02 3.923293113708496094e+00 -1.571155786514282227e+00 -5.923569202423095703e-01 8.509508371353149414e-01
2.452819519042968750e+02 1.025571823120117188e-01 3.891580820083618164e+00 -1.934380531311035156e+00 5.620479583740234375e-01 7.311464846134185791e-02
2.737601928710937500e+02 5.074462890625000000e-01 4.423084259033203125e+00 -1.873424053192138672e+00 1.779770851135253906e-01 1.022197842597961426e+00
3.352944335937500000e+02 2.938689589500427246e-01 4.854075431823730469e+00 -2.467066049575805664e+00 -1.502397060394287109e+00 1.393419027328491211e+00
6.004371337890625000e+02 2.173131704330444336e-02 3.941822528839111328e+00 -1.540160179138183594e+00 -5.495202541351318359e-01 4.416826367378234863e-01
2.226064147949218750e+02 5.544856190681457520e-01 5.088449001312255859e+00 -1.264022588729858398e+00 -4.201567173004150391e-01 6.534706354141235352e-01
3.916806335449218750e+02 3.694368004798889160e-01 4.512094020843505859e+00 -1.189874410629272461e+00 1.811928749084472656e+00 2.436252117156982422e+00
4.312698364257812500e+02 -3.426015377044677734e-03 3.641767263412475586e+00 -1.943002939224243164e+00 1.549501419067382812e+00 1.661239743232727051e+00
2.989566650390625000e+02 1.745421290397644043e-01 3.940732717514038086e+00 -1.530514955520629883e+00 6.661152839660644531e-01 1.938656091690063477e+00
6.435068359375000000e+02 2.530405521392822266e-01 3.880527496337890625e+00 -1.537280082702636719e+00 -9.777152538299560547e-01 6.735127419233322144e-02
4.111116333007812500e+02 1.322420477867126465e+00 6.586470127105712891e+00 -2.179383039474487305e+00 1.465549468994140625e+00 2.025702953338623047e+00
6.439692382812500000e+02 5.624312162399291992e-02 3.962705373764038086e+00 -1.661795377731323242e+00 7.067275047302246094e-01 2.302321910858154297e+00
2.222355651855468750e+02 5.405250787734985352e-01 5.332309722900390625e+00 -1.237143278121948242e+00 -9.788656234741210938e-01 8.331114053726196289e-01
4.586112365722656250e+02 1.731432676315307617e-01 3.947251319885253906e+00 -1.799727678298950195e+00 -5.784916877746582031e-01 1.030783891677856445e+00
3.478894348144531250e+02 5.067414045333862305e-01 5.082992553710937500e+00 -2.033047676086425781e+00 -2.379857301712036133e+00 9.893362224102020264e-02
7.688109130859375000e+02 3.889675736427307129e-01 4.311179161071777344e+00 -1.130561828613281250e+00 1.514210700988769531e+00 1.192641258239746094e-01
4.505191650390625000e+02 5.193620920181274414e-02 3.878847599029541016e+00 -1.855419874191284180e+00 -4.939162731170654297e-01 1.640678048133850098e+00
6.667053833007812500e+02 4.783425331115722656e-01 4.938292026519775391e+00 -1.646261215209960938e+00 -2.425801753997802734e-01 1.666337490081787109e+00
6.242033081054687500e+02 2.895001769065856934e-01 4.236354351043701172e+00 -1.780345439910888672e+00 1.025252342224121094e+00 8.448059558868408203e-01
6.568804931640625000e+02 6.027609109878540039e-02 3.984921455383300781e+00 -1.375178098678588867e+00 3.316807746887207031e-01 3.278876304626464844e+00
3.105910339355468750e+02 2.471953034400939941e-01 4.404873847961425781e+00 -1.787234544754028320e+00 4.566049575805664062e-01 2.737337648868560791e-01
4.291410827636718750e+02 2.385600209236145020e-01 4.331606388092041016e+00 -9.675490856170654297e-01 1.097271442413330078e+00 1.580025851726531982e-01
6.045981445312500000e+02 1.019109487533569336e-01 4.063376426696777344e+00 -9.693849086761474609e-01 4.769113063812255859e+00 1.543935537338256836e+00
6.425596923828125000e+02 2.177498340606689453e-01 4.379942893981933594e+00 -1.527930498123168945e+00 2.080914974212646484e+00 2.417506933212280273e+00
4.884571533203125000e+02 1.904317140579223633e-01 4.773311614990234375e+00 -1.899778842926025391e+00 1.410968303680419922e+00 9.082018136978149414e-01
5.185510864257812500e+02 3.965162038803100586e-01 4.836547851562500000e+00 -2.060148715972900391e+00 -6.707835197448730469e-01 1.451689004898071289e+00
2.631351928710937500e+02 7.254632115364074707e-01 5.358213424682617188e+00 -2.616029977798461914e+00 -2.497211694717407227e+00 8.986903429031372070e-01
2.105759429931640625e+02 1.609488725662231445e-01 4.177139759063720703e+00 -1.533685922622680664e+00 3.500843048095703125e+00 9.726297855377197266e-01
4.700258178710937500e+02 1.018075942993164062e-01 3.948940515518188477e+00 -1.657942533493041992e+00 8.126163482666015625e-01 1.244548797607421875e+00
3.525853881835937500e+02 1.478725671768188477e-01 3.849752664566040039e+00 -1.587289571762084961e+00 3.166246414184570312e-01 1.378471970558166504e+00
4.768574218750000000e+02 1.501093506813049316e-01 3.984449625015258789e+00 -2.064526081085205078e+00 -3.014001846313476562e+00 1.709976077079772949e+00
5.927637329101562500e+02 2.592275142669677734e-01 4.109947681427001953e+00 -1.179628372192382812e+00 2.575256824493408203e+00 1.923737525939941406e+00
4.332497253417968750e+02 2.139571905136108398e-01 4.081528186798095703e+00 -1.207551956176757812e+00 2.833149433135986328e+00 2.083710670471191406e+00
3.185787658691406250e+02 6.791521906852722168e-01 5.421023845672607422e+00 -9.970521926879882812e-01 -7.635116577148437500e-01 3.564399480819702148e-02
4.394732971191406250e+02 1.048923134803771973e-01 4.168214321136474609e+00 -1.726205348968505859e+00 2.779767513275146484e+00 4.275127410888671875e+00
4.176723937988281250e+02 6.660515666007995605e-01 4.934717178344726562e+00 -1.133239269256591797e+00 2.454969882965087891e+00 2.752728223800659180e+00
4.988121948242187500e+02 4.595828056335449219e-02 3.976072311401367188e+00 -2.049460411071777344e+00 6.616997718811035156e-01 1.617304563522338867e+00
5.229338378906250000e+02 2.500472068786621094e-01 4.183167457580566406e+00 -1.605701446533203125e+00 -2.455908060073852539e+00 9.548120200634002686e-02
5.638278198242187500e+02 1.531497240066528320e-01 3.996166706085205078e+00 -1.370269060134887695e+00 -9.849607944488525391e-01 1.127342879772186279e-01
5.279395141601562500e+02 3.849862813949584961e-01 4.714853763580322266e+00 -1.666518449783325195e+00 6.505513191223144531e-01 7.123993635177612305e-01
2.641167297363281250e+02 5.378673672676086426e-01 5.037463188171386719e+00 -4.247415065765380859e-01 1.458988189697265625e+00 1.216292619705200195e+00
3.450797424316406250e+02 8.869552612304687500e-02 4.064582347869873047e+00 -1.818524599075317383e+00 -9.405136108398437500e-02 1.554802775382995605e+00
4.248744506835937500e+02 5.134946703910827637e-01 4.677315711975097656e+00 -1.220809221267700195e+00 -4.182791709899902344e-01 3.587561845779418945e-01
2.849773559570312500e+02 2.466427683830261230e-01 4.157515048980712891e+00 -1.767253875732421875e+00 3.976893424987792969e-01 1.555481195449829102e+00
4.246144714355468750e+02 4.296271800994873047e-01 4.407390117645263672e+00 -1.319382190704345703e+00 6.772279739379882812e-02 1.163880705833435059e+00
6.512561035156250000e+02 2.874312996864318848e-01 4.476002216339111328e+00 -1.713371276855468750e+00 1.167778968811035156e+00 1.873118877410888672e+00
2.250998229980468750e+02 1.995593786239624023e+00 8.066043853759765625e+00 -9.069627761840820312e+00 -3.084443807601928711e+00 4.959906935691833496e-01
4.860584106445312500e+02 3.121002912521362305e-01 4.166845321655273438e+00 -1.613959074020385742e+00 1.168136596679687500e+00 1.559506058692932129e+00
6.401129150390625000e+02 5.541467666625976562e-02 3.964860200881958008e+00 -1.817855834960937500e+00 -1.434350013732910156e-01 1.883755683898925781e+00
3.634710998535156250e+02 5.157108902931213379e-01 4.773460388183593750e+00 -1.856851577758789062e+00 1.919648647308349609e+00 3.090093731880187988e-01
2.384288787841796875e+02 4.649452567100524902e-01 4.951859474182128906e+00 -2.232917547225952148e+00 -7.621479034423828125e-01 2.475651800632476807e-01
7.934249877929687500e+02 2.217162847518920898e+00 8.545307159423828125e+00 1.629710197448730469e-01 7.067394256591796875e-01 4.953084588050842285e-01
4.954511718750000000e+02 5.052878260612487793e-01 4.572551727294921875e+00 -5.830740928649902344e-01 3.346967697143554688e-01 9.453349709510803223e-01
5.032211914062500000e+02 3.625440597534179688e-02 3.907528877258300781e+00 -1.121017932891845703e+00 -1.891028881072998047e+00 7.747513651847839355e-01
7.724085083007812500e+02 5.685831308364868164e-01 5.270897388458251953e+00 -1.225486993789672852e+00 -1.362395286560058594e-01 1.440058469772338867e+00
6.539558105468750000e+02 2.590774893760681152e-01 4.202639579772949219e+00 -1.819739341735839844e+00 1.236381530761718750e+00 1.385991573333740234e+00
4.908456726074218750e+02 2.970573902130126953e-01 4.253059864044189453e+00 -1.559630632400512695e+00 7.780766487121582031e-01 5.803219079971313477e-01
6.723890991210937500e+02 1.973519921302795410e-01 4.054589748382568359e+00 -1.688941717147827148e+00 1.734979152679443359e+00 1.323037743568420410e+00
7.030144653320312500e+02 3.365940451622009277e-01 4.669507980346679688e+00 -1.889572143554687500e+00 -1.852020025253295898e+00 4.264464676380157471e-01
4.494454956054687500e+02 9.024287462234497070e-01 5.835911273956298828e+00 -8.511614799499511719e-01 5.697321891784667969e-01 1.387997865676879883e+00
3.240258178710937500e+02 -1.900124549865722656e-02 3.688563823699951172e+00 -1.678217649459838867e+00 -7.062482833862304688e-01 2.949763536453247070e+00
4.697269287109375000e+02 8.529108762741088867e-02 3.954579591751098633e+00 -1.959490776062011719e+00 -2.565997838973999023e+00 2.668578028678894043e-01
6.592771606445312500e+02 1.363095641136169434e-01 4.252720355987548828e+00 -1.767764091491699219e+00 3.918385505676269531e-01 3.926298767328262329e-02
4.014943542480468750e+02 1.461815237998962402e-01 3.614585638046264648e+00 -1.971552371978759766e+00 -7.614874839782714844e-01 2.019370555877685547e+00
6.191079711914062500e+02 3.981396555900573730e-01 4.937477588653564453e+00 -1.247102022171020508e+00 2.307410240173339844e+00 4.859656691551208496e-01
4.894974670410156250e+02 3.124518394470214844e-01 4.220436096191406250e+00 -1.434210538864135742e+00 1.613755226135253906e+00 1.264374136924743652e+00
1.359055175781250000e+02 -8.086228370666503906e-02 4.219315052032470703e+00 -1.766490936279296875e+00 3.949165344238281250e-01 3.178478240966796875e+00
7.604213867187500000e+02 1.915975809097290039e-01 4.483721256256103516e+00 -1.382011175155639648e+00 3.433370590209960938e-01 1.597963690757751465e+00
4.777991638183593750e+02 3.994292616844177246e-01 4.428831577301025391e+00 -1.096343994140625000e+00 1.981215476989746094e+00 1.367189168930053711e+00
7.374749145507812500e+02 8.608072996139526367e-02 3.807724952697753906e+00 -1.288745403289794922e+00 1.439714431762695312e+00 2.596641778945922852e+00
1.061174240112304688e+02 3.958853483200073242e-01 4.659171581268310547e+00 -1.677675247192382812e+00 -8.923983573913574219e-01 1.144967198371887207e+00
4.671617431640625000e+02 1.487523317337036133e-01 4.290098190307617188e+00 -1.607800722122192383e+00 -5.799353122711181641e-01 1.744756102561950684e-01
4.635001220703125000e+02 2.732636928558349609e-01 4.559761524200439453e+00 -1.596698760986328125e+00 -1.808476448059082031e-01 8.402328491210937500e-01
5.833900146484375000e+02 2.216883897781372070e-01 3.975977659225463867e+00 -1.467595100402832031e+00 -1.269913911819458008e+00 1.250083595514297485e-01
7.436419677734375000e+02 2.016596198081970215e-01 4.148562431335449219e+00 -1.780188083648681641e+00 -2.889692783355712891e-01 1.280450820922851562e-01
5.191561889648437500e+02 3.169280886650085449e-01 4.736998081207275391e+00 -1.380585432052612305e+00 -5.962371826171875000e-01 7.507131099700927734e-01
7.630170288085937500e+02 4.050171971321105957e-01 4.968461513519287109e+00 -1.843861341476440430e+00 5.575084686279296875e-01 9.213714599609375000e-01
2.857575073242187500e+02 1.800698041915893555e-01 4.506285190582275391e+00 -1.866548061370849609e+00 6.263709068298339844e-01 2.763028256595134735e-02
4.817266540527343750e+02 8.086562156677246094e-04 4.032936573028564453e+00 -1.407057046890258789e+00 4.344058036804199219e-01 1.352652192115783691e+00
2.454111785888671875e+02 3.278321623802185059e-01 4.628368377685546875e+00 -1.104385852813720703e+00 1.450424194335937500e+00 2.292805194854736328e+00
4.890585021972656250e+02 1.290742158889770508e-01 4.215213775634765625e+00 -2.029030323028564453e+00 8.590435981750488281e-01 6.727613210678100586e-01
4.279945373535156250e+02 2.113119959831237793e-01 4.461039543151855469e+00 -2.059816122055053711e+00 2.282288074493408203e+00 1.032955408096313477e+00
7.067467651367187500e+02 3.291269540786743164e-01 4.678173065185546875e+00 -2.170615196228027344e+00 -1.755591630935668945e+00 8.412367701530456543e-01
5.287276000976562500e+02 2.604790329933166504e-01 4.330719947814941406e+00 -1.804493665695190430e+00 1.861257553100585938e+00 6.884882450103759766e-01
3.252863464355468750e+02 1.004968881607055664e-01 4.389737129211425781e+00 -1.426402330398559570e+00 2.245275974273681641e+00 5.267066955566406250e-01
4.423427734375000000e+02 -1.536222100257873535e-01 3.697466611862182617e+00 -1.766557693481445312e+00 1.238300800323486328e+00 2.000290751457214355e-01
5.582943725585937500e+02 9.295880794525146484e-03 4.108520984649658203e+00 -1.784433126449584961e+00 3.538846969604492188e-02 3.218840956687927246e-01
6.397695312500000000e+02 1.661323308944702148e-01 4.340316772460937500e+00 -1.939810514450073242e+00 4.005074501037597656e-01 8.320835828781127930e-01
4.645946044921875000e+02 7.678583860397338867e-01 5.536876678466796875e+00 -2.717450857162475586e+00 -2.609012126922607422e+00 1.302192926406860352e+00
2.532383422851562500e+02 3.311277031898498535e-01 4.341071128845214844e+00 -7.839119434356689453e-01 8.353734016418457031e-01 1.160492897033691406e+00
5.083457946777343750e+02 3.876672387123107910e-01 4.834242343902587891e+00 -2.602282762527465820e+00 2.279489040374755859e+00 1.052938461303710938e+00
6.752249755859375000e+02 2.174527168273925781e+00 8.488269805908203125e+00 -7.045674324035644531e-01 -2.479600906372070312e-01 3.529302403330802917e-02
6.796792602539062500e+02 9.700232744216918945e-02 3.889530658721923828e+00 -1.357011795043945312e+00 3.284304141998291016e+00 1.602020859718322754e+00
5.456361083984375000e+02 7.158092260360717773e-01 5.333805084228515625e+00 -1.411182880401611328e+00 -1.809072494506835938e+00 1.449013352394104004e+00
3.654096679687500000e+02 4.297017455101013184e-01 4.751999855041503906e+00 -2.109675407409667969e+00 -4.590976238250732422e-01 6.102805137634277344e-01
3.150876464843750000e+02 1.304541230201721191e-01 4.016363620758056641e+00 -1.497780084609985352e+00 2.339124679565429688e-02 2.434100627899169922e+00
5.803696899414062500e+02 1.466952562332153320e-01 4.217317104339599609e+00 -2.160001993179321289e+00 -8.289194107055664062e-01 2.703365385532379150e-01
5.186132202148437500e+02 2.154769301414489746e-01 4.694528102874755859e+00 -1.625385284423828125e+00 1.899228096008300781e+00 5.534088015556335449e-01
4.622496032714843750e+02 7.015305757522583008e-02 3.764440059661865234e+00 -1.799886226654052734e+00 3.408415317535400391e+00 1.856760501861572266e+00
5.434586181640625000e+02 9.548026323318481445e-02 4.099225044250488281e+00 -1.263509988784790039e+00 2.613413333892822266e+00 1.502298116683959961e+00
5.196253051757812500e+02 1.818389892578125000e-01 4.024002075195312500e+00 -1.979026794433593750e+00 -2.286601066589355469e+00 1.926857471466064453e+00
5.198153686523437500e+02 6.127512454986572266e-02 4.014122009277343750e+00 -1.403714418411254883e+00 -9.719872474670410156e-01 7.515848278999328613e-01
2.316508331298828125e+02 2.115601897239685059e-01 4.248152732849121094e+00 -1.560020446777343750e+00 -1.474592685699462891e+00 2.428916692733764648e+00
5.241694335937500000e+02 2.087919712066650391e-01 4.163678169250488281e+00 -1.587499380111694336e+00 -1.326626539230346680e+00 2.099982738494873047e+00
4.846072082519531250e+02 1.569160819053649902e-01 3.972162246704101562e+00 -1.858654022216796875e+00 4.049634933471679688e-01 1.417603641748428345e-01
4.710560302734375000e+02 3.479844927787780762e-01 4.235277175903320312e+00 -1.873277425765991211e+00 -1.153450012207031250e+00 6.876692771911621094e-01
7.838200073242187500e+02 -5.929428339004516602e-02 3.908854961395263672e+00 -1.584960222244262695e+00 5.543112754821777344e-01 3.036264419555664062e+00
5.073438720703125000e+02 2.176938652992248535e-01 4.664430618286132812e+00 -1.552411317825317383e+00 6.577014923095703125e-01 1.352951765060424805e+00
7.190916748046875000e+02 2.091002464294433594e-01 4.495610713958740234e+00 -1.956319808959960938e+00 -1.279401779174804688e-01 1.849744200706481934e+00
5.386857910156250000e+02 1.490026712417602539e-02 3.979309558868408203e+00 -1.936951875686645508e+00 -1.162052154541015625e-02 1.625043749809265137e+00
7.196924438476562500e+02 1.659595966339111328e-01 4.064128875732421875e+00 -1.826769113540649414e+00 -2.673180103302001953e+00 8.468972444534301758e-01
4.633746948242187500e+02 6.821346282958984375e-02 3.895905971527099609e+00 -1.555502414703369141e+00 -1.945844888687133789e+00 2.684080600738525391e+00
5.174614257812500000e+02 3.202592134475708008e-01 4.095133304595947266e+00 -1.448746919631958008e+00 -3.621447086334228516e-01 1.766640543937683105e-01
8.142317199707031250e+01 2.208992004394531250e+00 8.236654281616210938e+00 -6.134712696075439453e-01 1.829676628112792969e+00 1.778414845466613770e-01
6.249087524414062500e+02 2.466558218002319336e-01 4.371305465698242188e+00 -1.691368818283081055e+00 -4.064679145812988281e-01 6.395742893218994141e-01
6.489476928710937500e+02 1.503273248672485352e-01 4.033655166625976562e+00 -2.022155523300170898e+00 5.125784873962402344e-01 8.623446226119995117e-01
5.508730468750000000e+02 1.339386701583862305e-01 4.169894218444824219e+00 -1.555370092391967773e+00 3.808832168579101562e-01 9.645717144012451172e-01
2.308452911376953125e+02 1.182112693786621094e+00 6.288106441497802734e+00 -4.639070034027099609e+00 -8.797472953796386719e+00 2.130453109741210938e+00
7.684542236328125000e+02 1.171605587005615234e-01 3.919493675231933594e+00 -1.071311235427856445e+00 6.471633911132812500e-02 1.038646772503852844e-01
5.717666625976562500e+02 5.037074685096740723e-01 4.818147659301757812e+00 -8.239281177520751953e-01 9.513235092163085938e-01 1.138106346130371094e+00
5.450216064453125000e+02 3.007182478904724121e-01 4.219292640686035156e+00 -1.966168880462646484e+00 2.715468406677246094e-01 1.206559419631958008e+00
4.053727111816406250e+02 1.094849705696105957e-01 4.429203510284423828e+00 -1.643990278244018555e+00 1.989080905914306641e+00 2.098673582077026367e+00
4.787619934082031250e+02 3.057836890220642090e-01 4.585025310516357422e+00 -9.838318824768066406e-01 -1.580784320831298828e+00 4.124487936496734619e-01
7.282813720703125000e+02 3.661988377571105957e-01 4.399880886077880859e+00 -1.809484958648681641e+00 -5.084919929504394531e-01 1.164139151573181152e+00
6.410154418945312500e+02 3.918443322181701660e-01 4.507870674133300781e+00 -2.239990234375000000e+00 -8.844327926635742188e-01 8.319270014762878418e-01
5.455889892578125000e+02 2.574032545089721680e-02 4.122972011566162109e+00 -1.594558954238891602e+00 1.561136245727539062e+00 9.408944845199584961e-01
3.971654052734375000e+02 6.858534216880798340e-01 5.080368995666503906e+00 -1.169927120208740234e+00 2.308619022369384766e+00 1.886393547058105469e+00
9.368842315673828125e+01 4.316948056221008301e-01 4.854831695556640625e+00 -2.182949781417846680e+00 3.318285942077636719e-01 1.112130522727966309e+00
2.920513000488281250e+02 1.006942987442016602e-01 4.289190292358398438e+00 -1.371035575866699219e+00 6.850171089172363281e-01 2.769322156906127930e+00
4.346425476074218750e+02 4.053235054016113281e-02 4.043055534362792969e+00 -1.223540306091308594e+00 1.522369384765625000e+00 9.223230183124542236e-02
5.065591735839843750e+02 4.085135459899902344e-02 3.986711978912353516e+00 -1.880819797515869141e+00 1.025652885437011719e-01 2.627620697021484375e+00
4.354562683105468750e+02 4.941412806510925293e-01 4.667631626129150391e+00 -7.610535621643066406e-01 2.440092563629150391e+00 1.791895776987075806e-01
7.494620361328125000e+02 2.106165885925292969e-01 4.515782356262207031e+00 -1.353473663330078125e+00 2.636437416076660156e+00 8.270832896232604980e-01
4.098583679199218750e+02 5.899560451507568359e-02 3.667037487030029297e+00 -2.107086181640625000e+00 -9.960699081420898438e-01 1.203758642077445984e-01
4.812870483398437500e+02 2.394179701805114746e-01 4.404311656951904297e+00 -1.435708999633789062e+00 7.245469093322753906e-01 1.753275275230407715e+00
6.329434204101562500e+02 1.142412424087524414e-01 3.560010910034179688e+00 -1.947154998779296875e+00 -1.407952308654785156e+00 4.559981822967529297e-01
3.740906372070312500e+02 1.118145585060119629e-01 3.603569030761718750e+00 -1.707272529602050781e+00 4.296445846557617188e-01 4.744370281696319580e-01
5.183605575561523438e+01 4.180804491043090820e-01 4.608806133270263672e+00 -2.075023651123046875e+00 -9.975600242614746094e-01 2.061688899993896484e+00
9.634541320800781250e+01 2.034134387969970703e+00 8.053309440612792969e+00 -4.188172817230224609e+00 -1.744766235351562500e+00 2.027259171009063721e-01
3.089155883789062500e+02 3.882857561111450195e-01 4.704893589019775391e+00 -1.455606222152709961e+00 -1.209661960601806641e+00 6.996166706085205078e-01
4.935189819335937500e+02 5.824798345565795898e-02 4.345420837402343750e+00 -1.628488302230834961e+00 -4.166910648345947266e+00 1.555889248847961426e+00
3.234963073730468750e+02 4.012313485145568848e-01 4.401485919952392578e+00 -1.191478967666625977e+00 -2.443385124206542969e-01 1.869623661041259766e+00
7.330869750976562500e+02 4.878304004669189453e-01 5.163665771484375000e+00 -1.917876005172729492e+00 6.836056709289550781e-01 1.085077762603759766e+00
5.253400878906250000e+02 1.803877353668212891e-01 4.029829978942871094e+00 -1.487548351287841797e+00 -3.960502147674560547e-01 2.087724804878234863e-01
5.320751953125000000e+02 2.879952788352966309e-01 4.597819805145263672e+00 -2.237498760223388672e+00 1.663029193878173828e+00 5.190576910972595215e-01
4.581195678710937500e+02 1.880028843879699707e-01 4.072571277618408203e+00 -2.119133472442626953e+00 -9.885191917419433594e-02 2.193661689758300781e+00
4.121007995605468750e+02 4.295359849929809570e-01 5.067232131958007812e+00 -1.662505865097045898e+00 -7.691538333892822266e-01 1.865174651145935059e+00
5.216273193359375000e+02 1.111205816268920898e-01 3.985542297363281250e+00 -1.540275812149047852e+00 4.212141036987304688e-01 1.004578948020935059e+00
4.722978210449218750e+02 1.458480358123779297e-01 4.145013332366943359e+00 -1.911287307739257812e+00 4.895567893981933594e-01 1.874498724937438965e+00
4.288411560058593750e+02 5.460268259048461914e-01 5.206646919250488281e+00 -1.785107851028442383e+00 -1.179984807968139648e+00 7.679522633552551270e-01
6.730644531250000000e+02 5.668110847473144531e-01 4.813737392425537109e+00 -1.946382522583007812e+00 -8.117794990539550781e-02 6.901535987854003906e-01
1.578759002685546875e+02 2.422407269477844238e-01 4.477615833282470703e+00 -1.951117515563964844e+00 -1.200319528579711914e+00 2.823647022247314453e+00
3.530012207031250000e+02 6.301535964012145996e-01 5.196229934692382812e+00 -2.351168394088745117e+00 1.187133789062500000e-01 1.029757976531982422e+00
4.993479309082031250e+02 4.175170063972473145e-01 5.040814399719238281e+00 -1.959152221679687500e+00 5.649185180664062500e-01 4.165614843368530273e-01
4.246072387695312500e+02 2.516205906867980957e-01 4.506505489349365234e+00 -8.401393890380859375e-01 2.853858470916748047e+00 2.492575496435165405e-01
6.053059082031250000e+02 1.655790805816650391e-01 4.144415855407714844e+00 -1.974642276763916016e+00 6.125187873840332031e-01 7.950348854064941406e-01
5.541425781250000000e+02 3.108092546463012695e-01 4.479550838470458984e+00 -1.488511562347412109e+00 -1.374946832656860352e+00 5.488613843917846680e-01
5.249379882812500000e+02 1.113625168800354004e-01 4.465137481689453125e+00 -1.869806051254272461e+00 -3.246426582336425781e-01 2.246806144714355469e+00
4.935773315429687500e+02 1.643431186676025391e-01 4.294687271118164062e+00 -1.279993057250976562e+00 5.928850173950195312e-01 1.334993839263916016e-01
4.193885803222656250e+02 3.959704637527465820e-01 4.773353576660156250e+00 -1.339944601058959961e+00 -1.590336561203002930e+00 3.459900915622711182e-01
7.895295410156250000e+02 3.721753358840942383e-01 5.173689842224121094e+00 -1.761147975921630859e+00 1.109652519226074219e+00 1.814308166503906250e+00
1.830939331054687500e+02 6.449695825576782227e-01 5.083441257476806641e+00 -2.455726861953735352e+00 -6.035447120666503906e-02 1.118869781494140625e+00
4.557651977539062500e+02 4.524890780448913574e-01 4.795632839202880859e+00 -2.007988691329956055e+00 -3.712594509124755859e-01 5.450561642646789551e-01
6.075286865234375000e+02 3.984134197235107422e-01 4.960029602050781250e+00 -1.733741760253906250e+00 -3.560054302215576172e-01 2.478926420211791992e+00
2.580250854492187500e+02 5.138664245605468750e-01 4.731665611267089844e+00 -1.776173114776611328e+00 -7.212591171264648438e-01 1.452109217643737793e+00
5.455229492187500000e+02 2.156788110733032227e-01 4.439095973968505859e+00 -1.275799274444580078e+00 2.179217338562011719e+00 1.000092029571533203e+00
4.365143432617187500e+02 3.695362210273742676e-01 4.525916576385498047e+00 -1.172150373458862305e+00 1.018633842468261719e+00 9.984085559844970703e-01
6.354320678710937500e+02 1.879569292068481445e-01 4.372376441955566406e+00 -1.647001504898071289e+00 8.687329292297363281e-01 1.211782470345497131e-01
3.600877380371093750e+02 -9.057796001434326172e-02 3.509926080703735352e+00 -1.517486572265625000e+00 2.830519676208496094e+00 1.104158997535705566e+00
3.160749816894531250e+02 9.885877370834350586e-02 3.819496631622314453e+00 -1.693768501281738281e+00 -2.316994667053222656e+00 1.853191614151000977e+00
5.449655761718750000e+02 4.095615744590759277e-01 4.798815727233886719e+00 -1.678785085678100586e+00 -8.883476257324218750e-03 3.314257264137268066e-01
7.164637451171875000e+02 1.875680088996887207e-01 4.632137775421142578e+00 -1.534370183944702148e+00 -7.080340385437011719e-01 1.493553519248962402e+00
1.401057739257812500e+02 7.502774000167846680e-01 5.659117221832275391e+00 3.461384773254394531e-01 2.693388462066650391e+00 3.240813016891479492e-01
9.848647308349609375e+01 8.767764568328857422e-01 5.705397605895996094e+00 -1.197361946105957031e+00 1.579742431640625000e+00 2.572830677032470703e+00
4.622624816894531250e+02 -7.103341817855834961e-02 3.721259117126464844e+00 -1.372272968292236328e+00 -3.910512924194335938e+00 1.534065753221511841e-01
5.226738281250000000e+02 4.058148860931396484e-01 4.728853702545166016e+00 -1.752778291702270508e+00 -2.181071043014526367e+00 1.086073517799377441e-01
3.543381958007812500e+02 3.821910619735717773e-01 4.118715286254882812e+00 -1.407738924026489258e+00 1.783177852630615234e+00 2.442388236522674561e-01
2.863936767578125000e+02 2.565027475357055664e-01 4.343417167663574219e+00 -1.317323446273803711e+00 -1.571822166442871094e-01 1.545018911361694336e+00
5.333043212890625000e+02 3.153559565544128418e-01 4.286366462707519531e+00 -1.566623449325561523e+00 -8.869624137878417969e-01 4.094887077808380127e-01
5.901333007812500000e+02 1.144409775733947754e-01 4.451444625854492188e+00 -1.859984397888183594e+00 -2.049823999404907227e+00 1.598257303237915039e+00
6.362894287109375000e+02 1.793481111526489258e-01 3.983704090118408203e+00 -2.138512134552001953e+00 -1.109617948532104492e+00 1.138326287269592285e+00
2.671141662597656250e+02 3.007023334503173828e-01 4.086824417114257812e+00 -7.022929191589355469e-01 1.885666847229003906e+00 4.304203689098358154e-01
5.522874145507812500e+02 4.421091079711914062e-01 5.047581195831298828e+00 -1.466432809829711914e+00 7.973670959472656250e-02 1.675440073013305664e+00
6.116402587890625000e+02 5.811195969581604004e-01 4.927357673645019531e+00 -2.246700525283813477e+00 -2.626847028732299805e+00 1.649489879608154297e+00
6.452634887695312500e+02 2.443464398384094238e-01 4.771522045135498047e+00 -1.493818759918212891e+00 6.111001968383789062e-01 1.587063223123550415e-01
6.607714843750000000e+02 5.928367376327514648e-02 3.953278064727783203e+00 -1.847814321517944336e+00 1.122655868530273438e+00 1.667222023010253906e+00
3.565593261718750000e+02 2.823597788810729980e-01 4.697618007659912109e+00 -6.316256523132324219e-01 1.080019474029541016e+00 6.706905364990234375e-01
2.352306365966796875e+02 9.971368312835693359e-02 4.181052207946777344e+00 -1.769518852233886719e+00 1.970982551574707031e+00 1.730626821517944336e+00
5.242383422851562500e+02 2.663185596466064453e-01 4.434881210327148438e+00 -2.029443979263305664e+00 -1.629343032836914062e+00 4.110169112682342529e-01
5.316563110351562500e+02 2.224547863006591797e-01 4.343999385833740234e+00 -1.450587511062622070e+00 -7.129919528961181641e-01 1.071094036102294922e+00
5.355681152343750000e+02 1.349071264266967773e-01 4.070048809051513672e+00 -1.864800453186035156e+00 -9.764742851257324219e-01 8.962532281875610352e-01
3.598644409179687500e+02 2.466270327568054199e-01 4.119793415069580078e+00 -2.166893482208251953e+00 1.689507961273193359e+00 5.847848057746887207e-01
5.083457946777343750e+02 3.876672387123107910e-01 4.834242343902587891e+00 -2.602282762527465820e+00 2.279489040374755859e+00 1.052938461303710938e+00
3.251721801757812500e+02 1.461584568023681641e-01 4.300613403320312500e+00 -1.341537237167358398e+00 -2.173446416854858398e+00 7.983667254447937012e-01
3.695464782714843750e+02 5.807710886001586914e-01 5.047525405883789062e+00 -1.985417604446411133e+00 -1.167882680892944336e+00 8.969115018844604492e-01
7.070529785156250000e+02 5.831593275070190430e-02 4.032018184661865234e+00 -1.586928367614746094e+00 -4.798936843872070312e-01 1.387023806571960449e+00
5.227170410156250000e+02 9.335720539093017578e-02 3.880254030227661133e+00 -1.602201461791992188e+00 -2.230393886566162109e-01 4.920445680618286133e-01
2.780353393554687500e+02 1.905018091201782227e-01 4.426456451416015625e+00 -1.837280988693237305e+00 -1.854419708251953125e-01 1.711199045181274414e+00
6.671956787109375000e+02 -1.810157895088195801e-01 3.907884836196899414e+00 -1.836310625076293945e+00 -8.995532989501953125e-01 3.944939970970153809e-01
5.623930664062500000e+02 6.687396764755249023e-02 4.065977096557617188e+00 -1.920953989028930664e+00 9.484219551086425781e-01 2.242956638336181641e+00
4.300876159667968750e+02 1.372154355049133301e-01 3.959180116653442383e+00 -1.712155342102050781e+00 5.345082283020019531e-01 9.340604543685913086e-01
5.721425781250000000e+02 3.547729969024658203e+00 1.094099617004394531e+01 1.906144618988037109e+00 6.019649505615234375e+00 7.048100829124450684e-01
2.932683410644531250e+02 1.236938834190368652e-01 4.078039646148681641e+00 -1.510775089263916016e+00 1.205251216888427734e+00 1.779185414314270020e+00
5.274796752929687500e+02 2.067010998725891113e-01 4.144895076751708984e+00 -1.162055730819702148e+00 -9.061682224273681641e-01 1.026628494262695312e+00
5.660257568359375000e+02 1.837707161903381348e-01 4.248497962951660156e+00 -1.841548681259155273e+00 -1.550673246383666992e+00 2.161490768194198608e-01
5.147901611328125000e+02 2.155563235282897949e-01 4.056408882141113281e+00 -1.318417787551879883e+00 1.355743408203125000e-01 1.430719971656799316e+00
5.774472045898437500e+02 8.074617385864257812e-02 3.439243555068969727e+00 -1.487861871719360352e+00 -5.559754371643066406e-01 1.032805085182189941e+00
6.671641235351562500e+02 1.068113446235656738e-01 4.130630016326904297e+00 -1.464869976043701172e+00 9.208440780639648438e-01 1.182948470115661621e+00
6.361112060546875000e+02 1.506645679473876953e-01 4.310983657836914062e+00 -1.507411003112792969e+00 1.238288879394531250e+00 2.094799041748046875e+00
4.834184570312500000e+02 1.030895113945007324e-01 3.714929103851318359e+00 -1.564731597900390625e+00 -2.347022294998168945e+00 1.019643068313598633e+00
5.478760986328125000e+02 2.976560592651367188e-01 4.196533203125000000e+00 -1.084699630737304688e+00 8.645844459533691406e-01 7.120969891548156738e-01
4.814381103515625000e+02 2.450028657913208008e-01 4.467733860015869141e+00 -1.483168601989746094e+00 -7.106280326843261719e-01 3.057579100131988525e-01
5.076998596191406250e+02 2.649447321891784668e-01 4.182356834411621094e+00 -2.161383628845214844e+00 2.646830081939697266e+00 9.006924629211425781e-01
6.774461059570312500e+02 4.619043469429016113e-01 4.944451808929443359e+00 -8.931922912597656250e-01 8.993124961853027344e-01 8.059830069541931152e-01
4.343617858886718750e+02 1.072596311569213867e-01 3.597951889038085938e+00 -1.959357261657714844e+00 -1.925567388534545898e+00 2.060905694961547852e+00
5.302568969726562500e+02 5.196067094802856445e-01 5.146318912506103516e+00 -1.772360801696777344e+00 -5.191671848297119141e-01 1.136943817138671875e+00
5.079491577148437500e+02 2.131240963935852051e-01 4.026315689086914062e+00 -2.076337337493896484e+00 -1.171171665191650391e+00 1.365597724914550781e+00
4.043032531738281250e+02 5.018866062164306641e-01 4.651421070098876953e+00 -1.575185060501098633e+00 4.742598533630371094e-01 1.265588283538818359e+00
4.574988708496093750e+02 -3.823608160018920898e-02 3.729245901107788086e+00 -1.776298284530639648e+00 -2.552417516708374023e+00 1.266451001167297363e+00
5.283273925781250000e+02 1.354262232780456543e-01 4.015981197357177734e+00 -1.980347633361816406e+00 -1.794747114181518555e+00 1.062652349472045898e+00
1.896694488525390625e+02 3.949344158172607422e-01 4.370226383209228516e+00 -1.790678501129150391e+00 -5.306100845336914062e-01 1.729599833488464355e+00
5.759949340820312500e+02 4.358522295951843262e-01 4.692225456237792969e+00 -1.550059318542480469e+00 2.358226776123046875e+00 1.140190124511718750e+00
5.365220336914062500e+02 1.330889463424682617e-01 4.291672706604003906e+00 -1.714854240417480469e+00 -1.167070865631103516e+00 2.767446517944335938e+00
3.435799865722656250e+02 2.453572750091552734e-01 4.335127353668212891e+00 -1.745102405548095703e+00 1.497740745544433594e+00 1.239262938499450684e+00
3.035462951660156250e+02 2.962443232536315918e-01 4.575249671936035156e+00 -1.386297941207885742e+00 2.872452735900878906e+00 2.121467828750610352e+00
4.372706298828125000e+02 2.228826880455017090e-01 4.436262130737304688e+00 -1.508914232254028320e+00 1.130082607269287109e+00 1.968938112258911133e+00
7.062538452148437500e+02 2.089375257492065430e-01 3.706965208053588867e+00 -1.937286853790283203e+00 -1.494452953338623047e+00 1.421521425247192383e+00
4.898857116699218750e+02 1.856546998023986816e-01 4.174698829650878906e+00 -1.655715703964233398e+00 -4.379391670227050781e-01 1.819075465202331543e+00
5.266766357421875000e+02 2.319467663764953613e-01 4.228560447692871094e+00 -1.414716243743896484e+00 -1.502887010574340820e+00 3.322717249393463135e-01
6.286005859375000000e+02 -1.916825771331787109e-03 3.745853662490844727e+00 -1.683481931686401367e+00 -8.434951305389404297e-01 3.087337613105773926e-01
6.959893188476562500e+02 1.187831163406372070e-01 3.795833110809326172e+00 -1.751350164413452148e+00 1.722564697265625000e+00 2.217881202697753906e+00
3.985301208496093750e+02 3.130387067794799805e-01 4.273312568664550781e+00 -1.773529052734375000e+00 -4.010307788848876953e-01 4.303629696369171143e-02
5.945123291015625000e+02 5.636755824089050293e-01 5.136071205139160156e+00 -4.483568668365478516e-01 1.046285629272460938e+00 1.308893680572509766e+00
6.755058593750000000e+02 3.064984083175659180e-01 4.334026813507080078e+00 -1.277087926864624023e+00 -1.972796916961669922e+00 9.649373292922973633e-01
2.859993896484375000e+02 8.051192760467529297e-02 3.815978527069091797e+00 -1.536024808883666992e+00 -3.097712993621826172e-01 1.696386098861694336e+00
5.483177490234375000e+02 1.259208321571350098e-01 4.266381263732910156e+00 -2.017586231231689453e+00 -2.910484075546264648e+00 1.594843149185180664e+00
3.632192993164062500e+02 3.441925644874572754e-01 4.437469482421875000e+00 -1.173889636993408203e+00 -1.151429414749145508e+00 7.474811077117919922e-01
2.851334228515625000e+02 5.730212926864624023e-01 5.071112632751464844e+00 -2.545642852783203125e+00 -3.697787523269653320e+00 1.407608985900878906e+00
1.793600158691406250e+02 3.268394470214843750e+00 1.049638175964355469e+01 -5.308675765991210938e-01 -8.714759349822998047e-01 2.524205744266510010e-01
2.478255310058593750e+02 -6.198775768280029297e-02 3.579285860061645508e+00 -1.831535100936889648e+00 2.734684944152832031e-01 6.833939552307128906e-01
6.738838195800781250e+01 1.019715666770935059e-01 3.779774665832519531e+00 -1.325625181198120117e+00 -1.482260227203369141e+00 5.836110115051269531e-01
4.424416503906250000e+02 7.625329494476318359e-02 4.124440670013427734e+00 -1.805824041366577148e+00 -1.456768512725830078e+00 1.205407857894897461e+00
6.461108398437500000e+02 5.747479200363159180e-02 3.955138206481933594e+00 -1.420018672943115234e+00 8.006453514099121094e-01 1.450982213020324707e+00
4.489076232910156250e+02 2.692773938179016113e-01 4.147571563720703125e+00 -1.420544385910034180e+00 4.992246627807617188e-01 1.078978061676025391e+00
1.640103302001953125e+02 2.169029712677001953e-01 4.503782749176025391e+00 -1.504105329513549805e+00 -1.519975662231445312e+00 1.499452710151672363e+00
7.177410888671875000e+02 -2.972006797790527344e-02 3.326051235198974609e+00 -1.629954576492309570e+00 2.354314327239990234e+00 1.173187017440795898e+00
7.070347900390625000e+02 3.380358219146728516e-02 3.629040718078613281e+00 -1.752153635025024414e+00 2.456963062286376953e+00 1.878480792045593262e+00
4.749853210449218750e+02 5.031561851501464844e-02 3.953603267669677734e+00 -1.776983737945556641e+00 3.294634819030761719e-01 3.668246269226074219e-01
7.470848388671875000e+02 4.929394721984863281e-01 4.737186908721923828e+00 -2.057132720947265625e+00 3.546786308288574219e+00 2.136581838130950928e-01
5.551148071289062500e+02 3.745249509811401367e-01 4.545308589935302734e+00 -2.046450376510620117e+00 4.334449768066406250e-03 6.100003719329833984e-01
4.251184082031250000e+02 4.019777178764343262e-01 4.790218353271484375e+00 -1.946119070053100586e+00 1.627638339996337891e+00 2.642274141311645508e+00
4.057098999023437500e+02 7.335257530212402344e-02 3.660156726837158203e+00 -1.801955699920654297e+00 6.996583938598632812e-01 1.861322045326232910e+00
2.344279022216796875e+02 4.177900552749633789e-01 5.353839874267578125e+00 -1.177866458892822266e+00 1.922547817230224609e+00 2.115489691495895386e-01
4.709585266113281250e+02 4.460591077804565430e-02 3.821409463882446289e+00 -1.503773927688598633e+00 -1.442193984985351562e-01 1.906858682632446289e+00
4.390588378906250000e+02 3.079857826232910156e-01 4.577472686767578125e+00 -2.372190952301025391e+00 -3.139044046401977539e+00 1.515575885772705078e+00
5.620520019531250000e+02 1.879950165748596191e-01 3.996681213378906250e+00 -1.484142541885375977e+00 1.390709877014160156e+00 4.817767739295959473e-01
2.695488586425781250e+02 3.215243220329284668e-01 4.801152706146240234e+00 -1.270222663879394531e+00 -1.591002941131591797e-01 1.709889054298400879e+00
5.941087036132812500e+02 3.180849075317382812e+00 1.033417224884033203e+01 7.838966846466064453e+00 7.020015716552734375e+00 8.378385305404663086e-01
3.350945434570312500e+02 1.971159577369689941e-01 4.077852249145507812e+00 -1.539531946182250977e+00 3.209114074707031250e-02 1.517864942550659180e+00
4.709092102050781250e+02 1.587641239166259766e-01 3.898317098617553711e+00 -1.775892972946166992e+00 -2.957419157028198242e+00 1.196714878082275391e+00
9.270195007324218750e+01 2.045326232910156250e-01 4.244889736175537109e+00 -1.063331365585327148e+00 1.100344657897949219e+00 1.741836309432983398e+00
4.877039794921875000e+02 1.837174296379089355e-01 4.235357284545898438e+00 -1.167200803756713867e+00 -7.915222644805908203e-01 2.103804111480712891e+00
5.579299316406250000e+02 7.737227678298950195e-01 5.401276588439941406e+00 -1.823496818542480469e+00 1.730871200561523438e-01 1.197423219680786133e+00
4.709585266113281250e+02 4.460591077804565430e-02 3.821409463882446289e+00 -1.503773927688598633e+00 -1.442193984985351562e-01 1.906858682632446289e+00
7.576853942871093750e+01 2.051236629486083984e+00 8.188083648681640625e+00 -1.830519866943359375e+01 -1.224886989593505859e+01 6.850249171257019043e-01
5.517736206054687500e+02 3.509635329246520996e-01 4.493883132934570312e+00 -1.753746271133422852e+00 9.891200065612792969e-01 5.367099493741989136e-02
5.161461791992187500e+02 1.237757802009582520e-01 3.903614521026611328e+00 -1.411024332046508789e+00 2.897388935089111328e+00 8.649612665176391602e-01
5.778587341308593750e+01 3.811850547790527344e-01 4.395030975341796875e+00 -8.142006397247314453e-01 -1.160433292388916016e+00 6.745412349700927734e-01
4.972779235839843750e+02 2.101654410362243652e-01 4.391758918762207031e+00 -1.428860425949096680e+00 -1.502059698104858398e+00 8.096751570701599121e-01
6.788214721679687500e+02 3.284143805503845215e-01 4.491354465484619141e+00 -1.696385145187377930e+00 1.323199272155761719e-01 2.039143800735473633e+00
5.674402465820312500e+02 6.484657526016235352e-01 5.079787254333496094e+00 -1.923161745071411133e+00 2.936966419219970703e+00 1.031117811799049377e-01
5.187358398437500000e+02 5.020425319671630859e-01 4.641461372375488281e+00 -1.178485155105590820e+00 -8.260989189147949219e-01 3.135279417037963867e-01
4.808400268554687500e+02 2.699034214019775391e-01 4.160615921020507812e+00 -1.926366090774536133e+00 9.038209915161132812e-01 2.533865928649902344e+00
6.869363403320312500e+02 1.398429274559020996e-01 3.990952968597412109e+00 -2.003693580627441406e+00 6.380653381347656250e-01 4.922719001770019531e-01
6.450646972656250000e+02 2.176690101623535156e-02 3.964188575744628906e+00 -1.564314365386962891e+00 1.118953227996826172e+00 4.626451730728149414e-01
2.899217224121093750e+02 4.926623106002807617e-01 4.341075897216796875e+00 -1.559203863143920898e+00 6.683444976806640625e-01 2.877310514450073242e+00
3.237283020019531250e+02 1.494925856590270996e+00 7.300925254821777344e+00 -2.016038894653320312e+00 -9.032547473907470703e-01 1.287874698638916016e+00
4.634932861328125000e+02 6.038575768470764160e-01 5.187071323394775391e+00 -5.004727840423583984e-01 1.336917877197265625e+00 7.008651494979858398e-01
7.215365600585937500e+02 1.050161242485046387e+00 5.925335884094238281e+00 -1.619304418563842773e+00 2.040648460388183594e+00 1.733354091644287109e+00
5.890134887695312500e+02 -6.517565250396728516e-02 3.242169618606567383e+00 -1.463949680328369141e+00 1.475238800048828125e-01 1.575317978858947754e+00
3.534116821289062500e+02 2.803463697433471680e+00 9.181531906127929688e+00 -3.314914703369140625e+00 -1.519753932952880859e+00 5.223881602287292480e-01
4.150867919921875000e+02 1.728516221046447754e-01 3.608721256256103516e+00 -1.888765096664428711e+00 -5.379986763000488281e-01 3.851182758808135986e-01
3.468656616210937500e+02 6.511515378952026367e-02 4.012346267700195312e+00 -1.684129238128662109e+00 1.550400257110595703e+00 2.092764854431152344e+00
5.403844604492187500e+02 3.305408358573913574e-01 4.463171005249023438e+00 -9.853434562683105469e-01 5.112671852111816406e-01 4.005765914916992188e-01
6.050311889648437500e+02 3.526649475097656250e-01 4.613915443420410156e+00 -2.367395162582397461e+00 5.143904685974121094e-01 1.410536646842956543e+00
6.366506347656250000e+02 2.037029266357421875e-01 4.245636940002441406e+00 -1.085842847824096680e+00 9.874844551086425781e-01 1.281733632087707520e+00
3.188887939453125000e+02 3.874778747558593750e-02 3.714075565338134766e+00 -1.802837848663330078e+00 -8.579599857330322266e-01 1.409220933914184570e+00
7.428750000000000000e+02 2.033018469810485840e-01 4.228230476379394531e+00 -1.466659307479858398e+00 6.197214126586914062e-02 9.215598925948143005e-03
6.572138061523437500e+02 2.357352972030639648e-01 4.387056350708007812e+00 -1.598216295242309570e+00 1.138455867767333984e+00 1.645308136940002441e+00
2.724910888671875000e+02 -1.393491029739379883e-02 3.445295572280883789e+00 -1.553903818130493164e+00 1.155421733856201172e+00 1.374815106391906738e+00
5.448106079101562500e+02 1.355615854263305664e-01 4.134099006652832031e+00 -2.076381444931030273e+00 9.112691879272460938e-01 1.136275768280029297e+00
4.416842956542968750e+02 6.383377313613891602e-02 3.931672573089599609e+00 -1.073149442672729492e+00 1.574599742889404297e+00 2.789340317249298096e-01
4.198513488769531250e+02 7.144963741302490234e-02 4.126325607299804688e+00 -1.483726501464843750e+00 5.641984939575195312e-01 2.099766731262207031e+00
4.860584106445312500e+02 3.121002912521362305e-01 4.166845321655273438e+00 -1.613959074020385742e+00 1.168136596679687500e+00 1.559506058692932129e+00
2.282100982666015625e+02 1.220507621765136719e-01 4.078279018402099609e+00 -1.102192401885986328e+00 -3.247058391571044922e-01 1.611832976341247559e+00
6.770695800781250000e+02 2.267295122146606445e-01 4.194486618041992188e+00 -1.708300113677978516e+00 -2.887585163116455078e+00 5.042134523391723633e-01
2.703667602539062500e+02 2.305904626846313477e-01 4.455430030822753906e+00 -1.165475845336914062e+00 1.155781745910644531e-01 4.618993699550628662e-01
4.791359558105468750e+02 9.460836648941040039e-02 3.682610988616943359e+00 -1.833981275558471680e+00 1.722097396850585938e+00 1.889890551567077637e+00
5.767794189453125000e+02 1.466326713562011719e-01 3.861664295196533203e+00 -1.282567977905273438e+00 -7.975804805755615234e-01 2.960611581802368164e-01
4.993622436523437500e+02 4.723152518272399902e-01 4.634757518768310547e+00 -9.669339656829833984e-01 -1.415885686874389648e+00 5.441312789916992188e-01
2.782877502441406250e+02 5.885300040245056152e-01 4.718565464019775391e+00 -1.709451675415039062e+00 1.119618415832519531e+00 1.461897373199462891e+00
7.614545288085937500e+02 3.434621095657348633e-01 4.647130966186523438e+00 -9.598505496978759766e-01 -3.512871265411376953e-01 1.207917690277099609e+00
6.793253173828125000e+02 2.125316858291625977e-02 3.661813020706176758e+00 -1.893897056579589844e+00 -1.591669321060180664e+00 1.039667844772338867e+00
3.027979431152343750e+02 1.483303308486938477e-01 3.916169404983520508e+00 -1.277624368667602539e+00 3.798961639404296875e-01 1.196357965469360352e+00
6.173144531250000000e+02 -5.822962522506713867e-02 3.997576475143432617e+00 -2.156088352203369141e+00 -1.132766008377075195e+00 3.057947635650634766e+00
7.489773559570312500e+02 4.503216743469238281e-01 4.608802318572998047e+00 -1.194891929626464844e+00 -4.371428489685058594e-01 1.107397556304931641e+00
3.087810668945312500e+02 3.305281400680541992e-01 4.673928260803222656e+00 -1.722358465194702148e+00 5.235671997070312500e-03 1.045655965805053711e+00
5.761754760742187500e+02 4.668998718261718750e-02 3.980023622512817383e+00 -1.813700199127197266e+00 1.714944839477539062e-01 9.727531075477600098e-01
5.483177490234375000e+02 1.259208321571350098e-01 4.266381263732910156e+00 -2.017586231231689453e+00 -2.910484075546264648e+00 1.594843149185180664e+00
5.590325927734375000e+02 1.001914739608764648e-01 3.784168720245361328e+00 -1.609363555908203125e+00 -1.292979717254638672e+00 2.575818300247192383e+00
4.144048156738281250e+02 2.649790644645690918e-01 4.400915145874023438e+00 -2.198785543441772461e+00 3.741741180419921875e-02 8.285993933677673340e-01
3.150907287597656250e+02 1.742996573448181152e-01 4.239339828491210938e+00 -1.482535600662231445e+00 1.047933101654052734e+00 2.043029308319091797e+00
5.944036865234375000e+02 2.219605445861816406e-01 4.061215400695800781e+00 -1.523354053497314453e+00 -2.854954004287719727e+00 1.241968631744384766e+00
2.844349975585937500e+02 5.208684206008911133e-01 4.827586174011230469e+00 -1.981116533279418945e+00 -1.375890970230102539e+00 7.368690371513366699e-01
4.394827270507812500e+02 1.606536507606506348e-01 4.308199882507324219e+00 -1.266833543777465820e+00 7.149147987365722656e-01 1.189071297645568848e+00
5.934712524414062500e+02 2.658048272132873535e-01 4.089188098907470703e+00 -1.281194686889648438e+00 1.662149429321289062e+00 3.005262613296508789e-01
2.875817871093750000e+02 3.698496818542480469e-01 4.442289352416992188e+00 -1.890269517898559570e+00 -1.315904855728149414e+00 1.579819917678833008e+00
2.260744018554687500e+02 3.579628467559814453e-02 3.671458005905151367e+00 -1.711039543151855469e+00 6.190395355224609375e-01 3.153073787689208984e-01
3.082685852050781250e+02 3.460123538970947266e-01 4.388224601745605469e+00 -1.551896333694458008e+00 8.813953399658203125e-01 5.331123471260070801e-01
4.642385864257812500e+02 4.779396653175354004e-01 5.154001712799072266e+00 -1.769654750823974609e+00 -3.669533729553222656e+00 8.524369001388549805e-01
5.496381835937500000e+02 1.226390600204467773e-01 4.081252574920654297e+00 -1.530786752700805664e+00 -3.550612926483154297e-01 8.872425556182861328e-01
5.538462524414062500e+02 1.584756970405578613e-01 3.665063858032226562e+00 -1.621142625808715820e+00 -1.473309993743896484e+00 1.795030385255813599e-01
4.123740539550781250e+02 2.099303007125854492e-01 4.229406356811523438e+00 -9.033966064453125000e-01 6.107401847839355469e-01 1.145667910575866699e+00
5.094550170898437500e+02 2.523839473724365234e-01 4.762484550476074219e+00 -1.135894060134887695e+00 1.377387046813964844e+00 1.073543071746826172e+00
2.974810180664062500e+02 1.454655528068542480e-01 4.150859832763671875e+00 -1.387524604797363281e+00 -1.322678327560424805e+00 2.865236997604370117e+00
1.882583923339843750e+02 1.024529337882995605e-01 4.218191146850585938e+00 -1.440293788909912109e+00 2.237482070922851562e+00 1.826225638389587402e+00
2.255114746093750000e+02 2.549511790275573730e-01 4.067838668823242188e+00 -1.801260709762573242e+00 -1.702843904495239258e+00 2.271020412445068359e+00
4.068259582519531250e+02 1.871910691261291504e-01 4.354277610778808594e+00 -1.836936473846435547e+00 1.493182182312011719e+00 3.285338640213012695e+00
6.887033081054687500e+02 8.651614189147949219e-02 3.866425991058349609e+00 -1.592794656753540039e+00 1.594519615173339844e-01 2.226097345352172852e+00
6.916524658203125000e+02 1.144288182258605957e-01 3.931669950485229492e+00 -2.228207588195800781e+00 1.737389564514160156e+00 1.695503950119018555e+00
3.166190185546875000e+02 3.813624382019042969e-02 4.067014694213867188e+00 -1.403791904449462891e+00 1.573085784912109375e-01 1.367597818374633789e+00
3.958540039062500000e+02 2.157573103904724121e-01 4.303544044494628906e+00 -2.009778022766113281e+00 1.180815696716308594e+00 2.571758329868316650e-01
1.972198486328125000e+02 1.269457221031188965e+00 6.355475902557373047e+00 -5.847496032714843750e+00 -8.684803009033203125e+00 2.014889001846313477e+00
2.867107543945312500e+02 -3.941482305526733398e-02 3.935133218765258789e+00 -2.059490680694580078e+00 4.259514808654785156e-01 1.225365161895751953e+00
5.234245605468750000e+02 7.945370674133300781e-02 3.894461631774902344e+00 -1.899635791778564453e+00 -2.305516004562377930e+00 2.739795207977294922e+00
7.603103027343750000e+02 5.108484029769897461e-01 4.684484958648681641e+00 -1.125640869140625000e+00 1.768813133239746094e+00 7.809978723526000977e-01
6.479605102539062500e+02 1.467764377593994141e-01 4.073144912719726562e+00 -2.116839885711669922e+00 4.147028923034667969e-01 7.569167017936706543e-01
6.344633789062500000e+02 -1.898121833801269531e-02 3.695036172866821289e+00 -1.286497116088867188e+00 -8.686494827270507812e-01 5.934192538261413574e-01
2.594840393066406250e+02 4.613704085350036621e-01 4.445089817047119141e+00 -1.470612287521362305e+00 9.457349777221679688e-02 8.430256843566894531e-01
2.364699554443359375e+02 3.921385288238525391e+00 1.216155338287353516e+01 9.889340400695800781e+00 4.086625576019287109e+00 5.450755357742309570e-01
4.452330627441406250e+02 2.051618695259094238e-01 4.063290596008300781e+00 -2.165905237197875977e+00 -2.585989236831665039e+00 1.939769744873046875e+00
3.746975097656250000e+02 2.321949601173400879e-01 3.728690862655639648e+00 -1.862859725952148438e+00 -3.505483865737915039e+00 9.510930776596069336e-01
5.466129150390625000e+02 2.390345931053161621e-01 4.386213302612304688e+00 -1.646584272384643555e+00 3.768491744995117188e-01 1.149125218391418457e+00
4.394959106445312500e+02 1.123090505599975586e+00 6.423967361450195312e+00 -1.748025417327880859e-01 7.226300239562988281e-01 5.214911103248596191e-01
5.458519897460937500e+02 3.962837457656860352e-01 4.569191455841064453e+00 -1.134283542633056641e+00 1.367461681365966797e+00 7.722633481025695801e-01
7.592670288085937500e+02 5.316317677497863770e-01 4.794574737548828125e+00 -2.086014747619628906e+00 -3.127717971801757812e-01 2.499664783477783203e+00
4.247000122070312500e+02 4.742632508277893066e-01 4.976089477539062500e+00 -1.567262411117553711e+00 1.196994781494140625e+00 1.435014128684997559e+00
5.530675659179687500e+02 3.842964172363281250e-01 4.657985687255859375e+00 -1.980693340301513672e+00 1.318728923797607422e+00 2.098819255828857422e+00
6.268287963867187500e+02 1.941576600074768066e-01 4.226406574249267578e+00 -1.966956853866577148e+00 -7.231438159942626953e-01 2.503642797470092773e+00
1.510685729980468750e+02 4.265362024307250977e-02 4.172387123107910156e+00 -2.648086547851562500e+00 -9.463262557983398438e-01 6.085635423660278320e-01
6.447498168945312500e+02 1.726910471916198730e-01 4.334710597991943359e+00 -1.605571508407592773e+00 8.589029312133789062e-01 5.154050588607788086e-01
4.945715942382812500e+02 1.951997876167297363e-01 4.394812107086181641e+00 -2.157567739486694336e+00 -1.377758979797363281e+00 1.001923918724060059e+00
5.528569946289062500e+02 4.209473729133605957e-01 4.297237873077392578e+00 -2.056705951690673828e+00 -1.981431245803833008e+00 2.464176565408706665e-01
6.241705932617187500e+02 1.838946342468261719e-02 3.887639522552490234e+00 -1.415487527847290039e+00 3.541707992553710938e-01 2.281761407852172852e+00
5.547509155273437500e+02 4.304563403129577637e-01 4.493733882904052734e+00 -1.686414480209350586e+00 -1.207256317138671875e+00 1.849001526832580566e+00
6.868695068359375000e+02 -8.093595504760742188e-03 3.766325950622558594e+00 -1.848089694976806641e+00 -1.403212547302246094e-02 2.026629686355590820e+00
7.796938476562500000e+02 1.306964874267578125e+00 6.546774387359619141e+00 -2.799662351608276367e+00 -1.215183734893798828e+00 1.840892076492309570e+00
7.587851562500000000e+02 9.991213083267211914e-01 5.469363689422607422e+00 2.181053161621093750e-01 2.595214843750000000e+00 6.744594573974609375e-01
5.250954589843750000e+02 1.932099461555480957e-01 4.195167541503906250e+00 -1.467735767364501953e+00 1.351335048675537109e+00 1.231525778770446777e+00
5.469965820312500000e+02 6.913519501686096191e-01 5.342147350311279297e+00 -1.530263423919677734e+00 1.763997077941894531e+00 1.240207433700561523e+00
6.306509399414062500e+02 1.343549489974975586e-01 3.834939479827880859e+00 -1.428160667419433594e+00 -6.475973129272460938e-01 1.950252652168273926e+00
5.262496337890625000e+02 4.322618246078491211e-02 3.711635112762451172e+00 -1.748615503311157227e+00 -1.188302040100097656e-01 1.976419210433959961e+00
4.618516845703125000e+02 2.173805832862854004e-01 4.713901042938232422e+00 -2.199133634567260742e+00 1.468181610107421875e-01 2.276739597320556641e+00
4.791687011718750000e+02 7.216784358024597168e-01 4.986134052276611328e+00 -2.450802326202392578e+00 -1.882536411285400391e+00 1.712474703788757324e+00
5.292937622070312500e+02 3.474035263061523438e-01 4.402936935424804688e+00 -1.531195640563964844e+00 2.916626930236816406e+00 1.172750115394592285e+00
7.247583618164062500e+02 1.513319015502929688e-01 4.391328334808349609e+00 -1.573252677917480469e+00 -2.241539955139160156e-01 9.287608265876770020e-01
4.754160461425781250e+02 5.410350561141967773e-01 5.035738945007324219e+00 -1.010481119155883789e+00 -5.171287059783935547e-01 8.431401848793029785e-01
5.907880859375000000e+02 2.322655916213989258e-01 4.232007503509521484e+00 -1.280089616775512695e+00 6.751298904418945312e-02 2.821988761425018311e-01
6.933143920898437500e+02 9.808379411697387695e-02 4.070468425750732422e+00 -1.839132308959960938e+00 -1.744270324707031250e-01 1.744893789291381836e+00
1.860261230468750000e+02 4.519476294517517090e-01 3.990619659423828125e+00 -1.175020933151245117e+00 1.460247039794921875e+00 1.727708876132965088e-01
7.058127441406250000e+02 7.067483663558959961e-02 3.864889144897460938e+00 -1.880635023117065430e+00 -8.770406246185302734e-01 8.228524774312973022e-02
4.586800537109375000e+02 2.787525653839111328e-01 4.250612735748291016e+00 -2.030290365219116211e+00 2.528667449951171875e-02 9.755393266677856445e-01
4.900219116210937500e+02 8.561313152313232422e-02 4.460216045379638672e+00 -2.156629562377929688e+00 -7.071399688720703125e-01 1.351520419120788574e+00
5.894823608398437500e+02 8.217132091522216797e-02 4.012115478515625000e+00 -1.790797710418701172e+00 -2.138800621032714844e+00 2.096270084381103516e+00
2.645045776367187500e+02 4.763555526733398438e-02 3.897809028625488281e+00 -1.631466150283813477e+00 5.838274955749511719e-01 1.293295383453369141e+00
3.218366699218750000e+02 3.121405243873596191e-01 4.838849067687988281e+00 -1.414802074432373047e+00 1.093411445617675781e+00 2.153910160064697266e+00
3.146970520019531250e+02 -1.615560054779052734e-02 3.391154050827026367e+00 -1.751888990402221680e+00 -1.887333393096923828e-01 1.914272546768188477e+00
6.980001220703125000e+02 6.641799211502075195e-02 4.075973033905029297e+00 -1.739121675491333008e+00 -1.039570569992065430e+00 6.142693161964416504e-01
5.672872314453125000e+02 1.730107665061950684e-01 4.251228809356689453e+00 -1.323310136795043945e+00 1.711025238037109375e+00 8.751810342073440552e-02
1.684208831787109375e+02 1.049098372459411621e-01 4.252833843231201172e+00 -8.129632472991943359e-01 -5.525922775268554688e-01 1.259783625602722168e+00
4.100772399902343750e+02 2.835161685943603516e-01 4.588276863098144531e+00 -1.853004693984985352e+00 -6.577324867248535156e-01 2.753443241119384766e+00
5.694646606445312500e+02 2.616393566131591797e-01 4.167735576629638672e+00 -1.718423366546630859e+00 1.568174362182617188e-01 1.046505689620971680e+00
6.335271606445312500e+02 2.458089590072631836e-01 3.929948329925537109e+00 -1.450372934341430664e+00 1.119625568389892578e+00 9.599157422780990601e-02
6.371893920898437500e+02 3.162775635719299316e-01 4.405050277709960938e+00 -1.020485162734985352e+00 8.184170722961425781e-01 8.579831719398498535e-01
4.942679748535156250e+02 2.400436401367187500e-01 4.217956542968750000e+00 -1.398583650588989258e+00 2.978310585021972656e+00 7.641162723302841187e-02
5.825534057617187500e+02 1.083121299743652344e-01 4.243781089782714844e+00 -1.811802387237548828e+00 -1.444213390350341797e+00 4.558993875980377197e-02
6.639226684570312500e+02 6.166028976440429688e-02 3.471704244613647461e+00 -1.763427257537841797e+00 1.284217834472656250e-01 2.422722339630126953e+00
4.851369323730468750e+02 6.994652748107910156e-02 4.320950031280517578e+00 -1.087396144866943359e+00 1.049950122833251953e+00 4.505990445613861084e-01
5.810053100585937500e+02 1.372327804565429688e-01 4.186077594757080078e+00 -2.301417589187622070e+00 -8.033764362335205078e-01 5.809417963027954102e-01
4.425966186523437500e+02 6.941577196121215820e-01 5.863918781280517578e+00 -2.235766649246215820e+00 -4.979312419891357422e-01 1.462922692298889160e+00
3.338348693847656250e+02 -2.151726484298706055e-01 3.581804513931274414e+00 -1.153717041015625000e+00 -3.225851058959960938e-01 2.129553794860839844e+00
4.384486083984375000e+02 3.508549928665161133e-01 4.794898509979248047e+00 -1.185468435287475586e+00 2.050526142120361328e+00 1.577011942863464355e+00
3.561753845214843750e+02 -8.101695775985717773e-02 3.571809530258178711e+00 -1.288670301437377930e+00 9.705066680908203125e-02 3.557904064655303955e-01
6.772547607421875000e+02 4.052585959434509277e-01 4.710868835449218750e+00 -1.768959760665893555e+00 2.542614936828613281e-01 1.419355571269989014e-01
3.744355468750000000e+02 2.384582757949829102e-01 4.103107929229736328e+00 -1.942774057388305664e+00 1.236529350280761719e+00 4.916283607482910156e+00
5.859527587890625000e+02 1.826400756835937500e-01 4.558073520660400391e+00 -1.786788702011108398e+00 -1.424416303634643555e+00 1.507133126258850098e+00
6.096597290039062500e+02 9.098953008651733398e-02 4.177799701690673828e+00 -1.388283967971801758e+00 -1.175937652587890625e+00 1.399281620979309082e+00
6.170042724609375000e+02 5.063211917877197266e-02 3.784808874130249023e+00 -1.151508092880249023e+00 3.297903537750244141e+00 1.379999518394470215e+00
2.831015319824218750e+02 1.821452975273132324e-01 4.296077728271484375e+00 -1.548190116882324219e+00 9.220361709594726562e-02 1.326335191726684570e+00
6.010744018554687500e+02 3.936694860458374023e-01 4.455536842346191406e+00 -1.602357625961303711e+00 4.277062416076660156e-01 3.103288114070892334e-01
5.883249511718750000e+02 1.930745840072631836e-01 4.231256484985351562e+00 -1.125440597534179688e+00 4.904139041900634766e+00 2.154954075813293457e-01
6.079822998046875000e+02 3.127479553222656250e-01 4.479818820953369141e+00 -9.358799457550048828e-01 1.827340126037597656e+00 1.617874979972839355e+00
6.821355590820312500e+02 2.924643754959106445e-01 4.556388378143310547e+00 -1.549457311630249023e+00 -2.652287483215332031e-02 1.426757454872131348e+00
3.711517944335937500e+02 3.660463094711303711e-01 4.625992774963378906e+00 -1.509052515029907227e+00 -4.580593109130859375e-01 5.664599537849426270e-01
6.321779174804687500e+02 4.569739103317260742e-01 4.399556636810302734e+00 -9.558975696563720703e-01 2.760448455810546875e+00 1.311915397644042969e+00
4.156301879882812500e+02 3.659640550613403320e-01 5.028218269348144531e+00 -1.663380861282348633e+00 -3.610854148864746094e+00 1.832319200038909912e-01
5.187358398437500000e+02 5.020425319671630859e-01 4.641461372375488281e+00 -1.178485155105590820e+00 -8.260989189147949219e-01 3.135279417037963867e-01
3.020039672851562500e+02 4.064201712608337402e-01 4.472353458404541016e+00 -1.206361055374145508e+00 5.255675315856933594e-01 4.216903150081634521e-01
4.737006530761718750e+02 6.942256689071655273e-01 5.105561256408691406e+00 -1.667231321334838867e+00 1.356580257415771484e+00 1.346199512481689453e+00
4.365143432617187500e+02 3.695362210273742676e-01 4.525916576385498047e+00 -1.172150373458862305e+00 1.018633842468261719e+00 9.984085559844970703e-01
5.669194335937500000e+02 3.006120324134826660e-01 4.361245155334472656e+00 -1.867005825042724609e+00 4.162311553955078125e-01 1.761897802352905273e+00
5.038056945800781250e+02 4.044469594955444336e-01 4.419523239135742188e+00 -2.098785638809204102e+00 -1.074385643005371094e-01 3.890445828437805176e-01
3.354666137695312500e+02 2.957051992416381836e-01 4.541919708251953125e+00 -1.665871143341064453e+00 9.371256828308105469e-01 1.414756178855895996e+00
5.202302246093750000e+02 2.137413620948791504e-01 4.527605533599853516e+00 -1.399263143539428711e+00 8.650112152099609375e-01 2.844960212707519531e+00
5.363881225585937500e+02 1.979374289512634277e-01 3.994772672653198242e+00 -1.512984037399291992e+00 1.892967224121093750e+00 7.758829593658447266e-01
4.425786132812500000e+02 2.057371139526367188e-01 4.009875297546386719e+00 -1.773610115051269531e+00 -9.262561798095703125e-04 1.346363782882690430e+00
7.258403930664062500e+02 9.314076900482177734e-01 6.097278118133544922e+00 -1.834735870361328125e+00 -1.455864906311035156e+00 2.732305228710174561e-01
4.697317504882812500e+02 4.961162805557250977e-02 3.999569892883300781e+00 -1.553910970687866211e+00 -3.436982631683349609e-01 1.026157498359680176e+00
2.574502563476562500e+02 3.065055608749389648e-02 3.593731641769409180e+00 -1.799396276473999023e+00 3.259444236755371094e-01 2.449603796005249023e+00
2.823921508789062500e+02 2.827274203300476074e-01 4.339263916015625000e+00 -1.319015026092529297e+00 -1.652002334594726562e-02 2.706170558929443359e+00
2.852982482910156250e+02 4.317611455917358398e-02 3.943141222000122070e+00 -2.361843585968017578e+00 -1.635845899581909180e+00 3.364888429641723633e+00
4.790713806152343750e+02 2.154046893119812012e-01 3.831353425979614258e+00 -1.467182636260986328e+00 3.620386123657226562e-02 3.066923320293426514e-01
4.923522338867187500e+02 2.871289253234863281e-01 4.481814384460449219e+00 -1.640754938125610352e+00 -1.875394582748413086e+00 2.529455125331878662e-01
3.313544921875000000e+02 2.655759453773498535e-01 4.467414855957031250e+00 -1.879442930221557617e+00 -1.547361612319946289e+00 1.911031484603881836e+00
5.359626464843750000e+02 6.821167469024658203e-02 4.137784004211425781e+00 -1.643929481506347656e+00 9.554624557495117188e-02 2.115146666765213013e-01
4.817641296386718750e+02 5.689865350723266602e-02 3.953248262405395508e+00 -1.547578573226928711e+00 1.468501091003417969e+00 1.182289004325866699e+00
7.161087036132812500e+02 2.047207355499267578e-01 4.634986400604248047e+00 -1.796503067016601562e+00 1.371972560882568359e+00 1.706335783004760742e+00
4.440502624511718750e+02 1.846477985382080078e-01 4.197150707244873047e+00 -1.198321580886840820e+00 -7.824862003326416016e-01 2.104299545288085938e+00
5.904996948242187500e+02 3.265745639801025391e-01 4.490648746490478516e+00 -2.390022277832031250e+00 -4.094755649566650391e-01 4.935851395130157471e-01
4.156065368652343750e+02 2.665892839431762695e-01 4.223206520080566406e+00 -2.059565782546997070e+00 3.185725212097167969e-01 3.881247043609619141e-01
5.152268676757812500e+02 -4.839521646499633789e-02 3.603487014770507812e+00 -1.460927724838256836e+00 4.199671745300292969e-01 1.520725369453430176e+00
6.397256469726562500e+02 1.521871685981750488e-01 4.375200271606445312e+00 -8.423781394958496094e-01 -3.461706638336181641e-01 1.340510606765747070e+00
2.942955627441406250e+02 8.934909105300903320e-02 3.318282604217529297e+00 -1.742529869079589844e+00 2.331233024597167969e+00 1.450755596160888672e+00
6.685844726562500000e+02 2.214952707290649414e-01 4.047272205352783203e+00 -1.781504154205322266e+00 -5.999803543090820312e-01 2.590790987014770508e+00
4.107058410644531250e+02 4.787391424179077148e-02 4.063773155212402344e+00 -1.593677997589111328e+00 2.738199234008789062e+00 3.651679992675781250e+00
6.999119873046875000e+02 1.548734903335571289e-01 4.023055076599121094e+00 -1.794553995132446289e+00 -4.653251171112060547e-01 2.331068277359008789e+00
6.492022705078125000e+02 -3.460329771041870117e-02 3.723252296447753906e+00 -1.291568279266357422e+00 2.555484771728515625e+00 2.218510150909423828e+00
3.497254333496093750e+02 4.801557064056396484e-01 4.940114498138427734e+00 -1.518186330795288086e+00 -6.217956542968750000e-01 1.684223294258117676e+00
6.287546997070312500e+02 2.870992422103881836e-01 4.404916763305664062e+00 -1.752067804336547852e+00 -8.439433574676513672e-01 1.311622381210327148e+00
3.198330688476562500e+02 5.587412118911743164e-01 5.209021568298339844e+00 -9.063255786895751953e-01 -1.792252063751220703e-01 3.372775018215179443e-01
7.143328857421875000e+02 7.163801789283752441e-01 5.257081985473632812e+00 -1.562030315399169922e+00 2.402484416961669922e+00 1.044062227010726929e-01
3.187609252929687500e+02 4.348192214965820312e-01 4.683399677276611328e+00 -1.335173845291137695e+00 1.543402671813964844e+00 2.067164897918701172e+00
4.580878601074218750e+02 1.478191018104553223e-01 3.904601097106933594e+00 -1.390162706375122070e+00 1.865649223327636719e-01 1.613578557968139648e+00
3.665216064453125000e+02 4.546636343002319336e-01 4.611581802368164062e+00 -1.654001474380493164e+00 1.023769378662109375e-02 2.141819238662719727e+00
7.141107177734375000e+02 2.163394451141357422e+00 8.382847785949707031e+00 -8.276548385620117188e+00 -8.499991893768310547e-01 3.185803890228271484e-01
7.497187500000000000e+02 3.922827839851379395e-01 4.682563781738281250e+00 -1.255016326904296875e+00 3.788313865661621094e+00 1.243128061294555664e+00
3.710524902343750000e+02 3.568788766860961914e-01 4.703670024871826172e+00 -1.852724552154541016e+00 2.259929180145263672e+00 7.838684320449829102e-01
5.479057617187500000e+02 1.410477757453918457e-01 4.027840614318847656e+00 -1.211709976196289062e+00 1.400136947631835938e+00 1.111508369445800781e+00
7.208057250976562500e+02 3.999984264373779297e-01 4.763569355010986328e+00 -2.472815513610839844e+00 -2.234745025634765625e-01 2.159207820892333984e+00
4.176723937988281250e+02 6.660515666007995605e-01 4.934717178344726562e+00 -1.133239269256591797e+00 2.454969882965087891e+00 2.752728223800659180e+00
4.518303527832031250e+02 7.833057641983032227e-02 3.882416963577270508e+00 -2.051830291748046875e+00 -2.070949077606201172e+00 1.897426962852478027e+00
6.568804931640625000e+02 6.027609109878540039e-02 3.984921455383300781e+00 -1.375178098678588867e+00 3.316807746887207031e-01 3.278876304626464844e+00
5.086765136718750000e+02 -9.897971153259277344e-02 3.715890169143676758e+00 -1.711926460266113281e+00 8.337020874023437500e-02 1.151915192604064941e+00
3.847478637695312500e+02 4.182639122009277344e-01 5.002741336822509766e+00 -2.763772010803222656e+00 -1.509976387023925781e-01 1.990322113037109375e+00
4.570316772460937500e+02 8.522295951843261719e-02 4.346080303192138672e+00 -1.352572441101074219e+00 2.152497768402099609e+00 2.632473468780517578e+00
3.314126586914062500e+02 1.786906123161315918e-01 4.209854125976562500e+00 -1.576645374298095703e+00 3.489637374877929688e-01 1.604354619979858398e+00
4.823720397949218750e+02 1.559052467346191406e-01 3.672832727432250977e+00 -1.911380290985107422e+00 -3.106653690338134766e-01 2.079900503158569336e+00
5.907172851562500000e+02 6.557075381278991699e-01 5.372321128845214844e+00 -2.006472349166870117e+00 2.337861061096191406e+00 2.120285481214523315e-01
7.143315429687500000e+02 5.478321313858032227e-01 5.396893978118896484e+00 -1.647322177886962891e+00 -9.884309768676757812e-01 2.431796550750732422e+00
1.048962860107421875e+02 -3.800845146179199219e-02 3.508401870727539062e+00 -1.710726022720336914e+00 -1.992104053497314453e+00 5.065777152776718140e-02
7.130551147460937500e+02 2.229300737380981445e-01 4.211467266082763672e+00 -1.506783962249755859e+00 -1.309680938720703125e+00 1.865625977516174316e+00
3.469582214355468750e+02 7.453621625900268555e-01 5.327235698699951172e+00 -2.766635417938232422e+00 -1.941717863082885742e+00 2.344628334045410156e+00
6.019987792968750000e+02 2.462388038635253906e+00 9.061607360839843750e+00 -1.085255813598632812e+01 -1.642499732971191406e+01 1.889337420463562012e+00
4.489634399414062500e+02 2.544354796409606934e-01 4.485122680664062500e+00 -1.569575071334838867e+00 7.474279403686523438e-01 1.146987318992614746e+00
3.124885559082031250e+02 1.990187883377075195e+00 7.785526752471923828e+00 9.681344032287597656e-01 3.240325450897216797e+00 1.389788269996643066e+00
5.324418334960937500e+02 3.543964028358459473e-01 4.799063205718994141e+00 -1.124908924102783203e+00 -1.120722293853759766e-01 4.975382685661315918e-01
5.324066772460937500e+02 3.769067525863647461e-01 4.564771175384521484e+00 -1.326783895492553711e+00 2.820110321044921875e-01 4.435971006751060486e-02
4.275492248535156250e+02 3.175709247589111328e-01 4.687087535858154297e+00 -1.019517183303833008e+00 1.695804595947265625e+00 5.215837955474853516e-01
5.273018188476562500e+02 6.921052932739257812e-02 3.947178363800048828e+00 -1.835321187973022461e+00 2.508401870727539062e-02 1.473241329193115234e+00
3.982618713378906250e+02 1.504145860671997070e-01 4.092160224914550781e+00 -1.289721727371215820e+00 -4.085637092590332031e+00 2.680395841598510742e-01
6.538102416992187500e+02 1.222159862518310547e-01 4.177641868591308594e+00 -2.045586109161376953e+00 -2.988260984420776367e+00 8.195543885231018066e-01
4.004264221191406250e+02 1.125092506408691406e-01 4.347156047821044922e+00 -1.629519462585449219e+00 1.302566528320312500e+00 3.189687252044677734e+00
3.936468811035156250e+02 7.491027712821960449e-01 5.529259681701660156e+00 -4.465198516845703125e-01 8.559393882751464844e-01 1.580600857734680176e+00
4.255120239257812500e+02 3.931396603584289551e-01 4.883406162261962891e+00 -1.239130496978759766e+00 3.397870063781738281e-01 1.167718648910522461e+00
4.667740783691406250e+02 1.316003203392028809e-01 3.732265472412109375e+00 -1.547870635986328125e+00 7.035636901855468750e-01 9.709217548370361328e-01
4.614182434082031250e+02 1.092405319213867188e-01 4.267956256866455078e+00 -1.141079664230346680e+00 -2.252900600433349609e-01 6.695910692214965820e-01
5.277823486328125000e+02 4.960250854492187500e-02 3.774709701538085938e+00 -1.949689388275146484e+00 3.987474441528320312e+00 6.519203782081604004e-01
2.269983825683593750e+02 1.842111349105834961e-01 4.141592502593994141e+00 -1.463228464126586914e+00 -1.537966728210449219e+00 1.632080972194671631e-01
3.718985900878906250e+02 7.417994737625122070e-02 3.820261955261230469e+00 -1.608005762100219727e+00 1.547017097473144531e+00 1.106736302375793457e+00
5.600855712890625000e+02 -5.767387151718139648e-02 3.863448143005371094e+00 -1.452634334564208984e+00 7.027935981750488281e-01 1.045780777931213379e+00
4.555261230468750000e+02 2.990347146987915039e-01 4.114327430725097656e+00 -1.201874017715454102e+00 2.205750942230224609e+00 2.376555204391479492e+00
4.363061523437500000e+02 2.969987392425537109e-01 4.410068035125732422e+00 -1.447672843933105469e+00 8.835792541503906250e-01 9.287077188491821289e-01
3.751958312988281250e+02 1.624231934547424316e+00 7.005229949951171875e+00 -3.729780912399291992e+00 -2.049207687377929688e+00 9.688738584518432617e-01
5.247271118164062500e+02 3.209555149078369141e-02 3.925369262695312500e+00 -1.454402208328247070e+00 1.832222938537597656e-01 1.166675686836242676e+00
5.731978149414062500e+02 1.109735608100891113e+00 6.206418037414550781e+00 -1.474193334579467773e+00 1.074981689453125000e-01 4.519573450088500977e-01
5.042993164062500000e+02 2.948431372642517090e-01 4.479601383209228516e+00 -1.270070075988769531e+00 -1.490318775177001953e-01 4.376601874828338623e-01
5.253120117187500000e+02 2.917147874832153320e-01 4.564875125885009766e+00 -2.452101707458496094e+00 1.074318885803222656e+00 5.045119524002075195e-01
3.386400756835937500e+02 2.795019745826721191e-01 4.611683845520019531e+00 -1.110056638717651367e+00 9.463953971862792969e-01 1.570951700210571289e+00
6.006492309570312500e+02 1.614202618598937988e+00 7.403401851654052734e+00 6.966300010681152344e+00 1.355811309814453125e+01 1.524893283843994141e+00
3.534703369140625000e+02 7.803303003311157227e-02 3.717913866043090820e+00 -1.456865072250366211e+00 -6.016206741333007812e-01 1.590888381004333496e+00
5.707717895507812500e+02 1.657405495643615723e-01 3.852146387100219727e+00 -1.674246788024902344e+00 1.564016342163085938e+00 2.605047702789306641e+00
3.986059875488281250e+02 7.022883892059326172e-01 5.598886489868164062e+00 -6.404352188110351562e-01 2.456717491149902344e+00 1.306695222854614258e+00
5.092483520507812500e+02 6.056755781173706055e-02 3.822674512863159180e+00 -1.726223230361938477e+00 -1.998981237411499023e+00 1.656032204627990723e+00
5.294361572265625000e+02 2.936475872993469238e-01 4.625884056091308594e+00 -2.069796323776245117e+00 2.183487415313720703e+00 9.151012301445007324e-01
3.276996459960937500e+02 5.614119768142700195e-01 5.110744476318359375e+00 -1.860810518264770508e+00 1.101100444793701172e+00 9.984093904495239258e-01
3.255136108398437500e+02 6.987802386283874512e-01 5.316071033477783203e+00 -9.734821319580078125e-01 2.898447513580322266e+00 5.074297785758972168e-01
7.752261352539062500e+02 6.411703228950500488e-01 5.166327476501464844e+00 -2.799154520034790039e+00 -2.725517749786376953e-01 1.158951520919799805e-01
4.750547485351562500e+02 1.022208333015441895e-01 4.236077308654785156e+00 -1.353486776351928711e+00 1.575820446014404297e+00 2.026734590530395508e+00
5.406585083007812500e+02 3.664525747299194336e-01 4.436542034149169922e+00 -2.191545963287353516e+00 -1.890696287155151367e+00 8.688828349113464355e-01
4.325404663085937500e+02 6.864469051361083984e-01 5.461016178131103516e+00 -3.335373401641845703e+00 6.770896911621093750e-01 8.729676008224487305e-01
4.424071350097656250e+02 3.952460885047912598e-01 4.737196922302246094e+00 -1.271399259567260742e+00 2.281258106231689453e+00 1.881475210189819336e+00
5.402890625000000000e+02 1.868640184402465820e-01 3.472583532333374023e+00 -1.461919546127319336e+00 -1.728866100311279297e+00 4.514110088348388672e-01
6.325513305664062500e+02 2.328297495841979980e-01 4.571636199951171875e+00 -1.690058708190917969e+00 -1.478592157363891602e+00 8.866953849792480469e-01
7.067467651367187500e+02 3.291269540786743164e-01 4.678173065185546875e+00 -2.170615196228027344e+00 -1.755591630935668945e+00 8.412367701530456543e-01
2.868599548339843750e+02 2.974665164947509766e-01 4.085529327392578125e+00 -1.756913661956787109e+00 -2.913320064544677734e-01 8.749991655349731445e-01
2.848312683105468750e+02 5.473929643630981445e-02 4.120244979858398438e+00 -1.737552881240844727e+00 6.362581253051757812e-01 1.441982865333557129e+00
6.808871459960937500e+02 1.014206409454345703e-01 3.920096397399902344e+00 -1.715022325515747070e+00 8.205676078796386719e-01 2.015758037567138672e+00
3.272057189941406250e+02 9.731326699256896973e-01 5.745312213897705078e+00 -1.469064950942993164e+00 -1.089051961898803711e+00 2.680243492126464844e+00
4.254044494628906250e+02 1.270865201950073242e-01 3.777067899703979492e+00 -2.155621051788330078e+00 4.151105880737304688e-01 1.455176472663879395e+00
4.628894348144531250e+02 1.607097983360290527e-01 4.157906055450439453e+00 -1.751693487167358398e+00 -8.572542667388916016e-01 7.777615785598754883e-01
2.103545379638671875e+02 3.572370409965515137e-01 4.434007644653320312e+00 -2.100541591644287109e+00 -7.302403450012207031e-02 8.680379390716552734e-01
2.932683410644531250e+02 1.236938834190368652e-01 4.078039646148681641e+00 -1.510775089263916016e+00 1.205251216888427734e+00 1.779185414314270020e+00
3.140439453125000000e+02 1.068431735038757324e-01 4.075176715850830078e+00 -1.660025119781494141e+00 2.181470394134521484e+00 1.671584725379943848e+00
4.482622070312500000e+02 1.942054033279418945e-01 4.210343360900878906e+00 -1.562877893447875977e+00 2.301890850067138672e+00 1.653139591217041016e+00
5.591032714843750000e+02 6.180448532104492188e-01 4.914960861206054688e+00 -5.440866947174072266e-01 2.122838497161865234e+00 1.036637425422668457e+00
5.022336425781250000e+02 1.559245586395263672e-01 4.208860874176025391e+00 -1.701235771179199219e+00 -2.114188671112060547e-01 1.310483455657958984e+00
4.156170959472656250e+02 2.662157416343688965e-01 4.389308452606201172e+00 -1.636492013931274414e+00 1.675682067871093750e+00 8.042552471160888672e-01
5.847744140625000000e+02 1.861083507537841797e-02 3.601831197738647461e+00 -1.489454507827758789e+00 -2.621616125106811523e+00 3.965507745742797852e+00
4.910958251953125000e+02 2.762427330017089844e-01 4.494305610656738281e+00 -1.782755851745605469e+00 -1.089589595794677734e+00 1.159083366394042969e+00
6.235479125976562500e+02 1.080617904663085938e-01 3.847687244415283203e+00 -2.290545701980590820e+00 1.534266471862792969e+00 6.397124528884887695e-01
5.766870727539062500e+02 2.287644147872924805e-02 3.757708549499511719e+00 -2.094075679779052734e+00 -3.094644546508789062e+00 4.998368024826049805e-01
5.927780761718750000e+02 2.771940231323242188e-01 4.296710968017578125e+00 -1.065577268600463867e+00 1.346127986907958984e+00 6.773313283920288086e-01
5.864912109375000000e+02 5.415303707122802734e-01 4.725528717041015625e+00 -1.939818859100341797e+00 4.164314270019531250e-01 1.792230844497680664e+00
5.620263671875000000e+02 -7.017672061920166016e-03 4.221185684204101562e+00 -2.384197711944580078e+00 -4.784929752349853516e-01 9.574116766452789307e-02
4.737894897460937500e+02 1.148778200149536133e-01 4.281384468078613281e+00 -1.143410205841064453e+00 1.283199787139892578e+00 1.312376260757446289e+00
4.851614074707031250e+02 9.851777553558349609e-02 3.897697925567626953e+00 -1.177115440368652344e+00 4.658007621765136719e-01 1.673620462417602539e+00
2.976278076171875000e+02 2.315263748168945312e-01 4.517658233642578125e+00 -1.993223428726196289e+00 1.468470096588134766e+00 1.952733397483825684e+00
4.617966308593750000e+02 1.479271054267883301e-01 4.387628555297851562e+00 -1.822587251663208008e+00 -1.686724424362182617e+00 3.870840072631835938e-01
4.767694091796875000e+02 5.952369570732116699e-01 5.037404060363769531e+00 -2.394173145294189453e+00 9.685397148132324219e-01 7.703500390052795410e-01
5.135806884765625000e+02 5.040513277053833008e-01 4.884152412414550781e+00 -7.478153705596923828e-01 5.914187431335449219e-01 8.387583494186401367e-01
3.650213623046875000e+02 2.373578548431396484e-01 4.356611251831054688e+00 -1.444728374481201172e+00 -1.264599561691284180e+00 2.563572883605957031e+00
6.992830810546875000e+02 2.124199271202087402e-01 4.225458145141601562e+00 -1.595529317855834961e+00 1.744258403778076172e+00 2.089475393295288086e+00
4.566798706054687500e+02 4.468315839767456055e-01 4.488417625427246094e+00 -9.646987915039062500e-01 -9.236800670623779297e-01 1.002474069595336914e+00
3.880784912109375000e+02 1.507065176963806152e+00 7.177999496459960938e+00 5.612156391143798828e+00 6.852731704711914062e+00 9.906960129737854004e-01
4.998338623046875000e+02 2.630587816238403320e-01 4.545524597167968750e+00 -2.310721874237060547e+00 -2.024028301239013672e+00 8.869216442108154297e-01
3.649055175781250000e+02 2.317321896553039551e-01 3.921561241149902344e+00 -1.338551044464111328e+00 1.088144779205322266e+00 1.405139088630676270e+00
5.210051879882812500e+02 5.238479971885681152e-01 4.872724056243896484e+00 -2.300127744674682617e+00 1.320505142211914062e-01 9.412070512771606445e-01
3.322954406738281250e+02 -7.908880710601806641e-03 3.671147108078002930e+00 -1.657437086105346680e+00 -3.235197067260742188e-01 8.874578475952148438e-01
4.376049041748046875e+01 4.650115966796875000e-02 4.625833511352539062e+00 -1.511001586914062500e+00 1.419520378112792969e-01 1.232444405555725098e+00
4.954967651367187500e+02 1.639456152915954590e-01 4.134813308715820312e+00 -1.792979240417480469e+00 3.962182998657226562e-01 2.782680988311767578e-01
5.733076782226562500e+02 3.658356666564941406e-01 4.555615425109863281e+00 -5.439162254333496094e-01 2.867999076843261719e+00 1.390482664108276367e+00
6.847576293945312500e+02 3.139141798019409180e-01 4.642948150634765625e+00 -1.463481187820434570e+00 -1.375267505645751953e+00 1.005556464195251465e+00
6.045913085937500000e+02 2.559511065483093262e-01 4.387883663177490234e+00 -2.056658267974853516e+00 -3.721213340759277344e-01 2.325400114059448242e+00
5.220015258789062500e+02 2.800360918045043945e-01 4.252614021301269531e+00 -2.056863307952880859e+00 -2.964413166046142578e-01 1.092961549758911133e+00
7.516162719726562500e+02 -6.552898883819580078e-02 3.921750307083129883e+00 -1.725481748580932617e+00 3.998589515686035156e-01 1.534824967384338379e+00
5.960019531250000000e+02 1.382416486740112305e-02 3.821923255920410156e+00 -1.560031175613403320e+00 1.114501953125000000e+00 6.463360190391540527e-01
5.749002685546875000e+02 2.219258546829223633e-01 4.066746711730957031e+00 -1.324958801269531250e+00 2.373800277709960938e+00 2.180923223495483398e+00
6.554953613281250000e+02 2.673223972320556641e+00 9.615063667297363281e+00 1.139358520507812500e+01 1.407725811004638672e+00 3.555274382233619690e-02
5.759213256835937500e+02 2.910846471786499023e-02 3.959866523742675781e+00 -9.603595733642578125e-01 -6.047451496124267578e-01 5.094711184501647949e-01
4.945666198730468750e+02 1.172066926956176758e-01 3.704931497573852539e+00 -1.827448606491088867e+00 2.796120643615722656e+00 8.185383677482604980e-01
6.488536834716796875e+01 5.087355375289916992e-01 4.535709381103515625e+00 -5.942976474761962891e-01 1.121337413787841797e+00 8.106822371482849121e-01
4.840444030761718750e+02 2.662384510040283203e-01 4.059220790863037109e+00 -1.846821308135986328e+00 -4.736220836639404297e-01 1.396536588668823242e+00
5.846442260742187500e+02 1.269259452819824219e-01 3.929456233978271484e+00 -2.215354442596435547e+00 2.875683307647705078e+00 2.892263889312744141e+00
9.711724853515625000e+01 4.878593683242797852e-01 4.989354133605957031e+00 -1.328835487365722656e+00 7.005548477172851562e-01 1.074067831039428711e+00
5.687219238281250000e+02 2.113971114158630371e-01 4.529692649841308594e+00 -1.763119697570800781e+00 1.045591831207275391e+00 1.007991313934326172e+00
4.815781250000000000e+02 1.189408302307128906e-01 3.883515357971191406e+00 -1.914337873458862305e+00 -1.484388113021850586e+00 1.124378204345703125e+00
6.530916137695312500e+02 4.490957260131835938e-01 4.646572589874267578e+00 -1.371556520462036133e+00 2.247550487518310547e+00 1.012442633509635925e-01
5.439214477539062500e+02 6.437039375305175781e-02 3.571987152099609375e+00 -1.668058633804321289e+00 2.870676517486572266e+00 1.229447960853576660e+00
3.741430358886718750e+02 6.774246692657470703e-03 3.289908885955810547e+00 -1.403981447219848633e+00 3.364562988281250000e-02 5.469641685485839844e-01
6.490869750976562500e+02 5.946440100669860840e-01 5.392279624938964844e+00 -2.506196498870849609e+00 -1.169378757476806641e+00 8.028782606124877930e-01
5.094530639648437500e+02 -8.136510848999023438e-03 3.847943544387817383e+00 -1.563078165054321289e+00 2.066531181335449219e+00 5.655194520950317383e-01
5.171110839843750000e+02 2.253265380859375000e-01 4.391409873962402344e+00 -1.455143690109252930e+00 -1.500451564788818359e+00 1.360517859458923340e+00
6.556672363281250000e+02 3.373062610626220703e-02 3.730693578720092773e+00 -1.555017232894897461e+00 1.109600067138671875e+00 1.821087718009948730e+00
5.403844604492187500e+02 3.305408358573913574e-01 4.463171005249023438e+00 -9.853434562683105469e-01 5.112671852111816406e-01 4.005765914916992188e-01
3.103721313476562500e+02 2.393596768379211426e-01 4.159641742706298828e+00 -1.678541898727416992e+00 -1.303199529647827148e+00 1.894322872161865234e+00
4.282141723632812500e+02 2.080988883972167969e-01 4.053452491760253906e+00 -1.775047779083251953e+00 2.258324623107910156e+00 2.071640253067016602e+00
4.891700134277343750e+02 1.735125184059143066e-01 4.152094841003417969e+00 -1.517788171768188477e+00 -2.679595947265625000e+00 9.286664724349975586e-01
5.464054565429687500e+02 2.733885049819946289e-01 4.124570369720458984e+00 -1.735092401504516602e+00 1.687982082366943359e+00 1.118932247161865234e+00
3.976930236816406250e+02 4.052131772041320801e-01 4.387940406799316406e+00 -1.797369718551635742e+00 -1.508944034576416016e+00 8.369096517562866211e-01
3.501765441894531250e+02 5.921449065208435059e-01 5.086453437805175781e+00 -1.630187034606933594e-02 -1.139880418777465820e+00 1.310251057147979736e-01
7.906246337890625000e+02 1.002646088600158691e-01 4.065990924835205078e+00 -1.980997323989868164e+00 1.108384132385253906e+00 1.132379651069641113e+00
5.835225830078125000e+02 -6.320655345916748047e-03 3.862994194030761719e+00 -1.680660247802734375e+00 -5.720853805541992188e-03 1.821923375129699707e+00
4.827546997070312500e+02 1.193517446517944336e-02 3.915251731872558594e+00 -1.431802511215209961e+00 -1.254098415374755859e+00 6.010969877243041992e-01
5.039736633300781250e+02 2.007337212562561035e-01 4.217494010925292969e+00 -1.465106010437011719e+00 -2.834665775299072266e-01 6.829477548599243164e-01
7.542165527343750000e+02 7.067286968231201172e-02 3.673487901687622070e+00 -1.684892177581787109e+00 1.892189979553222656e+00 1.201384305953979492e+00
6.407619018554687500e+02 2.421153783798217773e-01 3.996927738189697266e+00 -1.712396144866943359e+00 1.215341091156005859e+00 1.824426054954528809e+00
5.572078247070312500e+02 4.442285895347595215e-01 4.817711353302001953e+00 -1.038826704025268555e+00 -2.120008468627929688e+00 2.028141543269157410e-02
6.315744018554687500e+02 8.797669410705566406e-02 4.195403099060058594e+00 -1.084465980529785156e+00 -1.280748844146728516e-01 1.295464634895324707e+00
3.278624267578125000e+02 1.161743998527526855e-01 4.028860092163085938e+00 -1.735467910766601562e+00 7.023811340332031250e-02 1.547141075134277344e+00
7.150491943359375000e+02 2.847135066986083984e-01 4.248245716094970703e+00 -2.176017761230468750e+00 3.838825225830078125e-01 7.603924870491027832e-01
6.388827514648437500e+02 1.555751562118530273e-01 4.096284866333007812e+00 -1.664347648620605469e+00 1.519298553466796875e+00 1.788118124008178711e+00
3.529217834472656250e+02 8.391082286834716797e-02 4.071128845214843750e+00 -1.498864889144897461e+00 1.899302005767822266e+00 3.166231811046600342e-01
2.191358795166015625e+02 1.990180730819702148e+00 7.988939285278320312e+00 -3.526253700256347656e+00 -1.654033660888671875e+00 6.198318004608154297e-01
4.423427734375000000e+02 -1.536222100257873535e-01 3.697466611862182617e+00 -1.766557693481445312e+00 1.238300800323486328e+00 2.000290751457214355e-01
7.168206787109375000e+02 1.684651374816894531e-01 4.304549217224121094e+00 -1.407150030136108398e+00 1.458957195281982422e+00 2.461751461029052734e+00
5.597897338867187500e+02 5.940866470336914062e-02 3.907934427261352539e+00 -1.569674015045166016e+00 -2.830040454864501953e-01 3.776801824569702148e-01
