1.045647583007812500e+02 -9.407413005828857422e-02 3.516118526458740234e+00 5.807876586914062500e-01 5.899691581726074219e-01 1.205695390701293945e+00
4.358838500976562500e+02 -8.483928442001342773e-02 3.414043426513671875e+00 2.033948898315429688e-01 -2.307176589965820312e-02 4.537216424942016602e-01
4.593808288574218750e+02 3.039957284927368164e-01 4.298056125640869141e+00 1.489734649658203125e-01 -1.922938823699951172e+00 3.388717174530029297e-01
3.677948379516601562e+01 1.106117129325866699e+00 6.134320259094238281e+00 -7.570612430572509766e-01 -2.760201692581176758e+00 2.752363920211791992e+00
3.272910156250000000e+02 -2.137476801872253418e-01 3.432131052017211914e+00 1.063489913940429688e-01 1.101861000061035156e+00 2.693838834762573242e+00
6.449008178710937500e+02 1.631511449813842773e-01 3.961487531661987305e+00 6.511330604553222656e-01 -8.173680305480957031e-01 6.766723990440368652e-01
1.006662979125976562e+02 1.031898260116577148e-01 3.834713459014892578e+00 2.527356147766113281e-01 -2.518383264541625977e+00 2.988787889480590820e-01
7.224539794921875000e+02 1.240245103836059570e-01 3.876477718353271484e+00 2.109861373901367188e-01 2.822349071502685547e+00 9.164242744445800781e-01
3.602518920898437500e+02 1.702382564544677734e-01 3.383863210678100586e+00 8.212828636169433594e-01 -1.229012012481689453e-01 7.305020838975906372e-02
4.898227539062500000e+02 -7.335638999938964844e-02 3.393347978591918945e+00 1.574182510375976562e-01 2.308635711669921875e+00 1.796077609062194824e+00
5.122066040039062500e+02 2.127689719200134277e-01 3.974954843521118164e+00 2.908849716186523438e-01 -1.949106454849243164e+00 3.920055031776428223e-01
2.309108428955078125e+02 1.378661394119262695e-01 4.111717224121093750e+00 1.426291465759277344e-01 -1.492935419082641602e+00 1.397503614425659180e+00
4.487637023925781250e+02 1.157904863357543945e-01 3.730330705642700195e+00 1.936244964599609375e-01 6.413507461547851562e-01 4.696689605712890625e+00
6.596348876953125000e+02 -1.576510667800903320e-01 3.155205488204956055e+00 5.765008926391601562e-01 -1.359335184097290039e+00 6.969054937362670898e-01
5.464942626953125000e+02 1.455683708190917969e-01 3.882037401199340820e+00 5.300688743591308594e-01 8.971238136291503906e-01 1.269705295562744141e+00
4.907741088867187500e+02 -6.137782335281372070e-02 3.307195663452148438e+00 3.023195266723632812e-01 5.917239189147949219e-01 1.574697732925415039e+00
4.295726318359375000e+02 8.854746818542480469e-03 3.668341636657714844e+00 4.426836967468261719e-01 1.675696372985839844e+00 1.969980478286743164e+00
3.766396179199218750e+02 -2.562862634658813477e-02 3.595435619354248047e+00 4.292535781860351562e-01 7.975530624389648438e-01 2.358056545257568359e+00
1.517152252197265625e+02 3.567980527877807617e-01 4.383087635040283203e+00 4.406857490539550781e-01 1.881513595581054688e+00 2.202543973922729492e+00
1.832317199707031250e+02 -2.143383026123046875e-03 3.429965019226074219e+00 1.356172561645507812e-01 7.109498977661132812e-01 2.738082706928253174e-01
1.610597686767578125e+02 5.227030515670776367e-01 4.815063476562500000e+00 9.266209602355957031e-01 -1.080067157745361328e+00 7.432394027709960938e-01
3.243845825195312500e+02 5.713951587677001953e-02 3.564475774765014648e+00 3.975224494934082031e-01 1.252996921539306641e+00 5.611888170242309570e-01
4.912806396484375000e+02 9.165060520172119141e-02 3.881591081619262695e+00 3.943538665771484375e-01 8.668661117553710938e-02 9.952658414840698242e-01
4.807981872558593750e+02 9.403026103973388672e-02 3.917076349258422852e+00 4.939842224121093750e-01 5.974745750427246094e-01 1.295391321182250977e+00
4.078000488281250000e+02 2.713257074356079102e-02 3.239565610885620117e+00 5.033850669860839844e-01 -2.234745025634765625e-01 1.270308017730712891e+00
1.615572204589843750e+02 9.272992610931396484e-03 3.646154403686523438e+00 3.206539154052734375e-01 4.416131973266601562e-01 1.816708445549011230e-01
2.229543457031250000e+02 4.149937629699707031e-02 3.753617286682128906e+00 3.090929985046386719e-01 4.315853118896484375e-02 4.800959229469299316e-01
3.348395690917968750e+02 -1.576761007308959961e-01 3.158069610595703125e+00 2.477025985717773438e-01 -9.808778762817382812e-02 8.722886443138122559e-01
2.126162719726562500e+02 -1.292614936828613281e-01 3.505043029785156250e+00 1.354289054870605469e-01 1.444091796875000000e+00 2.089939355850219727e+00
4.962431030273437500e+02 2.527487277984619141e-01 3.997289180755615234e+00 2.816271781921386719e-01 1.061840057373046875e+00 1.251838326454162598e+00
1.402161560058593750e+02 9.633642435073852539e-02 3.904302835464477539e+00 2.814984321594238281e-01 5.530023574829101562e-01 3.005630373954772949e-01
4.915573730468750000e+02 -1.802939176559448242e-02 3.441058397293090820e+00 2.998137474060058594e-01 -8.412456512451171875e-01 7.564734220504760742e-01
4.160805358886718750e+02 2.000073790550231934e-01 4.038342475891113281e+00 1.438546180725097656e-01 5.878925323486328125e-02 1.934180855751037598e+00
7.202489013671875000e+02 3.721477985382080078e-01 4.426902770996093750e+00 6.039857864379882812e-02 -1.750353574752807617e+00 1.345665454864501953e+00
2.609040527343750000e+02 1.370714902877807617e-01 3.820597171783447266e+00 7.444262504577636719e-01 6.631135940551757812e-02 1.749111533164978027e+00
4.400217590332031250e+02 1.191441416740417480e-01 3.956517457962036133e+00 6.249475479125976562e-01 2.142620086669921875e+00 1.244891285896301270e+00
4.471070861816406250e+02 -7.060766220092773438e-04 3.329437494277954102e+00 3.193068504333496094e-01 -4.284060001373291016e-01 1.956493377685546875e+00
5.092371520996093750e+02 -2.583640813827514648e-02 3.657147884368896484e+00 5.144691467285156250e-01 1.436972618103027344e-01 1.854928851127624512e+00
4.711978454589843750e+02 4.409385919570922852e-01 4.726939678192138672e+00 9.300661087036132812e-01 2.277040481567382812e+00 6.951285600662231445e-01
4.393435363769531250e+02 -4.178714752197265625e-02 3.403343915939331055e+00 4.975843429565429688e-01 9.479093551635742188e-01 2.702214956283569336e+00
1.953972015380859375e+02 1.273955106735229492e-01 3.716303825378417969e+00 3.702998161315917969e-01 4.562425613403320312e-01 2.331195622682571411e-01
5.125393676757812500e+02 -6.357491016387939453e-02 3.496038198471069336e+00 4.194259643554687500e-02 -1.061553955078125000e+00 1.394692778587341309e+00
2.204474487304687500e+02 6.031042337417602539e-02 3.780209541320800781e+00 9.622097015380859375e-02 1.750974655151367188e+00 3.020324110984802246e-01
5.413162841796875000e+02 5.803501605987548828e-02 3.533497333526611328e+00 6.810879707336425781e-01 4.900217056274414062e-02 1.283710122108459473e+00
2.793284912109375000e+02 1.633650064468383789e-02 3.634100914001464844e+00 -3.335666656494140625e-01 -8.565473556518554688e-01 7.117667198181152344e-01
4.431036071777343750e+02 -3.066706657409667969e-02 3.659377098083496094e+00 4.209232330322265625e-01 6.991720199584960938e-01 1.200181245803833008e+00
5.740083618164062500e+02 -4.231464862823486328e-02 3.601212263107299805e+00 -7.998704910278320312e-02 -1.270062923431396484e+00 1.852559566497802734e+00
4.193888244628906250e+02 3.360339999198913574e-01 4.028994560241699219e+00 3.921723365783691406e-01 -1.008253097534179688e+00 6.276896595954895020e-01
6.727001953125000000e+02 -5.166214704513549805e-02 3.428123712539672852e+00 3.717398643493652344e-01 2.353024482727050781e-01 9.757852554321289062e-01
7.674915161132812500e+02 8.538997173309326172e-02 3.811537265777587891e+00 5.834245681762695312e-01 1.793889999389648438e+00 1.500727891921997070e+00
1.345863647460937500e+02 2.988237142562866211e-02 3.635419845581054688e+00 2.715396881103515625e-01 1.863670349121093750e-01 4.705819487571716309e-02
3.868307495117187500e+02 1.312430500984191895e-01 3.689518213272094727e+00 8.571124076843261719e-01 2.543091773986816406e-01 6.320058703422546387e-01
5.261778564453125000e+02 -1.086664199829101562e-02 3.497013807296752930e+00 2.781152725219726562e-01 1.852030754089355469e+00 1.615501642227172852e+00
4.351671142578125000e+02 1.576000452041625977e-01 4.106512546539306641e+00 4.855084419250488281e-01 -8.940911293029785156e-01 1.821721553802490234e+00
5.177700195312500000e+02 -1.222682595252990723e-01 3.390963077545166016e+00 6.042599678039550781e-01 -6.114470958709716797e-01 1.574843049049377441e+00
4.821240539550781250e+02 -2.228802442550659180e-02 3.569205284118652344e+00 1.373505592346191406e-01 1.815373897552490234e+00 1.993709683418273926e+00
3.998282165527343750e+02 8.802890777587890625e-01 5.398834705352783203e+00 -2.170908451080322266e-01 3.965044021606445312e-01 6.010559797286987305e-01
5.866651611328125000e+02 -1.044333577156066895e-01 3.150072097778320312e+00 3.296971321105957031e-01 -8.929967880249023438e-02 7.877863049507141113e-01
3.926130676269531250e+02 1.802407503128051758e-01 3.979774475097656250e+00 4.483795166015625000e-01 -4.323911666870117188e-01 2.864908695220947266e+00
4.811513366699218750e+02 -3.702265024185180664e-02 3.452247619628906250e+00 2.249360084533691406e-01 -3.249573707580566406e-01 1.347313404083251953e+00
1.299013366699218750e+02 1.607611179351806641e-01 4.150506973266601562e+00 -1.175534725189208984e-01 1.475560665130615234e+00 1.694500327110290527e+00
2.083039703369140625e+02 9.069359302520751953e-02 3.756192207336425781e+00 2.521181106567382812e-01 1.570272445678710938e+00 4.206926003098487854e-02
5.420590820312500000e+02 -9.820222854614257812e-03 3.422837972640991211e+00 3.697443008422851562e-01 3.339552879333496094e-01 1.414305090904235840e+00
5.262807006835937500e+02 2.946260571479797363e-01 4.120016574859619141e+00 4.091715812683105469e-01 -5.573034286499023438e-03 4.988849759101867676e-01
2.891685485839843750e+02 4.930943250656127930e-01 4.831123352050781250e+00 5.744361877441406250e-01 -1.642984151840209961e+00 9.704188108444213867e-01
4.852288818359375000e+02 1.302105784416198730e-01 4.007061958312988281e+00 3.267979621887207031e-01 -4.393661022186279297e-01 1.069267511367797852e+00
4.307017211914062500e+02 2.565324306488037109e-03 3.503083705902099609e+00 8.516311645507812500e-02 -3.113960027694702148e+00 3.292480707168579102e+00
6.792694702148437500e+02 1.714223623275756836e-02 3.538752555847167969e+00 2.908873558044433594e-01 -3.312549591064453125e+00 2.282736063003540039e+00
6.081210937500000000e+02 -2.673745155334472656e-03 3.479119062423706055e+00 1.035475730895996094e-01 -5.118262767791748047e-01 1.176265001296997070e+00
1.550717315673828125e+02 4.247800707817077637e-01 4.615885257720947266e+00 -1.432251930236816406e-01 -7.413899898529052734e-01 1.794198632240295410e+00
2.341884155273437500e+02 -2.491587400436401367e-02 3.606183290481567383e+00 2.208089828491210938e-01 -2.743066549301147461e+00 2.217623233795166016e+00
4.398387451171875000e+02 1.812930703163146973e-01 3.518755912780761719e+00 -4.536986351013183594e-02 -3.391683101654052734e-01 3.503931522369384766e+00
3.392220764160156250e+02 -3.342509269714355469e-03 3.403530120849609375e+00 -4.281997680664062500e-03 7.671928405761718750e-01 2.428285360336303711e+00
6.705333251953125000e+02 3.372504711151123047e-01 4.382380008697509766e+00 3.046345710754394531e-01 1.850459575653076172e+00 5.902757644653320312e-01
7.387157592773437500e+02 -2.653610706329345703e-02 3.431970596313476562e+00 -1.048934459686279297e-01 -8.968114852905273438e-01 4.530900120735168457e-01
1.308421173095703125e+02 1.906414628028869629e-01 3.861973285675048828e+00 7.453632354736328125e-01 -1.241378784179687500e+00 3.212696611881256104e-01
6.045335083007812500e+02 3.566092252731323242e-02 3.427944660186767578e+00 3.219461441040039062e-01 3.111147880554199219e-01 2.610579013824462891e+00
3.794308471679687500e+02 2.077296376228332520e-01 3.785092353820800781e+00 1.902651786804199219e-01 -1.358766555786132812e+00 2.434881448745727539e+00
4.099077148437500000e+02 6.740397214889526367e-02 3.870467185974121094e+00 2.670621871948242188e-01 1.024386882781982422e+00 3.176079988479614258e+00
5.571527709960937500e+02 -4.617953300476074219e-02 3.365244150161743164e+00 1.529836654663085938e-01 1.342158317565917969e+00 1.662486076354980469e+00
5.106702880859375000e+02 -5.312538146972656250e-02 3.713483333587646484e+00 1.692914962768554688e-01 -7.500410079956054688e-01 1.153444886207580566e+00
2.152904815673828125e+02 -7.074373960494995117e-02 3.444731235504150391e+00 -4.798173904418945312e-03 -9.439945220947265625e-01 7.759459018707275391e-01
1.712477264404296875e+02 6.461429595947265625e-02 3.973519086837768555e+00 6.739926338195800781e-01 -8.834612369537353516e-01 2.315765321254730225e-01
7.623760986328125000e+01 -2.390342950820922852e-02 3.612091302871704102e+00 2.647590637207031250e-01 -1.330404281616210938e+00 9.385057687759399414e-01
4.503252868652343750e+02 -1.917719841003417969e-02 3.453306913375854492e+00 -1.713716983795166016e-01 6.257200241088867188e-01 2.081425905227661133e+00
5.275380249023437500e+02 1.805222034454345703e-02 3.847880125045776367e+00 3.420782089233398438e-01 1.289386749267578125e+00 6.479054689407348633e-01
1.037789916992187500e+02 2.729513049125671387e-01 4.160667896270751953e+00 8.133578300476074219e-01 -8.712041378021240234e-01 1.797195911407470703e+00
4.898227539062500000e+02 -7.335638999938964844e-02 3.393347978591918945e+00 1.574182510375976562e-01 2.308635711669921875e+00 1.796077609062194824e+00
4.408347167968750000e+02 -5.648064613342285156e-02 3.523091554641723633e+00 8.920192718505859375e-02 -1.473377943038940430e+00 9.698663949966430664e-01
7.055264282226562500e+02 2.537012696266174316e-01 4.113735675811767578e+00 1.932859420776367188e-02 -1.773651838302612305e+00 8.571880459785461426e-01
4.932429199218750000e+02 -3.357011079788208008e-02 3.736857652664184570e+00 1.849865913391113281e-01 3.998041152954101562e-01 2.218275785446166992e+00
4.262908020019531250e+02 1.570491194725036621e-01 3.991237878799438477e+00 9.652137756347656250e-02 1.036183834075927734e+00 1.672747373580932617e+00
4.133908386230468750e+02 7.188737392425537109e-02 3.695787668228149414e+00 3.774142265319824219e-01 2.664296627044677734e+00 1.001528024673461914e+00
3.523730163574218750e+02 -7.145023345947265625e-02 3.532971382141113281e+00 1.764297485351562500e-01 3.767871856689453125e-01 2.938239336013793945e+00
4.015940246582031250e+02 1.422302722930908203e-01 3.913241386413574219e+00 1.706671714782714844e-01 3.361868858337402344e-01 1.392016172409057617e+00
3.967080993652343750e+02 1.721966266632080078e-01 4.036087989807128906e+00 4.762554168701171875e-01 1.930701732635498047e+00 2.161662101745605469e+00
1.602134704589843750e+02 2.262974977493286133e-01 4.047350883483886719e+00 3.747510910034179688e-01 -7.985150814056396484e-01 2.343040555715560913e-01
5.302885742187500000e+02 1.291974186897277832e-01 3.899513721466064453e+00 2.547740936279296875e-02 9.049773216247558594e-01 8.860331177711486816e-01
7.855441284179687500e+02 -1.742973923683166504e-01 3.526209592819213867e+00 2.539825439453125000e-01 -2.269452810287475586e+00 5.178421139717102051e-01
5.353404541015625000e+02 -1.558963656425476074e-01 3.336022377014160156e+00 5.380558967590332031e-01 1.242682933807373047e+00 1.339617729187011719e+00
5.360520629882812500e+02 -4.784464836120605469e-03 3.471780300140380859e+00 4.336690902709960938e-01 -7.389533519744873047e-01 1.632799863815307617e+00
5.171119384765625000e+02 -9.113299846649169922e-02 3.195254087448120117e+00 -8.001327514648437500e-03 4.203557968139648438e-02 9.968810677528381348e-01
4.595102844238281250e+02 1.395477056503295898e-01 4.013804435729980469e+00 2.728271484375000000e-01 1.560156345367431641e+00 3.322872638702392578e+00
4.927981853485107422e+00 -1.423433423042297363e-01 3.558785438537597656e+00 5.222797393798828125e-01 -6.583058834075927734e-01 1.945774793624877930e+00
5.209868164062500000e+02 8.961480855941772461e-02 3.795479059219360352e+00 5.261063575744628906e-01 -1.366615295410156250e-02 1.870839595794677734e+00
2.280829620361328125e+02 4.182821512222290039e-02 3.601834774017333984e+00 6.911444664001464844e-01 -9.557116031646728516e-01 8.760709166526794434e-01
1.903372955322265625e+02 1.745929121971130371e-01 4.098211288452148438e+00 1.202154159545898438e-01 1.811614036560058594e+00 1.063443899154663086e+00
5.250319213867187500e+02 1.620430350303649902e-01 3.897506713867187500e+00 6.768369674682617188e-01 7.462811470031738281e-01 1.543476581573486328e+00
4.792537231445312500e+02 -2.814525365829467773e-02 3.500186681747436523e+00 3.796339035034179688e-01 -4.185402393341064453e-01 1.449012517929077148e+00
5.133772583007812500e+02 1.214374303817749023e-01 3.845661163330078125e+00 5.638408660888671875e-01 2.030568122863769531e+00 8.153657615184783936e-02
5.635875854492187500e+02 -6.053328514099121094e-03 3.358718872070312500e+00 6.598925590515136719e-01 -1.058959960937500000e-01 7.293053716421127319e-02
4.461262207031250000e+02 1.167210340499877930e-01 3.759604692459106445e+00 -1.344680786132812500e-03 2.938246726989746094e-01 1.601132154464721680e+00
3.905012512207031250e+02 1.885108947753906250e-01 3.951484680175781250e+00 -1.719141006469726562e-01 -2.300944328308105469e+00 1.464117884635925293e+00
6.338074340820312500e+02 3.714795708656311035e-01 4.378125190734863281e+00 -3.202688694000244141e-01 -1.048904657363891602e+00 8.356005549430847168e-01
4.496140441894531250e+02 -2.444219589233398438e-02 3.607722759246826172e+00 2.794861793518066406e-01 -2.601611614227294922e-01 1.714843988418579102e+00
3.826286315917968750e+02 6.303536891937255859e-02 3.787101268768310547e+00 2.559304237365722656e-01 -9.817874431610107422e-01 2.233482837677001953e+00
3.194145812988281250e+02 1.558680534362792969e-01 3.989332675933837891e+00 8.910512924194335938e-01 9.777092933654785156e-01 3.264108180999755859e+00
4.350680847167968750e+02 -6.272858381271362305e-02 3.798924446105957031e+00 3.255605697631835938e-01 -1.444240808486938477e+00 1.447144508361816406e+00
5.559070434570312500e+02 -3.382956981658935547e-02 3.642675876617431641e+00 3.175377845764160156e-01 -1.564562320709228516e-01 6.650979518890380859e-01
2.205856781005859375e+02 2.442175149917602539e-02 3.578966379165649414e+00 -6.279110908508300781e-02 1.072354316711425781e+00 2.820153236389160156e+00
2.021458892822265625e+02 2.164078354835510254e-01 3.764431238174438477e+00 1.156330108642578125e-01 7.225680351257324219e-01 4.016048312187194824e-01
5.566795654296875000e+02 1.348727941513061523e-02 3.726985931396484375e+00 1.047229766845703125e-01 -1.320321559906005859e+00 1.273179173469543457e+00
3.394998779296875000e+02 -1.921156644821166992e-01 3.381018161773681641e+00 3.567600250244140625e-01 6.811118125915527344e-01 1.360652446746826172e+00
2.283638763427734375e+02 5.493742227554321289e-02 3.896738529205322266e+00 2.650117874145507812e-01 -3.455961942672729492e+00 1.763234138488769531e+00
5.821074218750000000e+02 3.683948516845703125e-02 3.874087810516357422e+00 3.576707839965820312e-01 8.336353302001953125e-01 4.234548211097717285e-01
3.844516601562500000e+02 8.390724658966064453e-02 3.789113759994506836e+00 6.199836730957031250e-02 9.150505065917968750e-01 1.567403674125671387e+00
4.656307678222656250e+02 1.270396709442138672e-01 4.052159309387207031e+00 2.319550514221191406e-01 -1.199920177459716797e+00 2.610299825668334961e+00
4.597685852050781250e+02 3.341040611267089844e-01 4.296532154083251953e+00 -3.490817546844482422e-01 -1.939463615417480469e-01 8.263662457466125488e-01
2.469667625427246094e+01 -5.995392799377441406e-03 3.357843160629272461e+00 2.862095832824707031e-01 -1.374255418777465820e+00 1.002483606338500977e+00
5.240667114257812500e+02 2.586631774902343750e-01 4.166548728942871094e+00 4.998850822448730469e-01 1.718363761901855469e+00 1.742133975028991699e+00
3.566576538085937500e+02 2.988383769989013672e-01 4.154589176177978516e+00 8.485126495361328125e-01 2.008283138275146484e+00 9.340540170669555664e-01
4.508497314453125000e+02 7.659661769866943359e-02 3.615160465240478516e+00 3.088450431823730469e-01 1.483678817749023438e-01 2.097059249877929688e+00
5.337850952148437500e+02 1.324559450149536133e-01 3.576752185821533203e+00 4.478383064270019531e-01 6.460762023925781250e-01 8.222962021827697754e-01
4.188244934082031250e+02 4.548120498657226562e-02 3.773410081863403320e+00 7.691550254821777344e-01 -3.405594825744628906e-01 2.923369407653808594e+00
4.834201354980468750e+02 -4.829221963882446289e-02 3.643209695816040039e+00 5.195713043212890625e-01 -1.454603672027587891e+00 1.011585712432861328e+00
4.546880187988281250e+02 -1.320127248764038086e-01 3.418325662612915039e+00 2.488064765930175781e-01 2.980566024780273438e-01 1.969981431961059570e+00
5.388362426757812500e+02 7.961589097976684570e-02 3.665024518966674805e+00 3.397250175476074219e-01 -7.719826698303222656e-01 1.332984566688537598e+00
4.036176681518554688e+01 -5.579829216003417969e-03 3.570096254348754883e+00 2.482366561889648438e-01 4.131150245666503906e-01 6.140025854110717773e-01
1.082539672851562500e+02 1.120171546936035156e-01 4.013383388519287109e+00 1.856327056884765625e-01 1.603484153747558594e+00 1.151515364646911621e+00
6.276921081542968750e+01 2.798408269882202148e-02 3.921216011047363281e+00 -5.748152732849121094e-02 -1.683149337768554688e+00 7.026542425155639648e-01
3.844849243164062500e+02 -2.839934825897216797e-02 3.360024452209472656e+00 2.032661437988281250e-01 6.822586059570312500e-01 2.240062236785888672e+00
4.988605041503906250e+02 2.284890413284301758e-02 3.533109664916992188e+00 4.128193855285644531e-01 1.463422775268554688e+00 4.372410178184509277e-01
4.804946289062500000e+02 -4.064327478408813477e-02 3.486281394958496094e+00 -1.679944992065429688e-01 -1.489053964614868164e+00 1.269703358411788940e-01
2.109115982055664062e+01 -8.585691452026367188e-02 3.540149688720703125e+00 1.776909828186035156e-01 -1.780021190643310547e-01 2.002310037612915039e+00
6.577795410156250000e+02 2.107270956039428711e-01 3.876666784286499023e+00 1.041698455810546875e-01 2.405619621276855469e+00 1.265306949615478516e+00
1.876025390625000000e+02 2.474111318588256836e-02 3.586554765701293945e+00 -1.170718669891357422e-01 -1.267696619033813477e+00 5.415920019149780273e-01
7.624291992187500000e+02 2.144399881362915039e-01 4.013258934020996094e+00 7.085967063903808594e-01 9.312629699707031250e-01 1.196691513061523438e+00
4.696582336425781250e+02 3.253806233406066895e-01 4.484939098358154297e+00 3.661465644836425781e-01 -2.550721168518066406e-01 2.074378490447998047e+00
4.538876647949218750e+02 5.219030380249023438e-02 3.524874210357666016e+00 3.105187416076660156e-01 1.323366165161132812e+00 1.889131784439086914e+00
6.161134033203125000e+02 -8.118325471878051758e-02 3.378126382827758789e+00 3.410267829895019531e-01 1.303277015686035156e+00 1.077785491943359375e+00
3.673762207031250000e+02 -8.774948120117187500e-02 3.536362648010253906e+00 3.154420852661132812e-01 1.276433467864990234e+00 2.312677860260009766e+00
6.085733032226562500e+02 -1.613031625747680664e-01 3.473963260650634766e+00 2.413201332092285156e-01 -4.172778129577636719e-01 1.149738669395446777e+00
4.505332336425781250e+02 -8.077663183212280273e-02 3.342430591583251953e+00 3.424096107482910156e-01 -5.797576904296875000e-01 2.212031364440917969e+00
1.550717315673828125e+02 4.247800707817077637e-01 4.615885257720947266e+00 -1.432251930236816406e-01 -7.413899898529052734e-01 1.794198632240295410e+00
6.348778152465820312e+01 1.028130650520324707e-01 3.891930580139160156e+00 1.565027236938476562e-01 1.945042610168457031e+00 4.980687797069549561e-01
2.834181404113769531e+01 1.614111065864562988e-01 3.958934783935546875e+00 -1.109182834625244141e-01 -6.091320514678955078e-01 7.878147959709167480e-01
3.878663635253906250e+02 5.643266439437866211e-02 3.774893760681152344e+00 -9.891986846923828125e-02 -1.086382865905761719e+00 1.720566034317016602e+00
4.379692077636718750e+02 -1.033910512924194336e-01 3.646862030029296875e+00 3.421878814697265625e-01 -1.138920783996582031e+00 1.565239548683166504e+00
6.816603393554687500e+02 4.890867471694946289e-01 4.336475372314453125e+00 -3.128290176391601562e-01 4.701757431030273438e-01 1.927257776260375977e-01
5.122879638671875000e+02 3.256565332412719727e-01 4.389698982238769531e+00 -1.759481430053710938e-01 -1.053810119628906250e-01 1.379331231117248535e+00
5.373797607421875000e+02 -7.884383201599121094e-03 3.763201236724853516e+00 5.747103691101074219e-01 1.153926849365234375e+00 9.705946445465087891e-01
4.635749816894531250e+02 -5.769675970077514648e-02 3.513193607330322266e+00 2.093791961669921875e-01 6.378722190856933594e-01 1.935445308685302734e+00
2.666437072753906250e+02 5.823521614074707031e-01 4.813631534576416016e+00 4.906535148620605469e-01 1.239206790924072266e+00 2.013807535171508789e+00
5.910557861328125000e+02 7.946139574050903320e-02 3.570802688598632812e+00 1.785588264465332031e-01 2.334103584289550781e+00 6.720298528671264648e-02
4.811862487792968750e+02 2.224016785621643066e-01 3.965167760848999023e+00 -9.543776512145996094e-02 -5.411028861999511719e-02 3.297646343708038330e-02
5.980993041992187500e+02 2.567679286003112793e-01 4.295978546142578125e+00 2.679657936096191406e-01 -4.376113414764404297e-01 9.935237169265747070e-01
3.917650146484375000e+02 -2.954840660095214844e-03 3.809295654296875000e+00 2.243280410766601562e-01 -4.164087772369384766e-01 1.710248112678527832e+00
5.521629638671875000e+02 -1.400321722030639648e-02 3.659700393676757812e+00 2.095174789428710938e-01 3.057551383972167969e-01 1.891304850578308105e+00
6.145053710937500000e+02 2.122817039489746094e-01 3.983713626861572266e+00 4.032731056213378906e-01 -1.563191413879394531e+00 1.332814097404479980e+00
1.377936553955078125e+02 2.014014124870300293e-01 4.054404258728027344e+00 8.698463439941406250e-02 2.589511871337890625e-01 1.497355222702026367e+00
5.771115112304687500e+02 -1.739372611045837402e-01 3.309627056121826172e+00 -5.290508270263671875e-03 1.167082786560058594e-01 1.252832651138305664e+00
1.774814910888671875e+02 3.043660521507263184e-01 4.198695659637451172e+00 7.647609710693359375e-01 1.935198307037353516e+00 7.340829968452453613e-01
1.868324127197265625e+02 2.046263217926025391e-01 3.949316024780273438e+00 6.349825859069824219e-01 -1.580629348754882812e+00 1.762524724006652832e+00
2.669141845703125000e+02 -2.799630165100097656e-04 3.802189826965332031e+00 5.060076713562011719e-01 1.839931011199951172e+00 1.883510351181030273e+00
3.972406616210937500e+02 -1.776036620140075684e-01 3.174549102783203125e+00 5.645465850830078125e-01 -1.338628530502319336e+00 1.664548873901367188e+00
7.414652099609375000e+02 4.615513682365417480e-01 4.468936920166015625e+00 -2.817165851593017578e-01 -1.110044717788696289e+00 2.348633855581283569e-01
4.077453002929687500e+02 7.084614038467407227e-02 3.554419040679931641e+00 5.367636680603027344e-01 -3.269720077514648438e-01 3.188440501689910889e-01
4.995072326660156250e+02 -1.677501201629638672e-01 3.397024631500244141e+00 1.281046867370605469e-01 2.133202552795410156e-01 1.159461140632629395e+00
8.733001708984375000e+01 -9.848475456237792969e-04 3.805547714233398438e+00 5.561113357543945312e-02 1.415007114410400391e+00 6.954032778739929199e-01
1.527374420166015625e+02 1.330758929252624512e-01 3.921283721923828125e+00 6.504201889038085938e-01 -9.566962718963623047e-01 6.260753870010375977e-01
3.710193481445312500e+02 -1.183146834373474121e-01 3.388748884201049805e+00 2.688813209533691406e-01 1.744773387908935547e+00 2.707473754882812500e+00
4.467443542480468750e+02 -4.086053371429443359e-02 3.482933044433593750e+00 1.677703857421875000e-01 -1.276048421859741211e+00 2.920352458953857422e+00
3.934151916503906250e+02 -1.034035682678222656e-01 3.219627618789672852e+00 3.951907157897949219e-01 -1.312974691390991211e+00 2.259014606475830078e+00
5.024075012207031250e+02 -8.161062002182006836e-02 3.551196098327636719e+00 1.773595809936523438e-02 4.180145263671875000e-01 2.317487239837646484e+00
5.999719238281250000e+02 -4.240298271179199219e-02 3.704111576080322266e+00 3.854155540466308594e-01 -1.635462045669555664e+00 1.710135459899902344e+00
5.565653076171875000e+02 1.987367272377014160e-01 3.941401958465576172e+00 1.557660102844238281e-01 8.358001708984375000e-02 8.206809163093566895e-01
4.897139892578125000e+02 1.208655834197998047e-01 3.932793617248535156e+00 5.086660385131835938e-02 2.304553985595703125e-01 7.843687534332275391e-01
3.401364135742187500e+02 -7.507926225662231445e-02 3.536792278289794922e+00 -4.347801208496093750e-02 -3.461802005767822266e-01 2.233718037605285645e-01
5.011361083984375000e+02 2.847778797149658203e-02 3.611575365066528320e+00 3.712725639343261719e-01 9.188508987426757812e-01 3.172555208206176758e+00
4.892977600097656250e+02 4.738450050354003906e-02 3.631623744964599609e+00 4.267215728759765625e-01 -1.918758153915405273e+00 1.059277892112731934e+00
6.241987915039062500e+02 7.757408618927001953e-01 5.314564704895019531e+00 -9.900486469268798828e-01 -7.676339149475097656e-01 9.248316884040832520e-01
3.711481628417968750e+02 2.019199728965759277e-01 4.032532215118408203e+00 8.405303955078125000e-01 -5.062472820281982422e-01 2.009950876235961914e-01
4.304321899414062500e+02 6.180638074874877930e-02 3.842557668685913086e+00 2.350616455078125000e-01 -1.090886592864990234e+00 2.034416913986206055e+00
1.018721313476562500e+02 9.965628385543823242e-02 4.009592056274414062e+00 1.354718208312988281e-01 -9.975135326385498047e-01 1.368960022926330566e+00
5.130031127929687500e+02 -1.034173369407653809e-01 3.247624397277832031e+00 4.396772384643554688e-01 1.493470668792724609e+00 6.278426945209503174e-02
4.986727294921875000e+02 -1.289440989494323730e-01 3.503590822219848633e+00 3.738832473754882812e-01 7.840418815612792969e-01 1.423676967620849609e+00
1.007143173217773438e+02 1.694123148918151855e-01 4.091034889221191406e+00 -1.625049114227294922e-01 4.371738433837890625e-01 2.572515964508056641e+00
4.482739868164062500e+02 1.054972410202026367e-02 3.623260021209716797e+00 1.723814010620117188e-01 5.743265151977539062e-01 1.361329555511474609e+00
3.394484558105468750e+02 2.285493016242980957e-01 3.881068229675292969e+00 3.401303291320800781e-01 -3.535233736038208008e+00 8.247994780540466309e-01
4.234049377441406250e+02 -1.945620179176330566e-01 3.142837762832641602e+00 1.543045043945312500e-01 -5.791997909545898438e-01 3.411802768707275391e+00
5.442011108398437500e+02 -6.707143783569335938e-02 3.431260347366333008e+00 1.929092407226562500e-01 -9.444117546081542969e-02 2.237666130065917969e+00
6.652010498046875000e+02 -1.649257540702819824e-01 3.085410118103027344e+00 3.548145294189453125e-01 -1.178780794143676758e+00 1.579606294631958008e+00
4.035973205566406250e+02 5.236786603927612305e-01 4.762517929077148438e+00 -5.439519882202148438e-02 -1.498460769653320312e-03 1.978220343589782715e+00
2.680743103027343750e+02 3.819239139556884766e-02 3.563814163208007812e+00 -5.132913589477539062e-02 -1.076664924621582031e+00 1.634796112775802612e-01
4.698951110839843750e+02 -3.200727701187133789e-02 3.553503036499023438e+00 3.919839859008789062e-02 4.636406898498535156e-01 2.033239126205444336e+00
7.301928100585937500e+02 2.552449703216552734e-03 3.364755392074584961e+00 4.332184791564941406e-01 -2.481794357299804688e-01 4.407949745655059814e-01
4.520799255371093750e+02 2.244866490364074707e-01 4.049641132354736328e+00 1.791715621948242188e-01 -2.308905124664306641e+00 2.250216722488403320e+00
5.017067871093750000e+02 2.091324329376220703e-02 3.519555091857910156e+00 2.379822731018066406e-01 -7.553195953369140625e-01 1.404681086540222168e+00
2.419167785644531250e+02 9.944617748260498047e-02 3.969434261322021484e+00 3.678607940673828125e-01 -3.407895565032958984e-01 5.649761557579040527e-01
1.238427963256835938e+02 -1.104057431221008301e-01 3.335711956024169922e+00 -1.239776611328125000e-04 -3.272261619567871094e+00 1.936563491821289062e+00
6.031511230468750000e+02 3.023570775985717773e-02 3.524367809295654297e+00 -1.436114311218261719e-02 5.210161209106445312e-01 4.323712587356567383e-01
1.718857421875000000e+02 5.746459960937500000e-01 5.010186195373535156e+00 3.098011016845703125e-02 1.059312820434570312e+00 5.058754682540893555e-01
3.541374511718750000e+02 2.186760902404785156e-01 3.965613365173339844e+00 -1.252484321594238281e-01 -1.319879293441772461e+00 1.516654968261718750e+00
3.856278686523437500e+02 5.539107322692871094e-02 4.018623828887939453e+00 4.691362380981445312e-01 6.513833999633789062e-02 1.923437833786010742e+00
1.567780303955078125e+02 4.204357862472534180e-01 4.449214935302734375e+00 2.149915695190429688e-01 1.403634548187255859e+00 7.683640718460083008e-01
3.789415283203125000e+02 -1.573837399482727051e-01 3.555155754089355469e+00 2.433180809020996094e-01 -1.210218667984008789e+00 1.561758995056152344e+00
4.487385253906250000e+02 3.369021415710449219e-02 4.002328872680664062e+00 3.856396675109863281e-01 -1.536796092987060547e+00 1.860808014869689941e+00
4.943174743652343750e+02 1.119327545166015625e-02 3.827692270278930664e+00 1.018333435058593750e-01 5.241513252258300781e-01 2.090620994567871094e+00
5.003794250488281250e+02 3.228838443756103516e-01 4.325767517089843750e+00 4.521226882934570312e-01 -1.293456554412841797e-01 1.355820894241333008e+00
1.896089324951171875e+02 3.025775551795959473e-01 4.343365669250488281e+00 -1.754570007324218750e-01 -5.863344669342041016e-01 1.222761273384094238e+00
5.887634887695312500e+02 -8.681195974349975586e-02 3.524933099746704102e+00 6.865882873535156250e-01 -2.733761072158813477e+00 9.472631216049194336e-01
5.294733276367187500e+02 5.052536725997924805e-02 3.629683732986450195e+00 -3.390789031982421875e-02 -1.441624164581298828e+00 1.564668893814086914e+00
5.456687011718750000e+02 1.511877775192260742e-02 3.767960071563720703e+00 -6.461739540100097656e-02 7.213282585144042969e-01 6.755228042602539062e-01
5.697569580078125000e+02 -1.612861752510070801e-01 3.308608293533325195e+00 2.776551246643066406e-01 -1.250735521316528320e+00 1.780185103416442871e+00
2.713605651855468750e+02 6.753057241439819336e-02 3.781622409820556641e+00 6.341266632080078125e-01 2.026042938232421875e+00 2.488494515419006348e-01
4.662211303710937500e+02 1.156080961227416992e-01 3.975626945495605469e+00 3.221368789672851562e-01 1.487274169921875000e+00 2.144623994827270508e+00
4.391867980957031250e+02 1.804508566856384277e-01 3.964560508728027344e+00 5.594849586486816406e-01 -2.487814426422119141e-01 8.163776993751525879e-01
4.261383056640625000e+02 2.516669034957885742e-01 3.981245279312133789e+00 4.710888862609863281e-01 1.022577285766601562e+00 1.621995449066162109e+00
5.497669067382812500e+02 9.479022026062011719e-02 3.802130460739135742e+00 4.806637763977050781e-01 2.100019454956054688e+00 1.340000033378601074e+00
5.158095703125000000e+02 -1.924707889556884766e-01 3.131616592407226562e+00 4.182863235473632812e-01 3.469419479370117188e-01 2.398030757904052734e+00
5.331920776367187500e+02 -5.821889638900756836e-02 3.504177570343017578e+00 1.349854469299316406e-01 -1.181360483169555664e+00 9.707306623458862305e-01
3.615321960449218750e+02 3.565627336502075195e-02 3.824359893798828125e+00 -1.272773742675781250e-01 7.228851318359375000e-03 1.537444114685058594e+00
5.676523437500000000e+02 1.507051587104797363e-01 3.959396600723266602e+00 3.577852249145507812e-01 -6.903910636901855469e-01 3.118388354778289795e-01
5.446360473632812500e+02 9.318411350250244141e-02 3.610360622406005859e+00 2.572369575500488281e-01 1.068472862243652344e+00 1.512711644172668457e+00
5.071602783203125000e+02 -9.786051511764526367e-02 3.468752384185791016e+00 -3.879308700561523438e-02 3.825855255126953125e-01 1.058316111564636230e+00
5.475527954101562500e+02 -2.050149440765380859e-01 3.265604257583618164e+00 2.749156951904296875e-01 1.105899810791015625e+00 3.302830219268798828e+00
2.200851745605468750e+02 5.873489379882812500e-02 3.440122365951538086e+00 4.681468009948730469e-01 1.245450973510742188e-01 3.849945068359375000e-01
7.173739671707153320e-01 9.253973960876464844e-01 5.446684837341308594e+00 -5.667841434478759766e-01 -2.236684560775756836e+00 1.772221803665161133e+00
4.962431030273437500e+02 2.527487277984619141e-01 3.997289180755615234e+00 2.816271781921386719e-01 1.061840057373046875e+00 1.251838326454162598e+00
5.741433334350585938e+01 1.972407698631286621e-01 3.882925748825073242e+00 2.387046813964843750e-01 9.032583236694335938e-01 1.933678150177001953e+00
1.617506561279296875e+02 2.303456664085388184e-01 4.243161201477050781e+00 -5.705070495605468750e-01 1.265425682067871094e+00 1.347931861877441406e+00
2.060323028564453125e+02 7.537406682968139648e-02 3.804418563842773438e+00 4.687428474426269531e-01 2.655885219573974609e+00 2.235679179430007935e-01
4.362467651367187500e+02 1.168850064277648926e-01 3.703801870346069336e+00 2.363324165344238281e-01 -2.126002311706542969e-01 2.622301101684570312e+00
6.671730346679687500e+02 -9.457427263259887695e-02 3.329967975616455078e+00 -2.054893970489501953e-01 6.615328788757324219e-01 1.167635560035705566e+00
5.283094482421875000e+02 5.840945243835449219e-02 3.742201328277587891e+00 5.150341987609863281e-01 2.208003997802734375e+00 8.709754943847656250e-01
7.928408813476562500e+02 3.709163069725036621e-01 4.319016456604003906e+00 1.878929138183593750e-01 -8.821368217468261719e-02 3.155063092708587646e-01
5.518547363281250000e+02 8.034455776214599609e-02 3.884659051895141602e+00 4.153227806091308594e-01 3.091943264007568359e+00 6.396457552909851074e-01
7.068193359375000000e+02 2.296876311302185059e-01 3.967451810836791992e+00 8.764171600341796875e-01 -6.911408901214599609e-01 5.764522552490234375e+00
1.944084167480468750e+02 5.625653266906738281e-02 3.529140233993530273e+00 4.413461685180664062e-01 9.386873245239257812e-01 9.451140165328979492e-01
6.770695190429687500e+02 -3.346264362335205078e-03 3.479859352111816406e+00 5.198621749877929688e-01 -8.985126018524169922e-01 9.431424736976623535e-01
5.285867919921875000e+02 -3.615468740463256836e-02 3.492734432220458984e+00 6.003189086914062500e-01 1.040637493133544922e+00 1.894643306732177734e+00
5.212546997070312500e+02 -2.952319383621215820e-02 3.545007944107055664e+00 3.915572166442871094e-01 -4.242658615112304688e-03 2.127804994583129883e+00
1.616357574462890625e+02 -6.515204906463623047e-02 3.535917997360229492e+00 3.334999084472656250e-01 9.382867813110351562e-01 6.958687901496887207e-01
3.815283203125000000e+02 -1.055543422698974609e-01 3.350261688232421875e+00 1.473832130432128906e-01 -1.285455226898193359e+00 2.633352279663085938e+00
4.538876647949218750e+02 5.219030380249023438e-02 3.524874210357666016e+00 3.105187416076660156e-01 1.323366165161132812e+00 1.889131784439086914e+00
4.213641052246093750e+02 -4.378610849380493164e-02 3.603137731552124023e+00 2.909374237060546875e-01 7.032108306884765625e-01 2.033619165420532227e+00
4.987639770507812500e+02 8.787244558334350586e-02 3.792311668395996094e+00 4.815196990966796875e-01 -3.497540950775146484e-01 1.563186883926391602e+00
5.146936798095703125e+01 -9.775465726852416992e-02 3.252942085266113281e+00 2.961826324462890625e-01 -1.368974447250366211e+00 1.488468408584594727e+00
4.577678222656250000e+02 -4.716068506240844727e-02 3.372608900070190430e+00 1.460695266723632812e-01 4.922890663146972656e-01 2.331650018692016602e+00
5.161411132812500000e+02 -1.035687923431396484e-01 3.357525348663330078e+00 4.187083244323730469e-01 8.512210845947265625e-01 2.117284536361694336e+00
2.901822204589843750e+02 1.721914410591125488e-01 3.921313285827636719e+00 -9.791374206542968750e-02 8.989048004150390625e-01 3.213926315307617188e+00
5.823568725585937500e+02 1.641982793807983398e-02 3.298904895782470703e+00 4.989361763000488281e-01 7.451224327087402344e-01 1.537548184394836426e+00
5.517985839843750000e+02 -6.088036298751831055e-02 3.570762157440185547e+00 3.386521339416503906e-01 2.190518379211425781e-01 1.959530591964721680e+00
6.926519012451171875e+01 4.361045360565185547e-01 4.515930652618408203e+00 1.392462253570556641e+00 1.800560951232910156e+00 1.120662093162536621e+00
4.689387207031250000e+02 1.332611441612243652e-01 3.578823566436767578e+00 8.399128913879394531e-01 -1.815413236618041992e+00 4.908104240894317627e-01
7.096997680664062500e+02 3.131370544433593750e-01 3.975275516510009766e+00 1.487255096435546875e-01 9.281897544860839844e-01 6.270033121109008789e-01
5.116857910156250000e+02 6.696945428848266602e-02 3.763734340667724609e+00 2.313423156738281250e-01 1.359741687774658203e+00 9.678889513015747070e-01
4.529866333007812500e+02 2.728188037872314453e-02 3.948942184448242188e+00 9.403228759765625000e-02 -1.438814401626586914e+00 2.392862796783447266e+00
1.935014038085937500e+02 -2.068817615509033203e-02 3.290310382843017578e+00 7.262420654296875000e-01 9.438562393188476562e-01 1.538969516754150391e+00
4.986605224609375000e+02 -1.467984914779663086e-02 3.671448707580566406e+00 8.650255203247070312e-01 4.491686820983886719e-01 2.299077510833740234e+00
5.438281250000000000e+02 -1.557808518409729004e-01 3.163549900054931641e+00 4.433941841125488281e-01 -7.041597366333007812e-01 1.744692921638488770e+00
5.719462890625000000e+02 -1.438493132591247559e-01 3.347213983535766602e+00 3.138375282287597656e-01 -9.331023693084716797e-01 2.130030155181884766e+00
2.964452209472656250e+02 -3.029799461364746094e-02 3.748348712921142578e+00 1.728224754333496094e-01 1.455523967742919922e+00 6.262624263763427734e-01
3.068137512207031250e+02 8.705544471740722656e-02 3.698713302612304688e+00 2.465391159057617188e-01 1.650905609130859375e+00 2.371057271957397461e-01
5.027940368652343750e+02 1.009199619293212891e-01 3.943237781524658203e+00 7.548475265502929688e-01 -4.167151451110839844e-01 1.822221577167510986e-01
5.009387817382812500e+02 4.672324657440185547e-02 3.785909414291381836e+00 3.540515899658203125e-01 9.992671012878417969e-01 1.332800626754760742e+00
5.631675415039062500e+02 5.054879188537597656e-02 3.796309232711791992e+00 6.478548049926757812e-01 5.531239509582519531e-01 2.166115283966064453e+00
4.578941345214843750e+02 1.328182220458984375e-02 3.363693714141845703e+00 2.391839027404785156e-01 -2.545332908630371094e-01 2.665505170822143555e+00
4.172506408691406250e+02 -1.697206497192382812e-02 3.538737773895263672e+00 6.545233726501464844e-01 9.834814071655273438e-01 2.697164535522460938e+00
6.316229858398437500e+02 2.956068515777587891e-02 3.973703384399414062e+00 1.061987876892089844e-01 -5.906438827514648438e-01 5.665941238403320312e-01
3.955664672851562500e+02 -7.440960407257080078e-02 3.433653116226196289e+00 2.063679695129394531e-01 3.841948509216308594e-01 5.690730810165405273e-01
3.940591735839843750e+02 1.478605866432189941e-01 4.237590312957763672e+00 3.312516212463378906e-01 8.361339569091796875e-02 2.144987344741821289e+00
5.497492065429687500e+02 7.260888814926147461e-02 3.715714216232299805e+00 4.453349113464355469e-01 7.082939147949218750e-01 2.918489217758178711e+00
3.893704833984375000e+02 -7.631719112396240234e-02 3.462366580963134766e+00 2.734327316284179688e-01 7.790851593017578125e-01 1.606611013412475586e+00
3.567145996093750000e+02 -5.416357517242431641e-02 3.545158386230468750e+00 4.377007484436035156e-01 2.185678482055664062e-01 1.986672878265380859e+00
4.972896118164062500e+02 -3.837198019027709961e-02 3.531102180480957031e+00 3.421258926391601562e-01 2.011060714721679688e+00 1.375406861305236816e+00
3.438703308105468750e+02 5.859076976776123047e-03 3.545120477676391602e+00 4.334306716918945312e-01 -1.361967325210571289e+00 1.543146848678588867e+00
1.823863220214843750e+02 2.714920043945312500e-01 4.349738121032714844e+00 4.234194755554199219e-01 -1.375949382781982422e-01 9.457091093063354492e-01
4.642868041992187500e+02 2.035677433013916016e-03 3.550284147262573242e+00 3.583741188049316406e-01 -1.893138885498046875e+00 1.595995545387268066e+00
4.661030273437500000e+02 3.267562389373779297e-02 3.766317605972290039e+00 3.644609451293945312e-01 7.855725288391113281e-01 1.615451812744140625e+00
5.132009277343750000e+02 4.163777828216552734e-02 3.624298095703125000e+00 5.172610282897949219e-01 8.074235916137695312e-01 7.730455398559570312e-01
4.592226562500000000e+02 -3.733217716217041016e-03 3.726682662963867188e+00 -2.269518375396728516e-01 6.328344345092773438e-01 3.570543527603149414e-01
2.952640075683593750e+02 -4.253208637237548828e-02 3.708187818527221680e+00 -1.077950000762939453e-01 3.580737113952636719e-01 1.029830694198608398e+00
6.880593872070312500e+02 9.920746088027954102e-02 3.685672521591186523e+00 2.747845649719238281e-01 -1.929243803024291992e+00 3.742001056671142578e-01
3.507580261230468750e+02 5.390208959579467773e-02 3.753623723983764648e+00 2.594685554504394531e-01 8.879303932189941406e-01 2.496495962142944336e+00
4.546069946289062500e+02 -9.434109926223754883e-02 3.416013240814208984e+00 6.690192222595214844e-01 1.425745487213134766e+00 2.484594583511352539e+00
6.062008666992187500e+02 -1.171581149101257324e-01 3.286548614501953125e+00 2.779197692871093750e-01 -6.816589832305908203e-01 7.845664024353027344e-01
4.512938537597656250e+02 -6.799536943435668945e-02 3.543381214141845703e+00 1.420426368713378906e-01 -1.092782020568847656e+00 1.809569597244262695e+00
3.579635620117187500e+02 5.884584784507751465e-01 4.923977851867675781e+00 4.407787322998046875e-01 7.619333267211914062e-01 7.073842287063598633e-01
5.243762207031250000e+02 -1.051689982414245605e-01 3.224137067794799805e+00 2.056598663330078125e-01 6.627082824707031250e-02 2.363441228866577148e+00
