3.367355346679687500e+01 1.326206207275390625e+01 9.204897284507751465e-01 6.263411998748779297e+00 1.423418521881103516e+00 -3.835201263427734375e-01 2.502036094665527344e-01 2.325286865234375000e-01 4.324919283390045166e-01
9.110161066055297852e-01 2.098917961120605469e+01 8.537733554840087891e-01 6.084778308868408203e+00 8.793520927429199219e-01 -4.623150825500488281e-01 -2.616071701049804688e-01 4.778466820716857910e-01 4.501809179782867432e-01
5.999155273437500000e+02 1.937248229980468750e+00 1.282629370689392090e+00 6.718890190124511719e+00 -1.321891546249389648e+00 -4.994344711303710938e-01 -5.604434013366699219e-01 2.640154659748077393e-01 2.709111571311950684e-01
3.506962890625000000e+02 4.827031250000000000e+02 1.707844734191894531e+00 7.875590324401855469e+00 -2.365864515304565430e+00 -9.683108329772949219e-01 -2.420663833618164062e-01 4.880735278129577637e-01 1.882708072662353516e-01
6.198855590820312500e+02 1.350237121582031250e+02 1.100733876228332520e+00 6.875369071960449219e+00 1.407546997070312500e+00 5.309963226318359375e-01 1.543068885803222656e-01 3.753944635391235352e-01 4.221087098121643066e-01
4.300643157958984375e+01 1.786832046508789062e+01 9.415283799171447754e-01 6.143579006195068359e+00 -2.932965755462646484e-01 -6.716847419738769531e-02 -8.055210113525390625e-01 2.113660871982574463e-01 5.478070378303527832e-01
5.345030517578125000e+02 1.679670143127441406e+01 1.022581815719604492e+00 6.309769153594970703e+00 -1.565099954605102539e+00 -1.202939748764038086e+00 -1.492352485656738281e+00 2.569896280765533447e-01 5.906434655189514160e-01
7.457388916015625000e+02 8.786451721191406250e+01 1.513558864593505859e+00 7.345041751861572266e+00 4.230582714080810547e+00 2.629175186157226562e+00 1.228883266448974609e+00 5.090885162353515625e-01 3.950819671154022217e-01
4.960074234008789062e+01 1.385935974121093750e+02 4.732251167297363281e-01 5.506592750549316406e+00 4.831314086914062500e-01 -1.454544067382812500e-01 -8.012974262237548828e-01 2.039203196763992310e-01 7.622872591018676758e-01
6.011181640625000000e+02 7.213152313232421875e+01 1.074340105056762695e+00 6.440762519836425781e+00 -2.074575424194335938e-01 -5.756938457489013672e-01 -4.723513126373291016e-01 6.541384458541870117e-01 4.266337752342224121e-01
6.055593261718750000e+02 6.022916412353515625e+01 1.391057372093200684e+00 7.240364074707031250e+00 -2.130050659179687500e+00 -3.483855724334716797e-01 -1.576554775238037109e+00 2.874004244804382324e-01 4.898243844509124756e-01
6.834077148437500000e+02 2.938459014892578125e+01 1.400048136711120605e+00 7.051667690277099609e+00 2.242324352264404297e+00 5.832910537719726562e-01 4.948449134826660156e-01 2.307519465684890747e-01 5.802520513534545898e-01
3.566066589355468750e+02 3.151257324218750000e+02 9.552678465843200684e-01 6.082655429840087891e+00 1.543564796447753906e+00 3.225636482238769531e-01 2.899670600891113281e-01 2.495460808277130127e-01 3.286411166191101074e-01
5.237055053710937500e+02 1.368126068115234375e+02 1.066615819931030273e+00 6.444087982177734375e+00 9.761118888854980469e-01 2.619886398315429688e-01 -1.556575298309326172e-01 1.268798410892486572e-01 2.869249582290649414e-01
5.779228515625000000e+02 9.909317970275878906e+00 1.471837997436523438e+00 7.168874740600585938e+00 -1.001787185668945312e-01 -3.797149658203125000e-01 -3.797817230224609375e-01 5.793743729591369629e-01 5.027464032173156738e-01
6.502226562500000000e+02 8.296839904785156250e+01 9.280842542648315430e-01 6.038437843322753906e+00 7.663178443908691406e-01 3.481554985046386719e-01 -1.749956607818603516e-01 5.125788450241088867e-01 4.253166615962982178e-01
6.890333862304687500e+02 1.029958915710449219e+01 1.218913793563842773e+00 6.668119430541992188e+00 3.844616413116455078e+00 2.380986213684082031e+00 1.437976360321044922e+00 5.334048867225646973e-01 5.014808177947998047e-01
6.167788085937500000e+02 1.554352378845214844e+01 1.061141490936279297e+00 6.307480812072753906e+00 2.470200061798095703e+00 7.365202903747558594e-01 6.939077377319335938e-01 2.902156412601470947e-01 5.690923929214477539e-01
6.975300292968750000e+02 7.764590454101562500e+01 8.196890354156494141e-01 6.038804531097412109e+00 1.866219043731689453e+00 1.029040813446044922e+00 -1.070618629455566406e-01 3.805498480796813965e-01 2.505304515361785889e-01
6.371055908203125000e+02 1.584825325012207031e+01 1.049465537071228027e+00 6.243949890136718750e+00 2.281117439270019531e+00 1.195039749145507812e+00 5.031275749206542969e-01 4.141333997249603271e-01 4.909904599189758301e-01
7.502438964843750000e+02 1.980287475585937500e+02 6.571733951568603516e-01 5.500577926635742188e+00 -9.753358364105224609e-01 -2.267181873321533203e-01 -6.606554985046386719e-01 1.887291371822357178e-01 2.866852879524230957e-01
6.291355590820312500e+02 1.979211425781250000e+01 9.674492478370666504e-01 6.288717269897460938e+00 -1.859426498413085938e+00 -1.287498474121093750e+00 -1.491305828094482422e+00 6.182042360305786133e-01 4.727815091609954834e-01
5.580308837890625000e+02 9.507911682128906250e+00 1.171471834182739258e+00 6.521752357482910156e+00 -1.020160913467407227e+00 -8.282482624053955078e-01 -1.128898859024047852e+00 4.689074158668518066e-01 4.523633122444152832e-01
6.464119873046875000e+02 9.741995811462402344e+00 8.645701408386230469e-01 6.180038928985595703e+00 -1.228122711181640625e+00 -1.240944862365722656e-01 -1.444207429885864258e+00 1.262161433696746826e-01 6.291621327400207520e-01
6.429231567382812500e+02 1.957352447509765625e+02 6.705054640769958496e-01 5.812909603118896484e+00 2.598762512207031250e-04 -5.106937885284423828e-01 -7.867217063903808594e-02 4.536887705326080322e-01 4.681379795074462891e-01
9.110161066055297852e-01 2.098917961120605469e+01 8.537733554840087891e-01 6.084778308868408203e+00 8.793520927429199219e-01 -4.623150825500488281e-01 -2.616071701049804688e-01 4.778466820716857910e-01 4.501809179782867432e-01
9.110161066055297852e-01 2.098917961120605469e+01 8.537733554840087891e-01 6.084778308868408203e+00 8.793520927429199219e-01 -4.623150825500488281e-01 -2.616071701049804688e-01 4.778466820716857910e-01 4.501809179782867432e-01
6.890333862304687500e+02 1.029958915710449219e+01 1.218913793563842773e+00 6.668119430541992188e+00 3.844616413116455078e+00 2.380986213684082031e+00 1.437976360321044922e+00 5.334048867225646973e-01 5.014808177947998047e-01
7.031483764648437500e+02 9.515124511718750000e+01 1.128038167953491211e+00 6.524852752685546875e+00 6.724810600280761719e-01 2.719902992248535156e-01 -3.421771526336669922e-01 1.751618385314941406e-01 4.377886652946472168e-01
5.710607910156250000e+02 6.405347442626953125e+01 1.511975288391113281e+00 7.177798748016357422e+00 -1.394927501678466797e+00 -1.028693914413452148e+00 -1.131204366683959961e+00 4.193952381610870361e-01 4.123472869396209717e-01
9.110161066055297852e-01 2.098917961120605469e+01 8.537733554840087891e-01 6.084778308868408203e+00 8.793520927429199219e-01 -4.623150825500488281e-01 -2.616071701049804688e-01 4.778466820716857910e-01 4.501809179782867432e-01
5.580308837890625000e+02 9.507911682128906250e+00 1.171471834182739258e+00 6.521752357482910156e+00 -1.020160913467407227e+00 -8.282482624053955078e-01 -1.128898859024047852e+00 4.689074158668518066e-01 4.523633122444152832e-01
6.890333862304687500e+02 1.029958915710449219e+01 1.218913793563842773e+00 6.668119430541992188e+00 3.844616413116455078e+00 2.380986213684082031e+00 1.437976360321044922e+00 5.334048867225646973e-01 5.014808177947998047e-01
6.651309814453125000e+02 4.426364746093750000e+02 1.622127294540405273e+00 7.414870262145996094e+00 1.804389953613281250e+00 7.943654060363769531e-01 5.681920051574707031e-01 4.030101895332336426e-01 3.251142501831054688e-01
6.580416870117187500e+02 7.970745086669921875e+01 1.024292945861816406e+00 6.117266178131103516e+00 -1.067262887954711914e+00 -5.056452751159667969e-01 -7.965004444122314453e-01 3.830576539039611816e-01 3.646219074726104736e-01
5.886762695312500000e+02 3.166813850402832031e+01 1.360630393028259277e+00 6.914437770843505859e+00 -2.500116825103759766e-01 -3.841519355773925781e-02 -9.577739238739013672e-01 3.812110424041748047e-01 5.729280710220336914e-01
7.121107177734375000e+02 1.278313255310058594e+01 1.160561442375183105e+00 6.835078239440917969e+00 1.809661388397216797e+00 9.118008613586425781e-01 5.015301704406738281e-01 4.188187122344970703e-01 4.120595753192901611e-01
4.300643157958984375e+01 1.786832046508789062e+01 9.415283799171447754e-01 6.143579006195068359e+00 -2.932965755462646484e-01 -6.716847419738769531e-02 -8.055210113525390625e-01 2.113660871982574463e-01 5.478070378303527832e-01
6.791951904296875000e+02 3.848270568847656250e+02 1.576224565505981445e+00 7.263281345367431641e+00 3.335499763488769531e-01 7.476019859313964844e-01 -8.280754089355468750e-02 6.393038630485534668e-01 3.439385294914245605e-01
6.578550415039062500e+02 9.237628936767578125e+01 9.643357992172241211e-01 6.195910930633544922e+00 5.260014533996582031e-01 -1.831352710723876953e-01 -2.103722095489501953e-01 4.380329251289367676e-01 3.507717251777648926e-01
6.371055908203125000e+02 1.584825325012207031e+01 1.049465537071228027e+00 6.243949890136718750e+00 2.281117439270019531e+00 1.195039749145507812e+00 5.031275749206542969e-01 4.141333997249603271e-01 4.909904599189758301e-01
6.894929199218750000e+02 1.200954055786132812e+01 1.345641851425170898e+00 7.071238517761230469e+00 3.744680881500244141e+00 2.587215900421142578e+00 1.050658226013183594e+00 5.861253738403320312e-01 4.391688704490661621e-01
6.894929199218750000e+02 1.200954055786132812e+01 1.345641851425170898e+00 7.071238517761230469e+00 3.744680881500244141e+00 2.587215900421142578e+00 1.050658226013183594e+00 5.861253738403320312e-01 4.391688704490661621e-01
6.003204345703125000e+02 6.263066482543945312e+01 1.188654303550720215e+00 6.916854858398437500e+00 -1.892501115798950195e+00 -1.391990184783935547e+00 -1.033082008361816406e+00 5.715681910514831543e-01 3.349033594131469727e-01
4.935842590332031250e+02 1.216694927215576172e+01 1.417111396789550781e+00 7.437331199645996094e+00 5.300450325012207031e-01 -8.383095264434814453e-01 -1.961839199066162109e-01 4.305306673049926758e-01 3.912608623504638672e-01
9.110161066055297852e-01 2.098917961120605469e+01 8.537733554840087891e-01 6.084778308868408203e+00 8.793520927429199219e-01 -4.623150825500488281e-01 -2.616071701049804688e-01 4.778466820716857910e-01 4.501809179782867432e-01
5.859164428710937500e+02 2.816585540771484375e+01 1.289054751396179199e+00 7.086905956268310547e+00 4.071011543273925781e+00 1.023612022399902344e+00 1.066291332244873047e+00 2.364437133073806763e-01 3.926575183868408203e-01
6.821343994140625000e+02 1.588273620605468750e+01 1.043189764022827148e+00 6.622064590454101562e+00 4.090445041656494141e+00 3.274955749511718750e+00 1.691160202026367188e+00 6.983857154846191406e-01 6.181505918502807617e-01
9.110161066055297852e-01 2.098917961120605469e+01 8.537733554840087891e-01 6.084778308868408203e+00 8.793520927429199219e-01 -4.623150825500488281e-01 -2.616071701049804688e-01 4.778466820716857910e-01 4.501809179782867432e-01
6.225767211914062500e+02 1.797159957885742188e+01 7.395091652870178223e-01 5.566878318786621094e+00 1.282811164855957031e+00 2.001476287841796875e-01 3.256011009216308594e-01 2.861556708812713623e-01 4.374403953552246094e-01
9.110161066055297852e-01 2.098917961120605469e+01 8.537733554840087891e-01 6.084778308868408203e+00 8.793520927429199219e-01 -4.623150825500488281e-01 -2.616071701049804688e-01 4.778466820716857910e-01 4.501809179782867432e-01
4.118417358398437500e+02 4.668647766113281250e+02 1.447764635086059570e+00 7.279230117797851562e+00 -1.087558269500732422e-01 -1.700162887573242188e-02 -2.850365638732910156e-01 2.719807624816894531e-01 2.556081414222717285e-01
5.394445800781250000e+02 7.367572784423828125e+00 7.786077260971069336e-01 5.981313705444335938e+00 1.273448467254638672e+00 7.242107391357421875e-01 -1.684319972991943359e-01 6.565320491790771484e-01 5.332645177841186523e-01
5.666330566406250000e+02 3.015197753906250000e+01 1.264957785606384277e+00 6.806630611419677734e+00 2.291476726531982422e+00 7.338619232177734375e-01 3.956270217895507812e-01 4.176065325736999512e-01 5.795956254005432129e-01
7.283559570312500000e+02 7.728863716125488281e+00 1.300571203231811523e+00 6.683922290802001953e+00 2.152812480926513672e+00 3.405237197875976562e-01 5.003643035888671875e-01 2.695420682430267334e-01 5.334974527359008789e-01
6.821839599609375000e+02 1.359842681884765625e+01 1.271387100219726562e+00 7.010520935058593750e+00 1.608943939208984375e+00 1.973795890808105469e-01 2.595329284667968750e-01 9.608304500579833984e-02 4.059989452362060547e-01
4.880409240722656250e+01 1.802567443847656250e+02 6.732991337776184082e-01 5.456598758697509766e+00 -5.604231357574462891e-01 -3.325176239013671875e-01 -5.879724025726318359e-01 2.051388025283813477e-01 7.272732257843017578e-01
5.982176513671875000e+02 1.239120292663574219e+01 1.260007023811340332e+00 7.099524021148681641e+00 -2.418814897537231445e+00 -9.510719776153564453e-01 -1.810655593872070312e+00 3.142481744289398193e-01 4.376267194747924805e-01
6.507966918945312500e+02 2.422491550445556641e+00 1.397967576980590820e+00 7.051810741424560547e+00 1.423130035400390625e+00 -8.271455764770507812e-02 1.670980453491210938e-01 1.119107902050018311e-01 4.962449669837951660e-01
5.580308837890625000e+02 9.507911682128906250e+00 1.171471834182739258e+00 6.521752357482910156e+00 -1.020160913467407227e+00 -8.282482624053955078e-01 -1.128898859024047852e+00 4.689074158668518066e-01 4.523633122444152832e-01
7.155135498046875000e+02 4.569022216796875000e+02 1.871949195861816406e+00 7.882155418395996094e+00 -4.651607513427734375e+00 -1.165275573730468750e+00 -1.825276613235473633e+00 2.774759829044342041e-01 3.265132308006286621e-01
6.291355590820312500e+02 1.979211425781250000e+01 9.674492478370666504e-01 6.288717269897460938e+00 -1.859426498413085938e+00 -1.287498474121093750e+00 -1.491305828094482422e+00 6.182042360305786133e-01 4.727815091609954834e-01
6.277403564453125000e+02 1.335451126098632812e+01 1.173759698867797852e+00 6.653040885925292969e+00 4.383375644683837891e+00 1.603147983551025391e+00 1.262488365173339844e+00 3.870097994804382324e-01 4.377241134643554688e-01
7.042905273437500000e+02 4.357203841209411621e-01 9.147122502326965332e-01 6.222449302673339844e+00 -1.074099540710449219e-01 -2.147698402404785156e-01 -8.824288845062255859e-01 4.963112175464630127e-01 6.605044603347778320e-01
6.281623535156250000e+02 9.707077789306640625e+01 1.173764705657958984e+00 6.555502414703369141e+00 4.942703247070312500e+00 3.339002132415771484e+00 1.964225769042968750e+00 6.895654797554016113e-01 5.725343823432922363e-01
6.291355590820312500e+02 1.979211425781250000e+01 9.674492478370666504e-01 6.288717269897460938e+00 -1.859426498413085938e+00 -1.287498474121093750e+00 -1.491305828094482422e+00 6.182042360305786133e-01 4.727815091609954834e-01
7.407756347656250000e+02 4.149863281250000000e+02 1.646714448928833008e+00 7.674775123596191406e+00 -7.757555007934570312e+00 -2.286387681961059570e+00 -2.592283487319946289e+00 3.109433650970458984e-01 3.181583881378173828e-01
6.777974243164062500e+02 8.530124664306640625e+01 1.114595174789428711e+00 6.387528896331787109e+00 -1.101386547088623047e-01 -6.949186325073242188e-02 -8.655965328216552734e-01 8.052914738655090332e-01 5.477166771888732910e-01
6.538694458007812500e+02 6.416103839874267578e+00 1.121349096298217773e+00 6.574691772460937500e+00 2.741565704345703125e+00 1.601011753082275391e+00 6.658673286437988281e-01 5.315673351287841797e-01 4.544028937816619873e-01
6.155722656250000000e+02 9.124285125732421875e+01 1.281964182853698730e+00 6.917900085449218750e+00 3.645176887512207031e+00 1.295161247253417969e+00 1.050326824188232422e+00 5.808513760566711426e-01 3.386278450489044189e-01
6.945648193359375000e+00 1.636592102050781250e+02 8.321228623390197754e-01 6.192791938781738281e+00 8.501267433166503906e-01 -2.798748016357421875e-01 -1.880037784576416016e-01 4.119030237197875977e-01 4.015106558799743652e-01
5.645142211914062500e+02 3.618841552734375000e+02 1.644610762596130371e+00 7.520264625549316406e+00 -1.686376333236694336e+00 -5.430769920349121094e-01 -4.150438308715820312e-01 4.074831008911132812e-01 1.384040564298629761e-01
6.736385498046875000e+02 9.213896179199218750e+01 1.357756853103637695e+00 7.033323764801025391e+00 1.808540821075439453e+00 9.129047393798828125e-02 3.017950057983398438e-01 9.626657515764236450e-02 3.252497613430023193e-01
6.084904174804687500e+02 3.617319583892822266e+00 1.464125156402587891e+00 7.128857135772705078e+00 2.975962162017822266e+00 2.695219516754150391e+00 1.024425029754638672e+00 7.285740971565246582e-01 5.647569298744201660e-01
6.329049072265625000e+02 1.870368576049804688e+01 9.126800298690795898e-01 5.751294136047363281e+00 -4.239678382873535156e-02 6.185054779052734375e-02 -6.459665298461914062e-01 4.793602824211120605e-01 4.312990605831146240e-01
6.296614990234375000e+02 1.119747619628906250e+02 1.057903170585632324e+00 6.496703624725341797e+00 2.278685569763183594e-01 -1.499319076538085938e-01 -4.466557502746582031e-01 2.638607025146484375e-01 2.920417487621307373e-01
6.550567626953125000e+02 2.482869110107421875e+02 7.586094737052917480e-01 5.709849834442138672e+00 9.710812568664550781e-01 1.456022262573242188e-02 2.806687355041503906e-01 2.105569690465927124e-01 4.322659373283386230e-01
3.927445602416992188e+01 8.452622985839843750e+01 4.394662380218505859e-01 5.361796379089355469e+00 5.622720718383789062e-01 2.118706703186035156e-01 -3.564524650573730469e-01 5.046704411506652832e-01 4.893292784690856934e-01
6.665787353515625000e+02 7.132462978363037109e+00 1.398944854736328125e+00 6.966845512390136719e+00 -1.528542041778564453e+00 -7.768249511718750000e-01 -1.731284856796264648e+00 6.075484752655029297e-01 5.377604365348815918e-01
6.491429443359375000e+02 2.611067771911621094e+00 8.955931663513183594e-01 6.214073657989501953e+00 1.186704635620117188e+00 6.533360481262207031e-01 1.860833168029785156e-01 3.518097400665283203e-01 6.791180372238159180e-01
6.532967529296875000e+02 1.244916343688964844e+01 1.348698139190673828e+00 7.001382350921630859e+00 4.030566215515136719e+00 1.286880970001220703e+00 1.420245170593261719e+00 4.018557667732238770e-01 4.416792988777160645e-01
4.891078567504882812e+01 8.840220451354980469e+00 8.040800690650939941e-01 5.945741176605224609e+00 -7.256138324737548828e-01 -1.197063922882080078e-01 -7.943367958068847656e-01 5.183047801256179810e-02 4.590089917182922363e-01
5.997073974609375000e+02 1.088563690185546875e+02 1.245888471603393555e+00 6.827775001525878906e+00 4.499411582946777344e-01 -5.019783973693847656e-02 -2.889049053192138672e-01 3.656594455242156982e-01 3.981735706329345703e-01
5.580308837890625000e+02 9.507911682128906250e+00 1.171471834182739258e+00 6.521752357482910156e+00 -1.020160913467407227e+00 -8.282482624053955078e-01 -1.128898859024047852e+00 4.689074158668518066e-01 4.523633122444152832e-01
6.436701049804687500e+02 1.260492992401123047e+01 1.351936101913452148e+00 7.044534206390380859e+00 6.344652175903320312e+00 1.154685020446777344e+00 3.448643684387207031e+00 1.647459864616394043e-01 6.994091868400573730e-01
6.532967529296875000e+02 1.244916343688964844e+01 1.348698139190673828e+00 7.001382350921630859e+00 4.030566215515136719e+00 1.286880970001220703e+00 1.420245170593261719e+00 4.018557667732238770e-01 4.416792988777160645e-01
6.496346435546875000e+02 7.351480865478515625e+01 1.088929176330566406e+00 6.694206714630126953e+00 4.969425201416015625e+00 3.130173683166503906e+00 1.697008609771728516e+00 6.281898021697998047e-01 4.571769237518310547e-01
6.011181640625000000e+02 7.213152313232421875e+01 1.074340105056762695e+00 6.440762519836425781e+00 -2.074575424194335938e-01 -5.756938457489013672e-01 -4.723513126373291016e-01 6.541384458541870117e-01 4.266337752342224121e-01
6.464119873046875000e+02 9.741995811462402344e+00 8.645701408386230469e-01 6.180038928985595703e+00 -1.228122711181640625e+00 -1.240944862365722656e-01 -1.444207429885864258e+00 1.262161433696746826e-01 6.291621327400207520e-01
5.985240478515625000e+02 7.042224884033203125e+01 9.964650869369506836e-01 6.262928962707519531e+00 1.442372798919677734e+00 3.614425659179687500e-03 1.706814765930175781e-01 3.756569623947143555e-01 4.097849130630493164e-01
6.506347656250000000e+02 6.963812255859375000e+01 1.250667333602905273e+00 6.796474456787109375e+00 1.198806762695312500e+00 4.237961769104003906e-01 4.144668579101562500e-02 3.812209367752075195e-01 4.639607667922973633e-01
6.040832519531250000e+02 1.288210010528564453e+01 1.332506179809570312e+00 7.168944358825683594e+00 1.421692371368408203e+00 8.234429359436035156e-01 2.379941940307617188e-01 4.009582996368408203e-01 3.674107193946838379e-01
6.106146850585937500e+02 2.051773262023925781e+01 8.819708228111267090e-01 5.816620826721191406e+00 2.456855773925781250e-01 2.979040145874023438e-01 -2.178812026977539062e-01 5.764006972312927246e-01 3.156474232673645020e-01
6.530670166015625000e+02 1.199306488037109375e+01 7.026213407516479492e-01 5.436634540557861328e+00 -8.245015144348144531e-01 1.112961769104003906e-01 -9.605216979980468750e-01 1.636370122432708740e-01 4.529487788677215576e-01
5.580308837890625000e+02 9.507911682128906250e+00 1.171471834182739258e+00 6.521752357482910156e+00 -1.020160913467407227e+00 -8.282482624053955078e-01 -1.128898859024047852e+00 4.689074158668518066e-01 4.523633122444152832e-01
6.716399536132812500e+02 2.001583862304687500e+01 1.344122886657714844e+00 7.043579578399658203e+00 5.184586048126220703e+00 2.128958702087402344e+00 1.484372615814208984e+00 4.221310019493103027e-01 4.169180989265441895e-01
6.890333862304687500e+02 1.029958915710449219e+01 1.218913793563842773e+00 6.668119430541992188e+00 3.844616413116455078e+00 2.380986213684082031e+00 1.437976360321044922e+00 5.334048867225646973e-01 5.014808177947998047e-01
4.891078567504882812e+01 8.840220451354980469e+00 8.040800690650939941e-01 5.945741176605224609e+00 -7.256138324737548828e-01 -1.197063922882080078e-01 -7.943367958068847656e-01 5.183047801256179810e-02 4.590089917182922363e-01
5.707354125976562500e+02 1.450527310371398926e+00 8.405026793479919434e-01 5.982192516326904297e+00 3.121783733367919922e+00 1.234428882598876953e+00 6.216812133789062500e-01 5.194773674011230469e-01 2.645312845706939697e-01
6.856467895507812500e+02 4.501406250000000000e+02 1.708026170730590820e+00 7.731010437011718750e+00 -1.321277618408203125e+00 -1.888632774353027344e-01 -6.181704998016357422e-01 3.507739007472991943e-01 2.940759956836700439e-01
4.300643157958984375e+01 1.786832046508789062e+01 9.415283799171447754e-01 6.143579006195068359e+00 -2.932965755462646484e-01 -6.716847419738769531e-02 -8.055210113525390625e-01 2.113660871982574463e-01 5.478070378303527832e-01
5.586926269531250000e+02 4.459472045898437500e+02 1.329834699630737305e+00 7.043035984039306641e+00 -2.645165920257568359e+00 -1.251294612884521484e+00 -1.358183622360229492e+00 2.864967286586761475e-01 4.329620003700256348e-01
6.350788574218750000e+02 9.033686828613281250e+01 9.672498703002929688e-01 6.538161754608154297e+00 -3.413236141204833984e-01 -5.746090412139892578e-01 -1.056245565414428711e+00 5.245294570922851562e-01 6.069983243942260742e-01
7.148365478515625000e+02 9.674954986572265625e+01 1.184650897979736328e+00 6.583393573760986328e+00 2.623753547668457031e+00 8.117175102233886719e-01 6.538271903991699219e-01 1.839120537042617798e-01 4.607015848159790039e-01
6.360940551757812500e+02 1.278649520874023438e+01 6.772938370704650879e-01 6.021084308624267578e+00 3.646540641784667969e-01 4.111480712890625000e-01 -4.542672634124755859e-01 2.850988209247589111e-01 4.608227014541625977e-01
6.324171142578125000e+02 3.803297424316406250e+01 1.285674571990966797e+00 6.885735511779785156e+00 1.825034618377685547e+00 3.660821914672851562e-01 2.372455596923828125e-01 3.621862828731536865e-01 5.105780959129333496e-01
6.451460571289062500e+02 9.502473831176757812e+00 1.432038545608520508e+00 7.542442798614501953e+00 4.695343971252441406e+00 9.072804450988769531e-01 1.972341537475585938e+00 1.898630708456039429e-01 5.614442229270935059e-01
5.859164428710937500e+02 2.816585540771484375e+01 1.289054751396179199e+00 7.086905956268310547e+00 4.071011543273925781e+00 1.023612022399902344e+00 1.066291332244873047e+00 2.364437133073806763e-01 3.926575183868408203e-01
5.580308837890625000e+02 9.507911682128906250e+00 1.171471834182739258e+00 6.521752357482910156e+00 -1.020160913467407227e+00 -8.282482624053955078e-01 -1.128898859024047852e+00 4.689074158668518066e-01 4.523633122444152832e-01
5.845276489257812500e+02 3.405292987823486328e+00 1.155490875244140625e+00 6.736072540283203125e+00 1.046276092529296875e-01 -7.008635997772216797e-01 -5.887234210968017578e-01 5.517845153808593750e-01 3.969601094722747803e-01
6.228967285156250000e+02 9.583525657653808594e-01 1.409876346588134766e+00 7.306777000427246094e+00 3.409748077392578125e+00 2.230651378631591797e+00 9.928679466247558594e-01 7.411999702453613281e-01 5.622853040695190430e-01
6.397407836914062500e+02 1.534029388427734375e+01 9.496963024139404297e-01 6.290083885192871094e+00 2.263972759246826172e+00 5.295681953430175781e-01 6.485867500305175781e-01 3.313772082328796387e-01 3.932851850986480713e-01
4.844674682617187500e+02 1.931424331665039062e+01 1.333403587341308594e+00 6.639289379119873047e+00 1.963624954223632812e+00 1.294016838073730469e-01 1.814126968383789062e-01 4.143074452877044678e-01 4.508959054946899414e-01
6.788078002929687500e+02 4.192490234375000000e+02 1.633784532546997070e+00 7.509830474853515625e+00 -2.633484601974487305e+00 -7.960963249206542969e-01 -8.919107913970947266e-01 2.374277114868164062e-01 3.248653113842010498e-01
9.110161066055297852e-01 2.098917961120605469e+01 8.537733554840087891e-01 6.084778308868408203e+00 8.793520927429199219e-01 -4.623150825500488281e-01 -2.616071701049804688e-01 4.778466820716857910e-01 4.501809179782867432e-01
6.167788085937500000e+02 1.554352378845214844e+01 1.061141490936279297e+00 6.307480812072753906e+00 2.470200061798095703e+00 7.365202903747558594e-01 6.939077377319335938e-01 2.902156412601470947e-01 5.690923929214477539e-01
5.924291992187500000e+02 9.325369262695312500e+01 1.421380281448364258e+00 7.203022003173828125e+00 6.154632568359375000e-01 4.234480857849121094e-01 -5.420243740081787109e-01 8.138855695724487305e-01 5.669293999671936035e-01
6.050328979492187500e+02 5.081251144409179688e+01 3.479534387588500977e-01 5.187201976776123047e+00 1.519775390625000000e-01 -2.020955085754394531e-01 -6.863820552825927734e-01 2.420549988746643066e-01 4.634693562984466553e-01
9.110161066055297852e-01 2.098917961120605469e+01 8.537733554840087891e-01 6.084778308868408203e+00 8.793520927429199219e-01 -4.623150825500488281e-01 -2.616071701049804688e-01 4.778466820716857910e-01 4.501809179782867432e-01
5.409476318359375000e+02 9.224166107177734375e+01 9.991058707237243652e-01 6.574192047119140625e+00 -1.922458410263061523e+00 -1.576886177062988281e+00 -1.542433500289916992e+00 6.459332108497619629e-01 5.310843586921691895e-01
6.648599853515625000e+02 7.866581726074218750e+01 9.727534651756286621e-01 6.047751426696777344e+00 -8.799636363983154297e-01 -5.340278148651123047e-01 -1.037493944168090820e+00 6.609540581703186035e-01 4.414247870445251465e-01
6.740353393554687500e+02 3.459334564208984375e+01 6.116548180580139160e-01 5.668781280517578125e+00 -1.005196571350097656e-01 -1.923227310180664062e-01 -6.614971160888671875e-01 3.178042471408843994e-01 4.489661753177642822e-01
5.982176513671875000e+02 1.239120292663574219e+01 1.260007023811340332e+00 7.099524021148681641e+00 -2.418814897537231445e+00 -9.510719776153564453e-01 -1.810655593872070312e+00 3.142481744289398193e-01 4.376267194747924805e-01
6.691487121582031250e+01 8.342766571044921875e+01 6.455752253532409668e-01 5.766483306884765625e+00 2.958393096923828125e-01 -3.729522228240966797e-01 4.168033599853515625e-02 3.651914298534393311e-01 1.908807456493377686e-01
6.371055908203125000e+02 1.584825325012207031e+01 1.049465537071228027e+00 6.243949890136718750e+00 2.281117439270019531e+00 1.195039749145507812e+00 5.031275749206542969e-01 4.141333997249603271e-01 4.909904599189758301e-01
6.167788085937500000e+02 1.554352378845214844e+01 1.061141490936279297e+00 6.307480812072753906e+00 2.470200061798095703e+00 7.365202903747558594e-01 6.939077377319335938e-01 2.902156412601470947e-01 5.690923929214477539e-01
2.887285614013671875e+01 1.074236602783203125e+02 6.850752234458923340e-01 5.936591148376464844e+00 -4.032874107360839844e-01 -9.473991394042968750e-01 -3.925955295562744141e-01 4.889727830886840820e-01 3.075995743274688721e-01
6.876177978515625000e+02 5.211691379547119141e+00 7.872584462165832520e-01 5.700638771057128906e+00 1.401247978210449219e+00 -2.257120609283447266e-01 1.198625564575195312e-01 1.853609383106231689e-01 4.051266908645629883e-01
6.507966918945312500e+02 2.422491550445556641e+00 1.397967576980590820e+00 7.051810741424560547e+00 1.423130035400390625e+00 -8.271455764770507812e-02 1.670980453491210938e-01 1.119107902050018311e-01 4.962449669837951660e-01
6.575924682617187500e+02 1.676538467407226562e+01 1.326500177383422852e+00 6.852499008178710938e+00 4.810638427734375000e+00 1.312479972839355469e+00 2.080106735229492188e+00 3.875967860221862793e-01 5.425825715065002441e-01
6.949197998046875000e+02 4.482752685546875000e+02 1.695501208305358887e+00 7.724500179290771484e+00 -3.366886377334594727e+00 -1.918685436248779297e+00 -1.905683279037475586e+00 5.507990121841430664e-01 5.150427818298339844e-01
6.532967529296875000e+02 1.244916343688964844e+01 1.348698139190673828e+00 7.001382350921630859e+00 4.030566215515136719e+00 1.286880970001220703e+00 1.420245170593261719e+00 4.018557667732238770e-01 4.416792988777160645e-01
6.982109375000000000e+02 2.031535911560058594e+01 1.146797180175781250e+00 6.729963779449462891e+00 1.841280460357666016e+00 1.677703857421875000e+00 4.411101341247558594e-01 6.433686017990112305e-01 5.539720654487609863e-01
7.357015380859375000e+02 1.997711753845214844e+01 9.626701474189758301e-01 6.127133846282958984e+00 1.819274425506591797e+00 2.897143363952636719e-01 5.308771133422851562e-01 5.147503688931465149e-02 4.965217411518096924e-01
5.518145751953125000e+02 5.371452569961547852e-01 6.857493519783020020e-01 5.547754287719726562e+00 4.760885238647460938e-01 -2.554929256439208984e-01 -2.751350402832031250e-02 3.923478424549102783e-01 4.338410794734954834e-01
6.291355590820312500e+02 1.979211425781250000e+01 9.674492478370666504e-01 6.288717269897460938e+00 -1.859426498413085938e+00 -1.287498474121093750e+00 -1.491305828094482422e+00 6.182042360305786133e-01 4.727815091609954834e-01
6.464119873046875000e+02 9.741995811462402344e+00 8.645701408386230469e-01 6.180038928985595703e+00 -1.228122711181640625e+00 -1.240944862365722656e-01 -1.444207429885864258e+00 1.262161433696746826e-01 6.291621327400207520e-01
9.110161066055297852e-01 2.098917961120605469e+01 8.537733554840087891e-01 6.084778308868408203e+00 8.793520927429199219e-01 -4.623150825500488281e-01 -2.616071701049804688e-01 4.778466820716857910e-01 4.501809179782867432e-01
5.109290161132812500e+02 7.108205413818359375e+01 8.221358060836791992e-01 5.792797565460205078e+00 -3.437888622283935547e-01 -5.596029758453369141e-01 -7.192337512969970703e-01 4.305283427238464355e-01 4.086628854274749756e-01
6.002006835937500000e+02 7.789221954345703125e+01 8.769863843917846680e-01 6.211356163024902344e+00 3.894567489624023438e-01 6.469106674194335938e-01 -4.105019569396972656e-01 4.935164749622344971e-01 4.344660341739654541e-01
4.891078567504882812e+01 8.840220451354980469e+00 8.040800690650939941e-01 5.945741176605224609e+00 -7.256138324737548828e-01 -1.197063922882080078e-01 -7.943367958068847656e-01 5.183047801256179810e-02 4.590089917182922363e-01
6.740353393554687500e+02 3.459334564208984375e+01 6.116548180580139160e-01 5.668781280517578125e+00 -1.005196571350097656e-01 -1.923227310180664062e-01 -6.614971160888671875e-01 3.178042471408843994e-01 4.489661753177642822e-01
2.652396583557128906e+01 1.045227279663085938e+02 6.202876567840576172e-01 5.708225250244140625e+00 5.458354949951171875e-01 -1.782572269439697266e-01 -1.854121685028076172e-01 4.750606715679168701e-01 4.291781783103942871e-01
6.371055908203125000e+02 1.584825325012207031e+01 1.049465537071228027e+00 6.243949890136718750e+00 2.281117439270019531e+00 1.195039749145507812e+00 5.031275749206542969e-01 4.141333997249603271e-01 4.909904599189758301e-01
6.573792724609375000e+02 2.052121124267578125e+02 1.422923803329467773e+00 7.097688674926757812e+00 1.975612640380859375e+00 1.145093441009521484e+00 1.090786457061767578e+00 4.132619500160217285e-01 5.666072964668273926e-01
6.414141845703125000e+02 1.050182342529296875e+01 1.227619051933288574e+00 6.907246112823486328e+00 -1.406972408294677734e+00 -1.349626779556274414e+00 -1.495428085327148438e+00 4.394796490669250488e-01 5.883536338806152344e-01
6.334096679687500000e+02 8.301097869873046875e+01 9.447407722473144531e-01 6.133831977844238281e+00 -2.007353305816650391e-01 -3.905689716339111328e-01 -4.690968990325927734e-01 7.165296077728271484e-01 2.994934916496276855e-01
6.334624633789062500e+02 6.030046463012695312e+01 1.000626325607299805e+00 6.770407676696777344e+00 -1.322449445724487305e+00 -6.824457645416259766e-01 -1.055976152420043945e+00 4.009573459625244141e-01 4.243051409721374512e-01
6.585269165039062500e+02 8.102623939514160156e+00 8.615487813949584961e-01 6.043497562408447266e+00 1.745209693908691406e+00 1.084315776824951172e+00 6.172895431518554688e-02 3.786514997482299805e-01 3.278081417083740234e-01
6.277403564453125000e+02 1.335451126098632812e+01 1.173759698867797852e+00 6.653040885925292969e+00 4.383375644683837891e+00 1.603147983551025391e+00 1.262488365173339844e+00 3.870097994804382324e-01 4.377241134643554688e-01
4.300643157958984375e+01 1.786832046508789062e+01 9.415283799171447754e-01 6.143579006195068359e+00 -2.932965755462646484e-01 -6.716847419738769531e-02 -8.055210113525390625e-01 2.113660871982574463e-01 5.478070378303527832e-01
6.530670166015625000e+02 1.199306488037109375e+01 7.026213407516479492e-01 5.436634540557861328e+00 -8.245015144348144531e-01 1.112961769104003906e-01 -9.605216979980468750e-01 1.636370122432708740e-01 4.529487788677215576e-01
6.894929199218750000e+02 1.200954055786132812e+01 1.345641851425170898e+00 7.071238517761230469e+00 3.744680881500244141e+00 2.587215900421142578e+00 1.050658226013183594e+00 5.861253738403320312e-01 4.391688704490661621e-01
3.314444885253906250e+02 2.767710571289062500e+02 1.103128194808959961e+00 6.387567520141601562e+00 -1.291370391845703125e-01 -5.117690563201904297e-01 -1.357507705688476562e-01 2.205780297517776489e-01 4.155615568161010742e-01
6.717355346679687500e+02 8.587055206298828125e+01 9.651970863342285156e-01 6.115017414093017578e+00 8.308768272399902344e-01 2.447032928466796875e-01 -1.461732387542724609e-01 3.836331963539123535e-01 4.712402224540710449e-01
6.524255371093750000e+02 1.117700290679931641e+01 1.241485476493835449e+00 6.811752796173095703e+00 3.452837467193603516e+00 6.114768981933593750e-01 1.190478801727294922e+00 2.367918193340301514e-01 4.332307577133178711e-01
6.894929199218750000e+02 1.200954055786132812e+01 1.345641851425170898e+00 7.071238517761230469e+00 3.744680881500244141e+00 2.587215900421142578e+00 1.050658226013183594e+00 5.861253738403320312e-01 4.391688704490661621e-01
5.688701782226562500e+02 1.459999084472656250e+01 7.397419214248657227e-01 5.581272602081298828e+00 -1.656403541564941406e+00 -7.176494598388671875e-01 -7.994937896728515625e-01 3.517124056816101074e-01 3.422276377677917480e-01
5.944638061523437500e+02 8.799185943603515625e+01 1.205905437469482422e+00 6.858162879943847656e+00 2.797408103942871094e+00 1.237342357635498047e+00 2.360510826110839844e-01 2.487411946058273315e-01 2.939088940620422363e-01
5.699315795898437500e+02 8.887090682983398438e+00 1.725786685943603516e+00 7.671048641204833984e+00 1.523506641387939453e+00 1.301314830780029297e+00 -1.038312911987304688e-03 4.259292483329772949e-01 5.865787267684936523e-01
5.982176513671875000e+02 1.239120292663574219e+01 1.260007023811340332e+00 7.099524021148681641e+00 -2.418814897537231445e+00 -9.510719776153564453e-01 -1.810655593872070312e+00 3.142481744289398193e-01 4.376267194747924805e-01
6.167788085937500000e+02 1.554352378845214844e+01 1.061141490936279297e+00 6.307480812072753906e+00 2.470200061798095703e+00 7.365202903747558594e-01 6.939077377319335938e-01 2.902156412601470947e-01 5.690923929214477539e-01
3.267309570312500000e+02 2.912036132812500000e+02 5.366519093513488770e-01 5.403759002685546875e+00 1.012637615203857422e+00 3.851914405822753906e-01 1.279783248901367188e-01 5.162079632282257080e-02 3.583700060844421387e-01
6.989670410156250000e+02 1.431003093719482422e+01 9.634357690811157227e-01 6.219818592071533203e+00 3.292751312255859375e-01 4.902839660644531250e-02 -2.956807613372802734e-01 5.421753525733947754e-01 2.379886209964752197e-01
6.675023193359375000e+02 1.398339080810546875e+01 1.269690036773681641e+00 7.007544040679931641e+00 4.745829105377197266e+00 2.398827075958251953e+00 1.263632774353027344e+00 5.016469359397888184e-01 3.659347891807556152e-01
6.585269165039062500e+02 8.102623939514160156e+00 8.615487813949584961e-01 6.043497562408447266e+00 1.745209693908691406e+00 1.084315776824951172e+00 6.172895431518554688e-02 3.786514997482299805e-01 3.278081417083740234e-01
6.167788085937500000e+02 1.554352378845214844e+01 1.061141490936279297e+00 6.307480812072753906e+00 2.470200061798095703e+00 7.365202903747558594e-01 6.939077377319335938e-01 2.902156412601470947e-01 5.690923929214477539e-01
6.291355590820312500e+02 1.979211425781250000e+01 9.674492478370666504e-01 6.288717269897460938e+00 -1.859426498413085938e+00 -1.287498474121093750e+00 -1.491305828094482422e+00 6.182042360305786133e-01 4.727815091609954834e-01
6.259451293945312500e+02 1.128472900390625000e+01 7.772099971771240234e-01 6.225064754486083984e+00 3.296375274658203125e-01 3.170490264892578125e-02 -7.406055927276611328e-01 4.814243018627166748e-01 7.231113910675048828e-01
3.657458496093750000e+01 9.411404418945312500e+01 6.820434331893920898e-01 5.626260280609130859e+00 3.394508361816406250e-01 -1.829135417938232422e-01 -3.943741321563720703e-01 3.824734687805175781e-01 3.605934381484985352e-01
4.436180114746093750e+02 1.323211479187011719e+01 1.549979209899902344e+00 7.708416461944580078e+00 2.674257755279541016e+00 1.029682159423828125e+00 5.481672286987304688e-01 4.603058397769927979e-01 3.686781227588653564e-01
6.122368774414062500e+02 9.432272911071777344e+00 1.073313355445861816e+00 6.231012821197509766e+00 7.554411888122558594e-01 -4.328370094299316406e-02 -2.510857582092285156e-01 6.263398528099060059e-01 8.194056749343872070e-01
6.481091308593750000e+02 4.795045089721679688e+01 8.551770448684692383e-01 5.977393150329589844e+00 6.105494499206542969e-01 8.585548400878906250e-01 -4.539251327514648438e-01 8.326155543327331543e-01 4.966425597667694092e-01
5.988737182617187500e+02 1.061896324157714844e+01 1.070866346359252930e+00 6.005348205566406250e+00 1.444389820098876953e+00 5.781483650207519531e-01 1.523947715759277344e-01 2.663830518722534180e-01 4.796183705329895020e-01
6.494541015625000000e+02 9.990650939941406250e+01 7.952830195426940918e-01 5.976889610290527344e+00 9.840464591979980469e-01 -1.480185985565185547e-01 -2.747929096221923828e-01 5.399447083473205566e-01 3.254116773605346680e-01
6.873895874023437500e+02 5.160210800170898438e+01 1.180517911911010742e+00 6.487768650054931641e+00 1.256821155548095703e+00 8.388304710388183594e-01 -2.895796298980712891e-01 4.146780967712402344e-01 4.742949604988098145e-01
6.502226562500000000e+02 8.296839904785156250e+01 9.280842542648315430e-01 6.038437843322753906e+00 7.663178443908691406e-01 3.481554985046386719e-01 -1.749956607818603516e-01 5.125788450241088867e-01 4.253166615962982178e-01
6.717355346679687500e+02 8.587055206298828125e+01 9.651970863342285156e-01 6.115017414093017578e+00 8.308768272399902344e-01 2.447032928466796875e-01 -1.461732387542724609e-01 3.836331963539123535e-01 4.712402224540710449e-01
6.342247924804687500e+02 2.935530281066894531e+01 1.291723012924194336e+00 6.975569248199462891e+00 3.629245758056640625e+00 2.019886970520019531e+00 1.097049713134765625e+00 5.325624942779541016e-01 4.391096830368041992e-01
6.596484985351562500e+02 1.429579734802246094e+00 1.196433901786804199e+00 6.819444656372070312e+00 -1.422851085662841797e+00 -6.542932987213134766e-01 -1.441866159439086914e+00 2.722209990024566650e-01 4.793588519096374512e-01
9.457327842712402344e+00 7.857581329345703125e+01 6.929808855056762695e-01 5.705613136291503906e+00 -1.241731643676757812e-01 -7.094657421112060547e-01 -3.824305534362792969e-01 2.376933693885803223e-01 3.432095646858215332e-01
6.675023193359375000e+02 1.398339080810546875e+01 1.269690036773681641e+00 7.007544040679931641e+00 4.745829105377197266e+00 2.398827075958251953e+00 1.263632774353027344e+00 5.016469359397888184e-01 3.659347891807556152e-01
6.719665527343750000e+02 5.950318145751953125e+01 1.186216473579406738e+00 6.765789508819580078e+00 3.568553924560546875e+00 1.418440341949462891e+00 7.760500907897949219e-01 3.663582801818847656e-01 3.136583864688873291e-01
5.766114501953125000e+02 8.464540481567382812e+00 1.393537521362304688e+00 6.907032489776611328e+00 4.555058479309082031e-01 5.586814880371093750e-01 -1.721417903900146484e-01 2.816649675369262695e-01 5.043161511421203613e-01
6.325106811523437500e+02 8.584279060363769531e+00 7.992979884147644043e-01 5.971424579620361328e+00 -2.790764570236206055e+00 -7.539212703704833984e-01 -1.932137012481689453e+00 2.538512349128723145e-01 5.399842858314514160e-01
6.890333862304687500e+02 1.029958915710449219e+01 1.218913793563842773e+00 6.668119430541992188e+00 3.844616413116455078e+00 2.380986213684082031e+00 1.437976360321044922e+00 5.334048867225646973e-01 5.014808177947998047e-01
6.167788085937500000e+02 1.554352378845214844e+01 1.061141490936279297e+00 6.307480812072753906e+00 2.470200061798095703e+00 7.365202903747558594e-01 6.939077377319335938e-01 2.902156412601470947e-01 5.690923929214477539e-01
6.277403564453125000e+02 1.335451126098632812e+01 1.173759698867797852e+00 6.653040885925292969e+00 4.383375644683837891e+00 1.603147983551025391e+00 1.262488365173339844e+00 3.870097994804382324e-01 4.377241134643554688e-01
6.663984375000000000e+02 1.246670150756835938e+01 1.255370378494262695e+00 6.547017574310302734e+00 3.020303249359130859e+00 9.837102890014648438e-01 9.881663322448730469e-01 4.073822796344757080e-01 4.066811800003051758e-01
6.325106811523437500e+02 8.584279060363769531e+00 7.992979884147644043e-01 5.971424579620361328e+00 -2.790764570236206055e+00 -7.539212703704833984e-01 -1.932137012481689453e+00 2.538512349128723145e-01 5.399842858314514160e-01
5.730503540039062500e+02 3.066024169921875000e+02 1.584893226623535156e+00 7.425508022308349609e+00 8.807349205017089844e-01 7.406234741210937500e-01 1.976251602172851562e-02 2.655152082443237305e-01 2.375990152359008789e-01
7.121107177734375000e+02 1.278313255310058594e+01 1.160561442375183105e+00 6.835078239440917969e+00 1.809661388397216797e+00 9.118008613586425781e-01 5.015301704406738281e-01 4.188187122344970703e-01 4.120595753192901611e-01
6.291355590820312500e+02 1.979211425781250000e+01 9.674492478370666504e-01 6.288717269897460938e+00 -1.859426498413085938e+00 -1.287498474121093750e+00 -1.491305828094482422e+00 6.182042360305786133e-01 4.727815091609954834e-01
5.893568725585937500e+02 1.961455154418945312e+01 1.150949001312255859e+00 6.759326934814453125e+00 -1.718342304229736328e+00 -9.586942195892333984e-01 -1.768363714218139648e+00 3.336114883422851562e-01 5.383252501487731934e-01
6.491429443359375000e+02 2.611067771911621094e+00 8.955931663513183594e-01 6.214073657989501953e+00 1.186704635620117188e+00 6.533360481262207031e-01 1.860833168029785156e-01 3.518097400665283203e-01 6.791180372238159180e-01
4.300643157958984375e+01 1.786832046508789062e+01 9.415283799171447754e-01 6.143579006195068359e+00 -2.932965755462646484e-01 -6.716847419738769531e-02 -8.055210113525390625e-01 2.113660871982574463e-01 5.478070378303527832e-01
6.760764160156250000e+02 1.005191421508789062e+02 1.138836383819580078e+00 6.605893611907958984e+00 2.368566989898681641e+00 9.075856208801269531e-01 7.808589935302734375e-01 4.597727656364440918e-01 5.453413724899291992e-01
9.110161066055297852e-01 2.098917961120605469e+01 8.537733554840087891e-01 6.084778308868408203e+00 8.793520927429199219e-01 -4.623150825500488281e-01 -2.616071701049804688e-01 4.778466820716857910e-01 4.501809179782867432e-01
6.131820678710937500e+02 5.662230300903320312e+01 1.705169916152954102e+00 7.692137718200683594e+00 2.514815330505371094e+00 1.540548801422119141e+00 6.685256958007812500e-01 4.956597089767456055e-01 6.597027778625488281e-01
5.561157836914062500e+02 3.851069335937500000e+02 1.098363161087036133e+00 6.616446495056152344e+00 -1.978774070739746094e+00 -1.278249025344848633e+00 -8.802270889282226562e-01 3.979542255401611328e-01 3.276561200618743896e-01
6.894929199218750000e+02 1.200954055786132812e+01 1.345641851425170898e+00 7.071238517761230469e+00 3.744680881500244141e+00 2.587215900421142578e+00 1.050658226013183594e+00 5.861253738403320312e-01 4.391688704490661621e-01
6.003204345703125000e+02 6.263066482543945312e+01 1.188654303550720215e+00 6.916854858398437500e+00 -1.892501115798950195e+00 -1.391990184783935547e+00 -1.033082008361816406e+00 5.715681910514831543e-01 3.349033594131469727e-01
5.656099853515625000e+02 1.640216522216796875e+02 1.503174304962158203e+00 7.395982265472412109e+00 4.234135150909423828e+00 6.577777862548828125e-01 6.703710556030273438e-01 2.431450039148330688e-01 2.275090217590332031e-01
6.717355346679687500e+02 8.587055206298828125e+01 9.651970863342285156e-01 6.115017414093017578e+00 8.308768272399902344e-01 2.447032928466796875e-01 -1.461732387542724609e-01 3.836331963539123535e-01 4.712402224540710449e-01
6.502226562500000000e+02 8.296839904785156250e+01 9.280842542648315430e-01 6.038437843322753906e+00 7.663178443908691406e-01 3.481554985046386719e-01 -1.749956607818603516e-01 5.125788450241088867e-01 4.253166615962982178e-01
4.300643157958984375e+01 1.786832046508789062e+01 9.415283799171447754e-01 6.143579006195068359e+00 -2.932965755462646484e-01 -6.716847419738769531e-02 -8.055210113525390625e-01 2.113660871982574463e-01 5.478070378303527832e-01
5.409899902343750000e+02 8.076339721679687500e+01 1.221554040908813477e+00 6.522387504577636719e+00 -3.150573968887329102e+00 -1.806937456130981445e+00 -1.888840198516845703e+00 3.718300163745880127e-01 4.000360965728759766e-01
6.291355590820312500e+02 1.979211425781250000e+01 9.674492478370666504e-01 6.288717269897460938e+00 -1.859426498413085938e+00 -1.287498474121093750e+00 -1.491305828094482422e+00 6.182042360305786133e-01 4.727815091609954834e-01
6.538694458007812500e+02 6.416103839874267578e+00 1.121349096298217773e+00 6.574691772460937500e+00 2.741565704345703125e+00 1.601011753082275391e+00 6.658673286437988281e-01 5.315673351287841797e-01 4.544028937816619873e-01
6.585545654296875000e+02 9.730573272705078125e+01 1.361571788787841797e+00 6.896202087402343750e+00 5.392074584960937500e-01 8.568763732910156250e-01 -4.460394382476806641e-01 7.090011835098266602e-01 5.899698734283447266e-01
5.628567504882812500e+02 5.117714405059814453e+00 1.157123446464538574e+00 6.512527942657470703e+00 -2.126376628875732422e+00 -5.951118469238281250e-01 -1.462352275848388672e+00 3.197629451751708984e-01 4.239120483398437500e-01
7.278218994140625000e+02 8.577745056152343750e+01 1.231514453887939453e+00 6.615017414093017578e+00 6.620860099792480469e-01 1.033072471618652344e+00 -3.287434577941894531e-02 3.587902188301086426e-01 3.776571750640869141e-01
9.457327842712402344e+00 7.857581329345703125e+01 6.929808855056762695e-01 5.705613136291503906e+00 -1.241731643676757812e-01 -7.094657421112060547e-01 -3.824305534362792969e-01 2.376933693885803223e-01 3.432095646858215332e-01
6.509949340820312500e+02 8.637725067138671875e+01 1.111558675765991211e+00 6.479137420654296875e+00 2.208893299102783203e+00 1.511945724487304688e+00 2.259302139282226562e-01 6.157160401344299316e-01 3.861915767192840576e-01
6.990716552734375000e+02 5.366062927246093750e+01 1.459497213363647461e+00 7.053228855133056641e+00 2.878360748291015625e+00 1.180443763732910156e+00 5.794215202331542969e-01 3.630209267139434814e-01 3.230604231357574463e-01
6.577078247070312500e+02 8.481228637695312500e+01 1.016320586204528809e+00 6.106036186218261719e+00 -1.060962677001953125e+00 -3.035557270050048828e-01 -9.582483768463134766e-01 5.113791823387145996e-01 4.693044424057006836e-01
5.899445190429687500e+02 8.440772247314453125e+01 8.988660573959350586e-01 5.993785381317138672e+00 2.162523269653320312e+00 8.630585670471191406e-01 1.990628242492675781e-01 5.147723555564880371e-01 5.549839735031127930e-01
6.611701049804687500e+02 9.745905303955078125e+01 8.978876471519470215e-01 5.947041988372802734e+00 -1.270973682403564453e-01 -2.505660057067871094e-02 -5.356907844543457031e-01 5.590904355049133301e-01 4.012966454029083252e-01
6.333783569335937500e+02 1.412529706954956055e+00 7.755362987518310547e-01 6.042505741119384766e+00 -8.377206325531005859e-01 -6.248879432678222656e-01 -5.334222316741943359e-01 2.811490297317504883e-01 2.992897331714630127e-01
6.225301513671875000e+02 2.193344688415527344e+01 2.794975042343139648e-01 4.988414287567138672e+00 -6.267285346984863281e-01 -2.225375175476074219e-01 -5.805134773254394531e-01 2.654433846473693848e-01 4.068624675273895264e-01
6.070339965820312500e+02 5.351487159729003906e+00 1.366910338401794434e+00 6.650586605072021484e+00 5.973589420318603516e+00 1.566410064697265625e+00 2.551605701446533203e+00 2.624017298221588135e-01 5.547975897789001465e-01
5.666330566406250000e+02 3.015197753906250000e+01 1.264957785606384277e+00 6.806630611419677734e+00 2.291476726531982422e+00 7.338619232177734375e-01 3.956270217895507812e-01 4.176065325736999512e-01 5.795956254005432129e-01
6.397407836914062500e+02 1.534029388427734375e+01 9.496963024139404297e-01 6.290083885192871094e+00 2.263972759246826172e+00 5.295681953430175781e-01 6.485867500305175781e-01 3.313772082328796387e-01 3.932851850986480713e-01
6.335905761718750000e+02 6.437584686279296875e+01 9.931010007858276367e-01 6.422203540802001953e+00 -1.000034809112548828e+00 -5.067217350006103516e-01 -1.121715307235717773e+00 4.328022599220275879e-01 4.442916512489318848e-01
5.510034790039062500e+02 9.631043243408203125e+01 7.839053869247436523e-01 5.762960910797119141e+00 -8.997118473052978516e-01 -5.867922306060791016e-01 -7.236456871032714844e-01 4.990735054016113281e-01 3.914757072925567627e-01
5.845276489257812500e+02 3.405292987823486328e+00 1.155490875244140625e+00 6.736072540283203125e+00 1.046276092529296875e-01 -7.008635997772216797e-01 -5.887234210968017578e-01 5.517845153808593750e-01 3.969601094722747803e-01
6.464119873046875000e+02 9.741995811462402344e+00 8.645701408386230469e-01 6.180038928985595703e+00 -1.228122711181640625e+00 -1.240944862365722656e-01 -1.444207429885864258e+00 1.262161433696746826e-01 6.291621327400207520e-01
6.500062866210937500e+02 7.667468261718750000e+01 8.819517493247985840e-01 6.089111804962158203e+00 8.019638061523437500e-01 -1.992666721343994141e-01 -2.362775802612304688e-01 3.102121055126190186e-01 3.527274727821350098e-01
6.106146850585937500e+02 2.051773262023925781e+01 8.819708228111267090e-01 5.816620826721191406e+00 2.456855773925781250e-01 2.979040145874023438e-01 -2.178812026977539062e-01 5.764006972312927246e-01 3.156474232673645020e-01
2.585573196411132812e+00 1.879141387939453125e+02 5.686336755752563477e-01 5.470247745513916016e+00 -3.861701488494873047e-01 -1.688933372497558594e-01 -3.571832180023193359e-01 3.056775927543640137e-01 4.254570305347442627e-01
6.538694458007812500e+02 6.416103839874267578e+00 1.121349096298217773e+00 6.574691772460937500e+00 2.741565704345703125e+00 1.601011753082275391e+00 6.658673286437988281e-01 5.315673351287841797e-01 4.544028937816619873e-01
6.223792724609375000e+02 6.199269866943359375e+01 1.296305656433105469e+00 7.005609512329101562e+00 2.016973495483398438e-01 1.150584220886230469e-01 -3.467583656311035156e-01 6.108233332633972168e-01 4.226576089859008789e-01
5.580308837890625000e+02 9.507911682128906250e+00 1.171471834182739258e+00 6.521752357482910156e+00 -1.020160913467407227e+00 -8.282482624053955078e-01 -1.128898859024047852e+00 4.689074158668518066e-01 4.523633122444152832e-01
6.403199462890625000e+02 5.873394012451171875e+00 8.778646588325500488e-01 5.962980270385742188e+00 -3.635954856872558594e-01 5.254220962524414062e-01 -8.923065662384033203e-01 3.950897157192230225e-01 4.961616098880767822e-01
3.367355346679687500e+01 1.326206207275390625e+01 9.204897284507751465e-01 6.263411998748779297e+00 1.423418521881103516e+00 -3.835201263427734375e-01 2.502036094665527344e-01 2.325286865234375000e-01 4.324919283390045166e-01
5.751625366210937500e+02 2.133099517822265625e+02 8.264124393463134766e-01 6.175487518310546875e+00 1.279664039611816406e-01 9.933948516845703125e-02 -1.835703849792480469e-02 5.876511931419372559e-01 4.894617199897766113e-01
6.403199462890625000e+02 5.873394012451171875e+00 8.778646588325500488e-01 5.962980270385742188e+00 -3.635954856872558594e-01 5.254220962524414062e-01 -8.923065662384033203e-01 3.950897157192230225e-01 4.961616098880767822e-01
6.081405029296875000e+02 1.018941879272460938e+01 9.109029173851013184e-01 6.639745712280273438e+00 -2.397520542144775391e+00 -8.681380748748779297e-01 -2.311831712722778320e+00 1.614158153533935547e-01 5.611717104911804199e-01
5.710607910156250000e+02 6.405347442626953125e+01 1.511975288391113281e+00 7.177798748016357422e+00 -1.394927501678466797e+00 -1.028693914413452148e+00 -1.131204366683959961e+00 4.193952381610870361e-01 4.123472869396209717e-01
5.394445800781250000e+02 7.367572784423828125e+00 7.786077260971069336e-01 5.981313705444335938e+00 1.273448467254638672e+00 7.242107391357421875e-01 -1.684319972991943359e-01 6.565320491790771484e-01 5.332645177841186523e-01
6.188161621093750000e+02 1.968381805419921875e+02 8.574190735816955566e-01 5.946498870849609375e+00 5.211615562438964844e-01 1.778292655944824219e-01 -3.776097297668457031e-01 1.351764658465981483e-04 3.536219000816345215e-01
6.724994506835937500e+02 3.527001571655273438e+01 1.250312924385070801e+00 6.758395195007324219e+00 -2.547432184219360352e+00 -1.017205715179443359e+00 -1.832180023193359375e+00 2.771873176097869873e-01 4.175946712493896484e-01
6.259451293945312500e+02 1.128472900390625000e+01 7.772099971771240234e-01 6.225064754486083984e+00 3.296375274658203125e-01 3.170490264892578125e-02 -7.406055927276611328e-01 4.814243018627166748e-01 7.231113910675048828e-01
1.086083755493164062e+02 1.238657608032226562e+02 5.643954873085021973e-01 5.414590835571289062e+00 1.560823917388916016e+00 -8.293867111206054688e-02 1.671290397644042969e-01 4.933373332023620605e-01 4.465654492378234863e-01
5.688701782226562500e+02 1.459999084472656250e+01 7.397419214248657227e-01 5.581272602081298828e+00 -1.656403541564941406e+00 -7.176494598388671875e-01 -7.994937896728515625e-01 3.517124056816101074e-01 3.422276377677917480e-01
6.509949340820312500e+02 8.637725067138671875e+01 1.111558675765991211e+00 6.479137420654296875e+00 2.208893299102783203e+00 1.511945724487304688e+00 2.259302139282226562e-01 6.157160401344299316e-01 3.861915767192840576e-01
5.979374389648437500e+02 4.271842041015625000e+02 1.539582967758178711e+00 7.376848697662353516e+00 -2.157233953475952148e+00 -7.450270652770996094e-01 -7.923495769500732422e-01 4.798963367938995361e-01 2.852458655834197998e-01
7.542575683593750000e+02 9.365603637695312500e+01 8.229890465736389160e-01 6.081315040588378906e+00 5.271577835083007812e-01 -4.029595851898193359e-01 -7.899022102355957031e-01 4.082788527011871338e-02 8.124613165855407715e-01
5.779228515625000000e+02 9.909317970275878906e+00 1.471837997436523438e+00 7.168874740600585938e+00 -1.001787185668945312e-01 -3.797149658203125000e-01 -3.797817230224609375e-01 5.793743729591369629e-01 5.027464032173156738e-01
6.291355590820312500e+02 1.979211425781250000e+01 9.674492478370666504e-01 6.288717269897460938e+00 -1.859426498413085938e+00 -1.287498474121093750e+00 -1.491305828094482422e+00 6.182042360305786133e-01 4.727815091609954834e-01
5.488966674804687500e+02 8.039978027343750000e+01 1.318582057952880859e+00 6.952965736389160156e+00 1.770894527435302734e+00 6.972169876098632812e-01 2.951431274414062500e-01 5.100507736206054688e-01 4.619210362434387207e-01
6.277403564453125000e+02 1.335451126098632812e+01 1.173759698867797852e+00 6.653040885925292969e+00 4.383375644683837891e+00 1.603147983551025391e+00 1.262488365173339844e+00 3.870097994804382324e-01 4.377241134643554688e-01
9.110161066055297852e-01 2.098917961120605469e+01 8.537733554840087891e-01 6.084778308868408203e+00 8.793520927429199219e-01 -4.623150825500488281e-01 -2.616071701049804688e-01 4.778466820716857910e-01 4.501809179782867432e-01
6.250775146484375000e+02 1.549782276153564453e+01 1.307985782623291016e+00 6.937221050262451172e+00 3.818955421447753906e+00 1.762948036193847656e+00 1.077456474304199219e+00 4.363855421543121338e-01 3.438063263893127441e-01
6.585269165039062500e+02 8.102623939514160156e+00 8.615487813949584961e-01 6.043497562408447266e+00 1.745209693908691406e+00 1.084315776824951172e+00 6.172895431518554688e-02 3.786514997482299805e-01 3.278081417083740234e-01
5.580308837890625000e+02 9.507911682128906250e+00 1.171471834182739258e+00 6.521752357482910156e+00 -1.020160913467407227e+00 -8.282482624053955078e-01 -1.128898859024047852e+00 4.689074158668518066e-01 4.523633122444152832e-01
6.740353393554687500e+02 3.459334564208984375e+01 6.116548180580139160e-01 5.668781280517578125e+00 -1.005196571350097656e-01 -1.923227310180664062e-01 -6.614971160888671875e-01 3.178042471408843994e-01 4.489661753177642822e-01
5.383951416015625000e+02 7.710250854492187500e+01 8.897927403450012207e-01 6.181476593017578125e+00 2.526140213012695312e-01 -1.238489151000976562e-01 -3.121411800384521484e-01 4.354467391967773438e-01 4.749307632446289062e-01
5.903630981445312500e+02 9.464636802673339844e+00 1.508761048316955566e+00 7.306756019592285156e+00 -4.079719543457031250e+00 -8.401703834533691406e-01 -3.128725290298461914e+00 2.025893926620483398e-01 5.383247733116149902e-01
6.250775146484375000e+02 1.549782276153564453e+01 1.307985782623291016e+00 6.937221050262451172e+00 3.818955421447753906e+00 1.762948036193847656e+00 1.077456474304199219e+00 4.363855421543121338e-01 3.438063263893127441e-01
5.690006713867187500e+02 1.912507476806640625e+02 1.579736709594726562e+00 7.446090698242187500e+00 4.253795146942138672e+00 2.001130580902099609e+00 1.416821479797363281e+00 3.850838840007781982e-01 3.565207421779632568e-01
4.387077941894531250e+02 4.348649978637695312e+01 9.469124674797058105e-01 6.363849639892578125e+00 -7.635021209716796875e-01 -6.919538974761962891e-01 -1.306878328323364258e+00 4.164469242095947266e-01 6.133869886398315430e-01
6.291355590820312500e+02 1.979211425781250000e+01 9.674492478370666504e-01 6.288717269897460938e+00 -1.859426498413085938e+00 -1.287498474121093750e+00 -1.491305828094482422e+00 6.182042360305786133e-01 4.727815091609954834e-01
7.208063964843750000e+02 6.383856964111328125e+01 1.289180755615234375e+00 6.892783641815185547e+00 2.871382236480712891e+00 2.484683990478515625e+00 4.822230339050292969e-01 7.830163240432739258e-01 4.121766984462738037e-01
3.581484985351562500e+02 2.814853515625000000e+02 8.189263939857482910e-01 6.015155315399169922e+00 -2.083539962768554688e-01 1.154923439025878906e-01 -1.391541957855224609e-01 6.107196584343910217e-02 5.558453798294067383e-01
5.476269531250000000e+02 9.367329406738281250e+01 1.265265703201293945e+00 6.885109901428222656e+00 -1.227318048477172852e+00 -1.255398988723754883e+00 -1.945946216583251953e+00 4.783737063407897949e-01 7.734452486038208008e-01
6.167788085937500000e+02 1.554352378845214844e+01 1.061141490936279297e+00 6.307480812072753906e+00 2.470200061798095703e+00 7.365202903747558594e-01 6.939077377319335938e-01 2.902156412601470947e-01 5.690923929214477539e-01
4.333510208129882812e+01 3.603562927246093750e+01 4.085054993629455566e-01 5.195474147796630859e+00 -1.534938812255859375e-02 -4.008364677429199219e-01 -3.182768821716308594e-01 2.760517001152038574e-01 2.113595902919769287e-01
5.887459716796875000e+02 8.260695648193359375e+01 9.116166830062866211e-01 6.073812484741210938e+00 3.465850353240966797e+00 2.876615524291992188e-01 1.372582912445068359e+00 1.387740373611450195e-01 5.111864805221557617e-01
6.814519653320312500e+02 2.212774963378906250e+02 1.305033564567565918e+00 7.131080150604248047e+00 2.482626438140869141e+00 1.628067493438720703e+00 7.278776168823242188e-01 6.935404539108276367e-01 3.580135107040405273e-01
6.780677490234375000e+02 3.488404846191406250e+01 1.332035660743713379e+00 7.147836208343505859e+00 2.337050437927246094e+00 9.157705307006835938e-01 4.862999916076660156e-01 4.656611382961273193e-01 5.292991995811462402e-01
5.134718627929687500e+02 4.216388702392578125e+00 1.290763020515441895e+00 6.875907897949218750e+00 3.315317630767822266e+00 1.168558597564697266e+00 9.932756423950195312e-01 2.864779829978942871e-01 4.988171160221099854e-01
6.397407836914062500e+02 1.534029388427734375e+01 9.496963024139404297e-01 6.290083885192871094e+00 2.263972759246826172e+00 5.295681953430175781e-01 6.485867500305175781e-01 3.313772082328796387e-01 3.932851850986480713e-01
6.740353393554687500e+02 3.459334564208984375e+01 6.116548180580139160e-01 5.668781280517578125e+00 -1.005196571350097656e-01 -1.923227310180664062e-01 -6.614971160888671875e-01 3.178042471408843994e-01 4.489661753177642822e-01
5.893568725585937500e+02 1.961455154418945312e+01 1.150949001312255859e+00 6.759326934814453125e+00 -1.718342304229736328e+00 -9.586942195892333984e-01 -1.768363714218139648e+00 3.336114883422851562e-01 5.383252501487731934e-01
6.167788085937500000e+02 1.554352378845214844e+01 1.061141490936279297e+00 6.307480812072753906e+00 2.470200061798095703e+00 7.365202903747558594e-01 6.939077377319335938e-01 2.902156412601470947e-01 5.690923929214477539e-01
5.345030517578125000e+02 1.679670143127441406e+01 1.022581815719604492e+00 6.309769153594970703e+00 -1.565099954605102539e+00 -1.202939748764038086e+00 -1.492352485656738281e+00 2.569896280765533447e-01 5.906434655189514160e-01
5.376224975585937500e+02 1.469320201873779297e+01 6.945949792861938477e-01 5.728622436523437500e+00 1.368641853332519531e+00 -1.698517799377441406e-01 4.584789276123046875e-03 8.785026073455810547e-01 4.338376224040985107e-01
3.132179450988769531e+01 7.302627563476562500e+01 6.498217582702636719e-01 5.651708126068115234e+00 -1.517283916473388672e-01 -8.106529712677001953e-01 -2.975213527679443359e-01 3.907799720764160156e-01 3.428933620452880859e-01
5.666330566406250000e+02 3.015197753906250000e+01 1.264957785606384277e+00 6.806630611419677734e+00 2.291476726531982422e+00 7.338619232177734375e-01 3.956270217895507812e-01 4.176065325736999512e-01 5.795956254005432129e-01
9.110161066055297852e-01 2.098917961120605469e+01 8.537733554840087891e-01 6.084778308868408203e+00 8.793520927429199219e-01 -4.623150825500488281e-01 -2.616071701049804688e-01 4.778466820716857910e-01 4.501809179782867432e-01
6.272423095703125000e+02 6.202975082397460938e+01 1.225771307945251465e+00 6.777786254882812500e+00 4.002468585968017578e+00 2.827887535095214844e+00 8.156967163085937500e-01 6.632730960845947266e-01 3.078665137290954590e-01
5.879561767578125000e+02 2.564601516723632812e+01 9.343597292900085449e-01 6.308813095092773438e+00 1.319670677185058594e+00 -2.099680900573730469e-01 -1.961767673492431641e-01 3.773045241832733154e-01 5.316224694252014160e-01
9.110161066055297852e-01 2.098917961120605469e+01 8.537733554840087891e-01 6.084778308868408203e+00 8.793520927429199219e-01 -4.623150825500488281e-01 -2.616071701049804688e-01 4.778466820716857910e-01 4.501809179782867432e-01
6.538694458007812500e+02 6.416103839874267578e+00 1.121349096298217773e+00 6.574691772460937500e+00 2.741565704345703125e+00 1.601011753082275391e+00 6.658673286437988281e-01 5.315673351287841797e-01 4.544028937816619873e-01
6.040832519531250000e+02 1.288210010528564453e+01 1.332506179809570312e+00 7.168944358825683594e+00 1.421692371368408203e+00 8.234429359436035156e-01 2.379941940307617188e-01 4.009582996368408203e-01 3.674107193946838379e-01
6.360940551757812500e+02 1.278649520874023438e+01 6.772938370704650879e-01 6.021084308624267578e+00 3.646540641784667969e-01 4.111480712890625000e-01 -4.542672634124755859e-01 2.850988209247589111e-01 4.608227014541625977e-01
5.883295288085937500e+02 1.045281372070312500e+02 1.116209030151367188e+00 6.550307273864746094e+00 1.190164089202880859e+00 2.932286262512207031e-01 6.314277648925781250e-02 2.988953888416290283e-01 3.845914602279663086e-01
5.394445800781250000e+02 7.367572784423828125e+00 7.786077260971069336e-01 5.981313705444335938e+00 1.273448467254638672e+00 7.242107391357421875e-01 -1.684319972991943359e-01 6.565320491790771484e-01 5.332645177841186523e-01
6.538694458007812500e+02 6.416103839874267578e+00 1.121349096298217773e+00 6.574691772460937500e+00 2.741565704345703125e+00 1.601011753082275391e+00 6.658673286437988281e-01 5.315673351287841797e-01 4.544028937816619873e-01
6.167788085937500000e+02 1.554352378845214844e+01 1.061141490936279297e+00 6.307480812072753906e+00 2.470200061798095703e+00 7.365202903747558594e-01 6.939077377319335938e-01 2.902156412601470947e-01 5.690923929214477539e-01
6.416238403320312500e+02 1.321993350982666016e+00 1.291061878204345703e+00 6.807877063751220703e+00 2.428827285766601562e+00 9.583473205566406250e-01 9.020924568176269531e-01 4.213324487209320068e-01 4.743974208831787109e-01
5.622146606445312500e+02 4.533341884613037109e+00 9.331145882606506348e-01 6.220771789550781250e+00 -9.190785884857177734e-01 -4.098486900329589844e-01 -7.555842399597167969e-01 4.947507977485656738e-01 3.060209453105926514e-01
6.596484985351562500e+02 1.429579734802246094e+00 1.196433901786804199e+00 6.819444656372070312e+00 -1.422851085662841797e+00 -6.542932987213134766e-01 -1.441866159439086914e+00 2.722209990024566650e-01 4.793588519096374512e-01
6.371055908203125000e+02 1.584825325012207031e+01 1.049465537071228027e+00 6.243949890136718750e+00 2.281117439270019531e+00 1.195039749145507812e+00 5.031275749206542969e-01 4.141333997249603271e-01 4.909904599189758301e-01
6.436701049804687500e+02 1.260492992401123047e+01 1.351936101913452148e+00 7.044534206390380859e+00 6.344652175903320312e+00 1.154685020446777344e+00 3.448643684387207031e+00 1.647459864616394043e-01 6.994091868400573730e-01
5.580308837890625000e+02 9.507911682128906250e+00 1.171471834182739258e+00 6.521752357482910156e+00 -1.020160913467407227e+00 -8.282482624053955078e-01 -1.128898859024047852e+00 4.689074158668518066e-01 4.523633122444152832e-01
6.291355590820312500e+02 1.979211425781250000e+01 9.674492478370666504e-01 6.288717269897460938e+00 -1.859426498413085938e+00 -1.287498474121093750e+00 -1.491305828094482422e+00 6.182042360305786133e-01 4.727815091609954834e-01
5.935800170898437500e+02 2.248188018798828125e+01 1.387372255325317383e+00 6.802911758422851562e+00 -9.428238868713378906e-01 -8.695244789123535156e-01 -1.322374343872070312e+00 6.832578778266906738e-01 4.969391226768493652e-01
6.509949340820312500e+02 8.637725067138671875e+01 1.111558675765991211e+00 6.479137420654296875e+00 2.208893299102783203e+00 1.511945724487304688e+00 2.259302139282226562e-01 6.157160401344299316e-01 3.861915767192840576e-01
