5.674459228515625000e+02 3.425688266754150391e+00 1.233526897430419922e+01 4.464299678802490234e+00 4.219143390655517578e+00 7.768306732177734375e-01
5.491806030273437500e+02 1.068901658058166504e+00 7.390558242797851562e+00 -1.152559518814086914e+00 -2.664697170257568359e-01 7.501491904258728027e-01
5.803933715820312500e+02 1.578406929969787598e+00 8.556694984436035156e+00 -5.065284729003906250e+00 -2.668968439102172852e+00 5.992652773857116699e-01
6.041425781250000000e+02 1.738417863845825195e+00 9.204698562622070312e+00 1.105582714080810547e+00 1.442797183990478516e+00 7.291526794433593750e-01
5.809252929687500000e+02 1.076904654502868652e+00 7.946325778961181641e+00 1.472721099853515625e+00 1.641149520874023438e+00 7.475200891494750977e-01
5.871815185546875000e+02 1.535359978675842285e+00 8.508819580078125000e+00 -4.214478492736816406e+00 -3.360390663146972656e+00 9.605823755264282227e-01
5.698347778320312500e+02 1.914948701858520508e+00 9.404724121093750000e+00 1.199209690093994141e+00 1.812379360198974609e+00 8.844798803329467773e-01
5.717717895507812500e+02 6.498478055000305176e-01 7.162781238555908203e+00 -9.055256843566894531e-02 4.016661643981933594e-01 7.123857140541076660e-01
4.882947387695312500e+02 3.610238552093505859e+00 1.245834159851074219e+01 8.461845397949218750e+00 5.110204219818115234e+00 5.782563686370849609e-01
5.828421020507812500e+02 2.847051143646240234e+00 1.122969532012939453e+01 -8.071227073669433594e+00 -6.803068161010742188e+00 8.955376744270324707e-01
5.303110351562500000e+02 3.545608520507812500e+00 1.282899093627929688e+01 1.942599868774414062e+01 1.867383766174316406e+01 9.096796512603759766e-01
5.598150024414062500e+02 1.677936553955078125e+00 8.739669799804687500e+00 6.502151489257812500e+00 4.486358165740966797e+00 6.184370517730712891e-01
5.155852050781250000e+02 2.724482059478759766e+00 1.120775318145751953e+01 -7.415985107421875000e+00 -5.567300319671630859e+00 8.254825472831726074e-01
5.749701538085937500e+02 1.367157936096191406e+00 7.935683250427246094e+00 3.317830562591552734e+00 3.423986434936523438e+00 8.511637449264526367e-01
5.764090576171875000e+02 1.252292156219482422e+00 7.860548973083496094e+00 2.890098094940185547e+00 3.101909160614013672e+00 8.548288941383361816e-01
5.573967285156250000e+02 9.083650112152099609e-01 7.159010887145996094e+00 1.278393268585205078e+00 1.658546924591064453e+00 7.945171594619750977e-01
5.287047729492187500e+02 3.676820755004882812e+00 1.295259380340576172e+01 1.959880638122558594e+01 1.856323051452636719e+01 9.014388322830200195e-01
5.890737304687500000e+02 3.494204998016357422e+00 1.209793376922607422e+01 7.121567726135253906e+00 4.747390747070312500e+00 5.838866233825683594e-01
5.620157470703125000e+02 1.024594426155090332e+00 7.546504497528076172e+00 1.610615253448486328e+00 1.994349956512451172e+00 8.136068582534790039e-01
5.871691894531250000e+02 3.609320878982543945e+00 1.304560184478759766e+01 1.712175750732421875e+01 1.609311866760253906e+01 8.992282152175903320e-01
5.738352050781250000e+02 1.433067321777343750e+00 8.794765472412109375e+00 5.542204380035400391e+00 6.773946285247802734e+00 1.072353959083557129e+00
4.973363037109375000e+02 1.465964794158935547e+00 8.209976196289062500e+00 -2.440458536148071289e+00 -1.478052139282226562e+00 7.459561824798583984e-01
5.935787963867187500e+02 1.647469162940979004e+00 8.867105484008789062e+00 6.021404266357421875e+00 5.898261070251464844e+00 8.503876924514770508e-01
5.881525268554687500e+02 3.526796102523803711e+00 1.261318302154541016e+01 3.475341796875000000e+00 2.868423461914062500e+00 6.806910037994384766e-01
5.208031616210937500e+02 3.495395660400390625e+00 1.297516059875488281e+01 1.971659851074218750e+01 1.998041152954101562e+01 9.615126848220825195e-01
5.501383056640625000e+02 1.800322532653808594e+00 9.050140380859375000e+00 5.794453620910644531e+00 5.032181739807128906e+00 7.931897640228271484e-01
5.038666687011718750e+02 1.792979001998901367e+00 8.935006141662597656e+00 -9.130147933959960938e+00 -5.469573974609375000e+00 6.834882497787475586e-01
5.933245239257812500e+02 1.178209900856018066e+00 7.590123653411865234e+00 2.507889270782470703e+00 2.529947757720947266e+00 7.704153656959533691e-01
5.874092407226562500e+02 2.430362701416015625e+00 1.068722724914550781e+01 1.528083038330078125e+01 1.531382560729980469e+01 9.619977474212646484e-01
5.669011840820312500e+02 3.853373289108276367e+00 1.343411159515380859e+01 -6.763697624206542969e+00 -4.453419685363769531e+00 7.310935258865356445e-01
5.597517700195312500e+02 1.797398209571838379e+00 9.135033607482910156e+00 -1.698857545852661133e+00 -7.780134677886962891e-01 9.350346922874450684e-01
5.237388916015625000e+02 1.928879737854003906e+00 9.102793693542480469e+00 -1.249856948852539062e+00 -2.695846557617187500e-01 9.028055667877197266e-01
5.441162109375000000e+02 9.976167678833007812e-01 7.400363445281982422e+00 1.373629570007324219e+00 1.239659786224365234e+00 6.917273402214050293e-01
5.826815185546875000e+02 3.259834051132202148e+00 1.238731002807617188e+01 4.677801132202148438e+00 4.487087726593017578e+00 7.761331796646118164e-01
5.831602783203125000e+02 9.913446903228759766e-01 7.538309097290039062e+00 2.671337127685546875e+00 3.039495944976806641e+00 8.940227031707763672e-01
5.820616455078125000e+02 1.978852510452270508e+00 9.441997528076171875e+00 9.402513504028320312e-01 1.975085735321044922e+00 1.140297412872314453e+00
5.044009704589843750e+02 1.552966713905334473e+00 8.363811492919921875e+00 -2.525078058242797852e+00 -2.140736579895019531e+00 9.025559425354003906e-01
5.559249877929687500e+02 2.165188074111938477e+00 9.716518402099609375e+00 -4.411344528198242188e+00 -2.920132875442504883e+00 7.079077959060668945e-01
5.759951782226562500e+02 2.859949111938476562e+00 1.088679599761962891e+01 -7.175902366638183594e+00 -6.481494903564453125e+00 1.077116131782531738e+00
5.191694946289062500e+02 1.927836537361145020e+00 9.239692687988281250e+00 3.661727905273437500e-01 6.254029273986816406e-01 8.232843279838562012e-01
5.332359008789062500e+02 3.806518316268920898e+00 1.290028190612792969e+01 1.800391960144042969e+01 1.764306640625000000e+01 9.316272735595703125e-01
5.169052124023437500e+02 3.563025951385498047e+00 1.254034328460693359e+01 1.797528457641601562e+01 1.672469329833984375e+01 8.843061327934265137e-01
5.853813476562500000e+02 1.225534796714782715e+00 7.956511497497558594e+00 3.025927543640136719e+00 2.807426452636718750e+00 7.632518410682678223e-01
5.910311889648437500e+02 1.515348196029663086e+00 8.766721725463867188e+00 -4.121286869049072266e+00 -2.712448835372924805e+00 8.435968160629272461e-01
5.524965820312500000e+02 3.730204820632934570e+00 1.309377384185791016e+01 1.996528816223144531e+01 1.898691177368164062e+01 9.034322500228881836e-01
5.498309326171875000e+02 1.339923501014709473e+00 8.061941146850585938e+00 -4.904034137725830078e+00 -3.912006616592407227e+00 1.039901852607727051e+00
5.861111450195312500e+02 2.680213928222656250e+00 1.058017730712890625e+01 -7.082506179809570312e+00 -3.848063945770263672e+00 5.910952091217041016e-01
5.274266967773437500e+02 3.673451900482177734e+00 1.279103851318359375e+01 1.885606384277343750e+01 1.752030372619628906e+01 9.016551971435546875e-01
5.073533020019531250e+02 2.836404323577880859e+00 1.156329727172851562e+01 -1.048997640609741211e+00 -2.234804630279541016e-01 6.574370861053466797e-01
5.120002441406250000e+02 1.738129615783691406e+00 9.459197998046875000e+00 -9.234559535980224609e-01 -2.065443992614746094e-01 1.192612886428833008e+00
5.345166015625000000e+02 1.186297297477722168e+00 7.867052555084228516e+00 4.928855895996093750e+00 4.283456802368164062e+00 7.587640285491943359e-01
5.842810058593750000e+02 1.457199692726135254e+00 8.766786575317382812e+00 -1.633850336074829102e+00 -5.368506908416748047e-01 9.699053764343261719e-01
5.843420410156250000e+02 9.453682303428649902e-01 7.279769897460937500e+00 2.192277908325195312e+00 2.768275737762451172e+00 8.640439510345458984e-01
5.419981689453125000e+02 3.054657578468322754e-01 6.171014785766601562e+00 -1.299873590469360352e+00 -6.744122505187988281e-01 1.110568404197692871e+00
5.118515014648437500e+02 3.655913829803466797e+00 1.309575748443603516e+01 1.950908660888671875e+01 1.860894012451171875e+01 9.129386544227600098e-01
5.816143798828125000e+02 1.203910112380981445e+00 7.745227813720703125e+00 4.241447448730468750e+00 4.672091007232666016e+00 9.429754018783569336e-01
5.721806640625000000e+02 2.677718877792358398e+00 1.089408302307128906e+01 5.964190959930419922e+00 5.542707443237304688e+00 8.621397614479064941e-01
5.836262207031250000e+02 2.404755830764770508e+00 1.009794998168945312e+01 -5.318217277526855469e+00 -3.057730197906494141e+00 6.669681072235107422e-01
5.799505004882812500e+02 1.918513536453247070e+00 9.227219581604003906e+00 -2.574472427368164062e+00 -1.132794618606567383e+00 8.466002941131591797e-01
5.901196289062500000e+02 3.339620113372802734e+00 1.225642013549804688e+01 -7.726764678955078125e-01 4.654169082641601562e-02 8.893818855285644531e-01
5.170617065429687500e+02 3.544157505035400391e+00 1.316584777832031250e+01 1.793054771423339844e+01 1.889677047729492188e+01 1.020258545875549316e+00
5.894046020507812500e+02 3.372401237487792969e+00 1.224115657806396484e+01 -5.835131645202636719e+00 -4.412425994873046875e+00 8.741737604141235352e-01
5.386042480468750000e+02 1.371283531188964844e+00 8.044698715209960938e+00 -2.732539176940917969e+00 -1.373758316040039062e+00 6.534042358398437500e-01
5.974849853515625000e+02 1.099011421203613281e+00 7.665010929107666016e+00 5.001554489135742188e+00 3.939783573150634766e+00 6.981866359710693359e-01
5.895563354492187500e+02 2.825793981552124023e+00 1.130148315429687500e+01 -5.891666412353515625e+00 -5.195462703704833984e+00 1.020119547843933105e+00
5.040376281738281250e+02 2.237698078155517578e+00 1.006435775756835938e+01 7.272684574127197266e+00 8.486237525939941406e+00 1.107873439788818359e+00
5.894810180664062500e+02 2.425442218780517578e+00 1.040880298614501953e+01 4.408454895019531250e-01 1.848764419555664062e+00 1.157729983329772949e+00
5.528802490234375000e+02 1.887752890586853027e+00 8.997092247009277344e+00 -8.368670940399169922e-01 -5.092990398406982422e-01 7.466605901718139648e-01
5.265673217773437500e+02 1.491146445274353027e+00 7.989263534545898438e+00 4.659376144409179688e+00 4.746773242950439453e+00 8.724837899208068848e-01
5.826049194335937500e+02 2.621771335601806641e+00 1.060417366027832031e+01 -4.290277957916259766e+00 -3.183344602584838867e+00 9.432239532470703125e-01
5.869746093750000000e+02 1.072686076164245605e+00 7.348471641540527344e+00 2.774055004119873047e+00 2.573499679565429688e+00 7.404687404632568359e-01
5.747875976562500000e+02 2.826383709907531738e-01 6.249030113220214844e+00 7.390260696411132812e-01 1.370351314544677734e+00 1.017598271369934082e+00
5.554890747070312500e+02 1.764040470123291016e+00 9.103508949279785156e+00 6.671929359436035156e-01 1.730568408966064453e+00 1.153081893920898438e+00
5.800169677734375000e+02 3.085700511932373047e+00 1.208883476257324219e+01 -4.349046707153320312e+00 -4.239077568054199219e+00 1.204445242881774902e+00
5.687240600585937500e+02 2.593665122985839844e+00 1.109033393859863281e+01 -3.767184019088745117e+00 -2.021237611770629883e+00 7.418545484542846680e-01
5.536069335937500000e+02 2.046542882919311523e+00 9.664936065673828125e+00 1.910603046417236328e+00 3.265409469604492188e+00 1.132931709289550781e+00
5.730944824218750000e+02 1.272413372993469238e+00 7.985358715057373047e+00 3.141436576843261719e+00 3.339419364929199219e+00 8.537369370460510254e-01
5.630449218750000000e+02 2.765055179595947266e+00 1.145682621002197266e+01 -3.504754304885864258e+00 -2.820788621902465820e+00 9.619657993316650391e-01
5.756508178710937500e+02 1.256525754928588867e+00 7.874639987945556641e+00 3.818118572235107422e+00 3.199286460876464844e+00 7.909274697303771973e-01
5.921339721679687500e+02 2.997026920318603516e+00 1.141638851165771484e+01 -7.398475646972656250e+00 -5.614848136901855469e+00 8.535776138305664062e-01
5.441311645507812500e+02 1.378897786140441895e+00 8.892063140869140625e+00 6.948666572570800781e+00 5.611042976379394531e+00 7.623665928840637207e-01
5.622858276367187500e+02 1.207682371139526367e+00 7.822761535644531250e+00 2.380084991455078125e+00 2.548155784606933594e+00 7.401391863822937012e-01
5.296276245117187500e+02 1.726887226104736328e+00 9.415966033935546875e+00 -1.722892522811889648e+00 -9.858071804046630859e-01 9.940389394760131836e-01
5.841474609375000000e+02 8.710801601409912109e-01 7.106916904449462891e+00 3.428158760070800781e+00 4.283390045166015625e+00 9.539055824279785156e-01
5.266763916015625000e+02 1.822697877883911133e+00 9.118547439575195312e+00 4.407167434692382812e-01 6.697797775268554688e-01 6.269636154174804688e-01
5.808388671875000000e+02 1.105493783950805664e+00 7.712814807891845703e+00 3.276040554046630859e+00 3.217167854309082031e+00 7.731536030769348145e-01
5.596777954101562500e+02 1.708505511283874512e+00 9.010418891906738281e+00 -3.278037309646606445e+00 -2.171093225479125977e+00 8.273762464523315430e-01
5.775282592773437500e+02 1.624880671501159668e+00 8.677402496337890625e+00 6.945030689239501953e+00 5.796802043914794922e+00 7.465336322784423828e-01
5.739775390625000000e+02 9.154285192489624023e-01 7.221207618713378906e+00 3.320193290710449219e-01 7.661104202270507812e-01 8.089473843574523926e-01
5.767178955078125000e+02 3.026167154312133789e-01 6.014760494232177734e+00 1.211972236633300781e+00 1.104235649108886719e+00 6.470280885696411133e-01
5.878448486328125000e+02 3.874302387237548828e+00 1.323569774627685547e+01 5.336630344390869141e+00 5.217070579528808594e+00 8.715924024581909180e-01
5.889696044921875000e+02 1.349726080894470215e+00 8.510570526123046875e+00 2.231478691101074219e+00 2.975335121154785156e+00 9.963038563728332520e-01
5.832764892578125000e+02 2.934360027313232422e+00 1.120929241180419922e+01 -9.172495841979980469e+00 -6.040102005004882812e+00 6.998180747032165527e-01
5.288016967773437500e+02 2.560882568359375000e+00 1.031381607055664062e+01 4.967012405395507812e+00 4.963676929473876953e+00 8.187882900238037109e-01
5.733564453125000000e+02 1.917551875114440918e+00 9.370773315429687500e+00 6.842901706695556641e+00 6.802387237548828125e+00 9.067482352256774902e-01
5.446483764648437500e+02 1.511539816856384277e+00 8.611751556396484375e+00 -3.763642311096191406e+00 -1.800478696823120117e+00 6.956875920295715332e-01
5.734069824218750000e+02 2.571933746337890625e+00 1.080321502685546875e+01 1.617674827575683594e+01 1.300908565521240234e+01 7.800598144531250000e-01
5.718140869140625000e+02 1.041166901588439941e+00 7.471234321594238281e+00 1.605324745178222656e+00 2.428731918334960938e+00 8.900490999221801758e-01
4.630467834472656250e+02 2.179262876510620117e+00 9.798900604248046875e+00 -6.854295730590820312e-02 5.264306068420410156e-01 7.355057597160339355e-01
5.608970947265625000e+02 1.986577987670898438e+00 8.992628097534179688e+00 -1.344013214111328125e+00 -5.191314220428466797e-01 9.953858852386474609e-01
5.071455078125000000e+02 1.174174785614013672e+00 7.967856884002685547e+00 2.257106304168701172e+00 2.412121295928955078e+00 7.971941232681274414e-01
5.913584594726562500e+02 1.274161458015441895e+00 7.735844612121582031e+00 3.647825717926025391e+00 3.150455951690673828e+00 7.344406247138977051e-01
4.697432556152343750e+02 3.400020599365234375e+00 1.237618541717529297e+01 3.250610828399658203e+00 3.496165275573730469e+00 8.312888145446777344e-01
5.316234130859375000e+02 3.752919912338256836e+00 1.301391315460205078e+01 1.998684120178222656e+01 1.967396545410156250e+01 9.478809833526611328e-01
5.650025634765625000e+02 1.700248956680297852e+00 9.151472091674804688e+00 7.288897037506103516e+00 4.644918441772460938e+00 5.583595633506774902e-01
5.721646118164062500e+02 1.724674582481384277e+00 8.527547836303710938e+00 -1.136303806304931641e+01 -1.190312480926513672e+01 1.158693552017211914e+00
5.468873291015625000e+02 3.672144412994384766e+00 1.305050277709960938e+01 1.956924247741699219e+01 1.813525390625000000e+01 8.841387033462524414e-01
5.280047607421875000e+02 3.595929622650146484e+00 1.257089424133300781e+01 1.906662178039550781e+01 1.997383499145507812e+01 1.017951250076293945e+00
5.708251342773437500e+02 1.553915500640869141e+00 8.937584877014160156e+00 6.248915195465087891e+00 6.354084014892578125e+00 8.917640447616577148e-01
5.868295288085937500e+02 2.111003398895263672e+00 9.456344604492187500e+00 -6.671125888824462891e+00 -4.915567398071289062e+00 8.701090812683105469e-01
5.651922607421875000e+02 1.260843038558959961e+00 8.345016479492187500e+00 -7.195234298706054688e-01 1.757764816284179688e-01 1.134639024734497070e+00
5.168871459960937500e+02 9.019849300384521484e-01 7.417087554931640625e+00 4.034886360168457031e+00 3.734419345855712891e+00 8.206986784934997559e-01
5.424034423828125000e+02 1.118451356887817383e+00 7.283229351043701172e+00 3.292887210845947266e+00 3.826665878295898438e+00 9.312698841094970703e-01
5.822238769531250000e+02 3.318517208099365234e+00 1.209077644348144531e+01 4.850251674652099609e+00 4.105699062347412109e+00 7.720437049865722656e-01
5.650764770507812500e+02 1.638974070549011230e+00 8.549249649047851562e+00 4.490854740142822266e+00 5.078024864196777344e+00 1.012121558189392090e+00
5.947047729492187500e+02 1.560442566871643066e+00 8.578566551208496094e+00 -4.463032722473144531e+00 -2.471064329147338867e+00 6.777023673057556152e-01
5.476434936523437500e+02 2.152313470840454102e+00 9.914772033691406250e+00 -1.044741868972778320e+00 -1.491308212280273438e-03 1.116142511367797852e+00
5.821992187500000000e+02 1.141201138496398926e+00 8.057920455932617188e+00 3.848159313201904297e+00 4.266037940979003906e+00 8.658680319786071777e-01
5.534799804687500000e+02 8.171936869621276855e-01 7.149003982543945312e+00 6.289362907409667969e-01 1.282105445861816406e+00 9.246517419815063477e-01
5.525952148437500000e+02 1.728164315223693848e+00 9.239023208618164062e+00 6.560719013214111328e+00 5.659458637237548828e+00 7.747545242309570312e-01
5.379578857421875000e+02 1.714704632759094238e+00 8.679958343505859375e+00 4.585425853729248047e+00 5.868508815765380859e+00 1.047285079956054688e+00
5.479132080078125000e+02 1.018590927124023438e+00 7.786816120147705078e+00 -5.014312267303466797e-01 5.370616912841796875e-02 5.158151984214782715e-01
5.945444335937500000e+02 2.821471214294433594e+00 1.103729820251464844e+01 1.614285659790039062e+01 1.240143775939941406e+01 7.347251176834106445e-01
5.714187011718750000e+02 3.051429271697998047e+00 1.179964447021484375e+01 5.879540443420410156e+00 5.324063301086425781e+00 7.841628789901733398e-01
4.920131835937500000e+02 1.243864655494689941e+00 7.985949993133544922e+00 -1.295396089553833008e+00 -6.247448921203613281e-01 9.055888056755065918e-01
5.340109863281250000e+02 2.439732074737548828e+00 1.049379730224609375e+01 1.631126594543457031e+01 1.663050460815429688e+01 9.742879271507263184e-01
5.630854492187500000e+02 2.650600910186767578e+00 1.092655754089355469e+01 2.057771682739257812e+00 2.483811378479003906e+00 8.569154739379882812e-01
5.319782714843750000e+02 2.577199697494506836e+00 1.061798763275146484e+01 3.629555702209472656e+00 6.670353412628173828e+00 1.369969248771667480e+00
5.796099853515625000e+02 9.202648997306823730e-01 7.334725379943847656e+00 2.037825584411621094e+00 2.001721858978271484e+00 6.956154704093933105e-01
5.789033813476562500e+02 9.739317893981933594e-01 7.841326713562011719e+00 -2.722389698028564453e+00 -1.488721370697021484e+00 8.404477834701538086e-01
5.592344360351562500e+02 8.024141788482666016e-01 7.142878055572509766e+00 9.811806678771972656e-01 1.565124988555908203e+00 9.197497963905334473e-01
5.148447875976562500e+02 3.553673982620239258e+00 1.328619480133056641e+01 1.857850837707519531e+01 1.953657531738281250e+01 1.012489914894104004e+00
5.806008300781250000e+02 2.643684148788452148e+00 1.085070991516113281e+01 -8.398992538452148438e+00 -6.613426208496093750e+00 9.059873223304748535e-01
5.873213500976562500e+02 3.103138446807861328e+00 1.185919284820556641e+01 -8.470349311828613281e+00 -7.644409179687500000e+00 9.738308191299438477e-01
5.325939941406250000e+02 9.664638042449951172e-01 7.344434261322021484e+00 2.353157997131347656e+00 2.900023460388183594e+00 9.172337055206298828e-01
5.501542968750000000e+02 9.700368642807006836e-01 8.118545532226562500e+00 -6.152963638305664062e-01 -6.771087646484375000e-03 8.792739510536193848e-01
5.772410888671875000e+02 1.178389072418212891e+00 8.405284881591796875e+00 -8.725202083587646484e-01 -2.098393440246582031e-01 6.288813352584838867e-01
5.980903320312500000e+02 1.813761115074157715e+00 9.022563934326171875e+00 4.917359352111816406e-01 9.134125709533691406e-01 7.693389058113098145e-01
5.869906616210937500e+02 1.442841649055480957e+00 8.369822502136230469e+00 3.950059413909912109e+00 3.893170356750488281e+00 8.775006532669067383e-01
5.618158569335937500e+02 1.838603377342224121e+00 9.069265365600585938e+00 6.758973598480224609e+00 5.385665893554687500e+00 7.380089759826660156e-01
5.224349975585937500e+02 3.659061193466186523e+00 1.258744907379150391e+01 -9.801303863525390625e+00 -5.591901779174804688e+00 6.186454892158508301e-01
5.668375244140625000e+02 3.585662364959716797e+00 1.297436141967773438e+01 1.700722694396972656e+01 1.313777923583984375e+01 7.359781265258789062e-01
5.538745117187500000e+02 3.671067476272583008e+00 1.300431060791015625e+01 1.936752128601074219e+01 1.653024291992187500e+01 8.128008246421813965e-01
5.787805786132812500e+02 1.768740057945251465e+00 9.424448966979980469e+00 5.216979980468750000e+00 6.594429016113281250e+00 1.076079010963439941e+00
5.563128051757812500e+02 1.546161770820617676e+00 8.813550949096679688e+00 -3.575961589813232422e+00 -2.981945276260375977e+00 9.813744425773620605e-01
5.662778930664062500e+02 3.875473499298095703e+00 1.378784656524658203e+01 -1.817169570922851562e+01 -1.405895328521728516e+01 8.103791475296020508e-01
5.695307006835937500e+02 2.591288805007934570e+00 1.069498252868652344e+01 1.687166023254394531e+01 1.665619850158691406e+01 9.511269330978393555e-01
5.552332153320312500e+02 2.567236900329589844e+00 1.062347030639648438e+01 1.607442665100097656e+01 1.273491382598876953e+01 7.682412862777709961e-01
5.396770019531250000e+02 1.732584953308105469e+00 9.155088424682617188e+00 -1.477032899856567383e+00 -6.857132911682128906e-01 7.981415987014770508e-01
5.430970458984375000e+02 3.750432014465332031e+00 1.307193851470947266e+01 1.892104339599609375e+01 1.797145462036132812e+01 9.106243848800659180e-01
5.762764892578125000e+02 1.968013525009155273e+00 9.463788032531738281e+00 5.135703086853027344e+00 6.396696567535400391e+00 1.063201308250427246e+00
5.161375732421875000e+02 1.465554594993591309e+00 8.315752029418945312e+00 -3.609199523925781250e+00 -1.563975811004638672e+00 5.218989253044128418e-01
4.702759399414062500e+02 3.576619148254394531e+00 1.274025249481201172e+01 8.069612503051757812e+00 5.176742076873779297e+00 6.045477390289306641e-01
5.297604980468750000e+02 1.003790140151977539e+00 7.189856052398681641e+00 8.946847915649414062e-01 1.219465732574462891e+00 8.575835227966308594e-01
5.691389160156250000e+02 2.926958084106445312e+00 1.158015632629394531e+01 -2.304148674011230469e-01 3.535938262939453125e-01 1.193738460540771484e+00
4.830633239746093750e+02 1.819278955459594727e+00 9.035079002380371094e+00 5.333940982818603516e+00 4.865241050720214844e+00 7.901936173439025879e-01
5.729174804687500000e+02 2.950161933898925781e+00 1.094507980346679688e+01 -7.595519065856933594e+00 -5.781521797180175781e+00 8.668521642684936523e-01
5.877887573242187500e+02 1.136428952217102051e+00 7.584085464477539062e+00 8.769989013671875000e-02 5.505132675170898438e-01 6.408845782279968262e-01
5.368167724609375000e+02 1.815492033958435059e+00 9.321893692016601562e+00 7.048764228820800781e+00 7.649068832397460938e+00 1.000855088233947754e+00
5.757397460937500000e+02 1.791355729103088379e+00 8.890595436096191406e+00 -1.928762197494506836e+00 -7.330596446990966797e-01 5.284062623977661133e-01
5.956975708007812500e+02 2.793799161911010742e+00 1.085709953308105469e+01 -6.688479423522949219e+00 -3.993194103240966797e+00 6.336286664009094238e-01
5.713479614257812500e+02 1.094978809356689453e+00 7.768809318542480469e+00 1.925508975982666016e+00 2.344188690185546875e+00 8.664563298225402832e-01
5.520546264648437500e+02 1.702255964279174805e+00 8.882947921752929688e+00 -7.201445102691650391e-01 -1.332283020019531250e-01 8.491064310073852539e-01
5.469851684570312500e+02 1.822989702224731445e+00 9.098192214965820312e+00 2.153120040893554688e+00 1.617088317871093750e+00 7.111330032348632812e-01
5.624058837890625000e+02 1.306705594062805176e+00 8.146837234497070312e+00 2.723994255065917969e+00 3.818624019622802734e+00 9.813919067382812500e-01
5.412179565429687500e+02 1.071158647537231445e+00 7.725923061370849609e+00 1.548247337341308594e+00 3.643746376037597656e+00 1.392523288726806641e+00
5.484744262695312500e+02 2.695088148117065430e+00 1.099871444702148438e+01 3.462862968444824219e+00 2.556200027465820312e+00 6.894725561141967773e-01
5.378450317382812500e+02 2.112185001373291016e+00 9.458041191101074219e+00 -1.939728260040283203e+00 -1.263413429260253906e+00 1.013902544975280762e+00
5.860050659179687500e+02 2.081374406814575195e+00 8.933775901794433594e+00 7.724688053131103516e+00 5.364086627960205078e+00 6.376168131828308105e-01
5.466381225585937500e+02 1.241452097892761230e+00 8.213697433471679688e+00 1.002621650695800781e-01 5.975556373596191406e-01 7.278887033462524414e-01
5.251255493164062500e+02 1.540809512138366699e+00 8.632116317749023438e+00 4.581069946289062500e-01 9.992837905883789062e-01 8.308061361312866211e-01
5.792440185546875000e+02 1.171504735946655273e+00 8.028524398803710938e+00 7.340803146362304688e+00 5.842397212982177734e+00 7.107324600219726562e-01
5.753115844726562500e+02 1.009722113609313965e+00 7.293883800506591797e+00 1.845717430114746094e-01 1.307752132415771484e+00 1.033437609672546387e+00
5.246596069335937500e+02 2.060655593872070312e+00 9.704306602478027344e+00 -2.063715457916259766e+00 -8.392238616943359375e-01 6.017256379127502441e-01
5.748343505859375000e+02 3.359160900115966797e+00 1.269437026977539062e+01 4.374094009399414062e+00 5.896139144897460938e+00 1.074652671813964844e+00
5.942955322265625000e+02 3.494131803512573242e+00 1.294890880584716797e+01 1.890621376037597656e+01 1.775974273681640625e+01 8.975644111633300781e-01
5.400200195312500000e+02 1.415993809700012207e+00 8.053019523620605469e+00 1.925394535064697266e+00 2.284016609191894531e+00 8.099511861801147461e-01
5.467131958007812500e+02 3.540653467178344727e+00 1.301699447631835938e+01 1.893618583679199219e+01 1.991778182983398438e+01 1.008290648460388184e+00
5.316936645507812500e+02 1.748939990997314453e+00 9.505731582641601562e+00 -2.427570819854736328e+00 -1.560552120208740234e+00 8.636574745178222656e-01
5.483752441406250000e+02 1.975761532783508301e+00 9.315434455871582031e+00 1.072149276733398438e+00 1.957955360412597656e+00 1.046227097511291504e+00
5.235154418945312500e+02 1.139148712158203125e+00 7.810507297515869141e+00 5.817031860351562500e-01 1.259541511535644531e+00 7.802900075912475586e-01
5.702871093750000000e+02 1.006669044494628906e+00 7.511689186096191406e+00 1.557796001434326172e+00 2.133285999298095703e+00 9.681869149208068848e-01
5.264224853515625000e+02 2.612341880798339844e+00 1.108203125000000000e+01 2.922987937927246094e+00 4.034385681152343750e+00 1.101918935775756836e+00
5.852273559570312500e+02 2.964337825775146484e+00 1.163210010528564453e+01 -7.941078186035156250e+00 -5.407314300537109375e+00 7.327837347984313965e-01
5.885827636718750000e+02 1.337499141693115234e+00 7.739842891693115234e+00 1.088414192199707031e+00 1.859922409057617188e+00 9.509157538414001465e-01
5.588635253906250000e+02 2.793794870376586914e+00 1.163500595092773438e+01 -1.491354703903198242e+00 -6.382000446319580078e-01 9.139365553855895996e-01
5.567261962890625000e+02 3.769696235656738281e+00 1.328318691253662109e+01 7.123603820800781250e+00 5.199108123779296875e+00 6.275177001953125000e-01
5.697817382812500000e+02 1.810178041458129883e+00 9.257215499877929688e+00 4.734041690826416016e+00 6.624982357025146484e+00 1.260703802108764648e+00
5.830630493164062500e+02 1.933976650238037109e+00 9.462211608886718750e+00 -1.605532169342041016e+00 -7.115852832794189453e-01 1.385341167449951172e+00
5.455964355468750000e+02 2.167765140533447266e+00 9.601071357727050781e+00 -8.524620532989501953e-01 1.297926902770996094e-01 7.562696337699890137e-01
5.357531127929687500e+02 3.626232147216796875e+00 1.302824974060058594e+01 1.988203239440917969e+01 1.919260978698730469e+01 9.337076544761657715e-01
5.899720458984375000e+02 1.469935178756713867e+00 8.684267997741699219e+00 -4.684945106506347656e+00 -2.928533554077148438e+00 7.238373756408691406e-01
5.776301269531250000e+02 1.928173780441284180e+00 9.577320098876953125e+00 -7.751095294952392578e-01 -9.374499320983886719e-02 8.145228028297424316e-01
4.981922607421875000e+02 2.013526916503906250e+00 9.788661003112792969e+00 9.787008285522460938e+00 7.597372531890869141e+00 7.179393768310546875e-01
5.485930786132812500e+02 1.450385808944702148e+00 8.815383911132812500e+00 -3.108175992965698242e+00 -2.268357276916503906e+00 9.875299930572509766e-01
5.897059326171875000e+02 1.314467906951904297e+00 7.319481849670410156e+00 -9.176194667816162109e-01 -1.034045219421386719e-01 5.226472616195678711e-01
5.637969970703125000e+02 2.656664848327636719e+00 1.071926307678222656e+01 -6.807559967041015625e+00 -3.901760578155517578e+00 5.989748835563659668e-01
5.457181396484375000e+02 2.199641227722167969e+00 9.375359535217285156e+00 -4.458976745605468750e+00 -2.163467407226562500e+00 5.994374752044677734e-01
5.683352050781250000e+02 1.192773222923278809e+00 8.277540206909179688e+00 2.935936450958251953e+00 4.356951713562011719e+00 1.177326202392578125e+00
5.578859252929687500e+02 1.381770610809326172e+00 8.606595993041992188e+00 4.263138771057128906e-01 7.398414611816406250e-01 7.851872444152832031e-01
4.996814270019531250e+02 9.955410957336425781e-01 7.531352043151855469e+00 -1.099454164505004883e+00 -2.825355529785156250e-01 4.618723988533020020e-01
5.787727050781250000e+02 1.118042230606079102e+00 7.735021114349365234e+00 4.199113845825195312e+00 6.148991584777832031e+00 1.133908152580261230e+00
5.213506469726562500e+02 1.740836501121520996e+00 9.064308166503906250e+00 1.594922542572021484e+00 1.773462295532226562e+00 8.103320598602294922e-01
5.961290283203125000e+02 1.270656704902648926e+00 8.167851448059082031e+00 1.722097396850585938e+00 1.764929294586181641e+00 7.236459255218505859e-01
5.754084472656250000e+02 1.607052564620971680e+00 8.820964813232421875e+00 -4.674789905548095703e+00 -3.224896192550659180e+00 8.477678894996643066e-01
5.295222778320312500e+02 2.366647720336914062e+00 1.037085342407226562e+01 9.816002845764160156e+00 9.596321105957031250e+00 8.970143795013427734e-01
5.650025634765625000e+02 1.700248956680297852e+00 9.151472091674804688e+00 7.288897037506103516e+00 4.644918441772460938e+00 5.583595633506774902e-01
5.740093994140625000e+02 1.554175138473510742e+00 8.132906913757324219e+00 1.455636024475097656e+00 2.349543571472167969e+00 9.654124975204467773e-01
5.908755493164062500e+02 3.682727575302124023e+00 1.285492229461669922e+01 1.860177993774414062e+01 1.889293479919433594e+01 9.727182388305664062e-01
5.884985351562500000e+02 1.521055221557617188e+00 8.874281883239746094e+00 -4.262497425079345703e+00 -2.659327983856201172e+00 7.625471949577331543e-01
5.840294189453125000e+02 1.140328168869018555e+00 7.605672836303710938e+00 -1.677721738815307617e+00 -6.455492973327636719e-01 7.951407432556152344e-01
5.576503906250000000e+02 1.865146875381469727e+00 9.395150184631347656e+00 6.142234802246093750e+00 4.919533729553222656e+00 7.017078399658203125e-01
5.001824340820312500e+02 3.496701002120971680e+00 1.284184455871582031e+01 1.954706192016601562e+01 1.967828369140625000e+01 9.694511890411376953e-01
5.678659057617187500e+02 2.746843814849853516e+00 1.128328990936279297e+01 -8.063589096069335938e+00 -6.639555931091308594e+00 9.007995724678039551e-01
5.588444824218750000e+02 2.784471511840820312e-01 5.984373569488525391e+00 1.447129249572753906e-01 6.540513038635253906e-01 8.210139870643615723e-01
5.114772338867187500e+02 3.502795219421386719e+00 1.259629440307617188e+01 -4.982662200927734375e-01 4.090309143066406250e-02 1.533876180648803711e+00
5.996532592773437500e+02 1.106751918792724609e+00 7.553268432617187500e+00 1.838107109069824219e+00 2.147803306579589844e+00 8.118956089019775391e-01
5.750565795898437500e+02 1.656328678131103516e+00 8.823513031005859375e+00 -4.841118812561035156e+00 -3.319598436355590820e+00 7.475971579551696777e-01
5.468925781250000000e+02 1.316769957542419434e+00 8.014621734619140625e+00 1.721374988555908203e+00 2.170836925506591797e+00 8.855040073394775391e-01
5.816431274414062500e+02 1.181399226188659668e+00 8.090174674987792969e+00 -1.299301385879516602e+00 -2.536106109619140625e-01 1.068522453308105469e+00
5.763025512695312500e+02 2.710998296737670898e+00 1.113638591766357422e+01 1.496341228485107422e+00 2.476415634155273438e+00 9.287774562835693359e-01
5.817141113281250000e+02 1.880898594856262207e+00 9.277759552001953125e+00 -1.279959678649902344e+00 -2.251815795898437500e-01 8.847815990447998047e-01
5.528369140625000000e+02 1.507693886756896973e+00 8.775544166564941406e+00 6.016180515289306641e+00 6.335594654083251953e+00 9.353669881820678711e-01
5.521248779296875000e+02 2.464616775512695312e+00 1.048710250854492188e+01 1.513170433044433594e+01 1.508319854736328125e+01 9.522867202758789062e-01
5.770964965820312500e+02 2.164311408996582031e+00 1.027645301818847656e+01 1.321122646331787109e+00 1.741251945495605469e+00 7.690098881721496582e-01
5.797734985351562500e+02 1.711466312408447266e+00 8.777041435241699219e+00 5.769934654235839844e+00 5.459599494934082031e+00 8.349230289459228516e-01
5.806604614257812500e+02 2.799820184707641602e+00 1.105264472961425781e+01 -8.222805023193359375e+00 -7.553314208984375000e+00 1.070275187492370605e+00
5.835263671875000000e+02 1.597616195678710938e+00 8.214488983154296875e+00 3.913114070892333984e+00 4.303388595581054688e+00 8.557841777801513672e-01
5.204841308593750000e+02 1.759645223617553711e+00 9.388072967529296875e+00 -4.143674373626708984e+00 -3.797613382339477539e+00 1.167332649230957031e+00
5.729733276367187500e+02 1.913605093955993652e+00 9.875249862670898438e+00 6.741466522216796875e+00 5.525283813476562500e+00 7.225387096405029297e-01
5.111015930175781250e+02 1.194899678230285645e+00 7.764817237854003906e+00 2.229838371276855469e+00 2.781701087951660156e+00 8.790113925933837891e-01
5.745393066406250000e+02 9.206194877624511719e-01 7.291200160980224609e+00 2.645101547241210938e+00 4.324686527252197266e+00 1.211715459823608398e+00
5.373075561523437500e+02 3.720398664474487305e+00 1.296062850952148438e+01 1.973726081848144531e+01 1.925796508789062500e+01 9.343484640121459961e-01
5.253654785156250000e+02 1.383774399757385254e+00 8.184004783630371094e+00 1.671478748321533203e+00 1.358618736267089844e+00 6.064209342002868652e-01
6.014120483398437500e+02 2.353678226470947266e+00 1.029275608062744141e+01 1.167185306549072266e+00 1.773011684417724609e+00 8.259559273719787598e-01
5.774149780273437500e+02 1.002684354782104492e+00 7.790081977844238281e+00 1.095724105834960938e-01 1.534559726715087891e+00 1.281703591346740723e+00
5.549091796875000000e+02 1.317507028579711914e+00 8.058076858520507812e+00 1.505200862884521484e+00 3.176567554473876953e+00 1.282674551010131836e+00
5.822658691406250000e+02 1.101555585861206055e+00 7.907989025115966797e+00 4.234976768493652344e+00 3.499135971069335938e+00 7.246402502059936523e-01
5.119100952148437500e+02 3.636234283447265625e+00 1.260198020935058594e+01 -9.887314796447753906e+00 -7.947795391082763672e+00 8.790161609649658203e-01
5.271180419921875000e+02 1.092087030410766602e+00 7.644486427307128906e+00 7.365727424621582031e-01 1.606395244598388672e+00 9.567821621894836426e-01
5.363847656250000000e+02 3.708522796630859375e+00 1.325556373596191406e+01 1.955370140075683594e+01 1.918313598632812500e+01 9.457951188087463379e-01
5.656691894531250000e+02 1.872312664985656738e+00 9.205419540405273438e+00 -9.015083312988281250e-02 3.949952125549316406e-01 7.276453971862792969e-01
5.302593383789062500e+02 7.086988687515258789e-01 6.632545948028564453e+00 3.431367874145507812e-01 1.017723083496093750e+00 8.787577748298645020e-01
5.779896850585937500e+02 1.078432798385620117e+00 7.949012756347656250e+00 -3.281013965606689453e+00 -2.123963832855224609e+00 8.763802647590637207e-01
4.947029724121093750e+02 1.805735230445861816e+00 9.037837982177734375e+00 -2.285926342010498047e+00 -1.174604892730712891e+00 6.934807300567626953e-01
5.811385498046875000e+02 1.214346408843994141e+00 8.236696243286132812e+00 -1.833100318908691406e+00 -9.931480884552001953e-01 9.207361936569213867e-01
5.567341308593750000e+02 3.868233442306518555e+00 1.299997138977050781e+01 1.825283050537109375e+01 1.890634155273437500e+01 9.848031997680664062e-01
5.799154052734375000e+02 3.451828479766845703e+00 1.275890731811523438e+01 6.667995452880859375e-01 1.498312950134277344e+00 9.410676956176757812e-01
5.712998657226562500e+02 1.560428261756896973e+00 8.823490142822265625e+00 -3.644928932189941406e+00 -2.332907915115356445e+00 7.642232775688171387e-01
5.709580688476562500e+02 9.376364946365356445e-01 7.999195575714111328e+00 -2.325310707092285156e+00 -1.239484548568725586e+00 6.796904802322387695e-01
5.595285034179687500e+02 2.026932716369628906e+00 9.285535812377929688e+00 6.023788452148437500e+00 5.389490127563476562e+00 8.037940263748168945e-01
5.707664184570312500e+02 3.139693975448608398e+00 1.168521118164062500e+01 -5.371583938598632812e+00 -5.503606796264648438e+00 1.276270270347595215e+00
5.329294433593750000e+02 3.489707946777343750e+00 1.188516902923583984e+01 1.370254325866699219e+01 7.228806018829345703e+00 5.198291540145874023e-01
5.718591918945312500e+02 1.685654163360595703e+00 8.647373199462890625e+00 -5.597080230712890625e+00 -4.878444671630859375e+00 1.042715787887573242e+00
5.428056640625000000e+02 1.441887140274047852e+00 8.847284317016601562e+00 1.048116683959960938e+00 1.690587997436523438e+00 9.001408815383911133e-01
5.456237792968750000e+02 2.087601423263549805e+00 9.451665878295898438e+00 -1.110905408859252930e+00 -2.888810634613037109e-01 7.141978144645690918e-01
5.800173950195312500e+02 1.038520455360412598e+00 7.538615226745605469e+00 4.132277965545654297e+00 3.743891716003417969e+00 7.655071020126342773e-01
5.656691894531250000e+02 1.872312664985656738e+00 9.205419540405273438e+00 -9.015083312988281250e-02 3.949952125549316406e-01 7.276453971862792969e-01
5.363832397460937500e+02 1.847564816474914551e+00 9.143012046813964844e+00 5.965232849121093750e+00 5.379953384399414062e+00 8.414086699485778809e-01
5.439014892578125000e+02 2.455064773559570312e+00 1.039721584320068359e+01 -4.322628974914550781e+00 -3.002548217773437500e+00 9.669769406318664551e-01
5.439315185546875000e+02 1.421170115470886230e+00 8.779223442077636719e+00 -1.209678649902343750e+00 -6.285440921783447266e-01 7.381386160850524902e-01
5.851098632812500000e+02 1.158720970153808594e+00 7.720278739929199219e+00 3.135247230529785156e+00 3.156225681304931641e+00 8.239639997482299805e-01
5.052348022460937500e+02 3.724589347839355469e+00 1.316455936431884766e+01 1.917509078979492188e+01 1.761745643615722656e+01 8.746005296707153320e-01
5.563353881835937500e+02 1.849827527999877930e+00 9.135186195373535156e+00 -1.760501861572265625e+00 -8.132171630859375000e-01 6.912696957588195801e-01
5.316980590820312500e+02 3.501940727233886719e+00 1.281590938568115234e+01 1.942343139648437500e+01 1.783786010742187500e+01 8.861099481582641602e-01
5.365941772460937500e+02 1.643020987510681152e+00 8.899714469909667969e+00 3.330829143524169922e+00 2.612071037292480469e+00 6.586635112762451172e-01
5.539489135742187500e+02 3.553382396697998047e+00 1.237299346923828125e+01 5.644023418426513672e+00 4.961466789245605469e+00 7.204062342643737793e-01
5.637174072265625000e+02 1.603747725486755371e+00 9.038891792297363281e+00 1.023552417755126953e+00 1.452755928039550781e+00 8.130728006362915039e-01
5.330693969726562500e+02 3.893264770507812500e+00 1.313062858581542969e+01 1.974547576904296875e+01 1.751410675048828125e+01 8.671546578407287598e-01
5.772352905273437500e+02 1.257876515388488770e+00 7.710225105285644531e+00 2.541351318359375000e+00 2.796075344085693359e+00 8.222466707229614258e-01
5.449967041015625000e+02 1.720822572708129883e+00 9.392555236816406250e+00 6.551265716552734375e-02 4.665541648864746094e-01 5.882833003997802734e-01
5.297601928710937500e+02 3.034994602203369141e+00 1.182743740081787109e+01 -2.809947729110717773e+00 -9.449732303619384766e-01 4.441102147102355957e-01
5.715242919921875000e+02 1.597793221473693848e+00 8.514970779418945312e+00 -3.262267112731933594e+00 -2.249414920806884766e+00 8.763143420219421387e-01
5.745877685546875000e+02 3.346671581268310547e+00 1.214836406707763672e+01 2.098608016967773438e+00 3.469901084899902344e+00 1.134992599487304688e+00
5.495415649414062500e+02 1.724149942398071289e+00 9.309163093566894531e+00 5.505564212799072266e+00 6.164903640747070312e+00 9.383910894393920898e-01
5.992061767578125000e+02 2.693459033966064453e+00 1.050714111328125000e+01 4.521226882934570312e-01 8.611369132995605469e-01 7.033120393753051758e-01
5.384923706054687500e+02 3.281641483306884766e+00 1.250008869171142578e+01 2.386939525604248047e+00 2.190515995025634766e+00 6.801786422729492188e-01
5.637174072265625000e+02 1.603747725486755371e+00 9.038891792297363281e+00 1.023552417755126953e+00 1.452755928039550781e+00 8.130728006362915039e-01
5.180178833007812500e+02 3.619166374206542969e+00 1.289232158660888672e+01 8.891453742980957031e+00 3.927881717681884766e+00 4.137812852859497070e-01
5.770358886718750000e+02 1.500820994377136230e+00 8.788618087768554688e+00 -4.583387374877929688e+00 -2.932841777801513672e+00 7.691276073455810547e-01
5.237912597656250000e+02 2.537347078323364258e+00 1.057974243164062500e+01 -7.066961288452148438e+00 -4.983775615692138672e+00 8.014285564422607422e-01
5.414326782226562500e+02 3.717419147491455078e+00 1.296773624420166016e+01 1.982580566406250000e+01 1.848415565490722656e+01 9.094953536987304688e-01
5.849941406250000000e+02 2.313788175582885742e+00 1.027861976623535156e+01 6.085324287414550781e+00 6.452600955963134766e+00 9.498337507247924805e-01
5.767744750976562500e+02 3.273334980010986328e+00 1.223948383331298828e+01 -9.206577301025390625e+00 -7.291275024414062500e+00 8.770477175712585449e-01
5.219552001953125000e+02 3.834966897964477539e+00 1.302869701385498047e+01 1.875992584228515625e+01 1.760050582885742188e+01 9.137767553329467773e-01
6.047176513671875000e+02 8.393399715423583984e-01 7.339083671569824219e+00 -1.630127429962158203e-01 6.179189682006835938e-01 9.173082113265991211e-01
5.589250488281250000e+02 2.979452371597290039e+00 1.159862518310546875e+01 8.940405845642089844e+00 6.578929424285888672e+00 6.769618391990661621e-01
5.753145141601562500e+02 7.360019683837890625e-01 7.338710308074951172e+00 1.096026897430419922e+00 1.903092861175537109e+00 9.971126317977905273e-01
5.673827514648437500e+02 1.257363319396972656e+00 8.048309326171875000e+00 3.627631664276123047e+00 3.571364879608154297e+00 8.029060959815979004e-01
5.297213134765625000e+02 3.465897798538208008e+00 1.286505126953125000e+01 1.840580177307128906e+01 1.734092903137207031e+01 9.188789129257202148e-01
5.218319702148437500e+02 3.646030426025390625e+00 1.323293113708496094e+01 1.921810340881347656e+01 1.849409294128417969e+01 9.086580276489257812e-01
5.463728027343750000e+02 2.416029453277587891e+00 1.080552291870117188e+01 1.592869758605957031e+01 1.501369953155517578e+01 8.897198438644409180e-01
4.979805908203125000e+02 3.075948715209960938e+00 1.208061885833740234e+01 5.656843185424804688e+00 6.513829231262207031e+00 1.014770030975341797e+00
5.234249267578125000e+02 1.268643975257873535e+00 7.519532203674316406e+00 -2.035225629806518555e+00 -8.572244644165039062e-01 5.082188844680786133e-01
5.113337402343750000e+02 3.846985816955566406e+00 1.304697895050048828e+01 6.306824684143066406e+00 7.652866840362548828e+00 1.156905055046081543e+00
5.593045043945312500e+02 1.720597982406616211e+00 9.229950904846191406e+00 6.081531047821044922e+00 8.008580207824707031e+00 1.140207171440124512e+00
5.678437500000000000e+02 1.723879575729370117e+00 9.237802505493164062e+00 4.962422847747802734e+00 5.262656211853027344e+00 9.602528214454650879e-01
5.347230224609375000e+02 1.761473059654235840e+00 9.161402702331542969e+00 -1.931140422821044922e+00 -7.689881324768066406e-01 8.432525396347045898e-01
5.296036376953125000e+02 1.222181320190429688e+00 7.707707405090332031e+00 2.819085121154785156e+00 3.348228931427001953e+00 8.451507091522216797e-01
5.752953491210937500e+02 1.075584292411804199e+00 7.375031471252441406e+00 2.244479656219482422e+00 3.534338474273681641e+00 1.072131276130676270e+00
5.865405273437500000e+02 1.669313788414001465e+00 8.906575202941894531e+00 6.430747509002685547e+00 5.103976726531982422e+00 6.984866261482238770e-01
5.743446044921875000e+02 9.293919205665588379e-01 7.343965530395507812e+00 1.109390258789062500e+00 1.752674579620361328e+00 8.469238281250000000e-01
5.814991455078125000e+02 1.344254374504089355e+00 8.084204673767089844e+00 4.413058757781982422e+00 4.264848232269287109e+00 7.826372385025024414e-01
5.113439941406250000e+02 1.613842844963073730e+00 8.448177337646484375e+00 -1.602990627288818359e+00 -9.500002861022949219e-01 8.068854212760925293e-01
5.862228393554687500e+02 2.695418834686279297e+00 1.086373901367187500e+01 -8.552839279174804688e+00 -6.503416061401367188e+00 8.621919155120849609e-01
5.417841186523437500e+02 1.831943988800048828e+00 9.237785339355468750e+00 1.366560459136962891e+00 1.110382080078125000e+00 5.249138474464416504e-01
5.468254394531250000e+02 1.710876226425170898e+00 9.058688163757324219e+00 2.076075077056884766e+00 1.777288913726806641e+00 6.143231391906738281e-01
5.894046020507812500e+02 3.372401237487792969e+00 1.224115657806396484e+01 -5.835131645202636719e+00 -4.412425994873046875e+00 8.741737604141235352e-01
5.010887145996093750e+02 2.016304016113281250e+00 9.593101501464843750e+00 8.110830307006835938e+00 7.142274379730224609e+00 7.972198724746704102e-01
5.579872436523437500e+02 1.499830007553100586e+00 8.602041244506835938e+00 -7.919697761535644531e+00 -6.286292076110839844e+00 8.933942317962646484e-01
5.584038085937500000e+02 1.707626461982727051e+00 8.633814811706542969e+00 -9.234797954559326172e-01 -1.206123828887939453e-01 8.028725385665893555e-01
5.967080688476562500e+02 1.035229206085205078e+00 7.061656951904296875e+00 2.369506359100341797e+00 2.483785152435302734e+00 7.962663173675537109e-01
5.796442260742187500e+02 1.606073379516601562e+00 8.951536178588867188e+00 1.160933971405029297e+00 2.188172340393066406e+00 9.866282939910888672e-01
5.620517578125000000e+02 2.840070724487304688e+00 1.093770790100097656e+01 -7.454175949096679688e+00 -4.206755161285400391e+00 5.963681936264038086e-01
5.156046142578125000e+02 2.380368709564208984e+00 1.052781486511230469e+01 -1.370820999145507812e+00 -4.811894893646240234e-01 1.163798570632934570e+00
5.717439575195312500e+02 1.773375988006591797e+00 8.962193489074707031e+00 -1.016966533660888672e+01 -1.048432254791259766e+01 1.134085774421691895e+00
5.413073120117187500e+02 2.042530536651611328e+00 9.511402130126953125e+00 -8.227573394775390625e+00 -5.494161605834960938e+00 7.166779637336730957e-01
5.700343627929687500e+02 1.829256772994995117e+00 9.299297332763671875e+00 6.121461391448974609e+00 6.572284698486328125e+00 9.532492160797119141e-01
5.101392211914062500e+02 3.476850032806396484e+00 1.288730049133300781e+01 1.959443855285644531e+01 1.980230712890625000e+01 9.648598432540893555e-01
5.823228149414062500e+02 1.381647586822509766e+00 8.817262649536132812e+00 7.895636558532714844e-01 1.150913238525390625e+00 6.717221736907958984e-01
5.508297729492187500e+02 1.700882315635681152e+00 8.926198005676269531e+00 -4.533846378326416016e+00 -3.272284269332885742e+00 9.070605039596557617e-01
5.782355957031250000e+02 1.131550192832946777e+00 7.559825897216796875e+00 3.123724460601806641e+00 2.950866222381591797e+00 7.552171945571899414e-01
5.709580688476562500e+02 9.376364946365356445e-01 7.999195575714111328e+00 -2.325310707092285156e+00 -1.239484548568725586e+00 6.796904802322387695e-01
5.901524658203125000e+02 1.206672072410583496e+00 7.390428543090820312e+00 1.911983489990234375e+00 2.706930637359619141e+00 9.770727753639221191e-01
5.448284301757812500e+02 1.315337657928466797e+00 7.891683578491210938e+00 -4.537117481231689453e-01 4.256057739257812500e-01 9.595977663993835449e-01
5.783486328125000000e+02 2.879902839660644531e+00 1.119048881530761719e+01 -7.634725570678710938e+00 -5.406905174255371094e+00 7.653965950012207031e-01
5.828530883789062500e+02 3.990193367004394531e+00 1.339190292358398438e+01 -7.872041702270507812e+00 -6.280350685119628906e+00 8.606865406036376953e-01
5.918068847656250000e+02 1.143167018890380859e+00 8.141384124755859375e+00 1.653912067413330078e+00 2.672729492187500000e+00 9.782341122627258301e-01
5.656472167968750000e+02 8.291195034980773926e-01 7.189255714416503906e+00 2.721698284149169922e+00 2.422935962677001953e+00 7.005388736724853516e-01
5.812986450195312500e+02 1.501393556594848633e+00 8.750591278076171875e+00 5.808351039886474609e+00 4.207692146301269531e+00 6.400001049041748047e-01
5.813706665039062500e+02 3.228537321090698242e+00 1.217038726806640625e+01 -8.465126037597656250e+00 -6.734663009643554688e+00 8.760898709297180176e-01
5.914843750000000000e+02 1.345719933509826660e+00 7.905137062072753906e+00 3.147025108337402344e+00 3.193385601043701172e+00 8.015896081924438477e-01
5.794984130859375000e+02 1.736294269561767578e+00 8.739360809326171875e+00 -4.478091239929199219e+00 -2.904920578002929688e+00 8.295429944992065430e-01
5.153641357421875000e+02 3.769786834716796875e+00 1.323864269256591797e+01 1.532662391662597656e+01 1.906545829772949219e+01 1.177645325660705566e+00
5.680789794921875000e+02 1.285183906555175781e+00 8.052020072937011719e+00 -1.288647651672363281e+00 -3.912150859832763672e-01 8.557398319244384766e-01
5.725534057617187500e+02 5.892534852027893066e-01 7.133181571960449219e+00 7.049369812011718750e-01 1.952133178710937500e+00 1.095476031303405762e+00
5.612887573242187500e+02 2.435389518737792969e+00 1.001270580291748047e+01 6.108012199401855469e+00 5.729815959930419922e+00 8.445329666137695312e-01
5.473760986328125000e+02 3.526492118835449219e+00 1.279767417907714844e+01 1.884066772460937500e+01 1.772562217712402344e+01 9.140294790267944336e-01
5.781220703125000000e+02 1.755398750305175781e+00 9.318263053894042969e+00 5.070641040802001953e+00 6.465089321136474609e+00 1.043753504753112793e+00
5.730208740234375000e+02 2.310575008392333984e+00 1.010468101501464844e+01 1.058075904846191406e+01 1.431194782257080078e+01 1.245891332626342773e+00
5.464921875000000000e+02 3.724278450012207031e+00 1.286957740783691406e+01 1.958317756652832031e+01 1.959638977050781250e+01 9.620383977890014648e-01
5.736856079101562500e+02 2.735301256179809570e+00 1.076220798492431641e+01 -5.349887847900390625e+00 -4.937358856201171875e+00 1.116927742958068848e+00
5.840454711914062500e+02 1.017671465873718262e+00 7.540636062622070312e+00 3.829209804534912109e+00 2.993001937866210938e+00 6.474423408508300781e-01
5.476660766601562500e+02 2.981406211853027344e+00 1.110682201385498047e+01 -8.122992515563964844e+00 -4.797896385192871094e+00 6.126458048820495605e-01
5.494438476562500000e+02 2.088634490966796875e+00 9.568905830383300781e+00 -7.057893276214599609e-01 -1.211357116699218750e-01 6.958968043327331543e-01
5.816727905273437500e+02 1.864910483360290527e+00 9.118983268737792969e+00 8.244972229003906250e+00 7.475450038909912109e+00 8.292840719223022461e-01
5.419542236328125000e+02 2.161179780960083008e+00 1.070519828796386719e+01 1.661322593688964844e+01 1.507681846618652344e+01 8.623802065849304199e-01
5.394252319335937500e+02 3.429248332977294922e+00 1.276270294189453125e+01 1.948961067199707031e+01 1.710260391235351562e+01 8.442207574844360352e-01
5.778689575195312500e+02 1.187634110450744629e+00 7.808648586273193359e+00 1.451706886291503906e+00 3.370370864868164062e+00 1.268339037895202637e+00
5.985117187500000000e+02 1.533135890960693359e+00 8.446790695190429688e+00 -5.089978218078613281e+00 -2.775824069976806641e+00 6.903037428855895996e-01
5.733944091796875000e+02 1.823297262191772461e+00 8.979598999023437500e+00 -3.649771213531494141e+00 -1.782783269882202148e+00 6.444445848464965820e-01
5.805468139648437500e+02 1.716237068176269531e+00 8.494768142700195312e+00 -5.453548431396484375e+00 -3.835859298706054688e+00 8.625078797340393066e-01
5.629742431640625000e+02 1.662433385848999023e+00 8.905939102172851562e+00 5.779571533203125000e+00 7.377438545227050781e+00 1.084670782089233398e+00
5.510550537109375000e+02 1.003383874893188477e+00 7.249722957611083984e+00 -1.613602638244628906e+00 -5.635786056518554688e-01 1.877001404762268066e+00
5.794140014648437500e+02 3.129170417785644531e+00 1.186365699768066406e+01 8.806488037109375000e+00 5.117719173431396484e+00 5.329905748367309570e-01
5.618152465820312500e+02 1.671084046363830566e+00 8.841831207275390625e+00 -9.385097503662109375e+00 -1.088214683532714844e+01 1.311779141426086426e+00
5.861882324218750000e+02 1.044834375381469727e+00 7.626344203948974609e+00 2.187006473541259766e+00 1.986379623413085938e+00 6.514227390289306641e-01
5.565514526367187500e+02 2.025476455688476562e+00 9.377301216125488281e+00 2.251017093658447266e+00 3.766784667968750000e+00 1.049446344375610352e+00
5.807009887695312500e+02 2.952839136123657227e+00 1.162963485717773438e+01 -6.678481101989746094e+00 -4.554429054260253906e+00 7.494148612022399902e-01
5.050548095703125000e+02 1.881006956100463867e+00 9.092893600463867188e+00 9.256898880004882812e+00 6.884951591491699219e+00 6.742220520973205566e-01
5.690172729492187500e+02 3.040346384048461914e+00 1.161879348754882812e+01 -5.138607025146484375e+00 -3.976272344589233398e+00 8.573797941207885742e-01
5.738734741210937500e+02 2.473665714263916016e+00 1.078719425201416016e+01 -8.106945991516113281e+00 -6.591808795928955078e+00 9.443801045417785645e-01
5.639077148437500000e+02 2.994738578796386719e+00 1.150667285919189453e+01 -4.035781860351562500e+00 -2.322703599929809570e+00 6.992406845092773438e-01
5.035700683593750000e+02 3.512304782867431641e+00 1.279567623138427734e+01 1.934730911254882812e+01 1.927794647216796875e+01 9.411978721618652344e-01
5.812566528320312500e+02 1.109261393547058105e+00 7.852868556976318359e+00 3.040609359741210938e+00 3.336641788482666016e+00 8.858639597892761230e-01
5.653650512695312500e+02 -4.365199804306030273e-02 5.357124805450439453e+00 1.237106323242187500e-01 9.835290908813476562e-01 1.101281285285949707e+00
5.765398559570312500e+02 1.173040032386779785e+00 7.956327915191650391e+00 6.331675052642822266e+00 5.929293632507324219e+00 8.701343536376953125e-01
5.659235229492187500e+02 2.393028736114501953e+00 1.001801300048828125e+01 -3.473045825958251953e+00 -2.022978067398071289e+00 7.166573405265808105e-01
5.368779907226562500e+02 3.419449090957641602e+00 1.251570129394531250e+01 1.911498069763183594e+01 1.766445541381835938e+01 8.853098154067993164e-01
6.045206298828125000e+02 1.224697232246398926e+00 7.879148483276367188e+00 -7.899737358093261719e-01 2.392530441284179688e-02 7.175930738449096680e-01
5.158923950195312500e+02 3.010757684707641602e+00 1.169011020660400391e+01 1.797940063476562500e+01 1.005640506744384766e+01 5.518609285354614258e-01
5.735789794921875000e+02 3.640782356262207031e+00 1.216424560546875000e+01 -8.903034210205078125e+00 -4.857858657836914062e+00 6.158757209777832031e-01
5.735487670898437500e+02 1.364847302436828613e+00 8.017322540283203125e+00 2.154290676116943359e+00 2.740709781646728516e+00 8.904671072959899902e-01
5.876193237304687500e+02 3.312647819519042969e+00 1.261963844299316406e+01 -8.316794395446777344e+00 -6.393427848815917969e+00 8.777137994766235352e-01
5.932036132812500000e+02 2.929854869842529297e+00 1.125436305999755859e+01 -6.753062248229980469e+00 -4.201593399047851562e+00 7.182231545448303223e-01
5.583236083984375000e+02 1.367890357971191406e+00 8.351665496826171875e+00 2.772083282470703125e+00 2.918553352355957031e+00 8.868359327316284180e-01
5.364580688476562500e+02 3.561734914779663086e+00 1.304677772521972656e+01 1.959268379211425781e+01 1.942085456848144531e+01 9.598588943481445312e-01
5.183618774414062500e+02 2.810809135437011719e+00 1.169284248352050781e+01 3.769819736480712891e+00 3.281910419464111328e+00 7.017813920974731445e-01
5.624141235351562500e+02 1.994147896766662598e+00 9.366665840148925781e+00 -2.860443592071533203e+00 -2.023161649703979492e+00 1.103256225585937500e+00
5.823864135742187500e+02 1.998742699623107910e+00 9.242138862609863281e+00 7.673225402832031250e+00 7.074601650238037109e+00 8.263385295867919922e-01
5.648367919921875000e+02 2.496388912200927734e+00 1.013324546813964844e+01 -2.243115901947021484e+00 -1.573148965835571289e+00 9.765450954437255859e-01
5.724127197265625000e+02 1.645053029060363770e+00 8.725667953491210938e+00 -3.594697713851928711e+00 -2.421212196350097656e+00 8.474712371826171875e-01
5.480609741210937500e+02 1.736219167709350586e+00 8.997768402099609375e+00 -3.744755983352661133e+00 -2.571318149566650391e+00 8.273607492446899414e-01
4.593969726562500000e+02 3.324432373046875000e+00 1.186838436126708984e+01 5.860469341278076172e+00 5.008389949798583984e+00 7.268763184547424316e-01
5.768789672851562500e+02 1.161391019821166992e+00 7.592431545257568359e+00 2.319719791412353516e+00 2.850019931793212891e+00 8.766291141510009766e-01
5.796506347656250000e+02 1.664876699447631836e+00 8.899536132812500000e+00 5.445652008056640625e+00 5.152554512023925781e+00 8.496763706207275391e-01
5.539262084960937500e+02 3.016723632812500000e+00 1.115613651275634766e+01 -8.665338516235351562e+00 -7.241620063781738281e+00 8.849675655364990234e-01
5.820616455078125000e+02 1.978852510452270508e+00 9.441997528076171875e+00 9.402513504028320312e-01 1.975085735321044922e+00 1.140297412872314453e+00
5.834288940429687500e+02 1.040689468383789062e+00 7.600058555603027344e+00 3.473076820373535156e+00 3.831300735473632812e+00 8.658055067062377930e-01
5.848324584960937500e+02 2.358598947525024414e+00 1.073126602172851562e+01 1.291461467742919922e+01 1.302012252807617188e+01 9.338021278381347656e-01
5.662926025390625000e+02 2.735102653503417969e+00 1.077836608886718750e+01 -6.966839790344238281e+00 -6.781544685363769531e+00 1.098703622817993164e+00
5.695675659179687500e+02 1.116227269172668457e+00 7.741135597229003906e+00 2.964231967926025391e+00 2.485861778259277344e+00 6.883962154388427734e-01
5.790385131835937500e+02 1.672170877456665039e+00 8.759057044982910156e+00 -4.799950122833251953e+00 -2.851035594940185547e+00 7.676506638526916504e-01
5.494822998046875000e+02 3.783226966857910156e+00 1.274892330169677734e+01 1.959942817687988281e+01 1.899431991577148438e+01 9.223901033401489258e-01
5.198090209960937500e+02 2.136189937591552734e+00 9.912794113159179688e+00 5.298933982849121094e+00 6.236143112182617188e+00 1.037314772605895996e+00
5.853479614257812500e+02 1.312771320343017578e+00 8.116600036621093750e+00 3.470928668975830078e+00 3.741908073425292969e+00 8.939554691314697266e-01
5.234189453125000000e+02 1.255099892616271973e+00 8.356226921081542969e+00 9.235835075378417969e-01 1.159427165985107422e+00 7.244450449943542480e-01
5.739341430664062500e+02 2.519866943359375000e+00 1.034430503845214844e+01 -8.928050041198730469e+00 -6.909644603729248047e+00 8.265644311904907227e-01
5.757277832031250000e+02 2.958255052566528320e+00 1.185925674438476562e+01 -5.513360500335693359e+00 -3.404508829116821289e+00 7.248463630676269531e-01
5.849920043945312500e+02 2.020344734191894531e+00 9.222713470458984375e+00 7.299616336822509766e+00 6.903665065765380859e+00 8.548349738121032715e-01
5.586968383789062500e+02 3.639754772186279297e+00 1.278632354736328125e+01 1.836486816406250000e+01 1.978479576110839844e+01 1.023506641387939453e+00
5.162296752929687500e+02 1.088397026062011719e+00 7.893147468566894531e+00 -5.706310272216796875e-02 6.904339790344238281e-01 6.237918734550476074e-01
5.464082641601562500e+02 1.456654667854309082e+00 8.873846054077148438e+00 4.937901496887207031e+00 5.419156551361083984e+00 9.291795492172241211e-01
4.626014709472656250e+02 3.481536388397216797e+00 1.253680515289306641e+01 8.467542648315429688e+00 6.273045539855957031e+00 6.963142156600952148e-01
5.592713012695312500e+02 2.866512298583984375e+00 1.156582450866699219e+01 1.792527961730957031e+01 9.038791656494140625e+00 4.964796304702758789e-01
5.626328735351562500e+02 3.342544555664062500e+00 1.251243305206298828e+01 3.534979820251464844e+00 3.387670516967773438e+00 8.002204298973083496e-01
5.411723022460937500e+02 3.713065147399902344e+00 1.295556259155273438e+01 1.972965621948242188e+01 1.869475555419921875e+01 9.122155904769897461e-01
5.673347167968750000e+02 9.929010868072509766e-01 7.486670017242431641e+00 2.779824733734130859e+00 3.005723953247070312e+00 8.953630328178405762e-01
5.131261596679687500e+02 3.434352159500122070e+00 1.275852775573730469e+01 1.911313819885253906e+01 1.894313430786132812e+01 9.645727276802062988e-01
5.566830444335937500e+02 1.525463700294494629e+00 8.656761169433593750e+00 -4.020432472229003906e+00 -2.410795688629150391e+00 6.398130059242248535e-01
5.719206542968750000e+02 1.069536805152893066e+00 7.505999565124511719e+00 9.956097602844238281e-01 2.058701515197753906e+00 1.186508059501647949e+00
5.120396118164062500e+02 3.603538513183593750e+00 1.293984317779541016e+01 1.987755584716796875e+01 1.978418731689453125e+01 9.616233110427856445e-01
5.700516967773437500e+02 1.082419276237487793e+00 7.778196811676025391e+00 2.772579193115234375e+00 2.816576957702636719e+00 8.359432816505432129e-01
5.768582153320312500e+02 2.422883272171020508e+00 1.033419990539550781e+01 5.377650260925292969e-01 9.255075454711914062e-01 8.024996519088745117e-01
5.637316894531250000e+02 9.023652672767639160e-01 7.464766502380371094e+00 -4.371409416198730469e+00 -3.745687007904052734e+00 1.206863045692443848e+00
5.781321411132812500e+02 3.223809242248535156e+00 1.180086231231689453e+01 -4.325909614562988281e+00 -3.787008523941040039e+00 1.109555244445800781e+00
5.880226440429687500e+02 2.668667316436767578e+00 1.059448242187500000e+01 -5.581126213073730469e+00 -3.478788137435913086e+00 7.325600385665893555e-01
5.563804321289062500e+02 1.878189921379089355e+00 9.223248481750488281e+00 -7.175278663635253906e-01 7.452964782714843750e-03 7.525361776351928711e-01
5.166128540039062500e+02 1.693803071975708008e+00 9.405508041381835938e+00 6.169526576995849609e+00 6.955614089965820312e+00 9.762827157974243164e-01
5.156282348632812500e+02 3.678765058517456055e+00 1.336128425598144531e+01 1.894800186157226562e+01 1.892424583435058594e+01 9.545317292213439941e-01
6.047176513671875000e+02 8.393399715423583984e-01 7.339083671569824219e+00 -1.630127429962158203e-01 6.179189682006835938e-01 9.173082113265991211e-01
5.799927368164062500e+02 1.569716930389404297e+00 8.265836715698242188e+00 4.978964328765869141e+00 4.826714992523193359e+00 8.117517232894897461e-01
5.501967163085937500e+02 2.846977233886718750e+00 1.071665477752685547e+01 -6.451425552368164062e+00 -3.990931510925292969e+00 6.918119192123413086e-01
5.353135375976562500e+02 1.498299360275268555e+00 8.503712654113769531e+00 -4.518217086791992188e+00 -2.595379352569580078e+00 6.692547798156738281e-01
5.799913940429687500e+02 9.164254069328308105e-01 7.644261837005615234e+00 2.088840007781982422e+00 2.956566810607910156e+00 1.040579795837402344e+00
5.583375244140625000e+02 1.539494156837463379e+00 8.857465744018554688e+00 -1.256313323974609375e+00 -3.042328357696533203e-01 6.236361265182495117e-01
5.839272460937500000e+02 1.981321215629577637e+00 9.134773254394531250e+00 8.840253829956054688e+00 6.699647903442382812e+00 6.968662142753601074e-01
5.325928955078125000e+02 3.717177152633666992e+00 1.301625823974609375e+01 1.979458808898925781e+01 1.854103851318359375e+01 9.057884812355041504e-01
5.704389648437500000e+02 1.864585399627685547e+00 8.976947784423828125e+00 -2.871705293655395508e+00 -1.464875936508178711e+00 7.217878699302673340e-01
5.912200317382812500e+02 1.524866461753845215e+00 8.605128288269042969e+00 3.385658264160156250e+00 3.781502246856689453e+00 8.960887193679809570e-01
5.610730590820312500e+02 2.578401327133178711e+00 1.056304931640625000e+01 1.459758758544921875e+01 8.213596343994140625e+00 5.268428325653076172e-01
5.867123413085937500e+02 5.596072077751159668e-01 6.853578090667724609e+00 -5.945909023284912109e-01 3.040480613708496094e-01 1.067654490470886230e+00
5.462510986328125000e+02 3.525541543960571289e+00 1.269093513488769531e+01 1.992534637451171875e+01 1.849239349365234375e+01 8.835791945457458496e-01
5.117356872558593750e+02 3.083216667175292969e+00 1.155499553680419922e+01 5.441117286682128906e+00 4.674272537231445312e+00 7.587921023368835449e-01
5.275116577148437500e+02 3.693284749984741211e+00 1.335814285278320312e+01 1.805444908142089844e+01 1.848380279541015625e+01 9.679270982742309570e-01
5.296636352539062500e+02 1.652384757995605469e+00 8.763070106506347656e+00 -4.337198734283447266e+00 -2.992993593215942383e+00 8.211297392845153809e-01
5.739355468750000000e+02 2.096000194549560547e+00 9.913896560668945312e+00 4.926683902740478516e+00 4.826169013977050781e+00 8.708921670913696289e-01
5.836837768554687500e+02 1.057810187339782715e+00 7.747069358825683594e+00 3.975071907043457031e+00 2.956993579864501953e+00 6.606636047363281250e-01
5.821366577148437500e+02 1.563369750976562500e+00 8.587818145751953125e+00 -5.373424530029296875e+00 -3.837609291076660156e+00 8.490710258483886719e-01
5.865906372070312500e+02 1.072327733039855957e+00 7.395794868469238281e+00 1.868906021118164062e+00 1.970329284667968750e+00 8.176121711730957031e-01
5.610562133789062500e+02 1.620000123977661133e+00 8.992994308471679688e+00 5.398864746093750000e+00 5.757765769958496094e+00 9.793444871902465820e-01
5.851101684570312500e+02 2.588309049606323242e+00 1.064298439025878906e+01 -7.898112297058105469e+00 -4.747266769409179688e+00 7.084269523620605469e-01
5.787102050781250000e+02 1.544940829277038574e+00 8.935991287231445312e+00 7.965106964111328125e+00 7.287714481353759766e+00 8.369340896606445312e-01
5.560692138671875000e+02 1.257224202156066895e+00 8.104665756225585938e+00 3.125333786010742188e+00 3.139486312866210938e+00 8.282208442687988281e-01
5.847308349609375000e+02 7.573832869529724121e-01 7.060050010681152344e+00 6.979966163635253906e-01 1.301784515380859375e+00 1.042670845985412598e+00
5.295794067382812500e+02 3.688210725784301758e+00 1.298781776428222656e+01 1.716453552246093750e+01 1.971610069274902344e+01 1.100008010864257812e+00
5.319265747070312500e+02 3.821674346923828125e+00 1.356024169921875000e+01 1.609098434448242188e+01 1.749053192138671875e+01 1.022803544998168945e+00
5.484212646484375000e+02 3.245026826858520508e+00 1.174630069732666016e+01 -6.827907562255859375e+00 -4.968977928161621094e+00 8.122050762176513672e-01
5.524225463867187500e+02 3.724409103393554688e+00 1.297698402404785156e+01 1.910555076599121094e+01 1.892772483825683594e+01 9.605246782302856445e-01
5.234841918945312500e+02 1.577868700027465820e+00 8.483160972595214844e+00 2.713518142700195312e+00 2.936031818389892578e+00 8.506697416305541992e-01
5.357769775390625000e+02 1.820610046386718750e+00 9.306521415710449219e+00 7.795028686523437500e+00 6.559104919433593750e+00 8.132117986679077148e-01
5.680150146484375000e+02 3.084995746612548828e+00 1.182808399200439453e+01 -8.731456756591796875e+00 -7.682124137878417969e+00 9.340194463729858398e-01
5.762066650390625000e+02 1.654185414314270020e+00 8.935006141662597656e+00 -4.675606727600097656e+00 -2.992253303527832031e+00 8.119445443153381348e-01
5.289776000976562500e+02 1.786483764648437500e+00 9.276613235473632812e+00 7.464776039123535156e+00 6.068761348724365234e+00 7.776168584823608398e-01
5.655717773437500000e+02 1.475248098373413086e+00 8.811067581176757812e+00 -5.146420001983642578e-01 1.423120498657226562e-02 1.162730574607849121e+00
5.802343750000000000e+02 3.700212955474853516e+00 1.313702392578125000e+01 6.658694744110107422e+00 5.141682624816894531e+00 6.766906976699829102e-01
5.805845336914062500e+02 1.638137221336364746e+00 8.880445480346679688e+00 6.508145332336425781e+00 6.065614223480224609e+00 8.467786908149719238e-01
5.445747070312500000e+02 2.570215940475463867e+00 1.105474853515625000e+01 -6.290273666381835938e+00 -4.879055023193359375e+00 9.023136496543884277e-01
5.718972778320312500e+02 2.142117500305175781e+00 1.042745685577392578e+01 1.123437404632568359e+01 1.389873313903808594e+01 1.123583436012268066e+00
5.469851684570312500e+02 1.822989702224731445e+00 9.098192214965820312e+00 2.153120040893554688e+00 1.617088317871093750e+00 7.111330032348632812e-01
5.820590209960937500e+02 2.093170404434204102e+00 9.710655212402343750e+00 6.625063419342041016e+00 8.230085372924804688e+00 1.062773704528808594e+00
5.695017089843750000e+02 1.245045185089111328e+00 8.130521774291992188e+00 -5.228466033935546875e+00 -4.392228126525878906e+00 9.893726110458374023e-01
5.839517211914062500e+02 2.615065574645996094e+00 1.086942481994628906e+01 -6.469569206237792969e+00 -5.086854934692382812e+00 8.358184099197387695e-01
5.120002441406250000e+02 1.738129615783691406e+00 9.459197998046875000e+00 -9.234559535980224609e-01 -2.065443992614746094e-01 1.192612886428833008e+00
5.374150390625000000e+02 3.622956275939941406e+00 1.271724510192871094e+01 1.960095214843750000e+01 1.837856483459472656e+01 9.020349979400634766e-01
5.617199707031250000e+02 3.660110473632812500e+00 1.312744808197021484e+01 1.822185897827148438e+01 1.959819602966308594e+01 1.026329278945922852e+00
5.419334716796875000e+02 1.531112432479858398e+00 8.885101318359375000e+00 -2.035574913024902344e+00 -1.171827316284179688e+00 1.081956148147583008e+00
5.580159301757812500e+02 3.602191925048828125e+00 1.295606613159179688e+01 1.871851730346679688e+01 1.826605033874511719e+01 9.173175692558288574e-01
5.502655029296875000e+02 3.776598453521728516e+00 1.297665882110595703e+01 1.927391815185546875e+01 1.996093940734863281e+01 9.909944534301757812e-01
5.758535156250000000e+02 1.594819188117980957e+00 8.668344497680664062e+00 -2.423996925354003906e+00 -1.686700582504272461e+00 1.021109461784362793e+00
5.859304199218750000e+02 3.690248489379882812e+00 1.247247409820556641e+01 1.831697463989257812e+01 1.704556465148925781e+01 8.926748037338256836e-01
5.357644042968750000e+02 3.960150718688964844e+00 1.327330589294433594e+01 -6.078146934509277344e+00 -4.874181747436523438e+00 8.595353960990905762e-01
5.459067382812500000e+02 1.453109502792358398e+00 8.381063461303710938e+00 6.895840167999267578e+00 1.081001758575439453e+01 1.382629275321960449e+00
5.579611816406250000e+02 1.548840761184692383e+00 8.648192405700683594e+00 -4.534180164337158203e+00 -2.250258922576904297e+00 6.378853321075439453e-01
5.900146484375000000e+02 3.313643455505371094e+00 1.197369861602783203e+01 3.452851772308349609e+00 2.661197185516357422e+00 6.608533263206481934e-01
5.307241821289062500e+02 2.439566612243652344e+00 1.038536453247070312e+01 1.609388351440429688e+01 1.726209259033203125e+01 1.047134637832641602e+00
4.761263732910156250e+02 3.448941946029663086e+00 1.291839981079101562e+01 1.788946914672851562e+01 1.838433265686035156e+01 9.850830435752868652e-01
5.456657714843750000e+02 8.090435266494750977e-01 7.124206066131591797e+00 1.262965202331542969e+00 2.119987010955810547e+00 9.640965461730957031e-01
5.484642333984375000e+02 6.000409722328186035e-01 6.175039768218994141e+00 1.972541809082031250e+00 3.138778209686279297e+00 9.970064163208007812e-01
5.701949462890625000e+02 2.911568880081176758e+00 1.138148784637451172e+01 -6.972799301147460938e+00 -5.052523612976074219e+00 7.762939929962158203e-01
5.787022705078125000e+02 1.817313075065612793e+00 9.232091903686523438e+00 -3.402543067932128906e-01 5.688166618347167969e-01 7.812896370887756348e-01
5.817534790039062500e+02 2.011121988296508789e+00 9.004089355468750000e+00 6.215631961822509766e+00 4.793286323547363281e+00 6.774765849113464355e-01
5.787919921875000000e+02 1.805781364440917969e+00 8.864525794982910156e+00 3.964519500732421875e-01 8.590817451477050781e-01 8.213592171669006348e-01
5.166361083984375000e+02 3.605000972747802734e+00 1.296121597290039062e+01 1.995768356323242188e+01 1.979368972778320312e+01 9.655230045318603516e-01
5.535458374023437500e+02 2.012647628784179688e+00 9.637418746948242188e+00 3.274798393249511719e-01 1.677947044372558594e+00 1.194043636322021484e+00
5.793652343750000000e+02 3.789414405822753906e+00 1.308778762817382812e+01 1.885053253173828125e+01 1.873703002929687500e+01 9.381914734840393066e-01
5.533699951171875000e+02 1.434464216232299805e+00 7.982892990112304688e+00 4.641556739807128906e-01 1.924767494201660156e+00 1.322021245956420898e+00
5.623998413085937500e+02 1.794280052185058594e+00 8.972004890441894531e+00 -9.820258617401123047e-01 -2.886211872100830078e-01 1.160637021064758301e+00
5.890661010742187500e+02 9.956573247909545898e-01 7.271224498748779297e+00 2.200818061828613281e+00 1.677837371826171875e+00 5.961365699768066406e-01
5.691087036132812500e+02 3.098371028900146484e+00 1.185837650299072266e+01 3.794548511505126953e+00 4.497940540313720703e+00 9.934002161026000977e-01
5.488186035156250000e+02 2.559359550476074219e+00 1.101191997528076172e+01 2.967400550842285156e+00 5.063519477844238281e+00 1.295742392539978027e+00
5.834587402343750000e+02 1.601334095001220703e+00 8.503165245056152344e+00 -4.743765830993652344e+00 -2.738467454910278320e+00 7.005335092544555664e-01
5.899816284179687500e+02 1.893856883049011230e+00 9.054655075073242188e+00 -2.983629703521728516e-01 4.997992515563964844e-01 8.212891221046447754e-01
5.749244995117187500e+02 1.430630803108215332e+00 8.670757293701171875e+00 6.112463474273681641e+00 5.380108356475830078e+00 7.620481252670288086e-01
5.789959106445312500e+02 2.674512863159179688e+00 1.074750518798828125e+01 -5.596013069152832031e+00 -5.524240493774414062e+00 1.208647489547729492e+00
5.880059204101562500e+02 1.834483146667480469e+00 9.151535987854003906e+00 -1.759443283081054688e+00 -9.123980998992919922e-01 8.509017229080200195e-01
5.154564819335937500e+02 3.652213335037231445e+00 1.318735408782958984e+01 1.889519691467285156e+01 1.991989898681640625e+01 1.027611732482910156e+00
5.875080566406250000e+02 1.099954843521118164e+00 7.448480129241943359e+00 2.984874248504638672e+00 3.360555171966552734e+00 8.583334088325500488e-01
5.650025634765625000e+02 1.700248956680297852e+00 9.151472091674804688e+00 7.288897037506103516e+00 4.644918441772460938e+00 5.583595633506774902e-01
5.744091186523437500e+02 1.953155875205993652e+00 9.360229492187500000e+00 5.307757854461669922e+00 5.679109096527099609e+00 9.153279066085815430e-01
5.398154907226562500e+02 2.594308853149414062e+00 1.091083717346191406e+01 2.267806529998779297e+00 2.901103496551513672e+00 1.021299600601196289e+00
5.796418457031250000e+02 2.381716728210449219e+00 9.943976402282714844e+00 -1.239103078842163086e+00 -6.517601013183593750e-01 7.461247444152832031e-01
4.884900207519531250e+02 7.206443548202514648e-01 7.625251770019531250e+00 -1.562646627426147461e+00 -6.826615333557128906e-01 1.149029254913330078e+00
5.681395874023437500e+02 2.682301521301269531e+00 1.098332977294921875e+01 -5.596722602844238281e+00 -4.660067558288574219e+00 9.695819616317749023e-01
5.828556518554687500e+02 9.090718626976013184e-01 7.476788997650146484e+00 1.551289558410644531e+00 3.086795806884765625e+00 1.144168496131896973e+00
5.805841674804687500e+02 2.131154060363769531e+00 9.496289253234863281e+00 -2.153155803680419922e+00 -1.637632846832275391e+00 1.326350092887878418e+00
5.779854125976562500e+02 1.819771766662597656e+00 8.797368049621582031e+00 5.652830600738525391e+00 6.010632514953613281e+00 9.425065517425537109e-01
5.527769775390625000e+02 1.493135929107666016e+00 8.731324195861816406e+00 1.848244667053222656e-01 1.203255653381347656e+00 1.267877340316772461e+00
5.201352539062500000e+02 2.025946140289306641e+00 9.239456176757812500e+00 1.908090114593505859e+00 2.010900974273681641e+00 6.880865097045898438e-01
5.133541870117187500e+02 3.576446294784545898e+00 1.304596614837646484e+01 1.996195983886718750e+01 1.975399780273437500e+01 9.536820054054260254e-01
5.415830078125000000e+02 2.868173122406005859e+00 1.163150024414062500e+01 -2.555536031723022461e+00 -1.587034463882446289e+00 7.403109073638916016e-01
5.576503906250000000e+02 1.865146875381469727e+00 9.395150184631347656e+00 6.142234802246093750e+00 4.919533729553222656e+00 7.017078399658203125e-01
5.783123168945312500e+02 3.537945270538330078e+00 1.232852840423583984e+01 4.458343982696533203e+00 3.446640968322753906e+00 6.897801160812377930e-01
4.693740234375000000e+02 1.831808805465698242e+00 9.277322769165039062e+00 1.218957901000976562e+00 1.575994491577148438e+00 9.414165019989013672e-01
5.951398925781250000e+02 2.733435869216918945e+00 1.079745292663574219e+01 -9.108049392700195312e+00 -7.416195869445800781e+00 8.837956190109252930e-01
5.881483154296875000e+02 2.562680006027221680e+00 1.121053123474121094e+01 -5.906622409820556641e+00 -5.210179328918457031e+00 1.008920192718505859e+00
5.500501708984375000e+02 3.806293010711669922e-01 5.602356433868408203e+00 -6.920933723449707031e-01 1.014375686645507812e-01 7.548019289970397949e-01
5.862979736328125000e+02 1.624035596847534180e+00 8.771762847900390625e+00 7.962949275970458984e+00 5.010271072387695312e+00 5.889487862586975098e-01
5.501365966796875000e+02 1.963205575942993164e+00 9.277343750000000000e+00 1.484172344207763672e+00 1.513016223907470703e+00 7.300122976303100586e-01
5.687740478515625000e+02 5.630356073379516602e-01 6.667373657226562500e+00 -8.813345432281494141e-01 1.135420799255371094e-01 1.318051695823669434e+00
5.677167358398437500e+02 1.588402271270751953e+00 8.957874298095703125e+00 -3.951116800308227539e+00 -2.259588241577148438e+00 7.055065631866455078e-01
4.648294067382812500e+02 1.255281209945678711e+00 7.843883514404296875e+00 3.182778358459472656e+00 4.114339351654052734e+00 9.904558658599853516e-01
5.376906127929687500e+02 1.838752150535583496e+00 9.368296623229980469e+00 4.530286788940429688e+00 6.174039840698242188e+00 1.119521975517272949e+00
5.758898925781250000e+02 1.035765647888183594e+00 7.402770042419433594e+00 2.174770832061767578e+00 2.525637149810791016e+00 8.751112818717956543e-01
5.845173339843750000e+02 3.243163108825683594e+00 1.201725006103515625e+01 -9.663653373718261719e+00 -6.915357112884521484e+00 7.984906435012817383e-01
5.573422241210937500e+02 1.113280773162841797e+00 7.473147869110107422e+00 3.068614006042480469e-01 1.157455444335937500e+00 9.955184459686279297e-01
5.607390136718750000e+02 1.887174963951110840e+00 9.178104400634765625e+00 4.271275997161865234e+00 5.710620880126953125e+00 1.117255449295043945e+00
5.853392333984375000e+02 2.752365112304687500e+00 1.102668762207031250e+01 -7.324131965637207031e+00 -5.068565368652343750e+00 7.962567210197448730e-01
5.167683715820312500e+02 3.597165584564208984e+00 1.306870460510253906e+01 1.984945106506347656e+01 1.930220413208007812e+01 9.332612156867980957e-01
5.811002807617187500e+02 1.571910262107849121e+00 8.623882293701171875e+00 -3.297382593154907227e+00 -1.864427328109741211e+00 6.982041001319885254e-01
5.720296020507812500e+02 6.546604037284851074e-01 6.961159706115722656e+00 1.169958114624023438e+00 2.191801071166992188e+00 1.089787721633911133e+00
5.696932983398437500e+02 4.883385896682739258e-01 5.692019462585449219e+00 -2.287660837173461914e+00 -9.841895103454589844e-01 6.445782184600830078e-01
5.701940307617187500e+02 1.235619544982910156e+00 8.026010513305664062e+00 2.421169281005859375e+00 3.315951824188232422e+00 9.419929385185241699e-01
5.059702453613281250e+02 3.785441160202026367e+00 1.310123443603515625e+01 -1.123293876647949219e+01 -8.096095085144042969e+00 7.797252535820007324e-01
5.323422851562500000e+02 3.834817886352539062e+00 1.299566268920898438e+01 1.890727615356445312e+01 1.932148361206054688e+01 9.779176115989685059e-01
5.901196289062500000e+02 3.339620113372802734e+00 1.225642013549804688e+01 -7.726764678955078125e-01 4.654169082641601562e-02 8.893818855285644531e-01
5.732377319335937500e+02 2.145811796188354492e+00 9.819561004638671875e+00 7.931692600250244141e+00 6.317560672760009766e+00 7.699254155158996582e-01
6.020899658203125000e+02 2.779557228088378906e+00 1.051440620422363281e+01 -7.642554283142089844e+00 -4.694905281066894531e+00 6.980299353599548340e-01
5.387023925781250000e+02 1.666229963302612305e+00 9.248855590820312500e+00 -3.956131935119628906e+00 -2.817132472991943359e+00 9.335545301437377930e-01
5.912623291015625000e+02 2.625726222991943359e+00 1.044154739379882812e+01 -6.344489097595214844e+00 -4.829402923583984375e+00 8.500233292579650879e-01
5.213712158203125000e+02 3.697158813476562500e+00 1.313111591339111328e+01 1.953073120117187500e+01 1.884431457519531250e+01 9.292163848876953125e-01
5.772496948242187500e+02 2.679089307785034180e+00 1.094506454467773438e+01 1.676925849914550781e+01 1.422135829925537109e+01 8.178890943527221680e-01
5.455198974609375000e+02 3.628307819366455078e+00 1.289395523071289062e+01 1.827572059631347656e+01 1.878050041198730469e+01 9.753327965736389160e-01
5.387132568359375000e+02 1.690021872520446777e+00 9.206858634948730469e+00 7.347130775451660156e-01 2.090609073638916016e+00 1.185478568077087402e+00
5.708718261718750000e+02 3.554370403289794922e+00 1.256937599182128906e+01 2.564888000488281250e+00 2.895793914794921875e+00 9.415242671966552734e-01
5.559507446289062500e+02 2.005758762359619141e+00 9.553252220153808594e+00 5.727944374084472656e+00 5.228011608123779297e+00 7.924382686614990234e-01
4.847712402343750000e+02 1.114520668983459473e+00 7.708117485046386719e+00 -8.478999137878417969e-01 -2.318644523620605469e-01 1.007178544998168945e+00
5.582133178710937500e+02 1.562820076942443848e+00 8.587432861328125000e+00 -8.745134353637695312e+00 -9.926992416381835938e+00 1.189519166946411133e+00
5.725162963867187500e+02 2.681084871292114258e+00 1.125001144409179688e+01 2.374718189239501953e+00 2.369840145111083984e+00 8.292437791824340820e-01
5.649525146484375000e+02 2.130153417587280273e+00 1.014635848999023438e+01 1.369380950927734375e-01 1.024241447448730469e+00 9.868534803390502930e-01
5.624475097656250000e+02 1.915326356887817383e+00 9.702907562255859375e+00 3.880329132080078125e+00 4.893081188201904297e+00 1.072988152503967285e+00
5.787846069335937500e+02 9.373351931571960449e-01 7.806738853454589844e+00 -1.462395191192626953e+00 -4.140532016754150391e-01 8.288068175315856934e-01
5.031817321777343750e+02 3.560084104537963867e+00 1.264174842834472656e+01 1.942823410034179688e+01 1.995677566528320312e+01 9.724892377853393555e-01
5.696405639648437500e+02 9.276214838027954102e-01 7.276162147521972656e+00 4.044532775878906250e-02 6.698536872863769531e-01 8.681669235229492188e-01
5.202001953125000000e+02 3.745107889175415039e+00 1.305151748657226562e+01 9.687552452087402344e+00 5.910210609436035156e+00 5.656296014785766602e-01
5.790535888671875000e+02 2.999829769134521484e+00 1.150287914276123047e+01 -8.120551109313964844e+00 -5.728762149810791016e+00 8.123346567153930664e-01
5.090214233398437500e+02 1.735980629920959473e+00 9.298301696777343750e+00 -2.868866920471191406e-01 3.162145614624023438e-01 8.428192138671875000e-01
5.749043579101562500e+02 6.632774472236633301e-01 7.229913711547851562e+00 -2.523660659790039062e-03 1.052827835083007812e+00 1.138433933258056641e+00
5.719490356445312500e+02 1.782008051872253418e+00 9.262012481689453125e+00 5.427193641662597656e+00 6.868157386779785156e+00 1.112256050109863281e+00
5.731868896484375000e+02 1.684839844703674316e+00 8.945592880249023438e+00 -3.844745159149169922e+00 -2.286486625671386719e+00 7.830849885940551758e-01
5.389934692382812500e+02 2.860143661499023438e+00 1.099698829650878906e+01 -9.018712043762207031e+00 -6.554545402526855469e+00 7.837987542152404785e-01
5.754683227539062500e+02 3.814659357070922852e+00 1.304970836639404297e+01 1.647130584716796875e+01 1.650662231445312500e+01 9.216653108596801758e-01
5.530258789062500000e+02 2.377661228179931641e+00 1.076290512084960938e+01 1.632327270507812500e+01 1.524167537689208984e+01 8.928021788597106934e-01
5.594612426757812500e+02 3.760673522949218750e+00 1.303011703491210938e+01 -6.402275562286376953e+00 -5.473365783691406250e+00 9.775871038436889648e-01
5.862305908203125000e+02 8.438312411308288574e-01 7.250658035278320312e+00 1.135623455047607422e+00 3.054339885711669922e+00 1.364219427108764648e+00
5.902506103515625000e+02 1.280146360397338867e+00 7.658828735351562500e+00 3.338315486907958984e+00 3.805284500122070312e+00 8.902800679206848145e-01
5.680969238281250000e+02 1.316630482673645020e+00 8.680349349975585938e+00 -3.668314218521118164e+00 -1.972121000289916992e+00 5.941366553306579590e-01
5.445181274414062500e+02 2.659726142883300781e+00 1.076293945312500000e+01 -7.718034744262695312e+00 -5.805831909179687500e+00 8.747626543045043945e-01
5.604842529296875000e+02 1.760298967361450195e+00 8.846243858337402344e+00 -2.023577690124511719e-01 2.186560630798339844e-01 6.171123385429382324e-01
5.668743896484375000e+02 1.807980060577392578e+00 8.970816612243652344e+00 -3.505133390426635742e+00 -2.382032871246337891e+00 9.358937144279479980e-01
5.671347656250000000e+02 3.140646696090698242e+00 1.169304656982421875e+01 -8.599652290344238281e+00 -7.640416622161865234e+00 9.544198513031005859e-01
5.373634643554687500e+02 1.850574970245361328e+00 9.357923507690429688e+00 5.226383209228515625e+00 5.667326450347900391e+00 9.984475970268249512e-01
5.428016357421875000e+02 3.592637062072753906e+00 1.260587882995605469e+01 1.859988975524902344e+01 1.872600555419921875e+01 9.741371870040893555e-01
5.577879638671875000e+02 2.496517658233642578e+00 1.087504005432128906e+01 1.686558914184570312e+01 1.386434364318847656e+01 7.737734913825988770e-01
5.647269897460937500e+02 1.935363173484802246e+00 9.222105026245117188e+00 5.899064540863037109e+00 6.263992786407470703e+00 9.356368184089660645e-01
5.196453247070312500e+02 1.334718585014343262e+00 8.055136680603027344e+00 3.702542781829833984e+00 3.623342514038085938e+00 8.048367500305175781e-01
5.657014160156250000e+02 1.682168722152709961e+00 8.959271430969238281e+00 5.986285209655761719e+00 5.684356689453125000e+00 8.595940470695495605e-01
5.347230224609375000e+02 1.761473059654235840e+00 9.161402702331542969e+00 -1.931140422821044922e+00 -7.689881324768066406e-01 8.432525396347045898e-01
5.973069458007812500e+02 1.429997086524963379e+00 8.494130134582519531e+00 2.512516975402832031e+00 2.850916385650634766e+00 8.182734251022338867e-01
5.488872070312500000e+02 2.313647985458374023e+00 1.018579578399658203e+01 -9.193539619445800781e-01 -2.473270893096923828e-01 9.603154659271240234e-01
5.782466430664062500e+02 2.792495727539062500e+00 1.097749519348144531e+01 -7.873070240020751953e+00 -5.359735488891601562e+00 7.951796650886535645e-01
5.446503295898437500e+02 1.063310861587524414e+00 7.726244926452636719e+00 3.797819614410400391e+00 3.578798770904541016e+00 7.733154892921447754e-01
5.772053833007812500e+02 2.104782104492187500e+00 1.018550872802734375e+01 6.231238842010498047e+00 5.029003620147705078e+00 7.130085825920104980e-01
5.158549804687500000e+02 3.651097774505615234e+00 1.320304298400878906e+01 1.919673728942871094e+01 1.951002311706542969e+01 9.709079265594482422e-01
5.688958740234375000e+02 7.581816911697387695e-01 7.373626232147216797e+00 -1.015681028366088867e+00 -1.646757125854492188e-02 6.971398591995239258e-01
5.706547851562500000e+02 1.951151013374328613e+00 9.346058845520019531e+00 6.203689575195312500e+00 4.675157070159912109e+00 6.799321174621582031e-01
5.207040405273437500e+02 1.466375350952148438e+00 8.681818962097167969e+00 -1.347999572753906250e+00 -5.255544185638427734e-01 7.669630050659179688e-01
5.797737426757812500e+02 1.114455938339233398e+00 7.642295360565185547e+00 2.304391860961914062e+00 2.776708602905273438e+00 8.549063205718994141e-01
5.849636230468750000e+02 8.257561922073364258e-01 7.450752735137939453e+00 2.352278232574462891e+00 3.188755512237548828e+00 9.954632520675659180e-01
5.724238891601562500e+02 1.472834467887878418e+00 8.615602493286132812e+00 -4.335955619812011719e+00 -3.463054895401000977e+00 9.011721014976501465e-01
5.193050537109375000e+02 2.367817163467407227e+00 1.051571464538574219e+01 5.479903221130371094e+00 3.970530033111572266e+00 6.688146591186523438e-01
5.397952270507812500e+02 1.213610053062438965e+00 7.741008758544921875e+00 -2.446707487106323242e+00 -1.569278240203857422e+00 1.143197178840637207e+00
5.895239868164062500e+02 1.419364452362060547e+00 8.210911750793457031e+00 4.275474548339843750e+00 3.700273036956787109e+00 7.468063235282897949e-01
5.872169189453125000e+02 1.915767312049865723e+00 9.381279945373535156e+00 1.716256141662597656e+00 1.377792358398437500e+00 5.743316411972045898e-01
5.793408813476562500e+02 1.781391143798828125e+00 9.398334503173828125e+00 -1.128637790679931641e+00 -2.272045612335205078e-01 9.937129020690917969e-01
5.572098999023437500e+02 9.370065331459045410e-01 7.495110988616943359e+00 7.228016853332519531e-01 1.575031280517578125e+00 8.733049035072326660e-01
5.134872436523437500e+02 3.946255207061767578e+00 1.355526924133300781e+01 -6.437218189239501953e-01 5.213260650634765625e-01 9.184045791625976562e-01
5.608970947265625000e+02 1.986577987670898438e+00 8.992628097534179688e+00 -1.344013214111328125e+00 -5.191314220428466797e-01 9.953858852386474609e-01
5.836779174804687500e+02 3.133849143981933594e+00 1.170994091033935547e+01 3.923473358154296875e+00 2.850391864776611328e+00 6.220438480377197266e-01
5.847755126953125000e+02 9.422963857650756836e-01 7.607652187347412109e+00 -2.328824996948242188e-01 6.235361099243164062e-01 8.381423950195312500e-01
