5.554176025390625000e+02 4.825724487304687500e+02 -1.082995533943176270e-01 3.215146541595458984e+00 -1.156802177429199219e+00 4.530382156372070312e-01 3.185482025146484375e+00 1.366505742073059082e+00 8.309549331665039062e+00
5.608412475585937500e+02 3.515006713867187500e+02 -1.284942030906677246e-02 3.480684757232666016e+00 -1.525647640228271484e+00 1.047730445861816406e-01 1.125860214233398438e-01 1.186901330947875977e+00 4.351332485675811768e-01
5.617265625000000000e+02 1.691565246582031250e+02 -9.057462215423583984e-02 3.151036739349365234e+00 -1.143718957901000977e+00 5.419230461120605469e-01 8.906757354736328125e+00 1.659903526306152344e+00 9.440157890319824219e+00
5.498978881835937500e+02 1.745089874267578125e+02 2.422615885734558105e-01 4.034274101257324219e+00 -2.103805541992187500e+00 1.182126998901367188e-01 -4.652639389038085938e+00 1.178576231002807617e+00 7.838358402252197266e+00
5.665950317382812500e+02 2.136271514892578125e+02 -7.826372981071472168e-02 3.454670667648315430e+00 -1.250487565994262695e+00 2.795958518981933594e-01 1.364837169647216797e+01 1.101102113723754883e+00 9.007725715637207031e+00
5.577156982421875000e+02 2.405365447998046875e+02 -9.638026356697082520e-02 3.200353622436523438e+00 -1.150310039520263672e+00 4.710698127746582031e-01 7.948024272918701172e+00 1.157953858375549316e+00 9.985881805419921875e+00
5.532706909179687500e+02 1.974826202392578125e+02 -1.469454169273376465e-01 3.366997957229614258e+00 -1.303426027297973633e+00 5.115270614624023438e-01 7.136673927307128906e+00 1.153239488601684570e+00 9.281284332275390625e+00
5.622974243164062500e+02 2.701011657714843750e+02 -1.819476485252380371e-02 3.509643316268920898e+00 -1.354068517684936523e+00 3.274345397949218750e-01 1.025589466094970703e+01 1.523118138313293457e+00 9.044582366943359375e+00
5.589465332031250000e+02 2.225337982177734375e+02 -2.992473542690277100e-01 3.194741725921630859e+00 -1.090017557144165039e+00 1.598930358886718750e-01 9.590856552124023438e+00 2.225302696228027344e+00 9.789869308471679688e+00
1.796566467285156250e+02 1.816753082275390625e+02 -1.332208514213562012e-02 3.362644672393798828e+00 -1.473796367645263672e+00 -8.729696273803710938e-02 2.508466243743896484e+00 1.346115469932556152e+00 1.758609294891357422e+00
5.628713378906250000e+02 5.195536499023437500e+02 -6.456479430198669434e-02 3.045075893402099609e+00 -1.171545982360839844e+00 5.661630630493164062e-01 9.411603927612304688e+00 1.092392325401306152e+00 4.076039314270019531e+00
5.565099487304687500e+02 4.356629333496093750e+02 3.122389316558837891e-02 3.207812547683715820e+00 -1.116155385971069336e+00 5.502510070800781250e-01 6.993350982666015625e+00 1.173425793647766113e+00 3.915086030960083008e+00
5.546689453125000000e+02 2.371731719970703125e+02 -7.943361997604370117e-02 3.410040378570556641e+00 -8.274495601654052734e-01 1.198210716247558594e+00 8.459194183349609375e+00 1.417312145233154297e+00 7.759799480438232422e+00
5.637637329101562500e+02 5.934323120117187500e+02 -1.220540702342987061e-01 2.825254440307617188e+00 -1.289143562316894531e+00 -3.852844238281250000e-02 -3.261402845382690430e+00 1.839491128921508789e+00 3.012303829193115234e+00
5.400806274414062500e+02 4.386243896484375000e+02 -1.641047000885009766e-01 3.112441301345825195e+00 -1.146787405014038086e+00 4.207611083984375000e-01 -3.015981912612915039e+00 1.017012715339660645e+00 2.552554130554199219e+00
5.603092041015625000e+02 2.482448577880859375e+02 1.208594441413879395e-01 3.851526260375976562e+00 -1.267230510711669922e+00 1.306939125061035156e-01 8.259057998657226562e-01 1.130005240440368652e+00 9.510256767272949219e+00
5.640256347656250000e+02 2.410635986328125000e+02 1.793578267097473145e-01 3.855062723159790039e+00 -1.445748805999755859e+00 -5.407929420471191406e-02 2.834310531616210938e+00 1.213919401168823242e+00 2.260324716567993164e+00
5.396034545898437500e+02 2.791811523437500000e+02 -3.759354352951049805e-02 3.345586061477661133e+00 -1.263260841369628906e+00 -2.376365661621093750e-01 3.363518714904785156e+00 1.004029512405395508e+00 1.809818148612976074e+00
1.685908508300781250e+02 5.537717285156250000e+02 2.064108848571777344e-02 3.664745807647705078e+00 -1.011972427368164062e+00 -1.336205005645751953e-01 -7.544933319091796875e+00 9.403178095817565918e-01 8.798635482788085938e+00
6.271088867187500000e+02 6.215496826171875000e+02 -1.524880528450012207e-01 2.755142927169799805e+00 -1.204528808593750000e+00 2.451252937316894531e-01 -2.690684795379638672e-01 1.313963413238525391e+00 1.389359354972839355e+00
1.779087371826171875e+02 9.463016510009765625e+01 -2.329297363758087158e-01 3.460654497146606445e+00 -1.062836647033691406e+00 2.167892456054687500e-01 1.389031410217285156e+00 1.346686363220214844e+00 1.936614274978637695e+00
5.609038696289062500e+02 4.820909118652343750e+02 1.814651489257812500e-01 3.627917528152465820e+00 -1.454588174819946289e+00 3.806281089782714844e-01 2.131004333496093750e+00 1.095837116241455078e+00 9.701356291770935059e-02
5.648118286132812500e+02 5.835038452148437500e+02 -1.182284951210021973e-01 3.169559240341186523e+00 -1.183164119720458984e+00 2.885890007019042969e-01 4.710252285003662109e+00 1.234404802322387695e+00 2.063082695007324219e+00
5.614626464843750000e+02 5.622528076171875000e+02 9.112805128097534180e-02 3.596955776214599609e+00 -1.450010538101196289e+00 2.367734909057617188e-02 -5.081616401672363281e+00 1.306514620780944824e+00 4.098433494567871094e+00
1.579898986816406250e+02 3.862677001953125000e+01 7.197201251983642578e-02 3.543874025344848633e+00 -1.224256753921508789e+00 7.625579833984375000e-02 -1.087666749954223633e+00 1.528783559799194336e+00 1.856432437896728516e+00
5.608412475585937500e+02 3.515006713867187500e+02 -1.284942030906677246e-02 3.480684757232666016e+00 -1.525647640228271484e+00 1.047730445861816406e-01 1.125860214233398438e-01 1.186901330947875977e+00 4.351332485675811768e-01
5.608412475585937500e+02 3.515006713867187500e+02 -1.284942030906677246e-02 3.480684757232666016e+00 -1.525647640228271484e+00 1.047730445861816406e-01 1.125860214233398438e-01 1.186901330947875977e+00 4.351332485675811768e-01
5.516526489257812500e+02 4.576128845214843750e+02 -2.057501673698425293e-01 3.250874757766723633e+00 -1.205649375915527344e+00 1.731586456298828125e-01 -5.000627040863037109e-01 1.509925603866577148e+00 3.792956352233886719e+00
5.344204101562500000e+02 1.418015289306640625e+02 4.087030887603759766e-02 3.372886896133422852e+00 -1.358138322830200195e+00 3.667497634887695312e-01 -3.385691642761230469e+00 1.261508941650390625e+00 4.092087745666503906e+00
5.665181884765625000e+02 2.109160003662109375e+02 -6.000250577926635742e-02 3.092201232910156250e+00 -1.195288896560668945e+00 3.796911239624023438e-01 8.903026580810546875e+00 1.171094059944152832e+00 9.335497856140136719e+00
5.604555053710937500e+02 6.358527832031250000e+02 -1.262921094894409180e-01 3.155823707580566406e+00 -1.244925260543823242e+00 3.473758697509765625e-03 -2.460453510284423828e+00 1.346684575080871582e+00 4.448679924011230469e+00
5.573368530273437500e+02 6.040509643554687500e+02 -6.036058068275451660e-02 3.371879577636718750e+00 -1.376291513442993164e+00 3.256440162658691406e-01 4.663636684417724609e+00 9.979254603385925293e-01 2.225460052490234375e+00
5.604998779296875000e+02 3.750214843750000000e+02 1.602277159690856934e-01 4.013597011566162109e+00 -1.180216073989868164e+00 5.545330047607421875e-01 -6.354308128356933594e-01 9.361371994018554688e-01 1.972400069236755371e+00
1.612583160400390625e+02 4.809072570800781250e+02 -1.300694048404693604e-01 3.016162633895874023e+00 -1.301736831665039062e+00 1.134681701660156250e-01 5.025694370269775391e+00 1.275118708610534668e+00 5.344580650329589844e+00
1.777076110839843750e+02 6.895173645019531250e+01 1.983344554901123047e-02 3.428426742553710938e+00 -1.051483154296875000e+00 1.996779441833496094e-01 5.197167396545410156e-01 7.476679086685180664e-01 1.680739045143127441e+00
5.621195068359375000e+02 1.521227416992187500e+02 -1.145297288894653320e-01 3.339208364486694336e+00 -1.046781539916992188e+00 5.943179130554199219e-01 7.653114795684814453e+00 1.351336002349853516e+00 9.935416221618652344e+00
1.626036376953125000e+02 4.112525024414062500e+02 7.972091436386108398e-02 3.387616634368896484e+00 -1.020020246505737305e+00 2.013373374938964844e-01 -1.415562629699707031e+00 8.846513032913208008e-01 5.016882896423339844e+00
5.718197631835937500e+02 5.460306396484375000e+02 -1.093287765979766846e-01 3.088365077972412109e+00 -1.294095516204833984e+00 1.030707359313964844e-01 2.029247283935546875e+00 1.396299123764038086e+00 1.987816333770751953e+00
5.606947631835937500e+02 6.195789184570312500e+02 -1.066450774669647217e-01 3.427531003952026367e+00 -1.141152381896972656e+00 4.531383514404296875e-01 1.360720443725585938e+01 1.540894031524658203e+00 8.448388099670410156e+00
1.652263946533203125e+02 6.809214019775390625e+01 -4.709020256996154785e-02 3.356551408767700195e+00 -8.014345169067382812e-01 5.213975906372070312e-02 9.665870666503906250e-01 8.322775959968566895e-01 2.451572895050048828e+00
5.537774047851562500e+02 3.750496520996093750e+02 -1.089243590831756592e-01 3.518487930297851562e+00 -1.369968652725219727e+00 1.886200904846191406e-01 2.744090557098388672e+00 1.236367464065551758e+00 2.293524265289306641e+00
5.558655395507812500e+02 4.144411926269531250e+02 -2.133277058601379395e-01 3.325424671173095703e+00 -1.351542472839355469e+00 4.724359512329101562e-01 -1.720954179763793945e+00 1.345718860626220703e+00 1.051052689552307129e+00
5.662567749023437500e+02 2.837919921875000000e+02 2.131307125091552734e-01 3.867228984832763672e+00 -1.301834583282470703e+00 1.568126678466796875e-01 -3.541469573974609375e-02 1.138711333274841309e+00 2.219047069549560547e+00
5.663512573242187500e+02 2.932930603027343750e+02 3.332921862602233887e-01 4.294610977172851562e+00 -1.495813131332397461e+00 8.933305740356445312e-02 2.736530303955078125e+00 1.076387286186218262e+00 1.520723700523376465e+00
5.554086914062500000e+02 1.733809051513671875e+02 -7.708892226219177246e-02 3.242616653442382812e+00 -9.913587570190429688e-01 8.587598800659179688e-01 8.983063697814941406e+00 1.250138401985168457e+00 9.350422859191894531e+00
5.611447753906250000e+02 6.059216308593750000e+02 4.323899745941162109e-02 3.446062803268432617e+00 -1.310267448425292969e+00 2.361249923706054688e-01 4.145407676696777344e-01 1.201485991477966309e+00 6.358020782470703125e+00
5.623963623046875000e+02 3.804225463867187500e+02 -1.869189739227294922e-01 3.140493869781494141e+00 -1.132229566574096680e+00 5.982065200805664062e-01 -6.053292751312255859e-01 1.044427037239074707e+00 8.159681320190429688e+00
5.325534057617187500e+02 5.069673461914062500e+02 -1.277804374694824219e-01 2.912201881408691406e+00 -9.828901290893554688e-01 5.559086799621582031e-01 3.501884937286376953e+00 1.625681638717651367e+00 3.195717096328735352e+00
5.604198608398437500e+02 5.195659179687500000e+02 -1.158870756626129150e-01 3.250777721405029297e+00 -1.257414817810058594e+00 1.619958877563476562e-01 -2.948501110076904297e+00 9.917511940002441406e-01 2.109827756881713867e+00
1.622355651855468750e+02 5.204644775390625000e+02 -1.448693871498107910e-01 3.306230783462524414e+00 -1.136753559112548828e+00 1.040053367614746094e-01 3.284199237823486328e+00 1.039106130599975586e+00 6.476744651794433594e+00
5.608412475585937500e+02 3.515006713867187500e+02 -1.284942030906677246e-02 3.480684757232666016e+00 -1.525647640228271484e+00 1.047730445861816406e-01 1.125860214233398438e-01 1.186901330947875977e+00 4.351332485675811768e-01
5.533124389648437500e+02 5.723551635742187500e+02 -4.283219575881958008e-02 3.161852836608886719e+00 -1.345951557159423828e+00 -2.980637550354003906e-01 4.294600486755371094e+00 1.742886185646057129e+00 2.178990125656127930e+00
1.756696624755859375e+02 1.108342056274414062e+02 3.450065851211547852e-02 3.323685169219970703e+00 -1.411592960357666016e+00 2.575707435607910156e-01 -6.064367294311523438e-01 1.000627398490905762e+00 2.539608716964721680e+00
1.643067474365234375e+02 4.548957214355468750e+02 -4.831820726394653320e-02 3.376773834228515625e+00 -1.159495115280151367e+00 2.533435821533203125e-02 2.906427383422851562e+00 9.215518236160278320e-01 6.587532997131347656e+00
1.705187988281250000e+02 5.198341751098632812e+01 -1.957371830940246582e-02 3.077328920364379883e+00 -1.079615354537963867e+00 -4.800295829772949219e-01 -1.568593978881835938e+00 9.734652042388916016e-01 9.882973432540893555e-01
1.570414276123046875e+02 3.705965881347656250e+02 -1.319441199302673340e-01 2.851468563079833984e+00 -1.234375238418579102e+00 -1.424455642700195312e-01 1.316385269165039062e+00 1.035221695899963379e+00 2.802156209945678711e+00
5.593012695312500000e+02 2.965962829589843750e+02 3.878170251846313477e-01 4.088826656341552734e+00 -7.868063449859619141e-01 9.726738929748535156e-01 5.146560668945312500e+00 1.215400934219360352e+00 8.658756256103515625e+00
5.601899414062500000e+02 2.359435729980468750e+02 -2.407303452491760254e-01 2.965447902679443359e+00 -1.404148340225219727e+00 2.239465713500976562e-02 -7.055507659912109375e+00 1.147270560264587402e+00 3.507044553756713867e+00
5.622839965820312500e+02 5.595568847656250000e+02 -3.110320866107940674e-01 3.149889945983886719e+00 -1.285530328750610352e+00 2.340841293334960938e-01 -3.475825786590576172e+00 1.493107080459594727e+00 4.355928897857666016e+00
5.648118286132812500e+02 5.835038452148437500e+02 -1.182284951210021973e-01 3.169559240341186523e+00 -1.183164119720458984e+00 2.885890007019042969e-01 4.710252285003662109e+00 1.234404802322387695e+00 2.063082695007324219e+00
5.532741088867187500e+02 4.984332580566406250e+02 1.030278205871582031e-01 3.749854326248168945e+00 -1.367703676223754883e+00 -5.594623088836669922e-01 -2.478686571121215820e+00 1.634290218353271484e+00 1.313557386398315430e+00
5.343555908203125000e+02 3.267448120117187500e+02 -1.974359154701232910e-02 3.307535886764526367e+00 -1.281735897064208984e+00 8.916854858398437500e-02 5.059897899627685547e+00 1.077285766601562500e+00 4.511421322822570801e-01
5.599574584960937500e+02 2.400184326171875000e+02 2.157956361770629883e-02 3.394299507141113281e+00 -1.322203874588012695e+00 1.394915580749511719e-01 6.797604560852050781e+00 1.122975349426269531e+00 9.558553695678710938e+00
1.722712097167968750e+02 3.532239913940429688e+01 -1.519082486629486084e-01 3.121942281723022461e+00 -8.791935443878173828e-01 1.421904563903808594e-01 1.149189472198486328e+00 1.253655433654785156e+00 1.487120270729064941e+00
5.293319091796875000e+02 2.384648742675781250e+02 -1.267665624618530273e-01 3.022655487060546875e+00 -1.108641624450683594e+00 3.637623786926269531e-01 9.068732261657714844e+00 1.588317871093750000e+00 9.304679870605468750e+00
5.458848266601562500e+02 6.148735351562500000e+02 -1.310826838016510010e-01 3.364208698272705078e+00 -1.364794969558715820e+00 2.639508247375488281e-01 9.098434448242187500e-01 1.274307966232299805e+00 2.911642551422119141e+00
5.405489501953125000e+02 4.861933288574218750e+02 -5.330204963684082031e-02 3.100565433502197266e+00 -8.867251873016357422e-01 1.564025878906250000e-02 8.213868141174316406e+00 1.378020167350769043e+00 5.114617347717285156e+00
5.534581909179687500e+02 5.140150756835937500e+02 2.170848846435546875e-01 3.878616809844970703e+00 -1.260423660278320312e+00 1.000881195068359375e-02 6.446454524993896484e+00 9.677147865295410156e-01 1.359859704971313477e+00
5.607136840820312500e+02 2.470367736816406250e+02 6.397038698196411133e-02 3.725293874740600586e+00 -1.237452030181884766e+00 8.194208145141601562e-02 5.396230220794677734e+00 1.292688727378845215e+00 3.798792362213134766e+00
5.262667236328125000e+02 3.543170776367187500e+02 -2.000266313552856445e-01 2.596020221710205078e+00 -1.127648353576660156e+00 8.219242095947265625e-02 2.515788078308105469e+00 1.179874897003173828e+00 8.333937644958496094e+00
5.597175903320312500e+02 6.393045654296875000e+02 1.134514808654785156e-02 3.661925554275512695e+00 -1.283892393112182617e+00 4.872632026672363281e-01 9.853839874267578125e+00 1.333946228027343750e+00 4.342631340026855469e+00
1.660984802246093750e+02 3.392506713867187500e+02 -8.196100592613220215e-02 2.857103347778320312e+00 -1.311415433883666992e+00 5.513501167297363281e-01 7.251245975494384766e+00 8.284363150596618652e-01 2.068290948867797852e+00
6.271477050781250000e+02 5.860892944335937500e+02 -2.221162617206573486e-01 2.706983566284179688e+00 -9.114086627960205078e-01 7.304406166076660156e-01 -1.517672538757324219e+00 1.506908535957336426e+00 1.417399406433105469e+00
1.650500640869140625e+02 6.917021942138671875e+01 -1.862309873104095459e-01 3.172691106796264648e+00 -7.978653907775878906e-01 -1.129531860351562500e-01 4.952692985534667969e+00 1.162539005279541016e+00 6.299527883529663086e-01
5.628809204101562500e+02 1.899317016601562500e+02 8.757978677749633789e-02 3.812426090240478516e+00 -1.133219003677368164e+00 3.683686256408691406e-01 7.088394165039062500e+00 1.262456297874450684e+00 8.616709709167480469e+00
5.263463745117187500e+02 5.779793090820312500e+02 -1.810377836227416992e-01 3.188742399215698242e+00 -8.763206005096435547e-01 3.627777099609375000e-02 -1.216276884078979492e+00 1.653356313705444336e+00 3.822303056716918945e+00
5.631994018554687500e+02 5.932295532226562500e+02 -4.961386322975158691e-02 3.535353660583496094e+00 -1.010313034057617188e+00 -8.130788803100585938e-02 -3.951717615127563477e+00 1.438447833061218262e+00 1.020622491836547852e+00
1.744942779541015625e+02 3.337982788085937500e+02 7.343530654907226562e-02 3.475320100784301758e+00 -1.381316184997558594e+00 -7.152891159057617188e-01 1.029396057128906250e+00 1.170210480690002441e+00 1.403365850448608398e+00
1.678584136962890625e+02 6.653444671630859375e+01 -1.641650497913360596e-01 3.331158161163330078e+00 -1.283404827117919922e+00 4.046201705932617188e-02 1.969254016876220703e+00 9.327993392944335938e-01 1.167925000190734863e+00
1.732084503173828125e+02 5.739790725708007812e+01 -1.078072190284729004e-01 3.252129793167114258e+00 -1.386269330978393555e+00 2.331423759460449219e-01 3.655507564544677734e+00 1.299057483673095703e+00 1.236620187759399414e+00
5.588779907226562500e+02 5.258916015625000000e+02 1.337647438049316406e-02 3.262920856475830078e+00 -1.475366353988647461e+00 -4.819631576538085938e-02 -1.833741664886474609e+00 1.442024588584899902e+00 3.743401050567626953e+00
5.363153076171875000e+02 5.454827880859375000e+02 -3.072604537010192871e-02 3.420436143875122070e+00 -1.029821634292602539e+00 -1.381182670593261719e-01 -4.568338394165039062e-02 1.415696620941162109e+00 2.747835159301757812e+00
5.529291381835937500e+02 5.918677368164062500e+02 -1.739114522933959961e-02 3.566691637039184570e+00 -8.983409404754638672e-01 6.515192985534667969e-01 5.497434139251708984e+00 1.016321659088134766e+00 4.773177146911621094e+00
5.656134643554687500e+02 4.817879333496093750e+02 -7.491439580917358398e-02 3.232012748718261719e+00 -1.052185297012329102e+00 3.275322914123535156e-01 9.439635276794433594e-01 1.284955739974975586e+00 2.120246648788452148e+00
5.647006835937500000e+02 6.371011962890625000e+02 -1.022747159004211426e-01 2.830963850021362305e+00 -1.192562580108642578e+00 4.030036926269531250e-01 -7.072269916534423828e-01 1.797653436660766602e+00 2.576486825942993164e+00
5.566679077148437500e+02 6.363879394531250000e+02 8.437991142272949219e-02 3.628718614578247070e+00 -1.165406703948974609e+00 3.429603576660156250e-01 6.391694545745849609e+00 9.443250894546508789e-01 2.783129692077636719e+00
5.580293579101562500e+02 5.926896362304687500e+02 3.290027379989624023e-01 3.988737583160400391e+00 -1.462341547012329102e+00 1.573777198791503906e-01 8.527851104736328125e+00 9.347310662269592285e-01 1.708547830581665039e+00
1.796566467285156250e+02 1.816753082275390625e+02 -1.332208514213562012e-02 3.362644672393798828e+00 -1.473796367645263672e+00 -8.729696273803710938e-02 2.508466243743896484e+00 1.346115469932556152e+00 1.758609294891357422e+00
5.633378295898437500e+02 6.473018188476562500e+02 -2.245627343654632568e-01 2.824110031127929688e+00 -1.182770729064941406e+00 2.132320404052734375e-01 -2.230982780456542969e+00 1.274095535278320312e+00 4.249452590942382812e+00
1.654996032714843750e+02 6.386568603515625000e+02 -4.409357905387878418e-02 3.317478179931640625e+00 -8.745086193084716797e-01 -8.515119552612304688e-02 -2.960908412933349609e+00 1.095905303955078125e+00 5.059447765350341797e+00
1.740028228759765625e+02 3.926554107666015625e+01 -5.375400185585021973e-02 3.544445991516113281e+00 -1.231222152709960938e+00 3.056287765502929688e-02 3.856635093688964844e+00 1.105597734451293945e+00 9.784832000732421875e-01
5.533058471679687500e+02 5.046822509765625000e+02 -9.193047881126403809e-02 3.559856891632080078e+00 -1.581982374191284180e+00 -1.581859588623046875e-01 -2.073466777801513672e+00 1.177339315414428711e+00 3.923156023025512695e+00
5.752520751953125000e+02 3.810549011230468750e+02 -6.657317280769348145e-02 3.392035722732543945e+00 -1.310607194900512695e+00 1.302957534790039062e-01 1.413118839263916016e+00 1.221942663192749023e+00 3.288917243480682373e-01
5.601585693359375000e+02 1.664638366699218750e+02 -7.040396332740783691e-02 3.574273586273193359e+00 -1.291531324386596680e+00 3.153324127197265625e-02 3.536856174468994141e+00 1.561821222305297852e+00 8.972500801086425781e+00
5.655643920898437500e+02 5.384716186523437500e+02 -1.220926642417907715e-02 3.436589956283569336e+00 -1.348646879196166992e+00 3.348851203918457031e-01 -2.665624618530273438e+00 1.226209282875061035e+00 3.223575353622436523e+00
5.611778564453125000e+02 5.307005004882812500e+02 -9.092122316360473633e-02 3.131949186325073242e+00 -9.597671031951904297e-01 5.739450454711914062e-01 -3.511835336685180664e+00 1.705657720565795898e+00 4.119041442871093750e+00
5.639570312500000000e+02 1.929446563720703125e+02 3.275513648986816406e-02 3.688646078109741211e+00 -1.477026939392089844e+00 3.353524208068847656e-01 -1.254394054412841797e+00 1.465995192527770996e+00 2.229656934738159180e+00
1.704111022949218750e+02 2.024724578857421875e+01 2.242177724838256836e-02 3.361119747161865234e+00 -1.071188449859619141e+00 9.823083877563476562e-02 3.740079402923583984e+00 9.170109629631042480e-01 1.589623808860778809e+00
1.651933135986328125e+02 1.750680389404296875e+02 -1.391489803791046143e-01 3.228151798248291016e+00 -1.236212253570556641e+00 -1.031422615051269531e-01 1.018229675292968750e+01 1.128832817077636719e+00 5.718942880630493164e-01
5.587662963867187500e+02 2.294985046386718750e+02 -1.726955175399780273e-01 3.037152767181396484e+00 -1.252321004867553711e+00 2.168440818786621094e-01 9.341991424560546875e+00 1.138183355331420898e+00 9.065266609191894531e+00
5.608616333007812500e+02 1.881431274414062500e+02 -9.832575917243957520e-02 3.351807594299316406e+00 -1.120904684066772461e+00 6.775164604187011719e-01 4.743108749389648438e+00 1.216801762580871582e+00 9.624004364013671875e+00
5.315391845703125000e+02 3.203109436035156250e+02 -1.293939352035522461e-01 3.207290887832641602e+00 -8.587944507598876953e-01 9.365558624267578125e-02 5.023488998413085938e+00 1.127145051956176758e+00 9.595271110534667969e+00
1.698309020996093750e+02 7.488973999023437500e+01 4.480272531509399414e-02 3.646275758743286133e+00 -8.353507518768310547e-01 -1.928877830505371094e-01 -3.566266298294067383e+00 1.334277987480163574e+00 8.836481571197509766e-01
1.619058380126953125e+02 5.405211181640625000e+02 -9.547397494316101074e-02 3.066129922866821289e+00 -8.299970626831054688e-01 -2.516388893127441406e-01 4.852099418640136719e+00 1.193969011306762695e+00 6.037683963775634766e+00
5.442569580078125000e+02 3.578576660156250000e+02 1.126864552497863770e-01 3.808013439178466797e+00 -1.291687488555908203e+00 4.493331909179687500e-01 2.383978366851806641e+00 1.205452084541320801e+00 2.662354111671447754e-01
5.714868774414062500e+02 5.853151245117187500e+02 2.124136686325073242e-01 3.743950366973876953e+00 -1.459534168243408203e+00 3.661155700683593750e-01 3.032064437866210938e-01 9.761670827865600586e-01 1.877274990081787109e+00
1.745589904785156250e+02 2.437788696289062500e+02 -4.001468420028686523e-02 3.260786056518554688e+00 -1.534199714660644531e+00 3.523063659667968750e-01 -1.025797128677368164e+00 1.157147407531738281e+00 1.946105360984802246e+00
5.389879150390625000e+02 3.618942260742187500e+02 -2.302251756191253662e-01 2.988741159439086914e+00 -1.016750335693359375e+00 -2.465689182281494141e-01 1.580214500427246094e-01 1.619239807128906250e+00 1.171469807624816895e+00
5.656134643554687500e+02 4.817879333496093750e+02 -7.491439580917358398e-02 3.232012748718261719e+00 -1.052185297012329102e+00 3.275322914123535156e-01 9.439635276794433594e-01 1.284955739974975586e+00 2.120246648788452148e+00
5.631770019531250000e+02 4.622784729003906250e+02 3.088831901550292969e-02 3.555879592895507812e+00 -1.337171792984008789e+00 8.411502838134765625e-01 -3.731787204742431641e-01 1.069136261940002441e+00 3.292064905166625977e+00
5.652398681640625000e+02 4.454141235351562500e+02 1.287826895713806152e-01 4.060336589813232422e+00 -1.695940494537353516e+00 -1.664161682128906250e-02 -4.248094558715820312e+00 1.147995233535766602e+00 4.799655914306640625e+00
5.615178222656250000e+02 2.116679840087890625e+02 -6.669178605079650879e-02 3.412675857543945312e+00 -1.457338333129882812e+00 1.658248901367187500e-01 5.839223861694335938e+00 9.769836664199829102e-01 8.805711746215820312e+00
1.600780029296875000e+02 3.847498779296875000e+02 -4.867926239967346191e-02 3.609922647476196289e+00 -1.262675523757934570e+00 2.677416801452636719e-01 5.817008018493652344e-01 1.090750455856323242e+00 2.052574396133422852e+00
1.767447662353515625e+02 1.741880035400390625e+01 -1.034997403621673584e-01 3.455635070800781250e+00 -1.122764348983764648e+00 6.267905235290527344e-01 1.131105422973632812e-01 1.026043176651000977e+00 1.507255554199218750e+00
5.605680541992187500e+02 3.020577087402343750e+02 -1.370906829833984375e-02 3.152818441390991211e+00 -1.319426298141479492e+00 8.165597915649414062e-02 -1.032030582427978516e-01 9.749617576599121094e-01 7.474085092544555664e-01
5.354212036132812500e+02 3.151131286621093750e+02 -1.831452548503875732e-01 3.047646045684814453e+00 -1.081471443176269531e+00 -5.424618721008300781e-02 3.128726482391357422e+00 1.074881553649902344e+00 1.624284982681274414e+00
1.552862701416015625e+02 3.219963836669921875e+01 -9.500145912170410156e-02 3.350612640380859375e+00 -1.458939313888549805e+00 -5.467474460601806641e-01 -1.614778041839599609e+00 8.007913231849670410e-01 1.016446828842163086e+00
5.430526123046875000e+02 7.231156616210937500e+02 6.305545568466186523e-02 3.613628864288330078e+00 -1.438053846359252930e+00 -3.408062458038330078e-01 -2.059791088104248047e+00 1.669413924217224121e+00 2.147125720977783203e+00
5.596895141601562500e+02 1.985888061523437500e+02 -1.083450019359588623e-01 3.193363428115844727e+00 -1.394269466400146484e+00 3.127813339233398438e-02 -5.732917785644531250e-01 1.319302201271057129e+00 1.824317455291748047e+00
5.406895751953125000e+02 1.274239501953125000e+02 1.215845346450805664e-02 3.775633335113525391e+00 -8.184158802032470703e-01 1.767539978027343750e-01 -4.706249237060546875e+00 8.922210931777954102e-01 1.269951581954956055e+00
5.626681518554687500e+02 6.533703613281250000e+02 -2.268958091735839844e-01 3.049904346466064453e+00 -1.600817441940307617e+00 3.490853309631347656e-01 -2.145955562591552734e+00 1.147025704383850098e+00 4.359860897064208984e+00
5.537790527343750000e+02 4.711277465820312500e+02 -1.552671194076538086e-02 3.538731098175048828e+00 -1.418796777725219727e+00 7.450819015502929688e-02 -5.640332698822021484e+00 1.146058678627014160e+00 3.530726432800292969e+00
5.714676513671875000e+02 5.397141723632812500e+02 -5.726218223571777344e-03 3.306725502014160156e+00 -1.551947593688964844e+00 4.980564117431640625e-02 2.960231304168701172e+00 1.347335457801818848e+00 1.137918114662170410e+00
1.616033172607421875e+02 7.634957313537597656e+00 1.743462681770324707e-01 3.911444664001464844e+00 -9.335851669311523438e-01 4.637336730957031250e-01 7.190809249877929688e+00 9.912948608398437500e-01 2.283115148544311523e+00
5.559211425781250000e+02 2.863312683105468750e+02 -2.461865544319152832e-02 3.465209007263183594e+00 -1.190090179443359375e+00 4.532957077026367188e-01 -1.978110074996948242e+00 1.338645100593566895e+00 5.871854782104492188e+00
6.269409179687500000e+02 5.584873046875000000e+02 -2.077342569828033447e-01 2.860805749893188477e+00 -1.361371278762817383e+00 9.035348892211914062e-02 -6.906473636627197266e-01 1.597067356109619141e+00 1.307738780975341797e+00
5.804601440429687500e+02 2.597455139160156250e+02 -1.924234628677368164e-01 2.935455322265625000e+00 -1.362768411636352539e+00 4.980325698852539062e-02 2.611405849456787109e+00 1.398680806159973145e+00 8.461950302124023438e+00
5.612458496093750000e+02 1.574918365478515625e+02 -3.782257437705993652e-02 3.600923776626586914e+00 -9.910166263580322266e-01 4.427671432495117188e-01 1.076138019561767578e+01 1.089792132377624512e+00 9.211081504821777344e+00
5.574884643554687500e+02 5.440840454101562500e+02 -2.636149525642395020e-02 3.668576717376708984e+00 -1.246868371963500977e+00 6.489491462707519531e-01 7.273895740509033203e+00 1.154053568840026855e+00 6.740050315856933594e+00
1.598261566162109375e+02 4.712300720214843750e+02 2.797782421112060547e-02 3.544226169586181641e+00 -7.814121246337890625e-01 -1.376044750213623047e-01 2.593700885772705078e+00 1.049747586250305176e+00 6.674451828002929688e+00
5.614830322265625000e+02 5.568972778320312500e+02 -1.637203991413116455e-01 2.796575784683227539e+00 -1.329720020294189453e+00 3.455495834350585938e-01 8.315294265747070312e+00 9.957572817802429199e-01 9.564077377319335938e+00
1.717340698242187500e+02 1.835504455566406250e+02 -3.075122833251953125e-02 3.405347824096679688e+00 -1.222940683364868164e+00 1.547098159790039062e-02 3.181247711181640625e+00 1.275152087211608887e+00 4.788574576377868652e-01
5.585377197265625000e+02 2.335523071289062500e+02 -2.717062830924987793e-02 3.424573898315429688e+00 -1.420296430587768555e+00 6.137847900390625000e-02 9.265348434448242188e+00 1.214686393737792969e+00 9.511549949645996094e+00
5.267865600585937500e+02 2.348289184570312500e+02 -1.659451425075531006e-01 3.212404012680053711e+00 -1.260240077972412109e+00 1.671314239501953125e-01 5.975666046142578125e+00 1.197798967361450195e+00 9.931095123291015625e+00
5.541582031250000000e+02 5.919611816406250000e+02 -5.784332752227783203e-03 3.621350288391113281e+00 -1.232590675354003906e+00 3.993630409240722656e-01 6.756861209869384766e+00 1.328134775161743164e+00 6.243040561676025391e+00
5.304379272460937500e+02 3.806050415039062500e+02 -7.423952221870422363e-02 3.375764369964599609e+00 -1.058033704757690430e+00 2.789950370788574219e-01 -1.430935859680175781e+00 1.006125450134277344e+00 5.808093547821044922e-01
5.583924560546875000e+02 3.611116027832031250e+02 1.307818293571472168e-01 3.789798021316528320e+00 -1.373779773712158203e+00 4.519009590148925781e-01 -1.145433187484741211e+00 1.261280655860900879e+00 1.424032688140869141e+00
5.608412475585937500e+02 3.515006713867187500e+02 -1.284942030906677246e-02 3.480684757232666016e+00 -1.525647640228271484e+00 1.047730445861816406e-01 1.125860214233398438e-01 1.186901330947875977e+00 4.351332485675811768e-01
1.670011749267578125e+02 6.849954986572265625e+01 -5.131989717483520508e-02 3.026643276214599609e+00 -1.155885457992553711e+00 5.049943923950195312e-02 4.507896900177001953e+00 1.272063374519348145e+00 5.819239616394042969e-01
5.642192382812500000e+02 2.514779815673828125e+02 -1.719298958778381348e-01 3.117743015289306641e+00 -1.127188205718994141e+00 3.263521194458007812e-01 1.206357955932617188e+01 1.223658204078674316e+00 9.162876129150390625e+00
1.664160614013671875e+02 7.511495208740234375e+01 -1.330491900444030762e-01 3.129243373870849609e+00 -1.194920539855957031e+00 -2.844607830047607422e-01 -2.723920345306396484e-01 9.793900847434997559e-01 1.412649750709533691e+00
5.606898193359375000e+02 5.240555419921875000e+02 -3.423318266868591309e-02 3.714445352554321289e+00 -1.021277904510498047e+00 3.083753585815429688e-01 5.098583698272705078e+00 1.364898920059204102e+00 2.038365840911865234e+00
5.605828247070312500e+02 5.553284912109375000e+02 1.197487115859985352e-01 3.107822656631469727e+00 -1.453537940979003906e+00 5.728483200073242188e-02 -2.674781084060668945e+00 8.740314245223999023e-01 3.969091892242431641e+00
5.636427612304687500e+02 5.668638305664062500e+02 -4.271075129508972168e-02 3.532727718353271484e+00 -1.256072521209716797e+00 2.643179893493652344e-01 1.631348133087158203e+00 1.650276184082031250e+00 2.800968170166015625e+00
5.589753417968750000e+02 5.349348144531250000e+02 -7.875561714172363281e-02 2.995109558105468750e+00 -1.656645536422729492e+00 6.547689437866210938e-02 -6.761312484741210938e-01 1.604076147079467773e+00 3.083579540252685547e+00
5.424745483398437500e+02 5.018568420410156250e+02 -4.758566617965698242e-02 3.160687923431396484e+00 -1.360923051834106445e+00 1.642251014709472656e-01 -3.413401842117309570e+00 1.495487213134765625e+00 2.956751346588134766e+00
1.771894836425781250e+02 1.382667694091796875e+02 -1.162894070148468018e-01 3.044202327728271484e+00 -1.391779184341430664e+00 -4.947900772094726562e-02 5.340356826782226562e+00 1.036294579505920410e+00 1.169065237045288086e+00
5.402287597656250000e+02 2.917040710449218750e+02 -1.688008010387420654e-01 3.099056482315063477e+00 -1.075265407562255859e+00 2.648639678955078125e-01 9.398431777954101562e+00 1.241079807281494141e+00 9.463133811950683594e+00
5.599625854492187500e+02 3.930749816894531250e+02 -1.076030731201171875e-01 3.238386631011962891e+00 -1.226080656051635742e+00 -4.303455352783203125e-02 5.116128921508789062e+00 1.089071869850158691e+00 7.872555255889892578e+00
5.356410522460937500e+02 6.489819946289062500e+02 -1.576752960681915283e-01 3.255314350128173828e+00 -1.181249618530273438e+00 -1.703000068664550781e-01 -5.098238945007324219e+00 1.114858627319335938e+00 3.655243158340454102e+00
5.367336425781250000e+02 6.070856323242187500e+02 -1.798450946807861328e-01 3.320142984390258789e+00 -1.266717910766601562e+00 -6.606101989746093750e-02 -1.823126077651977539e+00 1.431175470352172852e+00 3.601219415664672852e+00
5.384019165039062500e+02 4.377772827148437500e+02 -1.490405201911926270e-01 3.289706945419311523e+00 -1.485191583633422852e+00 1.560807228088378906e-01 -9.654581546783447266e-01 1.229451775550842285e+00 3.808753490447998047e-01
5.668950805664062500e+02 2.401791992187500000e+02 7.047802209854125977e-02 3.423777580261230469e+00 -1.407930850982666016e+00 -1.159548759460449219e-02 -2.260648012161254883e+00 1.196713924407958984e+00 4.986863136291503906e+00
5.585789794921875000e+02 1.117860794067382812e+02 -3.197759389877319336e-02 3.132393836975097656e+00 -1.109274625778198242e+00 -1.146745681762695312e-01 6.992914676666259766e+00 1.402740240097045898e+00 9.271875381469726562e+00
5.580144653320312500e+02 3.229718322753906250e+02 2.599984407424926758e-02 3.491715908050537109e+00 -1.002168655395507812e+00 2.332019805908203125e-01 3.776056766510009766e+00 1.090214133262634277e+00 9.120647430419921875e+00
5.593160400390625000e+02 5.200974121093750000e+02 -6.841346621513366699e-02 3.420874595642089844e+00 -1.107790470123291016e+00 6.441688537597656250e-01 6.182477474212646484e+00 1.200149774551391602e+00 8.548612594604492188e+00
5.704337768554687500e+02 3.530045776367187500e+02 -1.045982539653778076e-01 3.247523546218872070e+00 -1.434456110000610352e+00 1.672768592834472656e-01 -1.254425048828125000e+00 1.096716880798339844e+00 4.257937967777252197e-01
5.445612182617187500e+02 5.573164672851562500e+02 -7.908672094345092773e-02 3.557061910629272461e+00 -9.332668781280517578e-01 3.823971748352050781e-01 -1.960115432739257812e+00 1.303928613662719727e+00 4.227101325988769531e+00
1.642489013671875000e+02 1.878451995849609375e+02 9.934306144714355469e-02 4.110952854156494141e+00 -1.299247741699218750e+00 -8.652091026306152344e-02 -3.381996154785156250e+00 1.312144517898559570e+00 2.731641292572021484e+00
5.519951782226562500e+02 2.398427734375000000e+02 -2.337582409381866455e-01 3.129492044448852539e+00 -1.133594512939453125e+00 1.517796516418457031e-01 5.168743133544921875e+00 1.854310035705566406e+00 9.104455947875976562e+00
5.601899414062500000e+02 2.359435729980468750e+02 -2.407303452491760254e-01 2.965447902679443359e+00 -1.404148340225219727e+00 2.239465713500976562e-02 -7.055507659912109375e+00 1.147270560264587402e+00 3.507044553756713867e+00
5.631520996093750000e+02 2.241845092773437500e+02 -1.284889876842498779e-01 3.181472063064575195e+00 -1.115939617156982422e+00 2.935147285461425781e-01 1.945822238922119141e+00 1.625292420387268066e+00 3.002921104431152344e+00
1.836252441406250000e+02 5.115757446289062500e+02 -2.097746729850769043e-01 3.069781064987182617e+00 -1.498011350631713867e+00 2.172183990478515625e-01 3.332297801971435547e+00 1.318267822265625000e+00 6.902548789978027344e+00
1.639173431396484375e+02 9.515563011169433594e+00 -5.161806941032409668e-02 3.118649244308471680e+00 -9.326267242431640625e-01 4.788398742675781250e-01 -1.130532026290893555e+00 1.429588317871093750e+00 1.008314847946166992e+00
5.605505371093750000e+02 5.177073974609375000e+02 -1.941502094268798828e-02 3.481551170349121094e+00 -1.285586357116699219e+00 4.559588432312011719e-01 6.387457847595214844e+00 1.533660769462585449e+00 6.135526180267333984e+00
1.621436004638671875e+02 6.724664306640625000e+02 -8.529916405677795410e-02 3.177739143371582031e+00 -1.073800325393676758e+00 -1.778984069824218750e-01 7.421493530273437500e-01 1.292878150939941406e+00 6.079133033752441406e+00
5.608745727539062500e+02 1.533309631347656250e+02 -7.146194577217102051e-02 3.486054420471191406e+00 -9.581303596496582031e-01 4.052138328552246094e-01 -3.252953290939331055e+00 1.094491600990295410e+00 1.979858160018920898e+00
5.509097290039062500e+02 4.064371948242187500e+02 2.750068902969360352e-02 3.547079086303710938e+00 -1.134897470474243164e+00 4.781746864318847656e-01 1.853513717651367188e-01 9.615397453308105469e-01 6.872379183769226074e-01
5.296481933593750000e+02 2.456812896728515625e+02 1.514896750450134277e-01 3.826104164123535156e+00 -9.481775760650634766e-01 1.007342338562011719e-01 2.682647705078125000e+00 1.128447532653808594e+00 2.291890859603881836e+00
5.472518310546875000e+02 3.968424072265625000e+02 -4.211530089378356934e-02 3.399656295776367188e+00 -1.242462396621704102e+00 4.263448715209960938e-01 3.790497779846191406e+00 1.405105352401733398e+00 5.130280256271362305e-01
5.730603637695312500e+02 5.462752075195312500e+02 -2.932056784629821777e-02 3.726933956146240234e+00 -1.289556026458740234e+00 4.189848899841308594e-01 1.519401073455810547e+00 1.021946191787719727e+00 1.830117464065551758e+00
5.209394531250000000e+02 7.931234741210937500e+02 2.555966377258300781e-02 3.312078952789306641e+00 -9.533655643463134766e-01 -3.427469730377197266e-01 -9.188890457153320312e-01 9.352614879608154297e-01 9.687078475952148438e+00
1.635240631103515625e+02 6.836749267578125000e+01 -6.339386105537414551e-02 3.136791467666625977e+00 -1.209691762924194336e+00 -1.730310916900634766e-01 3.391320705413818359e+00 6.349539160728454590e-01 1.088463813066482544e-01
5.558898315429687500e+02 4.772869567871093750e+02 -2.376824617385864258e-02 3.347199916839599609e+00 -1.099365949630737305e+00 -1.430392265319824219e-02 -2.871267795562744141e+00 1.593915224075317383e+00 6.411377340555191040e-02
1.817764129638671875e+02 3.007158851623535156e+01 -1.604950428009033203e-01 3.267059326171875000e+00 -8.300793170928955078e-01 3.172636032104492188e-01 -3.063607215881347656e-01 1.234550356864929199e+00 1.282210469245910645e+00
6.214434814453125000e+02 5.739843139648437500e+02 -1.103667914867401123e-01 2.533020973205566406e+00 -1.209805011749267578e+00 3.928565979003906250e-01 -8.576512336730957031e-01 1.284294605255126953e+00 1.517206430435180664e+00
5.422745971679687500e+02 4.886261596679687500e+02 -6.188437342643737793e-02 3.202777862548828125e+00 -1.255774497985839844e+00 -6.421089172363281250e-02 -1.929079294204711914e+00 1.524608731269836426e+00 2.193195581436157227e+00
1.688600463867187500e+02 1.556913452148437500e+02 -1.416720449924468994e-01 3.119958639144897461e+00 -9.541344642639160156e-01 7.746934890747070312e-02 1.924803256988525391e+00 1.334919333457946777e+00 9.618415832519531250e-01
1.698170318603515625e+02 5.831686401367187500e+02 -1.675699651241302490e-01 3.070620298385620117e+00 -1.223542690277099609e+00 2.464604377746582031e-01 -1.351580619812011719e+00 1.387959003448486328e+00 4.776828765869140625e+00
5.448271484375000000e+02 3.346438293457031250e+02 1.072168350219726562e-02 3.373641252517700195e+00 -1.002508401870727539e+00 7.571387290954589844e-01 -8.195638656616210938e-03 1.299885988235473633e+00 8.535304665565490723e-01
5.318194580078125000e+02 4.967578735351562500e+02 2.079045772552490234e-01 3.613442659378051758e+00 -1.120891571044921875e+00 9.936571121215820312e-02 -1.408612728118896484e-01 8.419688940048217773e-01 3.583171367645263672e+00
5.218347167968750000e+02 4.138369140625000000e+02 -1.881471276283264160e-01 3.064078330993652344e+00 -9.479057788848876953e-01 1.477766036987304688e-01 -2.101793289184570312e+00 1.085196614265441895e+00 9.325933456420898438e-01
5.607029418945312500e+02 5.781536254882812500e+02 -1.912210881710052490e-01 3.287958383560180664e+00 -1.314747333526611328e+00 -5.240845680236816406e-01 -4.708141326904296875e+00 1.630573987960815430e+00 3.045452594757080078e+00
5.571459350585937500e+02 6.073260498046875000e+02 -1.934827864170074463e-01 3.342726945877075195e+00 -1.317701339721679688e+00 -2.172613143920898438e-01 3.993186950683593750e+00 1.807054877281188965e+00 1.700155973434448242e+00
5.475176391601562500e+02 3.339079895019531250e+02 4.179120063781738281e-02 3.491988658905029297e+00 -1.415450572967529297e+00 3.864145278930664062e-01 -2.318344116210937500e+00 1.010938167572021484e+00 1.300182938575744629e+00
5.408260498046875000e+02 4.495237426757812500e+02 -1.214902102947235107e-01 3.012370347976684570e+00 -1.393805742263793945e+00 -1.175045967102050781e-01 -1.544946432113647461e+00 1.097795367240905762e+00 3.992515563964843750e+00
5.412797241210937500e+02 3.569935607910156250e+02 -1.065737009048461914e-01 3.023666858673095703e+00 -1.178553104400634766e+00 2.346968650817871094e-01 1.884639263153076172e+00 1.203687071800231934e+00 1.921940326690673828e+00
5.405897216796875000e+02 4.608406982421875000e+02 1.821994781494140625e-02 3.655022859573364258e+00 -1.180316209793090820e+00 1.732516288757324219e-01 -3.286868333816528320e+00 1.256381273269653320e+00 7.773472070693969727e-01
1.644359283447265625e+02 1.223173522949218750e+02 1.445803046226501465e-01 3.864869832992553711e+00 -7.604098320007324219e-01 2.523183822631835938e-01 5.418682098388671875e-01 1.020718097686767578e+00 7.948083877563476562e-01
5.595992431640625000e+02 1.877453155517578125e+02 -1.214508712291717529e-01 3.152936458587646484e+00 -1.098620891571044922e+00 4.518413543701171875e-01 9.574453353881835938e+00 1.348978877067565918e+00 9.513560295104980469e+00
1.729834442138671875e+02 8.783897399902343750e+00 3.333270549774169922e-01 4.256273746490478516e+00 -1.913647651672363281e+00 -3.270816802978515625e-01 -5.377606391906738281e+00 8.538221716880798340e-01 4.674989700317382812e+00
1.670805206298828125e+02 3.255936861038208008e+00 -1.686227321624755859e-01 2.904285669326782227e+00 -1.352235078811645508e+00 7.253646850585937500e-02 -4.180963039398193359e+00 1.291338205337524414e+00 1.149607658386230469e+00
5.582189331054687500e+02 4.499327087402343750e+02 -1.019507646560668945e-01 3.050917863845825195e+00 -1.235430240631103516e+00 -9.706854820251464844e-02 3.426320552825927734e+00 1.349028110504150391e+00 4.089742660522460938e+00
1.707115020751953125e+02 7.489430999755859375e+01 -1.535920798778533936e-01 3.187583446502685547e+00 -1.054465770721435547e+00 2.896547317504882812e-02 4.690062999725341797e+00 9.363023042678833008e-01 1.221954703330993652e+00
5.653692016601562500e+02 4.559894104003906250e+02 1.405531167984008789e-01 3.956699371337890625e+00 -1.263151168823242188e+00 6.011533737182617188e-01 -1.282398700714111328e+00 1.488723635673522949e+00 5.056632161140441895e-01
5.594589233398437500e+02 6.212781372070312500e+02 3.256171941757202148e-02 3.692328691482543945e+00 -1.495937108993530273e+00 2.272081375122070312e-01 -5.214128494262695312e+00 1.349238872528076172e+00 4.056674480438232422e+00
1.648826599121093750e+02 2.448950500488281250e+02 -7.015183568000793457e-02 3.012286663055419922e+00 -9.313082695007324219e-01 5.909991264343261719e-01 4.936242103576660156e+00 1.113616466522216797e+00 9.713988751173019409e-02
5.604198608398437500e+02 5.195659179687500000e+02 -1.158870756626129150e-01 3.250777721405029297e+00 -1.257414817810058594e+00 1.619958877563476562e-01 -2.948501110076904297e+00 9.917511940002441406e-01 2.109827756881713867e+00
1.535670013427734375e+02 4.852149353027343750e+02 1.844644546508789062e-02 3.367918968200683594e+00 -1.394958496093750000e+00 -5.261695384979248047e-01 -8.466802597045898438e+00 1.213996529579162598e+00 8.144797325134277344e+00
1.827969818115234375e+02 5.324110717773437500e+02 -1.088322699069976807e-01 3.096924543380737305e+00 -1.455452442169189453e+00 -2.032518386840820312e-03 -1.254166364669799805e+00 1.307999372482299805e+00 6.164181709289550781e+00
5.525574340820312500e+02 5.010888671875000000e+02 -2.268104255199432373e-01 3.143175840377807617e+00 -1.121712923049926758e+00 2.873086929321289062e-01 -3.069584369659423828e+00 1.530786633491516113e+00 3.837559700012207031e+00
1.787889556884765625e+02 1.259845123291015625e+02 8.900970220565795898e-02 3.615683317184448242e+00 -1.351399421691894531e+00 3.760099411010742188e-01 4.453737735748291016e+00 9.638437628746032715e-01 1.135498523712158203e+00
5.572749023437500000e+02 2.132454376220703125e+02 -2.263516187667846680e-02 3.555290222167968750e+00 -9.624159336090087891e-01 8.143424987792968750e-01 7.105391025543212891e+00 9.615150094032287598e-01 9.991722106933593750e+00
5.806994628906250000e+02 4.137760620117187500e+02 -4.507422447204589844e-02 3.462423324584960938e+00 -1.422598361968994141e+00 8.739948272705078125e-02 -8.506155014038085938e-01 1.198639750480651855e+00 1.022849678993225098e+00
5.233103027343750000e+02 3.511379699707031250e+02 -2.205878496170043945e-02 3.512045860290527344e+00 -8.827388286590576172e-01 -3.576040267944335938e-02 1.715991497039794922e+00 1.035101652145385742e+00 7.812449932098388672e-01
1.700471649169921875e+02 1.757366638183593750e+02 -1.754425466060638428e-01 3.151809930801391602e+00 -1.158190965652465820e+00 2.439546585083007812e-01 3.359372615814208984e+00 1.178639769554138184e+00 5.274953842163085938e-01
1.641299438476562500e+02 5.965871810913085938e+01 2.489733695983886719e-01 3.855090141296386719e+00 -1.327884197235107422e+00 -4.327785968780517578e-01 1.133377552032470703e+00 7.886780500411987305e-01 1.609583377838134766e+00
5.311030883789062500e+02 5.405041503906250000e+02 -1.279155910015106201e-01 3.219445943832397461e+00 -1.236433982849121094e+00 2.045917510986328125e-01 1.534929275512695312e+00 1.007741212844848633e+00 2.159679889678955078e+00
5.307487792968750000e+02 3.661817016601562500e+02 -5.185008049011230469e-02 3.300928354263305664e+00 -1.009671688079833984e+00 -4.283428192138671875e-02 5.953502655029296875e-01 9.501892328262329102e-01 1.677600294351577759e-01
1.624204559326171875e+02 1.910570335388183594e+01 -2.387587726116180420e-01 2.775536537170410156e+00 -7.484221458435058594e-01 7.588148117065429688e-02 4.060220718383789062e-01 1.289675354957580566e+00 1.624674677848815918e+00
5.370478515625000000e+02 2.966380004882812500e+02 -5.727753043174743652e-02 3.051301002502441406e+00 -1.114552021026611328e+00 7.868766784667968750e-02 -5.686339378356933594e+00 1.012589335441589355e+00 2.326364994049072266e+00
5.517150878906250000e+02 1.909483032226562500e+02 -1.348750293254852295e-01 3.604206323623657227e+00 -1.139003038406372070e+00 6.623172760009765625e-01 8.779945373535156250e+00 1.093717336654663086e+00 9.321905136108398438e+00
5.603212280273437500e+02 2.484708251953125000e+02 -2.095088362693786621e-01 3.006292104721069336e+00 -1.440865993499755859e+00 2.676510810852050781e-01 6.336183547973632812e+00 1.046603083610534668e+00 9.937972068786621094e+00
5.646533813476562500e+02 2.441925048828125000e+02 -6.233304738998413086e-03 3.273855686187744141e+00 -1.149224042892456055e+00 5.240917205810546875e-01 1.096874713897705078e+01 1.204117059707641602e+00 9.722672462463378906e+00
5.620986938476562500e+02 3.988104248046875000e+02 -2.187755703926086426e-01 3.006295204162597656e+00 -1.546608209609985352e+00 -1.960885524749755859e-01 -7.328033447265625000e-02 1.291062116622924805e+00 8.287833213806152344e+00
5.547794189453125000e+02 4.371500854492187500e+02 2.649933099746704102e-02 3.526304721832275391e+00 -1.850266456604003906e+00 -3.247606754302978516e-01 3.932070732116699219e+00 1.210940003395080566e+00 6.902710199356079102e-01
5.311346435546875000e+02 7.594526367187500000e+02 7.664173841476440430e-02 3.585472106933593750e+00 -9.521150588989257812e-01 3.662252426147460938e-01 -3.250125646591186523e+00 1.099578261375427246e+00 9.602290153503417969e+00
1.755908355712890625e+02 3.267090606689453125e+01 -8.417665958404541016e-02 3.132843971252441406e+00 -1.037433147430419922e+00 1.260757446289062500e-02 6.126430034637451172e+00 9.245824813842773438e-01 1.318894505500793457e+00
5.416882324218750000e+02 4.218980407714843750e+02 1.971799135208129883e-01 3.574116945266723633e+00 -1.274592876434326172e+00 2.689886093139648438e-01 -2.799856662750244141e-01 1.184783220291137695e+00 9.548488855361938477e-01
5.309661865234375000e+02 6.362397460937500000e+02 2.734807133674621582e-01 3.984797239303588867e+00 -1.005192995071411133e+00 2.650451660156250000e-01 1.137280464172363281e-01 9.725880622863769531e-01 3.173156023025512695e+00
5.608654174804687500e+02 4.586966552734375000e+02 3.594925999641418457e-01 4.262511730194091797e+00 -1.821508407592773438e+00 2.758812904357910156e-01 -2.542078495025634766e-01 1.165042996406555176e+00 9.892207980155944824e-01
1.722783203125000000e+02 5.030571899414062500e+02 -1.340740919113159180e-01 3.073169231414794922e+00 -9.091556072235107422e-01 2.719402313232421875e-02 2.966842651367187500e+00 1.168141245841979980e+00 5.708065032958984375e+00
1.754497375488281250e+02 1.860695648193359375e+02 -1.639279723167419434e-01 3.145002603530883789e+00 -1.363636255264282227e+00 7.131814956665039062e-02 1.031572818756103516e+00 1.176206111907958984e+00 2.473553121089935303e-01
1.778115844726562500e+02 1.035787811279296875e+02 -7.949918508529663086e-02 3.271017551422119141e+00 -1.487531661987304688e+00 -1.482129096984863281e-02 -3.943681716918945312e-02 1.048555970191955566e+00 1.331225037574768066e+00
5.450021972656250000e+02 2.974663696289062500e+02 4.494488239288330078e-03 3.135494470596313477e+00 -1.535052061080932617e+00 1.416206359863281250e-03 -4.432966709136962891e+00 1.234417200088500977e+00 8.467110395431518555e-01
1.603063964843750000e+02 7.316825103759765625e+01 -2.954095602035522461e-02 3.324799537658691406e+00 -1.336294412612915039e+00 -3.250300884246826172e-01 5.393433570861816406e+00 9.597005844116210938e-01 3.685931861400604248e-01
5.626963500976562500e+02 3.125998535156250000e+02 -5.905330181121826172e-02 3.681677579879760742e+00 -1.432615518569946289e+00 4.599809646606445312e-02 -4.440355300903320312e-01 1.472966194152832031e+00 5.138678073883056641e+00
1.669183044433593750e+02 4.712454605102539062e+01 -6.341248750686645508e-02 3.413597583770751953e+00 -1.066441535949707031e+00 2.699255943298339844e-01 2.228865623474121094e+00 1.576671600341796875e+00 9.981744289398193359e-01
1.667995758056640625e+02 6.201334228515625000e+02 8.556604385375976562e-02 3.568591833114624023e+00 -1.018180847167968750e+00 6.848096847534179688e-02 -1.458859443664550781e+00 9.415691494941711426e-01 7.498881340026855469e+00
5.327577514648437500e+02 2.344912261962890625e+02 -1.416918635368347168e-01 3.067270994186401367e+00 -1.110650300979614258e+00 -2.169907093048095703e-01 7.148065567016601562e+00 1.054309964179992676e+00 9.361897468566894531e+00
5.608686523437500000e+02 2.721562805175781250e+02 -6.595328450202941895e-02 3.361525535583496094e+00 -1.152337789535522461e+00 2.432775497436523438e-01 5.352873802185058594e+00 1.250113129615783691e+00 8.639970779418945312e+00
5.333153076171875000e+02 3.365396118164062500e+02 -1.840999722480773926e-01 3.295900344848632812e+00 -1.151797771453857422e+00 -1.741290092468261719e-02 1.297144889831542969e+00 1.234989047050476074e+00 7.635600090026855469e+00
5.655643920898437500e+02 5.384716186523437500e+02 -1.220926642417907715e-02 3.436589956283569336e+00 -1.348646879196166992e+00 3.348851203918457031e-01 -2.665624618530273438e+00 1.226209282875061035e+00 3.223575353622436523e+00
1.698762664794921875e+02 2.105581054687500000e+02 6.236106157302856445e-02 3.639961242675781250e+00 -1.017550230026245117e+00 -2.418208122253417969e-01 3.385732173919677734e+00 9.615064263343811035e-01 2.144502699375152588e-01
5.454682617187500000e+02 5.790093383789062500e+02 -2.403700351715087891e-01 3.228092432022094727e+00 -1.332699060440063477e+00 2.556443214416503906e-01 -1.415121555328369141e+00 1.426407575607299805e+00 3.288767099380493164e+00
1.552377471923828125e+02 5.288164672851562500e+02 -4.964485764503479004e-02 3.459121227264404297e+00 -8.232843875885009766e-01 -1.556301116943359375e-01 5.352241992950439453e+00 1.129439711570739746e+00 6.255182266235351562e+00
1.675010375976562500e+02 3.778347167968750000e+02 1.242491602897644043e-01 3.475391864776611328e+00 -1.225836277008056641e+00 2.530312538146972656e-01 -8.105409145355224609e-01 1.022106170654296875e+00 3.078108787536621094e+00
5.129647827148437500e+02 4.432457885742187500e+02 1.251065731048583984e-01 3.291492700576782227e+00 -1.036366224288940430e+00 -2.994382381439208984e-01 5.776655673980712891e+00 6.712964773178100586e-01 7.709121227264404297e+00
5.369233398437500000e+02 3.598160400390625000e+02 -7.678940892219543457e-02 2.893286943435668945e+00 -9.697937965393066406e-01 1.771855354309082031e-01 -1.825071573257446289e+00 7.510710954666137695e-01 1.083217024803161621e+00
5.335021972656250000e+02 6.466920166015625000e+02 -4.125148057937622070e-02 3.534687042236328125e+00 -1.241589784622192383e+00 1.685142517089843750e-02 -7.351596355438232422e+00 1.043261885643005371e+00 3.503398656845092773e+00
5.235897827148437500e+02 2.174382171630859375e+02 -2.055287361145019531e-01 3.026272773742675781e+00 -9.789049625396728516e-01 1.413416862487792969e-01 1.003911209106445312e+01 1.508125185966491699e+00 9.504878997802734375e+00
1.763991699218750000e+02 1.704256439208984375e+02 -2.363361418247222900e-01 3.023637294769287109e+00 -1.138246059417724609e+00 2.606225013732910156e-01 3.999495506286621094e+00 1.485309362411499023e+00 4.097414016723632812e-01
1.708760223388671875e+02 4.981812438964843750e+02 -1.220226287841796875e-02 3.308707714080810547e+00 -1.114867925643920898e+00 3.953981399536132812e-01 3.175613880157470703e+00 1.050668716430664062e+00 5.723078727722167969e+00
1.671806945800781250e+02 4.620094909667968750e+02 -5.043849349021911621e-02 3.441496610641479492e+00 -1.293348073959350586e+00 2.939224243164062500e-01 7.529258728027343750e-02 1.609273672103881836e+00 6.841013908386230469e+00
1.647630767822265625e+02 1.242685317993164062e+02 1.348257064819335938e-03 3.477768898010253906e+00 -1.148799657821655273e+00 -7.008433341979980469e-02 -5.730152130126953125e-02 7.234099507331848145e-01 2.771346807479858398e+00
5.596752319335937500e+02 5.595949096679687500e+02 8.220881223678588867e-02 3.243368864059448242e+00 -1.407680511474609375e+00 4.967021942138671875e-01 -3.236457109451293945e+00 7.958124876022338867e-01 1.720950841903686523e+00
1.682879486083984375e+02 5.716660766601562500e+02 -7.961004972457885742e-02 3.145966053009033203e+00 -7.282543182373046875e-01 3.894448280334472656e-01 4.323039054870605469e+00 1.129093647003173828e+00 6.231554985046386719e+00
5.294846801757812500e+02 6.395765380859375000e+02 -2.350692451000213623e-01 3.376188039779663086e+00 -8.337128162384033203e-01 -7.274580001831054688e-01 -2.941133975982666016e+00 1.840859651565551758e+00 3.571643352508544922e+00
5.358704833984375000e+02 3.006635856628417969e+01 -2.313086390495300293e-01 3.071391582489013672e+00 -1.316179037094116211e+00 1.942253112792968750e-01 -2.104544639587402344e+00 1.364432096481323242e+00 3.746594488620758057e-01
5.720235595703125000e+02 3.378142395019531250e+02 -3.918915987014770508e-02 3.424727678298950195e+00 -1.334555149078369141e+00 2.206516265869140625e-01 -2.555333375930786133e+00 1.259886741638183594e+00 4.837937280535697937e-02
5.413204956054687500e+02 1.844514617919921875e+02 6.402730941772460938e-03 3.668734073638916016e+00 -1.231971979141235352e+00 1.983261108398437500e-01 7.780432701110839844e-01 1.088948249816894531e+00 9.374718666076660156e+00
5.645950927734375000e+02 4.718975524902343750e+02 4.343092441558837891e-03 3.452987194061279297e+00 -1.437525749206542969e+00 -2.599680423736572266e-01 1.819410324096679688e+00 1.238590717315673828e+00 4.120398998260498047e+00
5.601529541015625000e+02 6.417814331054687500e+02 -6.594657897949218750e-03 3.466956853866577148e+00 -9.998214244842529297e-01 3.966689109802246094e-01 1.438269615173339844e+00 1.298373460769653320e+00 1.170114278793334961e+00
1.681022338867187500e+02 5.318887939453125000e+02 5.938768386840820312e-02 3.446135520935058594e+00 -1.149500608444213867e+00 -5.767226219177246094e-02 1.388437747955322266e+00 9.632373452186584473e-01 6.523181915283203125e+00
5.599625854492187500e+02 3.930749816894531250e+02 -1.076030731201171875e-01 3.238386631011962891e+00 -1.226080656051635742e+00 -4.303455352783203125e-02 5.116128921508789062e+00 1.089071869850158691e+00 7.872555255889892578e+00
5.648118286132812500e+02 5.835038452148437500e+02 -1.182284951210021973e-01 3.169559240341186523e+00 -1.183164119720458984e+00 2.885890007019042969e-01 4.710252285003662109e+00 1.234404802322387695e+00 2.063082695007324219e+00
5.620968627929687500e+02 3.886512145996093750e+02 -1.510904729366302490e-01 3.571313619613647461e+00 -1.120485067367553711e+00 4.386711120605468750e-01 -2.851085662841796875e+00 1.419198274612426758e+00 5.337070226669311523e-01
5.603665161132812500e+02 1.758832397460937500e+02 -1.414711773395538330e-01 3.470211029052734375e+00 -1.212601661682128906e+00 -1.718521118164062500e-02 7.933988571166992188e+00 1.367548942565917969e+00 9.334774971008300781e+00
1.647249755859375000e+02 4.638205566406250000e+02 -1.045723259449005127e-01 3.211139202117919922e+00 -1.150029897689819336e+00 1.923799514770507812e-02 1.297981739044189453e+00 9.799301028251647949e-01 6.182953834533691406e+00
5.632105712890625000e+02 5.724057617187500000e+02 -4.749983549118041992e-02 2.913018941879272461e+00 -1.431442499160766602e+00 4.485130310058593750e-02 4.853711128234863281e+00 1.018220901489257812e+00 2.628376007080078125e+00
1.494442138671875000e+02 4.074533843994140625e+01 -1.553721725940704346e-01 2.647912740707397461e+00 -1.192398071289062500e+00 -2.177476882934570312e-02 4.905891418457031250e-01 1.147446036338806152e+00 1.661689162254333496e+00
1.698525848388671875e+02 4.047858276367187500e+02 8.526057004928588867e-02 3.240115642547607422e+00 -1.486904621124267578e+00 -2.177953720092773438e-02 -1.393206119537353516e+00 1.250076174736022949e+00 2.558085680007934570e+00
5.445189819335937500e+02 5.006122436523437500e+02 6.258010864257812500e-02 3.415790081024169922e+00 -1.388963460922241211e+00 9.186983108520507812e-02 1.632878780364990234e+00 1.157497048377990723e+00 2.041159152984619141e+00
5.687611083984375000e+02 2.020087432861328125e+02 -1.155920326709747314e-01 3.023593425750732422e+00 -1.489670276641845703e+00 1.814389228820800781e-01 7.214148044586181641e+00 1.653648376464843750e+00 9.695246696472167969e+00
5.493354492187500000e+02 2.122991638183593750e+02 -2.075265347957611084e-01 3.154554367065429688e+00 -1.273599863052368164e+00 5.869197845458984375e-01 8.935403823852539062e+00 1.801301956176757812e+00 9.282638549804687500e+00
5.316438598632812500e+02 5.509688110351562500e+02 -2.542942762374877930e-01 3.093030929565429688e+00 -1.206145286560058594e+00 5.011463165283203125e-01 -4.030632019042968750e+00 1.688388705253601074e+00 2.193650245666503906e+00
5.271533203125000000e+02 3.358970031738281250e+02 -4.279613494873046875e-02 3.397847652435302734e+00 -1.040295362472534180e+00 -1.578593254089355469e-01 -2.300206422805786133e+00 1.052228808403015137e+00 5.626888945698738098e-02
5.310025024414062500e+02 5.281268310546875000e+02 1.871585845947265625e-04 3.095190286636352539e+00 -1.355555057525634766e+00 3.646397590637207031e-01 -2.247165441513061523e+00 8.778610825538635254e-01 4.309932231903076172e+00
5.732374267578125000e+02 6.645947875976562500e+02 6.350755691528320312e-02 3.450548648834228516e+00 -9.764432907104492188e-01 6.421995162963867188e-01 8.361091613769531250e+00 1.353964090347290039e+00 4.183202266693115234e+00
5.527524414062500000e+02 5.187412719726562500e+02 1.320362091064453125e-02 3.454760074615478516e+00 -1.614645719528198242e+00 -3.225958347320556641e-01 8.595449447631835938e+00 1.507132291793823242e+00 2.101741790771484375e+00
5.648839111328125000e+02 5.667058715820312500e+02 -1.940250396728515625e-02 3.188953876495361328e+00 -1.141089200973510742e+00 -2.428936958312988281e-01 -4.834568500518798828e+00 1.199867844581604004e+00 3.812424182891845703e+00
5.509620971679687500e+02 5.294889526367187500e+02 -1.192067563533782959e-01 3.374962329864501953e+00 -1.355391740798950195e+00 3.154277801513671875e-03 3.579518795013427734e+00 9.513251781463623047e-01 3.760806322097778320e+00
1.630416107177734375e+02 7.496463012695312500e+01 2.364516258239746094e-02 3.171577453613281250e+00 -1.181322336196899414e+00 8.626937866210937500e-02 1.186497211456298828e+00 8.341784477233886719e-01 1.674167871475219727e+00
5.620968627929687500e+02 3.886512145996093750e+02 -1.510904729366302490e-01 3.571313619613647461e+00 -1.120485067367553711e+00 4.386711120605468750e-01 -2.851085662841796875e+00 1.419198274612426758e+00 5.337070226669311523e-01
1.618095397949218750e+02 4.490742874145507812e+01 -1.696719229221343994e-01 2.890257835388183594e+00 -1.318863630294799805e+00 8.809566497802734375e-03 1.995429992675781250e+00 1.131577968597412109e+00 2.004992485046386719e+00
6.269409179687500000e+02 5.584873046875000000e+02 -2.077342569828033447e-01 2.860805749893188477e+00 -1.361371278762817383e+00 9.035348892211914062e-02 -6.906473636627197266e-01 1.597067356109619141e+00 1.307738780975341797e+00
1.599574279785156250e+02 4.421008605957031250e+02 -1.131315529346466064e-01 3.115383863449096680e+00 -1.258746385574340820e+00 -9.595513343811035156e-02 1.824765205383300781e+00 8.414264917373657227e-01 5.695371627807617188e+00
1.825003814697265625e+02 1.818408203125000000e+02 6.692796945571899414e-02 3.491408109664916992e+00 -1.060105562210083008e+00 6.383562088012695312e-01 1.522331237792968750e+00 1.016270995140075684e+00 4.681127071380615234e-01
5.369475708007812500e+02 4.897978820800781250e+02 4.610955715179443359e-02 3.607592105865478516e+00 -1.157187223434448242e+00 3.543877601623535156e-01 -2.798693180084228516e+00 1.487423777580261230e+00 2.778771162033081055e+00
5.547973022460937500e+02 2.014984130859375000e+02 -1.136130094528198242e-01 3.500412702560424805e+00 -1.394023895263671875e+00 3.805446624755859375e-01 5.341444015502929688e+00 1.465469360351562500e+00 9.755648612976074219e+00
5.608412475585937500e+02 3.515006713867187500e+02 -1.284942030906677246e-02 3.480684757232666016e+00 -1.525647640228271484e+00 1.047730445861816406e-01 1.125860214233398438e-01 1.186901330947875977e+00 4.351332485675811768e-01
5.614279785156250000e+02 1.968776092529296875e+02 -1.335912942886352539e-01 2.807737112045288086e+00 -1.113661527633666992e+00 -5.861520767211914062e-03 6.200301647186279297e+00 1.390908956527709961e+00 7.973606109619140625e+00
5.659808959960937500e+02 3.118862609863281250e+02 5.080759525299072266e-02 3.788334846496582031e+00 -1.016941070556640625e+00 5.988025665283203125e-01 5.644485950469970703e+00 1.499240517616271973e+00 8.722171783447265625e+00
5.596895141601562500e+02 1.985888061523437500e+02 -1.083450019359588623e-01 3.193363428115844727e+00 -1.394269466400146484e+00 3.127813339233398438e-02 -5.732917785644531250e-01 1.319302201271057129e+00 1.824317455291748047e+00
5.591917724609375000e+02 3.621996765136718750e+02 -2.219001948833465576e-01 3.030998706817626953e+00 -1.212321519851684570e+00 2.163767814636230469e-01 -3.156827688217163086e+00 9.931188225746154785e-01 2.166161239147186279e-01
1.673958435058593750e+02 1.651935577392578125e+02 -8.154645562171936035e-02 3.247336149215698242e+00 -1.329914331436157227e+00 4.647731781005859375e-02 5.065157413482666016e+00 1.143416166305541992e+00 1.796526193618774414e+00
1.781877593994140625e+02 2.533906459808349609e+00 -8.576214313507080078e-02 3.126549959182739258e+00 -9.334504604339599609e-01 1.766943931579589844e-01 8.186459541320800781e-01 1.043571114540100098e+00 1.646527528762817383e+00
5.412427978515625000e+02 5.390878295898437500e+02 -5.825757980346679688e-03 3.806284904479980469e+00 -9.902894496917724609e-01 3.960967063903808594e-01 3.273127079010009766e+00 1.230605244636535645e+00 2.155951976776123047e+00
1.728103637695312500e+02 7.492548370361328125e+01 -6.437718868255615234e-02 3.082098484039306641e+00 -1.222199201583862305e+00 -1.489937305450439453e-01 2.722613811492919922e+00 1.324650049209594727e+00 1.854951858520507812e+00
5.604418945312500000e+02 3.804978027343750000e+02 -1.023668050765991211e-01 3.109400987625122070e+00 -1.548100709915161133e+00 1.965761184692382812e-01 -2.695248126983642578e+00 1.211164712905883789e+00 1.089939400553703308e-01
5.663533325195312500e+02 5.471055297851562500e+02 -1.486384868621826172e-01 3.229348182678222656e+00 -1.360930204391479492e+00 6.447315216064453125e-02 5.521366596221923828e+00 1.251999020576477051e+00 5.177200436592102051e-01
5.687012939453125000e+02 5.076396484375000000e+02 -1.418755948543548584e-01 3.108559608459472656e+00 -1.373600959777832031e+00 3.826022148132324219e-01 7.230682373046875000e+00 1.339905261993408203e+00 4.083637237548828125e+00
5.570654907226562500e+02 4.107243041992187500e+02 -2.452239394187927246e-02 3.514481782913208008e+00 -1.770228147506713867e+00 3.094983100891113281e-01 -2.203381061553955078e+00 1.063815116882324219e+00 1.102300286293029785e+00
5.647453002929687500e+02 4.344719848632812500e+02 1.312494277954101562e-03 3.257060289382934570e+00 -1.156502962112426758e+00 -1.336169242858886719e-01 -2.392017841339111328e-01 1.157723665237426758e+00 4.150558471679687500e+00
5.559211425781250000e+02 2.863312683105468750e+02 -2.461865544319152832e-02 3.465209007263183594e+00 -1.190090179443359375e+00 4.532957077026367188e-01 -1.978110074996948242e+00 1.338645100593566895e+00 5.871854782104492188e+00
5.564526367187500000e+02 1.979259185791015625e+02 1.500496268272399902e-01 3.824454784393310547e+00 -1.223405599594116211e+00 7.168602943420410156e-01 8.529448509216308594e+00 1.061318039894104004e+00 9.569398880004882812e+00
5.592913208007812500e+02 5.335720214843750000e+02 -1.180596649646759033e-01 3.202435731887817383e+00 -1.464049816131591797e+00 -1.596570014953613281e-02 5.728647708892822266e+00 1.175876140594482422e+00 1.803689122200012207e+00
5.311030883789062500e+02 5.405041503906250000e+02 -1.279155910015106201e-01 3.219445943832397461e+00 -1.236433982849121094e+00 2.045917510986328125e-01 1.534929275512695312e+00 1.007741212844848633e+00 2.159679889678955078e+00
5.598001708984375000e+02 1.810195617675781250e+02 -4.425153136253356934e-02 3.381222724914550781e+00 -1.498458385467529297e+00 -3.222870826721191406e-01 8.269462585449218750e+00 9.588457345962524414e-01 8.868834495544433594e+00
5.589522705078125000e+02 4.375989074707031250e+02 4.041045904159545898e-02 3.896967172622680664e+00 -1.011581420898437500e+00 1.044702529907226562e-01 2.044277191162109375e+00 1.369887590408325195e+00 4.290696144104003906e+00
