5.624512515419999545e+04 7.541306925112064796e+00 9.721607158301422136e-02
5.624608779680000589e+04 7.472474007732434309e+00 1.036052972227270857e-01
5.626615612209999381e+04 7.293043401674751181e+00 9.416128515173274871e-02
5.627112598499999876e+04 7.186463714496917454e+00 9.152583573841933939e-02
5.627716305819999980e+04 7.039954984438921315e+00 8.976557908561924592e-02
5.629016345650000585e+04 6.784962565853914107e+00 1.035079452953238388e-01
5.629710218790000363e+04 7.221759646074240813e+00 9.277450274462793745e-02
5.630805904609999561e+04 7.171004451617396747e+00 9.305028420496792851e-02
5.632504258549999940e+04 7.153355679343431639e+00 1.164376263274227580e-01
5.653621013204334304e+04 8.779144711509804466e+00 4.029763096654803006e-02
5.654322607279667864e+04 9.023541238445968560e+00 2.935361237894982059e-02
5.654729371355334297e+04 9.116426178055611729e+00 4.021100250596116449e-02
5.656316975864500273e+04 8.684672329994011619e+00 2.586546354065438758e-02
5.656725142714665708e+04 8.416932706311978762e+00 1.799186106516843103e-02
5.657521799892999843e+04 8.319491050201094140e+00 3.666426593237850223e-02
5.657920694714334240e+04 8.227155215493073825e+00 1.966529352739665101e-02
5.659120011880667880e+04 7.894571785762439120e+00 2.557194781563255567e-02
5.659510880061332136e+04 7.849495666867357002e+00 8.084782811455706875e-03
5.660214708456001244e+04 7.727064081384809491e+00 1.780247641446585857e-02
5.660716050100666325e+04 8.169328918754839464e+00 1.058128168715787541e-02
5.661703598942331882e+04 7.621151256796538931e+00 1.827514281924391346e-02
5.662706676133332076e+04 7.536556504430300230e+00 6.332460391217243321e-03
5.663514432636665879e+04 7.671170372877327281e+00 1.724518042247677810e-02
5.664607959647665848e+04 7.628456507465515735e+00 8.688425772701915961e-03
5.665311627625000983e+04 7.837856551345040224e+00 1.966674108904023846e-02
5.666104975728000136e+04 7.832680490489917879e+00 2.783357669540163087e-03
5.667607401797665807e+04 7.339852628891876840e+00 3.665070174520925622e-02
5.668307955493999907e+04 7.445101393462831396e+00 4.961076461152490180e-02
5.669008170983000309e+04 7.426363303468966670e+00 4.611350799820349011e-02
5.669708185440999659e+04 7.094114996083297875e+00 8.741212662374414633e-02
5.690323933073999797e+04 6.706885886835967980e+00 1.019963721691877906e-02
5.691619616962000146e+04 6.782075335298195284e+00 1.734961589073791624e-02
5.692018531427667767e+04 6.897257921487602417e+00 2.371428943590995781e-03
5.692518116926668154e+04 6.813712435553664903e+00 4.588702601507817572e-03
5.693027654900000198e+04 6.665225797894599680e+00 1.199747026898725054e-02
5.693137135116999707e+04 6.707379063273997133e+00 1.199478877974751627e-03
5.693215426419000141e+04 6.741444476958792897e+00 8.282442192544712048e-03
5.694319492652668123e+04 6.636431237838184671e+00 1.214598256519133952e-03
5.694912835222000285e+04 6.759076891079053517e+00 6.074478204764709177e-02
5.695621969510999770e+04 6.634871414000982348e+00 9.368866409422997241e-04
5.696024967189000745e+04 6.910635203866673848e+00 7.698421722180690679e-03
5.697308946227665729e+04 6.712226423537726916e+00 5.857885341770530455e-03
5.698008176041999832e+04 6.662168663049825135e+00 8.505378759416284268e-03
5.698708673539332085e+04 6.742498647443261106e+00 1.010868616169230405e-02
5.699008724231000087e+04 6.700286861172702224e+00 1.694624364010741471e-02
5.700105309992332332e+04 6.750634163736077831e+00 8.245198641160071673e-03
5.700508818243000132e+04 6.957340369680352410e+00 1.318236756826582715e-02
5.701209874548335210e+04 6.862811272158674925e+00 9.053407575906009808e-03
5.701810135220333905e+04 6.802472467359829800e+00 1.668746263953811357e-02
5.702904873990333726e+04 6.780288395941498791e+00 1.527082153489188986e-02
5.703604408586666250e+04 6.782263798605553617e+00 7.113796851252075261e-03
5.704206691565668007e+04 6.956551288483203699e+00 2.252574652987112194e-02
5.704905853516000207e+04 6.571629074879143495e+00 9.055230607106853902e-02
5.724929653500000131e+04 5.429487779643571876e+00 3.008541588029727768e-03
5.725334557977665827e+04 5.427021476978546310e+00 1.169104380193685191e-02
5.725732538042665692e+04 5.449873895067275598e+00 1.683497767248113078e-03
5.727826023285999690e+04 5.515715064475247509e+00 1.879374319126163491e-04
5.730230815570667619e+04 6.286784998787768863e+00 1.609939302055699017e-02
5.730323298875249748e+04 5.896295286042753325e+00 3.946870366347728087e-03
5.731127355576000264e+04 5.790428297579766515e+00 1.117510754169867039e-02
5.731522140898751240e+04 5.928222862343010213e+00 1.243454106893996519e-02
5.731929227864999848e+04 5.637111655980970859e+00 6.027054552861974696e-02
5.732707913310999720e+04 5.967262870195291669e+00 2.514154878828373137e-03
5.733106845750500361e+04 5.942863291542185067e+00 3.192092320222084806e-02
5.733917873468333710e+04 6.001967175695983592e+00 1.131029840480381665e-03
5.734604049186000339e+04 5.562190588699158944e+00 4.492639834462202990e-03
5.735611196589667816e+04 5.620155103419376630e+00 2.499825743063363928e-02
5.736118223512999975e+04 5.395467916274927056e+00 5.306514371419155524e-02
5.736606986638331728e+04 5.553008962960814365e+00 1.825957238698582702e-02
5.737306673245000275e+04 5.373983366216052104e+00 2.751557684111285811e-03
5.738605911590666074e+04 5.560014475637359510e+00 2.109795146249605121e-03
5.739407388682667806e+04 5.511418248821875920e+00 2.958519972151983646e-03
5.740011779239666066e+04 5.487690997838133633e+00 2.100505047065753805e-02
5.740804403060331970e+04 5.065041967121660882e+00 4.978673574929296658e-02
5.761437144201665797e+04 4.889402194788766032e+00 9.680412567326728349e-03
5.762426679965000221e+04 4.852657467593659568e+00 8.058950532819032786e-02
5.763126103955999861e+04 4.692791570227549336e+00 1.155253326050013039e-02
5.763623431846334279e+04 4.733502806342556823e+00 7.882326242179200568e-03
5.764231085511999117e+04 4.594664063552110989e+00 1.531456699363776056e-02
5.764337372232999769e+04 4.779171678788504352e+00 6.950804149588946101e-02
5.764435823874000198e+04 4.455784767568665039e+00 9.233395918696024607e-02
5.764527757589500106e+04 4.265623838464259521e+00 5.107721626524228120e-02
5.765318536739666160e+04 4.558838253477330404e+00 2.126692484681949602e-02
5.765626332836000074e+04 4.585476241280951548e+00 5.838645315174117306e-02
5.765726802986334224e+04 4.670028682431999201e+00 9.706844657074392355e-03
5.766315820454331697e+04 4.656891332603678713e+00 1.091936752580561706e-02
5.767010641441668122e+04 4.670581811319675758e+00 3.139931904174550481e-02
5.768110668812000222e+04 4.900023883446818829e+00 7.345483259399081255e-02
5.768612512295001216e+04 4.760810977459309257e+00 1.849243789763395374e-02
5.768728189297999779e+04 4.618227479782230027e+00 6.432953321521556189e-02
5.769407479696332302e+04 4.617922404443035589e+00 1.352211183123862813e-02
5.770108339777668152e+04 4.791047426053042457e+00 4.212183560008823241e-02
5.770905057435668277e+04 4.726313960394833202e+00 9.147009822882573929e-03
5.771419930800668226e+04 4.653271207841598311e+00 2.113984631762826777e-02
5.771808589490668237e+04 4.538219915835979279e+00 1.097014942898260140e-02
5.771910944451000250e+04 4.559326553867239618e+00 3.640581708665405203e-02
5.772303743596334243e+04 4.726603344773651294e+00 1.423785974871673125e-02
5.773007021559665736e+04 4.545483521950685279e+00 3.586228704805985434e-02
5.773916162980999798e+04 4.523863141826407031e+00 5.729281584032417524e-02
5.774407811614999810e+04 4.614298544407041902e+00 8.285286238632951286e-03
5.775007062640000368e+04 4.616811193566637606e+00 2.434328342521516891e-02
5.775609424621999642e+04 4.632007674912793860e+00 2.664093637413429347e-02
5.777004436738999357e+04 4.541310040006115045e+00 3.774022334971940257e-02
5.777804131735333794e+04 4.591684820434778658e+00 5.420576238697945304e-02
5.778204725401000178e+04 4.806446761823521818e+00 4.905166319667108449e-02
5.798241715154999838e+04 5.494003919098878086e+00 4.084590727822540873e-02
5.798642222100000072e+04 5.360842152734723420e+00 9.036891583531361793e-02
5.798939770662999945e+04 5.559352463186971072e+00 5.007542051435678182e-02
5.799425190960001055e+04 5.935431280642169405e+00 4.027770721905449269e-02
5.799824176527332020e+04 5.021621264388971717e+00 9.006754547507513087e-02
5.799924152301000140e+04 5.166444986097332936e+00 1.997421439123996389e-01
5.801020368065668299e+04 5.545055929827073626e+00 2.810338183226197828e-02
5.801929714372249873e+04 5.523979017332095509e+00 2.536482727742980781e-02
5.802617901638000330e+04 5.057304744809671959e+00 7.586950075553422490e-02
5.802935925457999838e+04 5.382132437134495184e+00 6.733805261183645197e-02
5.803635385579666035e+04 5.546973469313913441e+00 9.604085571591297610e-02
5.803921669782668323e+04 5.584057319708654710e+00 2.749867010610865942e-02
5.804328303435334237e+04 5.592278859723440299e+00 4.201290574357574581e-02
5.804717521308668074e+04 5.720744185996883502e+00 3.864401444907838989e-02
5.805408103529000073e+04 5.704005971499334748e+00 2.198287379051943463e-02
5.805718228131333308e+04 5.228739085277397614e+00 6.219648374360050441e-02
5.806409569031665887e+04 5.592483060005942086e+00 4.374181907709990408e-02
5.807108403669999825e+04 5.510382274192634711e+00 2.251767719489991548e-02
5.807513717490001000e+04 5.457676177087416924e+00 7.340779151520317181e-02
5.807616933598333708e+04 5.605623282199364787e+00 3.716860215925760214e-02
5.808209119300665770e+04 5.511880416183123188e+00 3.485091652767761949e-02
5.809303638143331773e+04 5.381130099838114411e+00 2.792314553446806000e-02
5.809915992536501290e+04 5.512634124771770949e+00 6.433257990411715699e-02
5.810711728159331687e+04 5.379673433897107060e+00 5.018353556505288082e-02
5.811207704270334216e+04 5.180105644763925099e+00 3.037826622724198664e-02
5.812205389447999914e+04 5.300189247142987448e+00 3.014216844150062469e-02
5.812907227643333317e+04 5.293460908908135920e+00 4.222333507746364734e-02
5.813309801023668115e+04 5.371144014849582149e+00 4.515698204048526621e-02
5.837228358324000146e+04 5.392688278209956998e+00 3.934492182196681898e-02
5.840123117143999843e+04 4.737520409482678829e+00 1.608193813821418711e-02
5.843116329981000308e+04 4.481162945916845608e+00 2.401759379294774940e-02
5.845118267629000184e+04 4.330001858901481704e+00 1.383185318296854989e-02
