3.488864746093750000e+02 5.968801975250244141e-01 5.608124732971191406e+00 -8.921318054199218750e-01 -2.328451156616210938e+00 9.428524225950241089e-02
4.246705245971679688e+01 9.005672931671142578e-01 5.907537460327148438e+00 8.033752441406250000e-03 3.897476196289062500e-02 3.629279881715774536e-02
2.841240234375000000e+02 5.560934543609619141e-01 5.332470417022705078e+00 3.162364959716796875e-01 2.539730072021484375e+00 1.048912763595581055e+00
4.351087951660156250e+02 1.409563541412353516e+00 6.715479373931884766e+00 -4.525341987609863281e+00 -2.300254821777343750e+00 3.772281110286712646e-01
7.830910034179687500e+02 4.674263000488281250e-01 4.782787322998046875e+00 -2.687149047851562500e-01 2.604942321777343750e-01 3.151045441627502441e-01
4.397915344238281250e+02 8.680729866027832031e-01 5.505515575408935547e+00 -1.267368316650390625e+00 -4.441661834716796875e-01 2.582753896713256836e-01
4.515076599121093750e+02 5.816435813903808594e-01 5.336837768554687500e+00 3.059577941894531250e-01 2.300872802734375000e-01 1.496941745281219482e-01
5.036022644042968750e+02 6.849493980407714844e-01 5.226382732391357422e+00 -9.072113037109375000e-02 1.394853591918945312e+00 3.463024199008941650e-01
6.636400146484375000e+02 2.619986057281494141e+00 9.643487930297851562e+00 -7.399734497070312500e+00 7.618370056152343750e-01 2.751384973526000977e-01
3.273735656738281250e+02 1.094958782196044922e+00 5.814163208007812500e+00 1.599988937377929688e+00 3.200965881347656250e+00 5.241713523864746094e-01
6.875678062438964844e+00 1.377591371536254883e+00 6.828511714935302734e+00 -6.098342895507812500e+00 -9.790069580078125000e+00 1.850641965866088867e+00
4.190177001953125000e+02 3.756694793701171875e-01 4.664557456970214844e+00 -1.244186401367187500e+00 1.821010589599609375e+00 9.379286170005798340e-01
2.741167907714843750e+02 2.009006500244140625e+00 8.109186172485351562e+00 -7.218589782714843750e-01 1.462347030639648438e+00 4.131343364715576172e-01
3.904677734375000000e+02 9.194393157958984375e-01 5.783993721008300781e+00 6.976280212402343750e-01 1.589967727661132812e+00 6.565651297569274902e-01
4.767655944824218750e+02 5.326426029205322266e-01 5.110938549041748047e+00 -9.541416168212890625e-01 -9.824905395507812500e-01 2.808912396430969238e-01
7.568930664062500000e+02 4.934191703796386719e-01 5.025253772735595703e+00 -4.891929626464843750e-01 1.122661590576171875e+00 5.387266874313354492e-01
2.905852355957031250e+02 2.982033252716064453e+00 1.019300079345703125e+01 4.796218872070312500e+00 5.074815750122070312e+00 8.014159798622131348e-01
5.924454956054687500e+02 6.076238155364990234e-01 5.230523586273193359e+00 2.614555358886718750e-01 4.227420806884765625e+00 2.433232784271240234e+00
5.757337646484375000e+02 5.922045707702636719e-01 5.342838764190673828e+00 -8.225860595703125000e-01 9.596900939941406250e-01 7.384333759546279907e-02
3.877778930664062500e+02 1.894119262695312500e+00 7.694210052490234375e+00 2.642631530761718750e-02 1.410913467407226562e+00 6.659439802169799805e-01
5.501295166015625000e+02 1.698252201080322266e+00 7.331220626831054688e+00 4.455219268798828125e+00 1.463993072509765625e+00 4.373631179332733154e-01
2.127963562011718750e+02 5.647635459899902344e-01 5.253042697906494141e+00 -2.060747146606445312e+00 -3.355598449707031250e-02 7.187017202377319336e-01
1.615962677001953125e+02 4.598553180694580078e-01 4.567342758178710938e+00 -3.048858642578125000e-01 -8.337383270263671875e-01 6.646614074707031250e-01
5.920957641601562500e+02 7.724037170410156250e-01 5.753459930419921875e+00 4.357833862304687500e-01 2.781181335449218750e+00 7.469468712806701660e-01
6.504525756835937500e+02 3.662983417510986328e+00 1.123032569885253906e+01 -4.314607620239257812e+00 -5.905276298522949219e+00 1.237210273742675781e+00
4.385455703735351562e+01 3.767995834350585938e-01 4.866159439086914062e+00 -7.548561096191406250e-01 -5.834178924560546875e-01 1.411076903343200684e+00
6.310444946289062500e+02 3.194717884063720703e+00 1.048406410217285156e+01 1.577346801757812500e+00 1.853559494018554688e+00 8.147131204605102539e-01
4.112153015136718750e+02 5.412375926971435547e-01 5.252221107482910156e+00 -8.365554809570312500e-01 7.810592651367187500e-01 6.270977258682250977e-01
3.395697326660156250e+02 1.370033740997314453e+00 7.120945930480957031e+00 -4.978624343872070312e+00 7.937927246093750000e-01 2.907193452119827271e-02
1.245728759765625000e+02 5.875515937805175781e-01 4.980783462524414062e+00 8.274421691894531250e-01 3.557128906250000000e+00 7.131683826446533203e-01
3.548450317382812500e+02 5.034999847412109375e-01 4.662024021148681641e+00 -8.617076873779296875e-01 1.824340820312500000e-01 9.096100330352783203e-01
3.575522155761718750e+02 1.273368835449218750e+00 6.458938598632812500e+00 3.073520660400390625e+00 3.496253967285156250e+00 4.328356385231018066e-01
1.302243347167968750e+02 4.966583251953125000e-01 4.833363056182861328e+00 1.228332519531250000e-03 2.936649322509765625e-01 9.771898388862609863e-01
6.213238525390625000e+02 2.589537620544433594e+00 9.233808517456054688e+00 -9.994134902954101562e+00 -1.293144226074218750e+00 5.965636670589447021e-02
5.763308334350585938e+01 5.184130668640136719e-01 5.149913311004638672e+00 -2.804660797119140625e-01 1.335426330566406250e+00 3.842145800590515137e-01
5.550753173828125000e+02 9.836437702178955078e-01 5.758213996887207031e+00 -1.944696426391601562e+00 -6.597785949707031250e-01 8.343447446823120117e-01
4.689615249633789062e+01 3.345767974853515625e+00 1.051086044311523438e+01 -1.532622909545898438e+01 -1.980106163024902344e+01 1.333182573318481445e+00
3.493348693847656250e+02 1.840969562530517578e+00 7.806221008300781250e+00 3.818159103393554688e+00 1.403018951416015625e+00 1.950143575668334961e-01
4.202729797363281250e+02 2.516880512237548828e+00 9.154177665710449219e+00 -1.973789215087890625e+00 -2.526149749755859375e+00 1.474231004714965820e+00
3.606520080566406250e+02 1.398176431655883789e+00 6.738356590270996094e+00 1.274375915527343750e-01 2.833099365234375000e+00 1.619529962539672852e+00
1.003366470336914062e+02 2.466081619262695312e+00 8.938762664794921875e+00 -1.526265239715576172e+01 -1.252422428131103516e+01 8.215849995613098145e-01
7.463923339843750000e+02 7.739090919494628906e-01 5.757159709930419922e+00 1.211643218994140625e-01 -1.674636840820312500e+00 2.119358777999877930e+00
4.276677551269531250e+02 7.696528434753417969e-01 5.631002902984619141e+00 -1.852817535400390625e-01 2.689266204833984375e-01 2.273638248443603516e-01
5.744920043945312500e+02 8.558776378631591797e-01 5.599922180175781250e+00 -1.062885284423828125e+00 1.295711517333984375e+00 3.063165768980979919e-02
6.361673583984375000e+02 1.819058895111083984e+00 7.844684600830078125e+00 3.208005905151367188e+00 4.834297180175781250e+00 1.091792106628417969e+00
5.916463623046875000e+02 1.724822044372558594e+00 7.437929630279541016e+00 2.445205688476562500e+00 -9.743499755859375000e-02 5.744764208793640137e-01
4.688576660156250000e+02 4.948682785034179688e-01 5.159846782684326172e+00 -6.480045318603515625e-01 -3.183738708496093750e+00 7.362964749336242676e-01
1.788384094238281250e+02 2.484199523925781250e+00 8.910484313964843750e+00 -9.768614768981933594e+00 -4.226648330688476562e+00 3.382837176322937012e-01
2.753153381347656250e+02 3.309294223785400391e+00 1.084336853027343750e+01 4.094058990478515625e+00 3.684394836425781250e+00 7.310019731521606445e-01
7.255853271484375000e+02 9.887943267822265625e-01 5.512967109680175781e+00 6.911067962646484375e-01 -9.291267395019531250e-01 1.541807413101196289e+00
4.193784179687500000e+02 9.553194046020507812e-01 5.634390830993652344e+00 1.212846755981445312e+00 -9.360103607177734375e-01 2.275574207305908203e-01
3.919321594238281250e+02 6.580114364624023438e-01 5.014001369476318359e+00 -6.064205169677734375e-01 -1.109008789062500000e+00 1.515303373336791992e+00
5.984448242187500000e+02 5.442552566528320312e-01 4.978804588317871094e+00 2.171134948730468750e-01 -7.300720214843750000e-01 1.314833462238311768e-01
5.696526336669921875e+01 8.753819465637207031e-01 5.499766826629638672e+00 3.854598999023437500e-01 8.559570312500000000e-01 6.949911117553710938e-01
1.587066040039062500e+02 2.191702842712402344e+00 8.157493591308593750e+00 1.079765129089355469e+01 9.637470245361328125e-01 1.729906350374221802e-01
5.938885116577148438e+01 9.135560989379882812e-01 5.819399356842041016e+00 -1.251106262207031250e+00 1.012718200683593750e+00 6.581883430480957031e-01
1.769376220703125000e+02 5.938382148742675781e-01 5.112658023834228516e+00 -1.242296218872070312e+00 2.356933593750000000e+00 1.329776167869567871e+00
7.381705322265625000e+02 9.844708442687988281e-01 5.894931316375732422e+00 -1.086185455322265625e+00 6.695747375488281250e-01 2.719462513923645020e-01
2.455314331054687500e+02 8.869147300720214844e-01 5.252886772155761719e+00 -1.252166748046875000e+00 -3.045997619628906250e-01 5.163815617561340332e-01
3.264946594238281250e+02 5.931921005249023438e-01 5.457674980163574219e+00 -1.447738647460937500e+00 -1.514614105224609375e+00 7.870640754699707031e-01
2.180573883056640625e+02 3.666180610656738281e+00 1.094713115692138672e+01 9.816770553588867188e+00 5.692131042480468750e+00 4.699179828166961670e-01
5.087087631225585938e+00 8.911368846893310547e-01 6.105919837951660156e+00 6.639862060546875000e-01 8.741168975830078125e-01 5.877274274826049805e-01
7.615551757812500000e+02 7.042837142944335938e-01 5.175542354583740234e+00 -1.545791625976562500e-01 1.488277435302734375e+00 8.317840695381164551e-01
1.045594100952148438e+02 6.331043243408203125e-01 5.190443992614746094e+00 -1.981513977050781250e+00 -2.005352020263671875e+00 1.479309320449829102e+00
4.884507751464843750e+02 8.889420032501220703e-01 5.281964302062988281e+00 6.158027648925781250e-01 3.596782684326171875e-01 4.262619614601135254e-01
4.230871582031250000e+01 3.788766384124755859e+00 1.201239013671875000e+01 -9.517517089843750000e+00 -9.983340263366699219e+00 1.091806173324584961e+00
2.141181182861328125e+02 3.369861125946044922e+00 1.073403167724609375e+01 1.489239501953125000e+01 1.462391281127929688e+01 9.232836365699768066e-01
4.322716674804687500e+02 6.257519721984863281e-01 4.824488639831542969e+00 -9.969444274902343750e-01 3.662099838256835938e+00 6.295228004455566406e-01
7.846824951171875000e+02 2.760903835296630859e+00 9.444952964782714844e+00 -1.382773017883300781e+01 -6.395463943481445312e+00 4.462677836418151855e-01
2.466342468261718750e+02 8.357493877410888672e-01 5.886589527130126953e+00 -1.197605133056640625e+00 5.238265991210937500e-01 8.150182962417602539e-01
1.974507293701171875e+02 5.962481498718261719e-01 5.175410270690917969e+00 5.678558349609375000e-02 -4.314613342285156250e-02 8.768432140350341797e-01
3.505240783691406250e+02 6.359529495239257812e-01 4.810654640197753906e+00 -7.510337829589843750e-01 6.369762420654296875e-01 1.690706610679626465e-01
2.604668273925781250e+02 1.005149841308593750e+00 5.982138633728027344e+00 -1.760128021240234375e+00 -2.686971664428710938e+00 8.004276752471923828e-01
8.074072265625000000e+01 7.278385162353515625e-01 5.334062576293945312e+00 -9.597778320312500000e-02 3.957790374755859375e+00 2.829026937484741211e+00
2.394136199951171875e+02 1.859141826629638672e+00 7.691810131072998047e+00 6.253320693969726562e+00 -7.373466491699218750e-01 3.382912278175354004e-02
4.785993041992187500e+02 5.573015213012695312e-01 4.919053077697753906e+00 -1.196159362792968750e+00 2.729856491088867188e+00 7.870617508888244629e-01
6.994119873046875000e+02 6.700866222381591797e-01 5.137361526489257812e+00 -5.965442657470703125e-01 1.154018402099609375e+00 9.379334002733230591e-02
5.677643432617187500e+02 1.198213577270507812e+00 6.561679840087890625e+00 3.796949386596679688e+00 2.891462326049804688e+00 9.251195788383483887e-01
9.664582061767578125e+01 9.087672233581542969e-01 5.903510093688964844e+00 1.112293243408203125e+00 2.193830490112304688e+00 2.078161239624023438e+00
2.758869934082031250e+02 6.350355148315429688e-01 5.072754859924316406e+00 5.929641723632812500e-01 3.144376754760742188e+00 9.041042327880859375e-01
3.947554626464843750e+02 2.472178936004638672e+00 8.462749481201171875e+00 -3.269651412963867188e+00 -7.182140350341796875e-01 2.677098512649536133e-01
7.563697052001953125e+01 5.893161296844482422e-01 5.250211715698242188e+00 -3.654594421386718750e-01 -3.928909301757812500e-01 1.885550022125244141e+00
2.938860778808593750e+02 6.199293136596679688e-01 4.996042728424072266e+00 -1.822525024414062500e+00 1.730106353759765625e+00 8.845599889755249023e-01
1.142303180694580078e+01 9.649553298950195312e-01 6.044881343841552734e+00 -1.580966949462890625e+00 -2.910520553588867188e+00 1.203498691320419312e-01
9.223686218261718750e+01 1.210603475570678711e+00 6.349627971649169922e+00 -1.055053710937500000e+00 -9.942550659179687500e-01 6.775884628295898438e-01
4.120693664550781250e+02 4.325289726257324219e-01 4.665584564208984375e+00 -5.474300384521484375e-01 4.108982086181640625e-01 4.782606959342956543e-01
1.151972274780273438e+02 7.664799690246582031e-01 5.483602046966552734e+00 8.915214538574218750e-01 4.097976684570312500e-01 3.191221505403518677e-02
3.308110046386718750e+01 7.180323600769042969e-01 5.290654659271240234e+00 8.659439086914062500e-01 1.323966979980468750e-01 1.187341660261154175e-01
2.629773864746093750e+02 5.281145572662353516e-01 4.939253807067871094e+00 -1.507587432861328125e-01 5.478096008300781250e-02 2.216337323188781738e-01
2.519047927856445312e+01 4.371023178100585938e-01 4.757464408874511719e+00 2.404232025146484375e-01 2.619646072387695312e+00 1.521798133850097656e+00
1.618621063232421875e+02 7.587022781372070312e-01 5.843017578125000000e+00 1.150268554687500000e+00 3.112495422363281250e+00 8.156382441520690918e-01
5.211744384765625000e+02 6.499674320220947266e-01 5.517853260040283203e+00 1.999835968017578125e-01 -7.819080352783203125e-01 9.339615702629089355e-01
6.247158813476562500e+02 9.760034084320068359e-01 5.990673065185546875e+00 4.420642852783203125e-01 1.579769134521484375e+00 1.092563748359680176e+00
6.150341186523437500e+02 1.918715476989746094e+00 7.732683658599853516e+00 -1.399349212646484375e+00 -3.008209228515625000e+00 2.019434422254562378e-01
9.484584808349609375e+01 1.067143201828002930e+00 6.068238258361816406e+00 8.007602691650390625e-01 1.011102676391601562e+00 2.843029201030731201e-01
2.300564727783203125e+02 5.408723354339599609e-01 5.183584690093994141e+00 -1.932752609252929688e+00 -2.538047790527343750e+00 1.015126705169677734e+00
5.339700927734375000e+02 4.467635154724121094e-01 4.724838733673095703e+00 -1.542156219482421875e+00 -2.243274688720703125e+00 3.342089354991912842e-01
6.794924316406250000e+02 9.885666370391845703e-01 6.039140701293945312e+00 8.450202941894531250e-01 -6.027030944824218750e-01 3.596366941928863525e-02
6.772460327148437500e+02 1.303708314895629883e+00 6.564534187316894531e+00 1.864913940429687500e+00 3.658245086669921875e+00 1.395802021026611328e+00
2.304686279296875000e+02 2.613708496093750000e+00 9.480752944946289062e+00 8.298881530761718750e+00 2.470874786376953125e+00 3.406899869441986084e-01
7.795172119140625000e+01 9.293463230133056641e-01 5.726148605346679688e+00 1.180803298950195312e+00 1.632545471191406250e+00 3.566716313362121582e-01
5.841326141357421875e+01 8.745925426483154297e-01 5.814205646514892578e+00 -1.308385848999023438e+00 -2.376422882080078125e-01 8.197958469390869141e-01
2.055526428222656250e+02 3.398191452026367188e+00 1.056228351593017578e+01 -1.132331275939941406e+01 -2.966613769531250000e-01 5.947565659880638123e-02
1.022350769042968750e+02 1.639974594116210938e+00 7.237860202789306641e+00 8.228378295898437500e-01 3.741170883178710938e+00 1.193584918975830078e+00
5.156981201171875000e+02 3.645305156707763672e+00 1.121971893310546875e+01 -1.090261936187744141e+01 -6.120933532714843750e+00 6.734124422073364258e-01
5.414304199218750000e+02 3.558539867401123047e+00 1.154526996612548828e+01 -1.937664031982421875e+01 -6.297481536865234375e+00 4.228547215461730957e-01
1.568063049316406250e+02 1.226676702499389648e+00 6.629096031188964844e+00 4.111427307128906250e+00 6.802158355712890625e-01 3.700039088726043701e-01
3.400324707031250000e+02 2.281102180480957031e+00 8.988506317138671875e+00 4.195949554443359375e+00 7.722759246826171875e+00 1.363290429115295410e+00
8.599622344970703125e+01 6.598582267761230469e-01 5.615535259246826172e+00 -1.573459625244140625e+00 5.517578125000000000e-02 3.444613516330718994e-01
5.676990966796875000e+02 6.461217403411865234e-01 5.111792087554931641e+00 -1.390047073364257812e+00 -2.269376754760742188e+00 6.334596872329711914e-01
6.698288726806640625e+01 6.635835170745849609e-01 5.456953525543212891e+00 3.358497619628906250e-01 -1.391237258911132812e+00 8.647305369377136230e-01
4.775080261230468750e+02 1.595182418823242188e+00 7.349914550781250000e+00 3.442016601562500000e+00 -1.734287261962890625e+00 1.475925594568252563e-01
4.568476257324218750e+02 8.795247077941894531e-01 5.820528030395507812e+00 1.176004409790039062e+00 -1.056289672851562500e-02 1.497997283935546875e+00
3.985156860351562500e+02 9.039046764373779297e-01 5.823042392730712891e+00 -2.632038116455078125e+00 1.307565689086914062e+00 4.877794384956359863e-01
6.268845367431640625e+01 6.028323173522949219e-01 5.369714736938476562e+00 1.027185440063476562e+00 3.911113739013671875e+00 7.823383808135986328e-01
7.614682769775390625e+01 6.764707565307617188e-01 5.569377422332763672e+00 -5.020313262939453125e-01 -1.604179382324218750e+00 2.390750348567962646e-01
2.107981262207031250e+02 1.166157722473144531e+00 6.534175872802734375e+00 -3.676641464233398438e+00 -1.019296646118164062e+00 3.304522633552551270e-01
2.839059448242187500e+02 6.878290176391601562e-01 5.512932777404785156e+00 -2.117635726928710938e+00 -5.230407714843750000e-01 5.534620285034179688e-01
7.850915527343750000e+02 6.019897460937500000e-01 5.081388473510742188e+00 -1.010400772094726562e+00 -3.869972229003906250e-01 7.209957391023635864e-02
3.481782531738281250e+02 9.893238544464111328e-01 6.224639415740966797e+00 -8.328857421875000000e-01 1.488983154296875000e+00 1.040556907653808594e+00
4.709005432128906250e+02 1.957226037979125977e+00 7.927452564239501953e+00 -4.492572784423828125e+00 -3.254825592041015625e+00 9.531033039093017578e-01
2.891133499145507812e+01 7.584192752838134766e-01 5.235737800598144531e+00 4.784755706787109375e-01 -7.548942565917968750e-01 1.480980396270751953e+00
5.100717163085937500e+02 3.259739875793457031e-01 4.972863674163818359e+00 -1.229152679443359375e-01 1.466169357299804688e+00 2.700749635696411133e-01
1.732556762695312500e+02 4.020943641662597656e-01 5.055937767028808594e+00 -9.192123413085937500e-01 1.861713409423828125e+00 4.398757219314575195e-01
6.786950073242187500e+02 1.142253398895263672e+00 6.212996959686279297e+00 -2.362735748291015625e+00 1.635963439941406250e+00 1.778296828269958496e-01
5.799840698242187500e+02 1.480359315872192383e+00 7.359985351562500000e+00 2.031097412109375000e+00 9.742088317871093750e-01 1.874626614153385162e-02
2.541310119628906250e+01 2.657346725463867188e-01 4.532052993774414062e+00 -6.983394622802734375e-01 -9.067134857177734375e-01 2.641347944736480713e-01
2.298590698242187500e+02 1.603862762451171875e+00 6.584151744842529297e+00 -4.269810676574707031e+00 -1.535369873046875000e+00 4.390704929828643799e-01
6.893598022460937500e+02 6.017494201660156250e-01 5.193575382232666016e+00 -3.261604309082031250e-01 1.436050415039062500e+00 3.110469505190849304e-02
5.416455078125000000e+02 7.469320297241210938e-01 5.413662910461425781e+00 6.744937896728515625e-01 -4.284248352050781250e-01 3.785413205623626709e-01
3.416109313964843750e+02 4.781033992767333984e-01 5.035584449768066406e+00 -3.738594055175781250e-02 -1.508026123046875000e-01 1.905479431152343750e-01
3.264161300659179688e+01 3.711553573608398438e+00 1.130157375335693359e+01 3.042030334472656250e+00 -1.294670104980468750e-01 8.312417268753051758e-01
4.137331542968750000e+02 3.353693485260009766e-01 4.846984863281250000e+00 -1.725997924804687500e-01 2.651821136474609375e+00 2.831305861473083496e-01
6.034743041992187500e+02 1.590552806854248047e+00 7.431493759155273438e+00 -1.268377304077148438e+00 -2.296087265014648438e+00 5.728658437728881836e-01
6.445476074218750000e+02 5.416855812072753906e-01 4.990108489990234375e+00 -5.002880096435546875e-01 2.848842620849609375e+00 1.364548802375793457e-01
4.126023254394531250e+02 1.522289752960205078e+00 7.251076698303222656e+00 2.988285064697265625e+00 1.476840972900390625e-01 5.071271657943725586e-01
4.495157775878906250e+02 1.078670978546142578e+00 6.571705818176269531e+00 1.504419326782226562e+00 2.845621109008789062e+00 9.558921456336975098e-01
3.123334121704101562e+01 7.339386940002441406e-01 5.531977653503417969e+00 1.104362487792968750e+00 1.646881103515625000e-01 5.327086448669433594e-01
5.263489990234375000e+02 5.840859413146972656e-01 5.148632049560546875e+00 3.121643066406250000e-01 -1.500015258789062500e-01 1.431349992752075195e+00
4.711033935546875000e+02 6.629023551940917969e-01 5.424052238464355469e+00 7.242012023925781250e-01 2.094074249267578125e+00 1.243286132812500000e+00
1.004169464111328125e+02 2.806455135345458984e+00 9.525425910949707031e+00 3.757791519165039062e+00 4.440101623535156250e+00 9.302654862403869629e-01
4.977925415039062500e+02 7.075836658477783203e-01 5.090895652770996094e+00 1.290941238403320312e+00 5.434684753417968750e-01 7.589583992958068848e-01
3.890068664550781250e+02 2.072819709777832031e+00 8.219293594360351562e+00 -4.389013290405273438e+00 -4.110917091369628906e+00 1.294851541519165039e+00
1.284559631347656250e+02 4.475178718566894531e-01 4.869328498840332031e+00 -1.672168731689453125e+00 9.881706237792968750e-01 3.049101531505584717e-01
5.283710937500000000e+02 8.863964080810546875e-01 5.618602275848388672e+00 1.875991821289062500e-01 6.742210388183593750e-01 1.405072212219238281e+00
4.264091491699218750e+01 2.006021499633789062e+00 7.912898540496826172e+00 7.675678253173828125e+00 5.933416366577148438e+00 4.419371485710144043e-01
6.987250976562500000e+02 6.062669754028320312e-01 4.778347969055175781e+00 -2.089843750000000000e-01 2.851354598999023438e+00 3.840228915214538574e-01
4.763860778808593750e+02 1.595513820648193359e+00 7.453268527984619141e+00 -1.845136642456054688e+00 3.031921386718750000e-01 3.463286459445953369e-01
4.446131286621093750e+02 5.436379909515380859e-01 4.854134559631347656e+00 -1.009738922119140625e+00 -9.718627929687500000e-01 1.030641317367553711e+00
2.285480041503906250e+02 8.976433277130126953e-01 5.610198020935058594e+00 -2.128742218017578125e+00 -1.170368194580078125e-01 1.540436029434204102e+00
7.894265136718750000e+02 1.150165081024169922e+00 6.437453746795654297e+00 4.873390197753906250e-01 -1.940917968750000000e-02 7.590632885694503784e-03
2.699320983886718750e+01 4.836142063140869141e-01 5.278096675872802734e+00 9.503021240234375000e-01 -1.490270614624023438e+00 2.321123182773590088e-01
1.460001373291015625e+02 1.643982410430908203e+00 7.749586582183837891e+00 9.683643341064453125e+00 8.210475921630859375e+00 7.994841337203979492e-01
1.553550415039062500e+02 7.928206920623779297e-01 5.226539134979248047e+00 2.666587829589843750e-01 1.155834197998046875e-01 7.474705576896667480e-01
2.830402755737304688e+01 5.912132263183593750e-01 5.220421314239501953e+00 -1.974628448486328125e+00 -2.953374862670898438e+00 3.269207000732421875e+00
3.926975708007812500e+02 8.854880332946777344e-01 5.882638931274414062e+00 -2.695180892944335938e+00 2.298625946044921875e+00 7.917226850986480713e-02
7.287905883789062500e+02 2.115470886230468750e+00 8.103405952453613281e+00 6.061679840087890625e+00 1.906606674194335938e+00 3.093703985214233398e-01
7.078077392578125000e+02 6.463410854339599609e-01 5.288166522979736328e+00 -6.717891693115234375e-01 -5.609664916992187500e-01 3.815747797489166260e-01
5.333259582519531250e+01 1.567457437515258789e+00 6.930161476135253906e+00 2.016166687011718750e+00 2.241870880126953125e+00 5.281511545181274414e-01
7.765148315429687500e+02 5.657608509063720703e-01 4.835339546203613281e+00 -1.078413009643554688e+00 -3.012487411499023438e+00 9.645874500274658203e-01
6.381248168945312500e+02 2.305752277374267578e+00 8.747663497924804688e+00 1.005327033996582031e+01 7.724123001098632812e+00 7.811384201049804688e-01
5.905414428710937500e+02 5.930142402648925781e-01 5.234033107757568359e+00 -3.763465881347656250e-01 1.143947601318359375e+00 1.662201881408691406e-01
3.490145874023437500e+02 8.313748836517333984e-01 5.445627212524414062e+00 -4.718379974365234375e-01 1.710533142089843750e+00 1.192390561103820801e+00
1.922221221923828125e+02 2.029941082000732422e+00 8.325107574462890625e+00 -1.812450408935546875e+00 1.476900100708007812e+00 1.267632991075515747e-01
1.143446063995361328e+01 8.419125080108642578e-01 5.566529750823974609e+00 -2.020092010498046875e+00 -3.600404739379882812e+00 1.857743144035339355e+00
3.473027343750000000e+02 1.801490545272827148e+00 7.388571262359619141e+00 7.648809432983398438e+00 2.668205261230468750e+00 2.900082170963287354e-01
3.533286743164062500e+02 1.650811672210693359e+00 7.117457389831542969e+00 -1.059129714965820312e+00 -2.300788879394531250e+00 9.006902575492858887e-01
7.657168579101562500e+02 1.388811588287353516e+00 6.977196216583251953e+00 2.694787979125976562e+00 3.340049743652343750e+00 7.506762742996215820e-01
1.065931091308593750e+02 1.881335973739624023e+00 7.902790069580078125e+00 5.163145065307617188e+00 3.303363800048828125e+00 5.324027687311172485e-02
4.011292114257812500e+02 6.699645519256591797e-01 5.139678955078125000e+00 -1.216373443603515625e+00 -4.425334930419921875e-01 3.718514740467071533e-01
7.252706909179687500e+02 8.952651023864746094e-01 5.787662506103515625e+00 7.846622467041015625e-01 -9.358825683593750000e-01 1.939126104116439819e-01
5.943474731445312500e+02 2.608460903167724609e+00 9.145959854125976562e+00 7.596199035644531250e+00 2.067296981811523438e+00 2.051008343696594238e-01
2.912879333496093750e+02 8.020434379577636719e-01 5.656911849975585938e+00 -4.672412872314453125e-01 2.358032226562500000e+00 8.512184023857116699e-01
3.999185791015625000e+02 1.423594951629638672e+00 6.875794410705566406e+00 -6.617851257324218750e-01 1.256996154785156250e+00 1.121578931808471680e+00
4.689072036743164062e+01 3.098958492279052734e+00 1.048300457000732422e+01 -2.419548034667968750e+00 -1.225105285644531250e+00 1.150539159774780273e+00
3.399679565429687500e+02 2.086023330688476562e+00 7.937022686004638672e+00 3.598060607910156250e-01 3.513168334960937500e+00 1.379479885101318359e+00
1.495404815673828125e+02 6.373381614685058594e-01 5.357989788055419922e+00 1.066181182861328125e+00 -7.739105224609375000e-01 1.266335695981979370e-01
3.327654724121093750e+02 2.443544864654541016e+00 8.928036689758300781e+00 -1.193328285217285156e+01 -4.807778358459472656e+00 2.875754535198211670e-01
4.212858581542968750e+01 5.070610046386718750e-01 5.402275085449218750e+00 -1.022150039672851562e+00 -2.755430221557617188e+00 8.029813766479492188e-01
3.512585830688476562e+01 7.056963443756103516e-01 5.477178096771240234e+00 -1.864032745361328125e-01 3.619443893432617188e+00 9.070905447006225586e-01
2.617046508789062500e+02 5.888299942016601562e-01 4.992825508117675781e+00 -1.416288375854492188e+00 -1.765693664550781250e+00 6.649037599563598633e-01
3.451502685546875000e+02 8.231279850006103516e-01 5.641076564788818359e+00 -8.204269409179687500e-01 1.272630691528320312e+00 5.602216124534606934e-01
5.218995971679687500e+02 1.237010002136230469e+00 6.853888511657714844e+00 6.579380035400390625e-01 3.622283935546875000e+00 9.316039085388183594e-01
3.878800659179687500e+02 6.287760734558105469e-01 4.824386596679687500e+00 9.885978698730468750e-02 9.574508666992187500e-01 1.472749233245849609e+00
6.570507049560546875e+01 3.621301651000976562e-01 4.692233085632324219e+00 -3.623733520507812500e-01 2.294197082519531250e-01 1.326382637023925781e+00
3.755865173339843750e+02 2.260151386260986328e+00 8.416156768798828125e+00 -1.103439331054687500e-01 -8.641853332519531250e-01 4.797695875167846680e-01
3.421131896972656250e+02 3.968763828277587891e+00 1.237595462799072266e+01 1.743841171264648438e+01 9.680402755737304688e+00 5.247516632080078125e-01
4.433526916503906250e+02 3.869003295898437500e+00 1.199970054626464844e+01 4.713577270507812500e+00 3.463743209838867188e+00 2.102069407701492310e-01
5.182109069824218750e+01 3.157168865203857422e+00 1.063985824584960938e+01 1.031781196594238281e+01 3.592494964599609375e+00 4.949730336666107178e-01
3.637222900390625000e+02 3.392746448516845703e-01 5.039715766906738281e+00 -2.077884674072265625e-01 8.616104125976562500e-01 1.525346636772155762e+00
3.238483886718750000e+02 1.776972293853759766e+00 7.578991413116455078e+00 4.378850936889648438e+00 9.778177261352539062e+00 1.732905387878417969e+00
1.537511291503906250e+02 4.971420764923095703e-01 4.680783748626708984e+00 -7.308597564697265625e-01 -5.271167755126953125e-01 1.043472051620483398e+00
6.467186450958251953e+00 5.594642162322998047e-01 5.193920612335205078e+00 -6.878204345703125000e-01 -2.545585632324218750e-01 1.528337478637695312e+00
1.421725311279296875e+02 1.853939056396484375e+00 7.677655696868896484e+00 3.973415374755859375e+00 4.763414382934570312e+00 1.165485978126525879e+00
3.378531188964843750e+02 5.284388065338134766e-01 4.730472564697265625e+00 -1.015335083007812500e+00 -1.582361221313476562e+00 1.230706334114074707e+00
7.939020385742187500e+02 3.530385017395019531e+00 1.138210391998291016e+01 1.080032348632812500e+01 1.711009979248046875e+00 7.638417184352874756e-02
3.373240356445312500e+02 2.431696414947509766e+00 8.836229324340820312e+00 -2.344207763671875000e-01 1.726165771484375000e+00 1.046092629432678223e+00
3.723268127441406250e+02 2.581821441650390625e+00 9.307375907897949219e+00 -9.670072555541992188e+00 -9.589080810546875000e+00 1.233758091926574707e+00
1.919217071533203125e+02 1.317731618881225586e+00 6.402188777923583984e+00 -2.479318618774414062e+00 1.509132385253906250e-01 7.184327840805053711e-01
5.897819900512695312e+01 8.610634803771972656e-01 5.824756622314453125e+00 -1.320053100585937500e+00 -1.608266830444335938e+00 1.075412869453430176e+00
6.668920898437500000e+02 3.488189697265625000e+00 1.108088874816894531e+01 1.644094467163085938e+01 5.252750396728515625e+00 3.494976758956909180e-01
5.087153930664062500e+02 6.140663623809814453e-01 5.404107093811035156e+00 1.205389022827148438e+00 -1.322410583496093750e+00 1.048948645591735840e+00
4.913808822631835938e+01 3.861649036407470703e-01 4.809153079986572266e+00 -4.712505340576171875e-01 2.247455596923828125e+00 9.906586408615112305e-01
5.417529296875000000e+02 6.851906776428222656e-01 5.450253009796142578e+00 -1.070858001708984375e+00 -1.475059509277343750e+00 5.098246335983276367e-01
4.952695007324218750e+02 4.810028076171875000e-01 4.813436508178710938e+00 -4.262962341308593750e-01 1.324039459228515625e+00 5.495624542236328125e-01
3.055204162597656250e+02 1.696678161621093750e+00 7.383787631988525391e+00 1.011787414550781250e+00 -2.905826568603515625e-01 4.433401226997375488e-01
5.156981201171875000e+02 3.645305156707763672e+00 1.121971893310546875e+01 -1.090261936187744141e+01 -6.120933532714843750e+00 6.734124422073364258e-01
2.110714912414550781e+01 8.490159511566162109e-01 5.709012031555175781e+00 1.547529220581054688e+00 -1.269836425781250000e-01 9.073457121849060059e-01
2.859626159667968750e+02 1.393345355987548828e+00 6.896508693695068359e+00 -3.397922515869140625e+00 -2.013050079345703125e+00 1.267024755477905273e+00
2.292222404479980469e+01 6.434764862060546875e-01 5.415408134460449219e+00 -8.599529266357421875e-01 1.763402938842773438e+00 6.283327341079711914e-01
3.621408386230468750e+02 5.131659507751464844e-01 4.914098739624023438e+00 -6.231136322021484375e-01 -3.130893707275390625e-01 2.439800649881362915e-01
2.484353332519531250e+02 1.362518072128295898e+00 6.921744346618652344e+00 -1.019515991210937500e-01 -6.487655639648437500e-02 9.301479905843734741e-02
6.857457275390625000e+02 1.191606044769287109e+00 6.805063247680664062e+00 -1.004741668701171875e+00 1.289262771606445312e+00 1.329604983329772949e+00
4.464625854492187500e+02 5.162837505340576172e-01 4.938383102416992188e+00 -1.351444244384765625e+00 -6.706390380859375000e-01 1.590267181396484375e+00
4.664956970214843750e+02 5.210795402526855469e-01 4.948346614837646484e+00 -4.378433227539062500e-01 8.513450622558593750e-01 1.791250407695770264e-01
1.545195159912109375e+02 2.367447376251220703e+00 8.264472961425781250e+00 8.867624282836914062e+00 8.131984710693359375e+00 1.239452004432678223e+00
4.996574401855468750e+02 1.112021446228027344e+00 6.231287002563476562e+00 -1.010551452636718750e+00 3.519401550292968750e-01 2.256016731262207031e-01
1.260884571075439453e+01 6.531829833984375000e-01 5.380517959594726562e+00 -1.715011596679687500e-01 3.177022933959960938e+00 1.333260774612426758e+00
4.986358032226562500e+02 6.230463981628417969e-01 5.259881019592285156e+00 -1.382440567016601562e+00 -2.525634765625000000e-01 5.231661200523376465e-01
5.641296997070312500e+02 5.936927795410156250e-01 5.015048503875732422e+00 -1.357172012329101562e+00 2.202758789062500000e-01 7.024811506271362305e-01
5.240700073242187500e+02 7.184820175170898438e-01 5.796419620513916016e+00 -2.275543212890625000e-01 -2.628194808959960938e+00 7.054862976074218750e-01
3.804429016113281250e+02 6.012954711914062500e-01 4.951870918273925781e+00 -1.156455993652343750e+00 -4.661216735839843750e-01 8.679778128862380981e-02
2.272244453430175781e+01 2.935287952423095703e-01 4.540942192077636719e+00 -1.957244873046875000e-01 1.867000579833984375e+00 1.138636946678161621e+00
6.290308761596679688e+01 7.614724636077880859e-01 5.890661239624023438e+00 -8.023872375488281250e-01 -4.493598937988281250e-01 1.668520927429199219e+00
3.299476623535156250e+02 1.371879100799560547e+00 6.620344161987304688e+00 1.167966842651367188e+00 1.407344818115234375e+00 4.317351877689361572e-01
7.047382812500000000e+02 9.365804195404052734e-01 5.895420551300048828e+00 1.270370483398437500e-01 -5.382957458496093750e-01 1.050448566675186157e-01
1.262241210937500000e+02 1.582851409912109375e+00 7.075311183929443359e+00 3.461362838745117188e+00 5.423185348510742188e+00 1.237099289894104004e+00
2.814861145019531250e+02 9.338679313659667969e-01 6.020698070526123047e+00 -2.238100051879882812e+00 6.086254119873046875e-01 1.486258506774902344e+00
3.948033142089843750e+01 2.650159835815429688e+00 9.399331092834472656e+00 1.369356918334960938e+01 1.296741867065429688e+01 8.690906167030334473e-01
7.879565429687500000e+02 1.755541324615478516e+00 7.571187973022460938e+00 -4.774775505065917969e+00 -2.069475173950195312e+00 8.684533834457397461e-02
4.602070312500000000e+02 9.828143119812011719e-01 5.774422168731689453e+00 5.532855987548828125e-01 2.443828582763671875e+00 5.467851459980010986e-02
4.906355285644531250e+02 1.139904737472534180e+00 5.995041847229003906e+00 -3.279094696044921875e-01 -1.014368057250976562e+00 6.448146104812622070e-01
3.553439636230468750e+02 2.672783374786376953e+00 9.310458183288574219e+00 1.852653503417968750e+00 1.571743011474609375e+00 4.335521161556243896e-01
4.239625549316406250e+02 7.241895198822021484e-01 5.605585098266601562e+00 -1.808206558227539062e+00 1.095359802246093750e+00 2.697148323059082031e-01
1.386516876220703125e+02 1.993652820587158203e+00 8.106552124023437500e+00 6.644603729248046875e+00 2.746089935302734375e+00 3.410489857196807861e-01
5.746018676757812500e+02 1.823328018188476562e+00 7.723931312561035156e+00 6.031684875488281250e-01 1.539524078369140625e+00 3.773218095302581787e-01
6.346195068359375000e+02 1.305131435394287109e+00 6.736547470092773438e+00 1.895687103271484375e+00 3.541774749755859375e+00 5.837725400924682617e-01
6.853634643554687500e+02 9.991016387939453125e-01 6.131506919860839844e+00 -1.363393783569335938e+00 -1.244564056396484375e+00 4.678782820701599121e-01
6.619860229492187500e+02 2.140143871307373047e+00 8.471878051757812500e+00 -3.644178390502929688e+00 -4.718855857849121094e+00 9.778208136558532715e-01
5.540501708984375000e+02 4.766597747802734375e-01 4.933570861816406250e+00 -1.384908676147460938e+00 2.399024963378906250e-01 4.248225092887878418e-01
5.344110107421875000e+02 2.730211257934570312e+00 9.537466049194335938e+00 1.447463226318359375e+01 6.858903884887695312e+00 4.510533213615417480e-01
2.790154113769531250e+02 8.174495697021484375e-01 5.553828239440917969e+00 -1.140892028808593750e+00 -7.604751586914062500e-01 9.052664041519165039e-01
3.968375549316406250e+02 7.361609935760498047e-01 5.402493476867675781e+00 -1.051658630371093750e+00 1.521959304809570312e+00 8.044711351394653320e-01
3.551304626464843750e+02 8.959693908691406250e-01 5.725523948669433594e+00 -1.035959243774414062e+00 3.817367553710937500e-02 9.212587028741836548e-02
7.399144897460937500e+02 1.251069068908691406e+00 6.428964138031005859e+00 1.972232818603515625e+00 -8.278865814208984375e-01 2.178268879652023315e-01
2.549927978515625000e+02 8.772351741790771484e-01 5.682317733764648438e+00 -3.166599273681640625e-01 8.523464202880859375e-01 7.272459268569946289e-01
3.789196014404296875e+01 3.245266914367675781e+00 1.045132255554199219e+01 -1.560231494903564453e+01 -1.234062862396240234e+01 8.509289026260375977e-01
2.042206115722656250e+02 1.245841264724731445e+00 6.464196681976318359e+00 -1.696689605712890625e+00 -2.882329940795898438e+00 4.112184643745422363e-01
4.369476318359375000e+02 3.375658988952636719e-01 4.578980445861816406e+00 -5.483856201171875000e-01 6.470794677734375000e-01 1.577477455139160156e-01
6.821817016601562500e+02 3.347144126892089844e-01 5.132665157318115234e+00 -2.671947479248046875e-01 -1.234706878662109375e+00 1.303937673568725586e+00
7.770761718750000000e+02 1.293446063995361328e+00 6.589550971984863281e+00 -1.667217254638671875e+00 -6.398448944091796875e-01 5.646095275878906250e-01
2.308754882812500000e+02 2.845296382904052734e+00 9.829001426696777344e+00 7.114164352416992188e+00 1.835344314575195312e+00 5.015171766281127930e-01
2.905557556152343750e+02 3.792893886566162109e-01 4.828070640563964844e+00 6.351566314697265625e-01 7.623245239257812500e+00 1.734693050384521484e+00
3.795133056640625000e+02 7.769269943237304688e-01 5.642375946044921875e+00 -1.782791137695312500e+00 7.483787536621093750e-01 1.144873857498168945e+00
1.712941894531250000e+02 6.688046455383300781e-01 5.448168754577636719e+00 1.173957824707031250e+00 -9.755172729492187500e-01 1.295839399099349976e-01
2.897512817382812500e+02 1.031156063079833984e+00 5.770065307617187500e+00 2.804908752441406250e-01 6.524105072021484375e-01 6.111060380935668945e-01
7.834213867187500000e+02 8.778009414672851562e-01 5.880531311035156250e+00 7.098274230957031250e-01 3.609619140625000000e-01 7.968702167272567749e-02
2.011875915527343750e+02 6.752719879150390625e-01 5.255791664123535156e+00 3.236541748046875000e-01 9.951400756835937500e-01 1.006140589714050293e+00
1.344379425048828125e+02 1.630425930023193359e+00 7.233906269073486328e+00 -1.763925552368164062e+00 7.237033843994140625e-01 2.116642147302627563e-01
2.189492988586425781e+01 1.487033843994140625e+00 7.169306278228759766e+00 2.864618301391601562e+00 6.723300933837890625e+00 1.230385780334472656e+00
1.626846313476562500e+02 1.324827194213867188e+00 6.625931262969970703e+00 5.996704101562500000e-02 3.119527816772460938e+00 1.127302169799804688e+00
3.794523620605468750e+02 4.952464103698730469e-01 5.108433246612548828e+00 -6.465263366699218750e-01 4.259662628173828125e-01 6.835662126541137695e-01
1.534420166015625000e+02 6.557798385620117188e-01 5.757614135742187500e+00 -1.355464935302734375e+00 -4.060196876525878906e+00 8.593643307685852051e-01
4.467664794921875000e+02 5.891866683959960938e-01 5.337758541107177734e+00 -1.193706512451171875e+00 8.195381164550781250e-01 8.281936645507812500e-01
6.076422882080078125e+01 1.547565937042236328e+00 7.534167289733886719e+00 8.451614379882812500e-01 1.779947280883789062e+00 3.560973703861236572e-01
4.493449096679687500e+02 7.919640541076660156e-01 5.443603992462158203e+00 -1.316953659057617188e+00 2.274513244628906250e-01 1.160588979721069336e+00
7.929712524414062500e+02 1.128926277160644531e+00 6.862291812896728516e+00 1.651325225830078125e+00 -2.667806625366210938e+00 8.934609591960906982e-02
7.254229736328125000e+02 8.258543014526367188e-01 5.633522510528564453e+00 -1.195198059082031250e+00 -1.672065734863281250e+00 6.142183542251586914e-01
7.739051513671875000e+02 2.620509624481201172e+00 9.173745155334472656e+00 -1.344587898254394531e+01 -9.642456054687500000e+00 7.187837958335876465e-01
3.628937988281250000e+02 4.385747909545898438e-01 4.760861873626708984e+00 -6.188621520996093750e-01 -1.517354965209960938e+00 1.403451114892959595e-01
3.835795288085937500e+02 1.750480175018310547e+00 7.571024417877197266e+00 -1.119258880615234375e+00 -2.220798492431640625e+00 8.799587488174438477e-01
3.615640258789062500e+02 8.398783206939697266e-01 5.785080432891845703e+00 1.391021728515625000e+00 8.208934783935546875e+00 3.743338108062744141e+00
5.206382446289062500e+02 7.663445472717285156e-01 5.440065860748291016e+00 5.826148986816406250e-01 -3.980216979980468750e-01 3.169009685516357422e-01
4.547090148925781250e+02 5.604162216186523438e-01 5.628877639770507812e+00 -5.562210083007812500e-02 2.594711303710937500e+00 8.049595355987548828e-01
1.519474792480468750e+02 9.197053909301757812e-01 5.481478214263916016e+00 4.191551208496093750e-01 -1.638376235961914062e+00 8.276336789131164551e-01
3.484752807617187500e+02 2.111388683319091797e+00 8.404196739196777344e+00 -9.722156524658203125e-01 9.098815917968750000e-02 9.576926231384277344e-01
7.512980461120605469e+00 8.379144668579101562e-01 6.186714172363281250e+00 1.635379791259765625e+00 3.087358474731445312e+00 4.530928134918212891e-01
5.211754760742187500e+02 3.653087615966796875e-01 4.727779865264892578e+00 -1.266746520996093750e-01 1.388023376464843750e+00 1.343703567981719971e-01
3.975148620605468750e+02 3.652657032012939453e+00 1.176041889190673828e+01 2.254806518554687500e+00 7.897260665893554688e+00 1.606700181961059570e+00
4.541788024902343750e+02 7.429001331329345703e-01 5.746057510375976562e+00 -5.286064147949218750e-01 2.506256103515625000e-03 1.083280295133590698e-01
4.485948181152343750e+02 1.130105495452880859e+00 6.127694129943847656e+00 -3.305797576904296875e-01 7.655220031738281250e-01 1.426894783973693848e+00
6.432885742187500000e+02 2.339109420776367188e+00 8.591288566589355469e+00 2.741640090942382812e+00 -9.726142883300781250e-02 4.903089404106140137e-01
6.931055450439453125e+01 9.286091327667236328e-01 5.835495948791503906e+00 -2.075634002685546875e-01 -1.053215026855468750e+00 1.110681533813476562e+00
6.895250244140625000e+02 8.499422073364257812e-01 5.555598258972167969e+00 -2.988815307617187500e-01 -2.134101867675781250e+00 8.781614303588867188e-01
7.929099121093750000e+02 1.483941555023193359e+00 6.918126583099365234e+00 -2.247144699096679688e+00 3.014984130859375000e-01 1.189862847328186035e+00
3.589873504638671875e+01 1.340748310089111328e+00 6.488323211669921875e+00 -2.131858825683593750e+00 -1.518520355224609375e+00 1.154854059219360352e+00
9.012423706054687500e+01 1.662229061126708984e+00 7.378510951995849609e+00 -1.295770645141601562e+00 -1.344097137451171875e+00 3.478147387504577637e-01
7.189353637695312500e+02 8.436918258666992188e-01 5.746345996856689453e+00 1.771545410156250000e-02 1.303140640258789062e+00 4.230124503374099731e-02
1.040992259979248047e+01 4.207653999328613281e-01 4.818949222564697266e+00 -8.459072113037109375e-01 -3.886909484863281250e-01 1.010403037071228027e+00
1.998748321533203125e+02 2.335953712463378906e+00 8.620267868041992188e+00 6.202857971191406250e+00 -2.136535644531250000e-01 4.244032502174377441e-01
8.878754425048828125e+01 2.761507511138916016e+00 9.645287513732910156e+00 1.375512695312500000e+01 1.693097686767578125e+01 9.530975818634033203e-01
2.252595367431640625e+02 2.683005332946777344e+00 9.669015884399414062e+00 -8.901634216308593750e+00 -2.379045486450195312e+00 2.671785950660705566e-01
1.256329269409179688e+02 3.684967994689941406e+00 1.168052291870117188e+01 1.246299743652343750e+00 1.535369873046875000e+00 9.455561637878417969e-01
2.280537109375000000e+02 6.080009937286376953e-01 4.697171688079833984e+00 -1.235483169555664062e+00 -1.411287307739257812e+00 2.035226583480834961e+00
1.786874389648437500e+02 1.087400674819946289e+00 6.967202186584472656e+00 1.130506515502929688e+00 4.200895309448242188e+00 8.181741237640380859e-01
6.928624267578125000e+02 2.005453109741210938e+00 8.100816726684570312e+00 -2.170866012573242188e+00 -1.908626556396484375e-01 3.349846303462982178e-01
2.466332244873046875e+02 1.185096025466918945e+00 6.243748188018798828e+00 1.841335296630859375e+00 4.000896453857421875e+00 5.885151624679565430e-01
4.317381286621093750e+02 9.903295040130615234e-01 5.684184074401855469e+00 -1.455665588378906250e+00 7.075862884521484375e-01 4.344050288200378418e-01
3.601550292968750000e+02 8.653416633605957031e-01 5.838440895080566406e+00 1.477924346923828125e+00 -2.567670822143554688e+00 2.580301463603973389e-01
2.976497497558593750e+02 1.280560016632080078e+00 6.636456966400146484e+00 -1.352958679199218750e-01 1.255241394042968750e+00 1.071447849273681641e+00
4.347690429687500000e+02 9.269909858703613281e-01 5.685393333435058594e+00 -5.958862304687500000e-01 -1.238368988037109375e+00 3.366206586360931396e-01
4.611468811035156250e+02 6.495947837829589844e-01 5.149741172790527344e+00 -6.739997863769531250e-02 2.479953765869140625e-01 1.722446829080581665e-01
7.037291259765625000e+02 3.759617805480957031e-01 4.547993659973144531e+00 -4.371185302734375000e-01 1.532222747802734375e+00 3.469000384211540222e-02
3.293635864257812500e+02 9.659891128540039062e-01 5.970701217651367188e+00 -2.341617584228515625e+00 -3.785512924194335938e+00 1.401229500770568848e+00
1.921943817138671875e+02 1.188809871673583984e+00 6.233525276184082031e+00 -1.137561798095703125e-01 -4.920310974121093750e-01 1.022180765867233276e-01
6.941256713867187500e+02 1.847917795181274414e+00 7.572437286376953125e+00 -6.731891632080078125e-01 1.083423614501953125e+00 5.874839052557945251e-02
5.416902923583984375e+01 5.155251026153564453e-01 4.981081008911132812e+00 3.217277526855468750e-01 -2.542390823364257812e+00 6.017406284809112549e-02
3.053844604492187500e+02 4.980094432830810547e-01 4.664042472839355469e+00 -6.472320556640625000e-01 2.194732666015625000e+00 1.510861635208129883e+00
7.312100830078125000e+02 9.435670375823974609e-01 5.583947181701660156e+00 6.413993835449218750e-01 3.112716674804687500e+00 6.823662519454956055e-01
5.044736022949218750e+02 1.136620044708251953e+00 6.002266407012939453e+00 1.409313201904296875e+00 1.634902954101562500e-01 4.689441323280334473e-01
4.852720642089843750e+02 9.747223854064941406e-01 5.966177463531494141e+00 7.637634277343750000e-01 1.892925262451171875e+00 7.725943326950073242e-01
3.032771911621093750e+02 9.418048858642578125e-01 5.904526710510253906e+00 2.000598907470703125e-01 4.003795623779296875e+00 1.944068431854248047e+00
2.957615356445312500e+02 5.831906795501708984e-01 5.213178634643554688e+00 -1.571287155151367188e+00 9.139976501464843750e-01 1.490619778633117676e-01
2.752123413085937500e+02 1.253603935241699219e+00 6.993686676025390625e+00 -1.800531387329101562e+00 -9.208869934082031250e-01 7.632231712341308594e-01
1.806533050537109375e+02 1.231222629547119141e+00 6.621502876281738281e+00 -2.214439392089843750e+00 -5.179599761962890625e+00 1.494176149368286133e+00
3.431707763671875000e+01 1.833105564117431641e+00 7.634275913238525391e+00 4.717901229858398438e+00 2.184028625488281250e+00 6.735900640487670898e-01
9.424306488037109375e+01 1.260766029357910156e+00 6.676175594329833984e+00 1.843605041503906250e+00 8.091526031494140625e-01 2.501001358032226562e-01
2.605082273483276367e+00 6.497876644134521484e-01 5.523761749267578125e+00 -6.187572479248046875e-01 -1.148855209350585938e+00 1.211525797843933105e+00
5.566838836669921875e+01 2.971527099609375000e+00 9.685294151306152344e+00 1.066014289855957031e+01 1.277078247070312500e+01 1.088351964950561523e+00
2.630782470703125000e+02 1.035100460052490234e+00 6.224201202392578125e+00 5.354156494140625000e-01 5.689086914062500000e-01 1.512577414512634277e+00
1.896154174804687500e+02 6.549696922302246094e-01 5.500260353088378906e+00 -1.018701553344726562e+00 3.768310546875000000e-01 1.163828730583190918e+00
3.745661621093750000e+02 7.832551002502441406e-01 5.443198204040527344e+00 -4.724769592285156250e-01 1.047828674316406250e+00 9.703950881958007812e-01
6.821817016601562500e+02 3.347144126892089844e-01 5.132665157318115234e+00 -2.671947479248046875e-01 -1.234706878662109375e+00 1.303937673568725586e+00
1.378696823120117188e+01 4.446649551391601562e-01 4.607583999633789062e+00 -5.365905761718750000e-01 2.717849731445312500e+00 1.222525715827941895e+00
6.722134590148925781e+00 1.048665523529052734e+00 6.120945930480957031e+00 -7.444972991943359375e-01 -9.981861114501953125e-01 1.027030229568481445e+00
3.371672668457031250e+02 2.773377895355224609e-01 4.516642570495605469e+00 -6.872138977050781250e-01 1.159263610839843750e+00 4.708677530288696289e-02
7.375830078125000000e+02 1.747086048126220703e+00 7.617311954498291016e+00 4.252613067626953125e+00 1.164588928222656250e+00 4.100316166877746582e-01
7.971912841796875000e+02 1.099304676055908203e+00 6.394952297210693359e+00 -1.718637466430664062e+00 -2.568031311035156250e+00 4.787775874137878418e-01
3.736207580566406250e+02 6.263194084167480469e-01 5.245002269744873047e+00 -9.010009765625000000e-01 6.370258331298828125e-01 1.713775515556335449e+00
1.013973617553710938e+02 6.689996719360351562e-01 5.675522804260253906e+00 -5.494689941406250000e-02 1.484830856323242188e+00 1.030351877212524414e+00
7.572183227539062500e+01 4.878821372985839844e-01 5.367699146270751953e+00 -6.686859130859375000e-01 5.693550109863281250e-01 6.625266075134277344e-01
5.655300292968750000e+02 5.598111152648925781e-01 5.013950347900390625e+00 -4.969406127929687500e-02 -1.781002044677734375e+00 1.286356747150421143e-01
7.868789672851562500e+02 6.065797805786132812e-01 5.424463272094726562e+00 3.078880310058593750e-01 -7.756576538085937500e-01 2.179327011108398438e-01
3.959477233886718750e+02 1.855074644088745117e+00 7.673316001892089844e+00 -1.267314243316650391e+01 3.035335540771484375e-01 1.290658414363861084e-01
7.761931152343750000e+02 6.819572448730468750e-01 5.432753086090087891e+00 -3.996925354003906250e-01 8.026695251464843750e-01 1.127729862928390503e-01
6.301586914062500000e+02 1.281313419342041016e+00 6.606411933898925781e+00 8.267307281494140625e-01 1.999206542968750000e+00 9.524010121822357178e-02
6.975876464843750000e+02 1.143349170684814453e+00 5.983881950378417969e+00 1.886217117309570312e+00 -1.298984527587890625e+00 4.302054643630981445e-02
6.342105712890625000e+02 1.553010702133178711e+00 7.183974742889404297e+00 6.070949554443359375e+00 4.937671661376953125e+00 7.446458339691162109e-01
7.880513916015625000e+02 3.128161430358886719e-01 4.200881004333496094e+00 -1.554355621337890625e-01 -1.703186035156250000e-01 3.253975212574005127e-01
6.526396484375000000e+02 1.764157056808471680e+00 7.555595874786376953e+00 6.146287918090820312e+00 1.445674896240234375e+00 4.869776964187622070e-01
2.988751525878906250e+02 9.897885322570800781e-01 6.105309009552001953e+00 2.058603286743164062e+00 7.309280395507812500e+00 1.610180616378784180e+00
7.444772949218750000e+02 1.617234706878662109e+00 7.528548240661621094e+00 2.334743499755859375e+00 1.302028656005859375e+00 2.595500648021697998e-01
6.650724487304687500e+02 1.031552314758300781e+00 5.857566356658935547e+00 -1.087892532348632812e+00 1.558799743652343750e-01 4.792521893978118896e-02
4.004701538085937500e+02 1.853329420089721680e+00 7.368314743041992188e+00 2.828617095947265625e-01 1.807661056518554688e+00 1.074753761291503906e+00
2.370937347412109375e+02 7.825133800506591797e-01 5.512199401855468750e+00 6.352119445800781250e-01 2.013513565063476562e+00 1.361597180366516113e+00
3.627718811035156250e+02 7.792623043060302734e-01 5.485287189483642578e+00 -1.457403182983398438e+00 -1.398208618164062500e+00 4.698524177074432373e-01
1.993735961914062500e+02 1.094352245330810547e+00 6.924376487731933594e+00 2.805444717407226562e+00 2.862873077392578125e+00 4.710769280791282654e-02
6.636551513671875000e+02 3.894064426422119141e-01 5.125104904174804688e+00 -1.384687423706054688e+00 2.519622802734375000e+00 1.224942505359649658e-01
4.134228820800781250e+02 2.356251239776611328e+00 8.573713302612304688e+00 5.722255706787109375e-01 9.053974151611328125e-01 5.400378108024597168e-01
5.315960083007812500e+02 7.326602935791015625e-01 5.320182323455810547e+00 -2.476448059082031250e+00 -1.894590377807617188e+00 7.030990123748779297e-01
2.639870605468750000e+02 5.726337432861328125e-01 5.434393882751464844e+00 3.246345520019531250e-01 4.235954284667968750e-01 7.122395038604736328e-01
2.250387268066406250e+02 9.482622146606445312e-01 5.911545276641845703e+00 1.280311584472656250e+00 -1.548442840576171875e+00 4.046053886413574219e-01
1.548429718017578125e+02 9.311604499816894531e-01 5.882281780242919922e+00 2.372732162475585938e+00 2.265817642211914062e+00 7.907862067222595215e-01
3.302468872070312500e+02 2.082497596740722656e+00 7.716357231140136719e+00 -1.137453079223632812e+00 1.893827438354492188e+00 2.635971546173095703e+00
7.034360504150390625e+01 9.306356906890869141e-01 6.010446548461914062e+00 2.851490020751953125e+00 4.307081222534179688e+00 5.577995777130126953e-01
2.149288635253906250e+02 1.762581348419189453e+00 7.913600921630859375e+00 -1.932262420654296875e+00 2.913619995117187500e+00 3.092926144599914551e-01
4.691072082519531250e+02 4.246952533721923828e-01 4.833801269531250000e+00 -5.666656494140625000e-01 -1.136054992675781250e-01 7.973790168762207031e-01
3.930870056152343750e+02 2.953339099884033203e+00 1.020875740051269531e+01 -1.760761260986328125e+00 -2.857872009277343750e+00 3.940851986408233643e-01
4.008552551269531250e+00 4.675340652465820312e-01 5.021447658538818359e+00 3.811435699462890625e-01 -6.415843963623046875e-01 1.196951866149902344e+00
4.489702606201171875e+01 2.692851066589355469e+00 9.604681015014648438e+00 3.907365798950195312e+00 2.107906341552734375e+00 6.026145219802856445e-01
1.422298736572265625e+02 6.092057228088378906e-01 4.979035854339599609e+00 -7.453193664550781250e-01 -8.950614929199218750e-01 2.075525283813476562e+00
1.611410675048828125e+02 2.019211769104003906e+00 8.196843147277832031e+00 3.071214675903320312e+00 4.003829956054687500e-01 3.803457319736480713e-01
1.793972320556640625e+02 1.441812753677368164e+00 6.924394130706787109e+00 -1.413383483886718750e-01 1.089195251464843750e+00 5.396043062210083008e-01
3.082164306640625000e+02 1.605005741119384766e+00 6.984667778015136719e+00 8.338088989257812500e+00 -8.217029571533203125e-01 1.496686339378356934e-01
7.175452880859375000e+02 6.930313110351562500e-01 5.322515487670898438e+00 -3.724479675292968750e-02 -2.519950866699218750e-01 7.577231526374816895e-01
6.459891967773437500e+02 1.321824312210083008e+00 6.499667644500732422e+00 6.239528656005859375e-01 -1.191427230834960938e+00 3.327543139457702637e-01
4.878210144042968750e+02 2.681328773498535156e+00 9.397634506225585938e+00 -1.968070983886718750e+00 -1.724836349487304688e+00 5.626331567764282227e-01
4.118133544921875000e+02 7.268736362457275391e-01 5.031155109405517578e+00 3.620433807373046875e-01 1.437915802001953125e+00 9.072527289390563965e-01
5.287196044921875000e+02 1.881752490997314453e+00 7.889172554016113281e+00 -2.623565673828125000e+00 -1.341878890991210938e+00 7.081416249275207520e-01
3.793959960937500000e+02 3.702175617218017578e-01 4.879408836364746094e+00 -5.830745697021484375e-01 2.859317779541015625e+00 4.480878710746765137e-01
2.759623413085937500e+02 2.609733104705810547e+00 9.691360473632812500e+00 -9.908283233642578125e+00 -9.827313423156738281e+00 1.228743672370910645e+00
4.528175964355468750e+02 1.576853275299072266e+00 7.747015476226806641e+00 5.081253051757812500e+00 3.938238143920898438e+00 3.025666773319244385e-01
3.857937927246093750e+02 7.442188262939453125e-01 5.581641197204589844e+00 2.054862976074218750e-01 -2.222805023193359375e-01 6.802364587783813477e-01
2.313188323974609375e+02 1.122805118560791016e+00 6.549816608428955078e+00 4.150629043579101562e+00 4.962657928466796875e+00 7.773845791816711426e-01
3.170494995117187500e+02 7.603282928466796875e-01 5.753890514373779297e+00 -5.681552886962890625e-01 -2.381404876708984375e+00 1.922092586755752563e-01
5.162319335937500000e+02 8.045933246612548828e-01 5.652333259582519531e+00 -6.175098419189453125e-01 -6.829357147216796875e-01 1.112237215042114258e+00
5.597850341796875000e+02 1.820843696594238281e+00 7.623950481414794922e+00 -1.811405181884765625e+00 -3.791578292846679688e+00 4.074591100215911865e-01
5.790528564453125000e+02 3.300787925720214844e+00 1.078563308715820312e+01 -5.178756713867187500e-01 1.162250518798828125e+00 1.060239911079406738e+00
3.685880279541015625e+01 8.390836715698242188e-01 5.834815979003906250e+00 1.699844360351562500e+00 4.051982879638671875e+00 8.241728544235229492e-01
3.236752319335937500e+01 7.845923900604248047e-01 5.473109722137451172e+00 -1.528657913208007812e+00 -1.257717132568359375e+00 1.056943178176879883e+00
2.392533569335937500e+02 2.199906826019287109e+00 8.505539894104003906e+00 -4.905509948730468750e-02 -1.282886505126953125e+00 2.996700108051300049e-01
4.461544189453125000e+02 8.065881729125976562e-01 5.620160579681396484e+00 -1.024484634399414062e+00 6.507205963134765625e-01 3.486987650394439697e-01
6.776995849609375000e+02 4.557609558105468750e-01 4.798548698425292969e+00 -1.001537322998046875e+00 1.411708831787109375e+00 1.690912991762161255e-01
4.197975158691406250e+02 1.503558158874511719e+00 6.632503986358642578e+00 -4.814743041992187500e+00 2.883842468261718750e+00 1.151626836508512497e-02
6.313212890625000000e+02 6.232786178588867188e-01 5.437378406524658203e+00 1.602382659912109375e-01 -2.996578216552734375e-01 1.198768019676208496e-01
1.887154388427734375e+02 5.491855144500732422e-01 5.163691043853759766e+00 -9.155254364013671875e-01 -1.395683288574218750e-01 1.250741481781005859e+00
3.714834289550781250e+02 2.910438060760498047e+00 9.922815322875976562e+00 -1.218996047973632812e+00 8.782806396484375000e-01 1.198294281959533691e+00
2.163474578857421875e+02 9.120945930480957031e-01 5.522585868835449219e+00 -2.136638641357421875e+00 -9.080505371093750000e-02 5.304298400878906250e-01
4.438099975585937500e+02 7.245242595672607422e-01 5.607168197631835938e+00 -2.746448516845703125e-01 -6.391677856445312500e-01 7.079902887344360352e-01
5.779395141601562500e+02 2.972648620605468750e+00 1.017581939697265625e+01 -7.440668106079101562e+00 -2.183403015136718750e+00 3.396160900592803955e-01
3.809401855468750000e+02 1.168520927429199219e+00 5.922104835510253906e+00 -1.249038696289062500e+00 1.913608551025390625e+00 2.644316852092742920e-01
4.949583435058593750e+02 4.526667594909667969e-01 4.747108459472656250e+00 -7.269744873046875000e-01 9.167785644531250000e-01 6.399226784706115723e-01
2.907661819458007812e+01 5.812196731567382812e-01 5.055216789245605469e+00 -3.892974853515625000e-01 -2.710668563842773438e+00 3.576954901218414307e-01
3.039310913085937500e+02 2.420960426330566406e+00 8.731616020202636719e+00 1.292762756347656250e+01 1.388099288940429688e+01 1.089788079261779785e+00
4.039981689453125000e+02 1.711138725280761719e+00 7.389551162719726562e+00 2.620534896850585938e+00 -1.059179306030273438e+00 2.076651453971862793e-01
4.291437072753906250e+02 7.843475341796875000e-01 5.583675384521484375e+00 -4.797229766845703125e-01 -1.346492767333984375e+00 1.095222085714340210e-01
6.942118072509765625e+01 6.687874794006347656e-01 5.416158199310302734e+00 -1.679256439208984375e+00 -1.934219360351562500e+00 9.440568089485168457e-01
1.897396545410156250e+02 9.723308086395263672e-01 5.965268135070800781e+00 -8.291912078857421875e-01 2.522308349609375000e+00 2.982418835163116455e-01
3.983579711914062500e+02 1.791647434234619141e+00 7.649562835693359375e+00 4.263923645019531250e+00 1.081655502319335938e+00 2.550313472747802734e-01
6.382014770507812500e+02 6.425216197967529297e-01 5.094879627227783203e+00 5.551719665527343750e-01 8.659133911132812500e-01 6.913064718246459961e-01
6.672908782958984375e+01 1.304596662521362305e+00 6.408220291137695312e+00 -6.648292541503906250e-01 5.481719970703125000e-01 1.922118425369262695e+00
3.453423156738281250e+02 1.029680728912353516e+00 5.659627437591552734e+00 -7.227783203125000000e-01 3.396144866943359375e+00 1.007865786552429199e+00
3.381965637207031250e+02 5.895502567291259766e-01 5.623104095458984375e+00 -5.961837768554687500e-01 7.040138244628906250e-01 1.695991992950439453e+00
2.016064605712890625e+02 3.515114784240722656e+00 1.116193485260009766e+01 2.976562500000000000e+00 4.756549835205078125e+00 1.512979507446289062e+00
1.173888111114501953e+01 2.693369865417480469e+00 9.618381500244140625e+00 -1.445118999481201172e+01 -1.785043144226074219e+01 1.026990175247192383e+00
5.028406677246093750e+02 7.135417461395263672e-01 5.729267120361328125e+00 -3.697643280029296875e-01 -2.129360198974609375e+00 1.148920774459838867e+00
4.519515075683593750e+02 1.756756305694580078e+00 7.271630287170410156e+00 -1.987344741821289062e+00 -7.772178649902343750e-01 3.679792582988739014e-01
3.868618164062500000e+02 4.257905483245849609e-01 4.907183647155761719e+00 -1.154611587524414062e+00 -5.353507995605468750e-01 6.468813419342041016e-01
3.338330459594726562e+01 1.938173294067382812e+00 8.303165435791015625e+00 2.945812225341796875e+00 -1.441629409790039062e+00 3.928521871566772461e-01
7.640982666015625000e+02 9.891271591186523438e-01 6.272266864776611328e+00 -1.256309509277343750e+00 -1.522253036499023438e+00 1.377174615859985352e+00
5.208355712890625000e+02 3.742368221282958984e-01 4.562670707702636719e+00 -5.046653747558593750e-02 8.168945312500000000e-01 1.215286731719970703e+00
2.621163940429687500e+02 2.204321384429931641e+00 8.078502655029296875e+00 -1.445695877075195312e+00 -1.339138031005859375e+00 2.372936606407165527e-01
5.016431884765625000e+02 5.443553924560546875e-01 5.180549621582031250e+00 -3.083591461181640625e-01 1.948078155517578125e+00 3.702411353588104248e-01
4.101464843750000000e+02 7.752590179443359375e-01 5.228326797485351562e+00 -1.050127029418945312e+00 1.284809112548828125e-01 3.664036095142364502e-01
4.378821411132812500e+02 2.368210315704345703e+00 9.168231964111328125e+00 9.468023300170898438e+00 1.353575134277343750e+01 1.195205926895141602e+00
1.041865615844726562e+02 1.546215772628784180e+00 7.219656467437744141e+00 3.461072921752929688e+00 3.930244445800781250e+00 9.912148714065551758e-01
4.432851867675781250e+02 5.985274314880371094e-01 5.195912361145019531e+00 7.334728240966796875e-01 6.931209564208984375e-01 7.204189896583557129e-01
4.854984741210937500e+02 9.743847846984863281e-01 5.958017349243164062e+00 2.631950378417968750e-01 1.385669708251953125e-01 5.675085186958312988e-01
3.274088745117187500e+02 1.650695800781250000e+00 7.671812534332275391e+00 -7.896930694580078125e+00 -1.307228088378906250e+00 3.337531983852386475e-01
4.305046081542968750e+02 1.597902774810791016e+00 7.643451690673828125e+00 3.264625549316406250e+00 5.390449523925781250e+00 1.624935388565063477e+00
3.589873504638671875e+01 1.340748310089111328e+00 6.488323211669921875e+00 -2.131858825683593750e+00 -1.518520355224609375e+00 1.154854059219360352e+00
7.705516815185546875e+01 9.204986095428466797e-01 5.766093730926513672e+00 -1.178386688232421875e+00 -2.133481979370117188e+00 1.003109693527221680e+00
5.738958129882812500e+02 3.087075710296630859e+00 1.029881763458251953e+01 -1.163151645660400391e+01 -5.006904602050781250e-01 1.103419512510299683e-01
5.336927490234375000e+02 1.055206298828125000e+00 6.345506191253662109e+00 -6.265239715576171875e-01 -1.056404113769531250e-01 1.366535723209381104e-01
5.403790893554687500e+02 8.203668594360351562e-01 5.587144851684570312e+00 -5.931091308593750000e-01 2.494365692138671875e+00 3.068029880523681641e-01
4.622837524414062500e+02 8.930475711822509766e-01 5.600580215454101562e+00 1.180170059204101562e+00 2.269746780395507812e+00 5.433517098426818848e-01
4.641833801269531250e+02 4.342803955078125000e-01 4.976372718811035156e+00 -5.558929443359375000e-01 5.917968750000000000e-01 1.518181681632995605e+00
2.203385162353515625e+02 1.572119474411010742e+00 6.858210563659667969e+00 -3.694696426391601562e+00 -8.297653198242187500e-01 5.207747817039489746e-01
1.302616882324218750e+02 7.057788372039794922e-01 5.507363319396972656e+00 -1.979560852050781250e-01 -2.295434951782226562e+00 1.159830242395401001e-01
3.192579650878906250e+02 6.002588272094726562e-01 5.217558860778808594e+00 -1.150260925292968750e+00 1.327720642089843750e+00 1.556378901004791260e-01
7.306847534179687500e+02 3.977392196655273438e+00 1.203031349182128906e+01 -4.127749443054199219e+00 -4.292146682739257812e+00 8.487944602966308594e-01
4.135396423339843750e+02 6.808950901031494141e-01 5.264400005340576172e+00 3.326625823974609375e-01 7.787704467773437500e-01 7.792057991027832031e-01
3.375533447265625000e+02 1.005994558334350586e+00 6.216455936431884766e+00 -2.513008117675781250e+00 -3.101268768310546875e+00 2.063436746597290039e+00
6.525212402343750000e+02 1.325404644012451172e+00 6.556641578674316406e+00 -7.422084808349609375e-01 -2.986375808715820312e+00 1.961192488670349121e-01
2.608309631347656250e+02 1.881820917129516602e+00 8.098700523376464844e+00 1.380462646484375000e-01 -2.820537567138671875e+00 6.455743312835693359e-01
3.942679138183593750e+02 7.359941005706787109e-01 5.145810127258300781e+00 -3.790683746337890625e-01 -2.063339233398437500e+00 6.953316181898117065e-02
1.705552215576171875e+02 4.117994308471679688e-01 4.980028152465820312e+00 -5.117015838623046875e-01 2.209911346435546875e+00 7.584789395332336426e-01
6.525999755859375000e+02 4.592263698577880859e-01 4.599247455596923828e+00 -3.856277465820312500e-02 1.401960372924804688e+00 9.588345289230346680e-01
6.452406616210937500e+02 7.240881919860839844e-01 5.534646511077880859e+00 -5.461349487304687500e-01 -4.669609069824218750e-01 5.870090723037719727e-01
4.362630310058593750e+02 4.812963008880615234e-01 4.773696422576904297e+00 -1.005187988281250000e+00 3.671417236328125000e-01 5.534411408007144928e-03
3.854835510253906250e+01 4.753324985504150391e-01 5.150353908538818359e+00 -2.406139373779296875e-01 -3.310853958129882812e+00 1.128425359725952148e+00
2.012863922119140625e+02 2.208437919616699219e+00 8.379475593566894531e+00 3.050859451293945312e+00 2.709199905395507812e+00 7.127028107643127441e-01
2.190750427246093750e+02 5.613436698913574219e-01 4.965378761291503906e+00 -6.534900665283203125e-01 1.960231781005859375e+00 2.091000556945800781e+00
3.189541015625000000e+02 6.975817680358886719e-01 5.497195720672607422e+00 -3.248386383056640625e-01 2.293500900268554688e+00 1.083377480506896973e+00
5.522405395507812500e+02 7.149791717529296875e-01 5.433897972106933594e+00 -2.157228469848632812e+00 2.639427185058593750e-01 3.422125577926635742e-01
7.534120483398437500e+02 1.330957412719726562e+00 6.885195732116699219e+00 -6.310436248779296875e+00 -1.793561935424804688e+00 6.124604493379592896e-02
7.464993286132812500e+02 1.393043518066406250e+00 6.485490798950195312e+00 -3.232761383056640625e+00 -6.021237373352050781e+00 1.194451332092285156e+00
6.337301635742187500e+02 1.216623783111572266e+00 6.547266960144042969e+00 3.878288269042968750e-01 3.077209472656250000e+00 2.168600410223007202e-01
7.717748413085937500e+02 1.550243377685546875e+00 7.468927383422851562e+00 -4.207039833068847656e+00 -1.859523773193359375e+00 3.177966177463531494e-01
3.774777526855468750e+02 4.348242282867431641e-01 5.060862064361572266e+00 -4.312896728515625000e-02 2.716627120971679688e+00 1.439821600914001465e+00
6.204758911132812500e+02 2.009841442108154297e+00 8.221388816833496094e+00 -3.551330566406250000e-01 -1.532035827636718750e+00 9.783884882926940918e-01
3.471685409545898438e+01 6.792104244232177734e-01 5.366608142852783203e+00 -1.865770339965820312e+00 -4.302273750305175781e+00 1.909575223922729492e+00
3.350159301757812500e+02 8.342721462249755859e-01 5.861328125000000000e+00 3.449096679687500000e-01 3.666648864746093750e-01 2.482139319181442261e-01
3.104189453125000000e+02 1.157200336456298828e+00 6.517971038818359375e+00 -3.647171020507812500e+00 -4.549670219421386719e+00 1.040632247924804688e+00
1.226533889770507812e+01 3.162588119506835938e+00 1.042356109619140625e+01 -1.721908187866210938e+01 -1.458844566345214844e+01 9.342904090881347656e-01
2.906240234375000000e+02 9.282526969909667969e-01 5.711250782012939453e+00 -2.072525024414062500e-02 1.412445068359375000e+00 2.316762208938598633e+00
6.433607788085937500e+02 7.587914466857910156e-01 5.440036773681640625e+00 -2.728080749511718750e-02 2.177375793457031250e+00 5.083113312721252441e-01
3.585491638183593750e+02 7.290749549865722656e-01 5.696875572204589844e+00 6.965293884277343750e-01 5.242996215820312500e+00 2.115159511566162109e+00
3.109433288574218750e+02 1.413910627365112305e+00 6.341064929962158203e+00 -3.986000061035156250e+00 2.132661819458007812e+00 2.712147235870361328e-01
6.701459960937500000e+02 2.463270187377929688e+00 8.915242195129394531e+00 -2.814788818359375000e-01 4.412250518798828125e-01 5.220591425895690918e-01
7.240370483398437500e+02 1.513933420181274414e+00 7.199697494506835938e+00 2.864814758300781250e+00 1.633998870849609375e+00 1.957011222839355469e-01
3.407909851074218750e+02 1.149699449539184570e+00 6.457267761230468750e+00 -7.472610473632812500e-02 9.237308502197265625e-01 6.495999097824096680e-01
5.378598022460937500e+02 1.388258457183837891e+00 6.874892234802246094e+00 3.562641143798828125e-01 -2.076549530029296875e-01 1.473954439163208008e+00
7.255853271484375000e+02 9.887943267822265625e-01 5.512967109680175781e+00 6.911067962646484375e-01 -9.291267395019531250e-01 1.541807413101196289e+00
6.217877197265625000e+01 1.197378635406494141e+00 6.753087520599365234e+00 -7.369956970214843750e-01 -2.408973693847656250e+00 3.290394544601440430e-01
4.815946960449218750e+02 1.304330587387084961e+00 6.544779300689697266e+00 -1.867273330688476562e+00 -2.087341308593750000e+00 1.666100025177001953e+00
9.666484832763671875e+01 7.657346725463867188e-01 5.396602630615234375e+00 -1.103023529052734375e+00 -6.961708068847656250e-01 1.757317900657653809e+00
4.832519149780273438e+01 1.994433403015136719e+00 7.890988826751708984e+00 8.497056961059570312e+00 1.520671081542968750e+01 1.502305865287780762e+00
5.043308105468750000e+02 2.656449794769287109e+00 9.363436698913574219e+00 9.563705444335937500e+00 3.354675292968750000e+00 2.870676219463348389e-01
1.962134094238281250e+02 5.841069221496582031e-01 5.020869255065917969e+00 -1.196638107299804688e+00 7.239227294921875000e-01 6.455367207527160645e-01
2.926683044433593750e+02 1.158394098281860352e+00 6.344434738159179688e+00 -3.551456451416015625e+00 1.856014251708984375e+00 2.069486528635025024e-01
1.481177673339843750e+02 2.251599788665771484e+00 8.530214309692382812e+00 -1.045302772521972656e+01 -1.214826965332031250e+01 1.201665520668029785e+00
6.881343383789062500e+02 2.679315090179443359e+00 9.443284034729003906e+00 -1.488212585449218750e+01 -7.956242561340332031e+00 3.498029708862304688e-01
2.653478698730468750e+02 5.476484298706054688e-01 4.890666961669921875e+00 -9.071578979492187500e-01 -6.716556549072265625e-01 2.191166400909423828e+00
3.501454467773437500e+02 8.846702575683593750e-01 5.822787284851074219e+00 9.578704833984375000e-02 1.194892883300781250e+00 2.112531185150146484e+00
9.454853057861328125e+01 1.336896896362304688e+00 6.401986122131347656e+00 4.860305786132812500e-02 2.764812469482421875e+00 2.187944650650024414e+00
5.260632934570312500e+02 2.643385887145996094e+00 9.096545219421386719e+00 9.907619476318359375e+00 1.311362838745117188e+01 1.491868495941162109e+00
3.585776977539062500e+02 6.747598648071289062e-01 5.445749282836914062e+00 -8.252696990966796875e-01 1.816879272460937500e+00 1.396994888782501221e-01
4.610059814453125000e+02 2.833630084991455078e+00 9.471539497375488281e+00 -1.554292392730712891e+01 -1.634899902343750000e+01 9.235854148864746094e-01
4.549792785644531250e+02 1.121811628341674805e+00 6.387309551239013672e+00 -1.565708160400390625e+00 -1.121358871459960938e+00 1.230020642280578613e+00
4.926965637207031250e+02 1.058998107910156250e+00 6.099071025848388672e+00 6.943702697753906250e-02 4.868412017822265625e-01 2.514303028583526611e-01
3.554488220214843750e+02 1.770860433578491211e+00 7.478331565856933594e+00 -3.204805374145507812e+00 -6.855182647705078125e-01 4.567458629608154297e-01
9.093947601318359375e+01 4.907684326171875000e-01 5.039994716644287109e+00 1.281509399414062500e-01 -8.922729492187500000e-01 4.287180900573730469e-01
6.445339355468750000e+02 2.433774471282958984e+00 9.073708534240722656e+00 4.174306869506835938e+00 6.574237823486328125e+00 1.305081367492675781e+00
2.103064270019531250e+02 1.461080312728881836e+00 7.033869743347167969e+00 4.488872528076171875e+00 4.089729309082031250e+00 4.577324390411376953e-01
5.767327880859375000e+02 8.338949680328369141e-01 5.179302215576171875e+00 -1.882411956787109375e+00 -3.070163726806640625e-01 8.070471882820129395e-01
5.792838134765625000e+02 1.914535522460937500e+00 7.941566944122314453e+00 -4.475288391113281250e-01 -1.715488433837890625e-01 1.704604029655456543e+00
2.105807952880859375e+02 1.371996641159057617e+00 6.650862216949462891e+00 -9.187622070312500000e-01 -1.175327301025390625e-01 1.174383282661437988e+00
6.799796142578125000e+02 1.051959037780761719e+00 6.032232761383056641e+00 -3.128623962402343750e-01 2.036743164062500000e-01 7.530236244201660156e-02
3.806188964843750000e+02 6.641788482666015625e-01 5.529726028442382812e+00 -6.407546997070312500e-02 3.814281463623046875e+00 1.654461860656738281e+00
1.732700500488281250e+02 2.656102180480957031e+00 9.391511917114257812e+00 -6.891826629638671875e+00 -2.758899688720703125e+00 8.184920549392700195e-01
5.972177124023437500e+02 3.939716815948486328e-01 4.709666728973388672e+00 -2.099895477294921875e-01 -5.142288208007812500e-01 2.779364883899688721e-01
3.502565612792968750e+02 8.566846847534179688e-01 5.774683952331542969e+00 4.873657226562500000e-02 1.688673019409179688e+00 5.274384021759033203e-01
3.624940490722656250e+02 1.122621536254882812e+00 6.306622028350830078e+00 -9.733371734619140625e-01 2.121070861816406250e+00 8.373229503631591797e-01
1.597595672607421875e+02 1.915163040161132812e+00 7.862215042114257812e+00 -2.753129959106445312e+00 1.767595291137695312e+00 2.377318739891052246e-01
2.404326477050781250e+02 7.528977394104003906e-01 5.466029167175292969e+00 4.400749206542968750e-01 1.233547210693359375e+00 5.648912191390991211e-01
5.755543823242187500e+02 3.459725379943847656e+00 1.085924625396728516e+01 3.766927719116210938e+00 6.738958358764648438e+00 1.256509900093078613e+00
5.569892578125000000e+02 7.422263622283935547e-01 5.618799209594726562e+00 8.502006530761718750e-02 1.391838073730468750e+00 3.586143255233764648e-01
4.738081054687500000e+02 3.221613883972167969e+00 1.058231830596923828e+01 5.957748413085937500e+00 5.345272064208984375e+00 1.003129005432128906e+00
4.715353088378906250e+02 5.992305278778076172e-01 5.259695529937744141e+00 -9.952354431152343750e-02 5.385227203369140625e-01 1.184918642044067383e+00
1.125779724121093750e+02 1.501164913177490234e+00 6.929966926574707031e+00 -2.582328796386718750e+00 -3.265258789062500000e+00 1.107550978660583496e+00
5.888749389648437500e+02 1.169525146484375000e+00 6.445958614349365234e+00 -2.926748275756835938e+00 -2.023462295532226562e+00 1.000061869621276855e+00
2.237620849609375000e+02 1.405317544937133789e+00 7.253983497619628906e+00 9.168844223022460938e+00 1.571790695190429688e+00 3.355953395366668701e-01
5.460358886718750000e+02 7.620811462402343750e-01 5.580490589141845703e+00 -1.087505340576171875e+00 -2.736724853515625000e+00 1.088466495275497437e-01
4.245451354980468750e+02 1.129555225372314453e+00 6.333665370941162109e+00 5.192947387695312500e-01 3.743293762207031250e+00 9.270906448364257812e-01
6.612655029296875000e+02 9.502849578857421875e-01 5.469641208648681641e+00 2.298250198364257812e+00 2.936756134033203125e+00 4.811193346977233887e-01
1.141152267456054688e+02 4.316740036010742188e-01 5.132051944732666016e+00 -1.182975769042968750e-01 -3.949890136718750000e-01 1.239136338233947754e+00
2.403464050292968750e+02 1.718480587005615234e+00 7.391819000244140625e+00 4.898424148559570312e+00 3.367034912109375000e+00 6.839994192123413086e-01
2.766606445312500000e+02 9.445471763610839844e-01 5.874522209167480469e+00 1.903873443603515625e+00 4.682170867919921875e+00 4.911512136459350586e-01
4.457242126464843750e+02 1.518023490905761719e+00 7.312245368957519531e+00 6.463497161865234375e+00 -1.006774902343750000e-01 3.176623880863189697e-01
7.383596191406250000e+02 2.296157836914062500e+00 8.703820228576660156e+00 -2.572690963745117188e+00 -3.438535690307617188e+00 9.410713911056518555e-01
5.623977780342102051e-01 1.331478595733642578e+00 6.567689895629882812e+00 -7.534236907958984375e-01 9.677467346191406250e-01 4.352334141731262207e-01
1.926190490722656250e+02 1.282789230346679688e+00 6.418039798736572266e+00 2.159118652343750000e-01 2.140016555786132812e+00 1.226763486862182617e+00
2.813692321777343750e+02 3.834939479827880859e+00 1.183248519897460938e+01 3.015235900878906250e+00 5.809047698974609375e+00 1.013385891914367676e+00
4.585618591308593750e+02 1.267601490020751953e+00 6.798266410827636719e+00 1.559726715087890625e+00 2.676277160644531250e-01 5.909541249275207520e-01
3.831135940551757812e+01 2.815363883972167969e+00 9.983193397521972656e+00 7.106269836425781250e+00 -3.997650146484375000e-01 1.625318676233291626e-01
4.877469177246093750e+02 6.109700202941894531e-01 4.868208408355712891e+00 4.180316925048828125e-01 -9.231662750244140625e-01 5.370275974273681641e-01
8.633062362670898438e+00 4.359769821166992188e-01 4.769491195678710938e+00 -1.678445816040039062e+00 7.655124664306640625e-01 5.627901554107666016e-01
2.450789489746093750e+02 6.952526569366455078e-01 5.238471508026123047e+00 2.012329101562500000e-01 2.515745162963867188e+00 8.962530642747879028e-02
4.098558959960937500e+02 1.049882411956787109e+00 6.135610103607177734e+00 -1.478010177612304688e+00 -1.639770507812500000e+00 2.495937794446945190e-01
2.159492492675781250e+02 5.757787227630615234e-01 4.942321300506591797e+00 1.306362152099609375e-01 1.423419952392578125e+00 1.236513614654541016e+00
2.546208190917968750e+02 3.333338260650634766e+00 1.107957458496093750e+01 8.779422760009765625e+00 3.818527221679687500e+00 5.493194460868835449e-01
5.957086791992187500e+02 1.278562545776367188e+00 6.938117504119873047e+00 1.605222702026367188e+00 9.797191619873046875e-01 1.014000736176967621e-03
4.624902343750000000e+02 6.931262016296386719e-01 5.498158931732177734e+00 -7.880611419677734375e-01 6.843929290771484375e-01 1.542382538318634033e-01
4.805133666992187500e+02 9.397459030151367188e-01 5.585222244262695312e+00 -1.290731430053710938e+00 -1.571430206298828125e+00 5.732763409614562988e-01
4.996574401855468750e+02 1.112021446228027344e+00 6.231287002563476562e+00 -1.010551452636718750e+00 3.519401550292968750e-01 2.256016731262207031e-01
5.835018920898437500e+02 1.193480491638183594e+00 6.620452880859375000e+00 2.595359802246093750e+00 8.711071014404296875e-01 2.350098639726638794e-01
2.616915588378906250e+02 8.366255760192871094e-01 5.719264984130859375e+00 2.399101257324218750e-01 1.114233016967773438e+00 1.296051025390625000e+00
7.961636962890625000e+02 2.903178691864013672e+00 1.004487037658691406e+01 1.173478126525878906e+01 5.412376403808593750e+00 5.652292966842651367e-01
4.584655151367187500e+02 6.749501228332519531e-01 5.072049617767333984e+00 -6.104393005371093750e-01 6.406173706054687500e-01 2.196004092693328857e-01
6.751694335937500000e+02 6.345891952514648438e-01 5.350502967834472656e+00 -1.041616439819335938e+00 6.489353179931640625e-01 4.305739700794219971e-01
5.101351623535156250e+02 1.474441289901733398e+00 6.509853839874267578e+00 -4.221544265747070312e+00 7.097434997558593750e-02 4.575548171997070312e-01
4.064510498046875000e+02 7.260210514068603516e-01 5.336132049560546875e+00 3.706016540527343750e-01 2.204364776611328125e+00 8.092263713479042053e-03
3.419716491699218750e+02 2.638806343078613281e+00 9.310734748840332031e+00 -4.033309936523437500e+00 -2.851366043090820312e+00 3.587440848350524902e-01
3.741339111328125000e+02 3.346391677856445312e+00 1.087303256988525391e+01 1.044271659851074219e+01 4.947450637817382812e+00 5.281202197074890137e-01
3.264946594238281250e+02 5.931921005249023438e-01 5.457674980163574219e+00 -1.447738647460937500e+00 -1.514614105224609375e+00 7.870640754699707031e-01
6.084463500976562500e+02 2.567203044891357422e+00 9.196168899536132812e+00 8.804325103759765625e+00 4.780855178833007812e+00 4.767111241817474365e-01
5.997547607421875000e+02 1.737389087677001953e+00 7.326128482818603516e+00 3.962783813476562500e+00 7.320499420166015625e+00 1.643184185028076172e+00
3.768132934570312500e+02 3.982779979705810547e-01 4.905067443847656250e+00 -9.293899536132812500e-01 -1.154344558715820312e+00 1.994532227516174316e+00
2.804040527343750000e+02 7.367713451385498047e-01 5.735059261322021484e+00 -1.991693496704101562e+00 9.155273437500000000e-02 8.091938495635986328e-01
1.459164276123046875e+02 1.934331893920898438e+00 7.889666557312011719e+00 1.121888732910156250e+01 4.814872741699218750e-01 5.822794511914253235e-02
4.702043151855468750e+02 4.289019107818603516e-01 4.550617218017578125e+00 -5.592308044433593750e-01 7.549095153808593750e-01 1.454815626144409180e+00
7.960720825195312500e+02 8.192050457000732422e-01 5.617127418518066406e+00 2.345140457153320312e+00 2.549999237060546875e+00 5.046799778938293457e-01
3.296229553222656250e+02 2.559107780456542969e+00 9.152215957641601562e+00 -3.065101623535156250e+00 -7.651252746582031250e-01 2.448597848415374756e-01
2.179032287597656250e+02 2.538479328155517578e+00 9.129751205444335938e+00 9.730606079101562500e+00 3.213808059692382812e+00 3.297026157379150391e-01
4.151980895996093750e+02 9.291365146636962891e-01 5.884921073913574219e+00 1.270025253295898438e+00 4.578094482421875000e-01 6.767673492431640625e-01
1.633023681640625000e+02 2.383287429809570312e+00 9.104745864868164062e+00 -1.354993820190429688e+00 9.754409790039062500e-01 2.203729003667831421e-02
1.624214172363281250e+01 2.003460884094238281e+00 8.139278411865234375e+00 1.656558990478515625e+00 6.441177368164062500e+00 3.170101642608642578e+00
3.638127746582031250e+02 1.360883712768554688e+00 6.780100822448730469e+00 -4.367761611938476562e+00 6.456756591796875000e-01 4.476470947265625000e-01
1.743528900146484375e+02 3.345310688018798828e-01 4.287913322448730469e+00 -6.338806152343750000e-01 -1.011695861816406250e-01 8.352720737457275391e-01
5.278120727539062500e+02 1.400989532470703125e+00 6.907815456390380859e+00 3.625432968139648438e+00 2.651622772216796875e+00 6.816199421882629395e-01
4.125290527343750000e+02 9.843916893005371094e-01 6.013170242309570312e+00 -7.849521636962890625e-01 9.340286254882812500e-02 2.499704062938690186e-01
2.830074157714843750e+02 3.341581821441650391e+00 1.044353485107421875e+01 -5.810956954956054688e+00 -5.011205673217773438e+00 1.148222208023071289e+00
4.141033630371093750e+02 5.399792194366455078e-01 5.151731014251708984e+00 -3.696842193603515625e-01 -3.549251556396484375e-01 5.778264254331588745e-02
6.767968139648437500e+02 3.443060874938964844e+00 1.081647014617919922e+01 8.557228088378906250e+00 5.959291458129882812e+00 6.467374563217163086e-01
4.472268676757812500e+02 4.858393669128417969e-01 4.955324649810791016e+00 -1.934795379638671875e-01 -3.240936279296875000e+00 3.014070093631744385e-01
4.414895935058593750e+02 3.860507011413574219e-01 4.754829406738281250e+00 -6.333408355712890625e-01 2.503807067871093750e+00 1.619073152542114258e+00
7.850343017578125000e+02 4.764907360076904297e-01 5.020228385925292969e+00 -2.811813354492187500e-01 -1.583244323730468750e+00 1.035156965255737305e+00
4.541400756835937500e+02 1.536265134811401367e+00 7.227124214172363281e+00 -1.476854324340820312e+00 -4.951782226562500000e-01 4.846029281616210938e-01
7.052821044921875000e+02 8.264555931091308594e-01 5.696846485137939453e+00 -5.623168945312500000e-01 8.401641845703125000e-01 3.560582399368286133e-01
4.513630371093750000e+02 4.197056293487548828e-01 4.483172893524169922e+00 -1.423664093017578125e-01 -1.044158935546875000e-01 1.699815869331359863e+00
3.352546997070312500e+02 1.997745990753173828e+00 7.487713813781738281e+00 1.114570999145507812e+01 7.299861907958984375e+00 6.342369318008422852e-01
7.703339233398437500e+02 2.413264274597167969e+00 8.940671920776367188e+00 -3.156261444091796875e-01 -2.282154083251953125e+00 1.860572695732116699e-01
2.130886535644531250e+02 1.402266502380371094e+00 7.020816802978515625e+00 1.232965469360351562e+00 -6.403293609619140625e-01 7.216668128967285156e-01
6.961038818359375000e+02 1.850218057632446289e+00 7.495924472808837891e+00 2.891834259033203125e+00 2.699092864990234375e+00 1.315806984901428223e+00
6.305073242187500000e+02 9.371156692504882812e-01 6.024026870727539062e+00 5.850200653076171875e-01 -9.571723937988281250e-01 4.902484714984893799e-01
2.010708312988281250e+02 2.020717620849609375e+00 7.986279487609863281e+00 4.170417785644531250e-01 -1.984268188476562500e+00 1.007434010505676270e+00
3.941379699707031250e+02 7.130675315856933594e-01 5.413521289825439453e+00 -1.161664962768554688e+00 -1.427551269531250000e+00 2.502526044845581055e+00
2.743757629394531250e+02 5.504825115203857422e-01 5.377844333648681641e+00 -1.127969741821289062e+00 -1.596076965332031250e+00 6.294017434120178223e-01
1.189809951782226562e+02 8.151688575744628906e-01 5.424506664276123047e+00 7.587432861328125000e-01 -1.429416656494140625e+00 4.964447766542434692e-02
5.292680740356445312e+01 8.420109748840332031e-01 5.097661972045898438e+00 -8.309631347656250000e-01 3.994922637939453125e-01 6.335917115211486816e-01
2.943873901367187500e+02 2.170013427734375000e+00 8.276739120483398438e+00 7.069290161132812500e+00 1.742162704467773438e+00 1.379836797714233398e-01
2.796250000000000000e+02 1.096829175949096680e+00 6.712677955627441406e+00 -2.367389678955078125e+00 -1.477466583251953125e+00 6.085094213485717773e-01
7.586314392089843750e+01 2.217340469360351562e+00 8.878684043884277344e+00 -1.593025207519531250e+00 -9.365329742431640625e-01 6.218870878219604492e-01
7.727521972656250000e+02 9.234592914581298828e-01 6.053195953369140625e+00 -1.048706054687500000e+00 1.146793365478515625e-01 7.192450761795043945e-01
6.192467651367187500e+02 4.453446865081787109e-01 5.176703929901123047e+00 1.125049591064453125e-01 2.000543594360351562e+00 2.914786934852600098e-01
4.158161621093750000e+02 9.455394744873046875e-01 5.987451553344726562e+00 -7.764701843261718750e-01 9.256649017333984375e-01 1.147466540336608887e+00
1.076934585571289062e+02 4.458317756652832031e-01 5.244259357452392578e+00 -5.356788635253906250e-01 9.831085205078125000e-01 9.570208191871643066e-01
1.435998382568359375e+02 8.801512718200683594e-01 5.755123138427734375e+00 1.020822525024414062e+00 -1.440006256103515625e+00 1.304364055395126343e-01
1.233007812500000000e+02 6.537849903106689453e-01 5.346566200256347656e+00 -2.021423339843750000e+00 -9.893608093261718750e-02 4.854510724544525146e-01
7.031616973876953125e+01 1.073033332824707031e+00 6.069920063018798828e+00 2.803239822387695312e+00 1.826786041259765625e+00 3.980292081832885742e-01
5.956359863281250000e+02 6.447441577911376953e-01 5.149435520172119141e+00 -1.077415466308593750e+00 -1.657649993896484375e+00 1.108462333679199219e+00
1.884603271484375000e+02 9.173753261566162109e-01 5.678730010986328125e+00 -1.237977981567382812e+00 6.544761657714843750e-01 1.520717859268188477e+00
4.162415466308593750e+02 1.511218547821044922e+00 7.578733444213867188e+00 -3.015707015991210938e+00 1.542263031005859375e-01 6.642261147499084473e-01
2.797982978820800781e+01 1.026463985443115234e+00 5.873486518859863281e+00 -8.638782501220703125e-01 -2.021789550781250000e-03 3.816208243370056152e-01
9.096764373779296875e+01 4.372591972351074219e-01 4.640765190124511719e+00 6.820869445800781250e-02 1.056854248046875000e+00 4.215567708015441895e-01
4.072005310058593750e+02 6.004674434661865234e-01 4.935733318328857422e+00 4.057197570800781250e-01 1.993747711181640625e+00 3.217821717262268066e-01
5.079409179687500000e+02 5.615744590759277344e-01 4.891039848327636719e+00 -2.036304473876953125e-01 2.792625427246093750e-01 1.146006137132644653e-01
9.717228698730468750e+01 1.034100532531738281e+00 6.087607383728027344e+00 6.350345611572265625e-01 1.190940856933593750e+00 6.596561670303344727e-01
6.763444213867187500e+02 4.383771419525146484e-01 4.733532428741455078e+00 -1.225580215454101562e+00 7.420654296875000000e-01 7.583349943161010742e-01
3.738231506347656250e+02 2.091478347778320312e+00 8.297997474670410156e+00 -7.392292022705078125e-01 1.911075592041015625e+00 5.918490886688232422e-01
5.686563110351562500e+02 1.599808692932128906e+00 7.253155708312988281e+00 4.423187255859375000e+00 1.163684844970703125e+00 4.512483477592468262e-01
4.622204895019531250e+02 7.223849296569824219e-01 5.361928462982177734e+00 1.518802642822265625e-01 1.125152587890625000e+00 8.029144406318664551e-01
7.195054321289062500e+02 3.781666755676269531e-01 4.857049942016601562e+00 -1.970081329345703125e-01 1.403938293457031250e+00 9.043247103691101074e-01
4.919681396484375000e+02 4.944119453430175781e-01 4.772407054901123047e+00 -1.585750579833984375e-01 1.281049728393554688e+00 1.051547527313232422e+00
4.272179565429687500e+02 6.622707843780517578e-01 5.295020103454589844e+00 -7.816734313964843750e-01 -1.380508422851562500e+00 1.241978168487548828e+00
1.894903717041015625e+02 3.502673149108886719e+00 1.107462310791015625e+01 4.660692214965820312e+00 2.750244140625000000e+00 1.004484653472900391e+00
2.304686279296875000e+02 2.613708496093750000e+00 9.480752944946289062e+00 8.298881530761718750e+00 2.470874786376953125e+00 3.406899869441986084e-01
5.108622436523437500e+02 6.354649066925048828e-01 4.741162776947021484e+00 -3.730392456054687500e-02 1.313667297363281250e-01 3.472968935966491699e-01
4.325596923828125000e+02 5.983734130859375000e-01 5.071395874023437500e+00 -1.596946716308593750e-01 8.144378662109375000e-01 4.240323603153228760e-01
