3.382048950195312500e+02 -1.875669956207275391e-01 3.081907749176025391e+00 -4.655113220214843750e-01 2.695693969726562500e-01 6.058883666992187500e-01
4.611641540527343750e+02 -2.132642269134521484e-01 2.756816625595092773e+00 -2.480335235595703125e-01 8.602638244628906250e-01 2.630017101764678955e-01
4.184004821777343750e+02 -2.654631137847900391e-01 2.719542980194091797e+00 -2.839431762695312500e-01 -7.394790649414062500e-01 1.091767191886901855e+00
3.695763854980468750e+02 -6.531095504760742188e-02 2.925942897796630859e+00 -1.080265045166015625e-01 2.069557189941406250e+00 1.418754935264587402e+00
3.778117675781250000e+02 -1.054737567901611328e-01 2.719620704650878906e+00 -3.391208648681640625e-01 2.412948608398437500e-01 3.041105866432189941e-01
6.070602416992187500e+02 -4.115593433380126953e-02 3.127489805221557617e+00 -3.991146087646484375e-01 -1.871910095214843750e-01 7.613362073898315430e-01
3.000102539062500000e+02 -1.934363842010498047e-01 2.732152700424194336e+00 -2.158508300781250000e-01 -4.068374633789062500e-03 1.077150344848632812e+00
4.795792541503906250e+02 -1.239060163497924805e-01 2.713306427001953125e+00 -3.271217346191406250e-01 7.972717285156250000e-03 8.522381782531738281e-01
5.690890502929687500e+02 -3.668129444122314453e-02 3.333927154541015625e+00 1.803741455078125000e-01 1.160585403442382812e+00 1.671111106872558594e+00
5.846524047851562500e+02 -3.124356269836425781e-03 3.132223844528198242e+00 -6.477298736572265625e-01 -8.849353790283203125e-01 2.410458326339721680e-01
3.016991882324218750e+02 -2.699685096740722656e-01 2.486654043197631836e+00 -2.048187255859375000e-01 -9.588203430175781250e-01 2.287958621978759766e+00
3.634584045410156250e+02 -1.223073005676269531e-01 2.890803098678588867e+00 -4.877052307128906250e-01 -5.431766510009765625e-01 2.649815320968627930e+00
4.051279602050781250e+02 -3.076624870300292969e-02 3.176210403442382812e+00 -8.508110046386718750e-02 1.175565719604492188e+00 1.696382641792297363e+00
1.582082977294921875e+02 -4.823088645935058594e-02 2.849077224731445312e+00 -3.887786865234375000e-01 -2.926731109619140625e-01 3.877565264701843262e-01
7.957874298095703125e+01 -1.905517578125000000e-01 2.841650485992431641e+00 -2.180747985839843750e-01 5.697250366210937500e-01 3.454622030258178711e-01
1.240614547729492188e+02 -6.855809688568115234e-02 2.986455917358398438e+00 -2.617015838623046875e-01 -4.797134399414062500e-01 6.578111648559570312e-01
6.381105346679687500e+02 6.750988960266113281e-02 3.437582731246948242e+00 -2.179546356201171875e-01 1.467611312866210938e+00 2.028539419174194336e+00
4.660202636718750000e+02 4.049205780029296875e-02 3.333911895751953125e+00 -4.352874755859375000e-01 -1.092674255371093750e+00 2.084895133972167969e+00
5.695028076171875000e+02 -8.116149902343750000e-02 2.996880531311035156e+00 -4.301490783691406250e-01 4.142837524414062500e-01 2.226267904043197632e-01
3.004821472167968750e+02 3.519153594970703125e-02 3.136307716369628906e+00 -1.952590942382812500e-01 -1.285171508789062500e+00 1.123237609863281250e-01
5.016560668945312500e+02 -2.979865074157714844e-01 2.268842458724975586e+00 -2.958030700683593750e-01 -1.786804199218750000e-02 1.101523399353027344e+00
3.482835693359375000e+02 -1.899168491363525391e-01 3.076390743255615234e+00 -4.824256896972656250e-01 1.430130004882812500e-01 4.634698852896690369e-03
7.627180175781250000e+02 -2.086377143859863281e-01 2.677578449249267578e+00 -3.103008270263671875e-01 1.292593002319335938e+00 1.359336495399475098e+00
4.587208862304687500e+02 -8.437037467956542969e-02 3.153316736221313477e+00 -3.184432983398437500e-01 -5.822830200195312500e-01 1.298482418060302734e+00
4.266803588867187500e+02 1.909968852996826172e-01 3.310063362121582031e+00 -1.306552886962890625e-01 1.462051391601562500e+00 7.679430246353149414e-01
4.172902221679687500e+02 -2.078256607055664062e-01 2.681794881820678711e+00 -3.840618133544921875e-01 1.077730178833007812e+00 1.947038888931274414e+00
6.390857543945312500e+02 -2.980804443359375000e-01 2.774884939193725586e+00 -1.547260284423828125e-01 2.052507400512695312e+00 2.561271429061889648e+00
4.724062500000000000e+02 -1.898677349090576172e-01 2.572634458541870117e+00 -3.651447296142578125e-01 -6.785621643066406250e-01 3.177201449871063232e-01
4.669148864746093750e+02 -6.609749794006347656e-02 3.099403858184814453e+00 -6.729927062988281250e-01 5.655822753906250000e-01 1.450984716415405273e+00
3.539100341796875000e+02 -1.255714893341064453e-01 3.172172069549560547e+00 -4.448413848876953125e-01 -1.170368194580078125e+00 3.510250449180603027e-01
3.604461669921875000e+02 -2.116757631301879883e-01 2.688863039016723633e+00 -3.255786895751953125e-01 2.251071929931640625e-01 2.393242120742797852e+00
6.249161376953125000e+02 -4.377293586730957031e-02 2.760377645492553711e+00 -4.932384490966796875e-01 -1.136190414428710938e+00 4.892349243164062500e-02
5.213941650390625000e+02 -1.516830921173095703e-01 2.910017728805541992e+00 -4.201755523681640625e-01 5.974273681640625000e-01 9.969402551651000977e-01
5.363116455078125000e+02 -2.362241744995117188e-01 2.670535326004028320e+00 -2.193374633789062500e-01 9.968852996826171875e-01 3.173647880554199219e+00
7.996057271957397461e-01 -9.167075157165527344e-02 2.803330421447753906e+00 -2.290267944335937500e-01 3.683624267578125000e-01 3.480406403541564941e-01
5.793613281250000000e+02 -1.978842020034790039e-01 2.919055461883544922e+00 -2.937011718750000000e-01 1.406841278076171875e-01 2.249036788940429688e+00
2.185442962646484375e+02 -3.948820829391479492e-01 2.374151229858398438e+00 -2.948627471923828125e-01 -3.156280517578125000e-02 2.484827518463134766e+00
7.208928833007812500e+02 -1.086211204528808594e-02 2.928847789764404297e+00 -2.475662231445312500e-01 1.142816543579101562e+00 1.885347127914428711e+00
3.692315368652343750e+02 -1.208386421203613281e-01 3.030808925628662109e+00 -2.108116149902343750e-01 1.245670318603515625e-01 3.482959747314453125e+00
2.320737123489379883e+00 -4.066467285156250000e-02 2.965064525604248047e+00 -3.806514739990234375e-01 -1.873710632324218750e+00 8.991394042968750000e-01
4.162705383300781250e+02 -2.338426113128662109e-01 2.708386898040771484e+00 -1.457366943359375000e-01 -1.671863555908203125e+00 2.625838518142700195e+00
7.762062377929687500e+02 -6.495535373687744141e-02 2.990669727325439453e+00 -3.869800567626953125e-01 -2.240636825561523438e+00 9.536374807357788086e-01
4.039336547851562500e+02 -7.734870910644531250e-02 2.907685756683349609e+00 -2.655582427978515625e-01 -2.214527130126953125e-01 2.640119493007659912e-01
1.221159667968750000e+02 -1.812121868133544922e-01 2.746403217315673828e+00 -4.554328918457031250e-01 -7.624835968017578125e-01 7.002704143524169922e-01
5.086997222900390625e+01 -1.958271265029907227e-01 2.364885091781616211e+00 -2.231903076171875000e-01 1.750366210937500000e+00 3.103500306606292725e-01
6.447742309570312500e+02 -1.712303161621093750e-01 2.382979869842529297e+00 -3.045864105224609375e-01 -3.271751403808593750e-01 1.975208759307861328e+00
3.968426208496093750e+02 -2.165300846099853516e-01 2.686518669128417969e+00 -2.674636840820312500e-01 -1.861223220825195312e+00 1.135599464178085327e-01
3.889841613769531250e+02 -1.182959079742431641e-01 2.707751274108886719e+00 -2.143211364746093750e-01 2.086845397949218750e+00 3.265743732452392578e+00
2.204720916748046875e+02 -1.510006189346313477e-01 2.504642009735107422e+00 -1.579284667968750000e-03 1.231121063232421875e+00 7.713142633438110352e-01
1.753758239746093750e+02 1.057369709014892578e-01 3.352198123931884766e+00 -6.159210205078125000e-01 -1.541557312011718750e+00 4.712831377983093262e-01
4.015039062500000000e+02 -4.265522956848144531e-02 2.721892595291137695e+00 -1.712341308593750000e-01 4.489593505859375000e-01 5.348256826400756836e-01
6.100057373046875000e+02 -2.301101684570312500e-01 2.444512367248535156e+00 -2.484283447265625000e-01 1.307670593261718750e+00 3.078165054321289062e-01
4.123847045898437500e+02 -1.142981052398681641e-01 2.979506492614746094e+00 -2.823562622070312500e-01 5.907421112060546875e-01 9.544457197189331055e-01
4.640400390625000000e+02 -5.462765693664550781e-02 2.991339206695556641e+00 -5.263500213623046875e-01 -3.358078002929687500e-02 3.040118813514709473e-01
6.510679931640625000e+02 -5.639457702636718750e-02 3.148938417434692383e+00 -2.884693145751953125e-01 1.321739196777343750e+00 4.758336544036865234e+00
5.210242919921875000e+02 -1.869614124298095703e-01 2.584660768508911133e+00 -1.826457977294921875e-01 6.998443603515625000e-02 1.321567773818969727e+00
5.149243164062500000e+02 4.004955291748046875e-02 3.169876575469970703e+00 -4.199943542480468750e-01 5.996284484863281250e-01 9.788247346878051758e-01
3.807525634765625000e+02 -7.546520233154296875e-02 2.818745136260986328e+00 -2.014846801757812500e-01 3.998718261718750000e-01 1.276178121566772461e+00
4.544074096679687500e+02 -6.975078582763671875e-02 2.937770843505859375e+00 -1.901779174804687500e-01 1.517517089843750000e+00 1.652336597442626953e+00
4.318007812500000000e+02 -8.692193031311035156e-02 2.846480846405029297e+00 -1.773567199707031250e-01 9.410285949707031250e-01 1.714708566665649414e+00
3.665405273437500000e+02 9.638428688049316406e-02 3.559406757354736328e+00 -1.233253479003906250e-01 2.464309692382812500e+00 4.323624372482299805e-01
4.928293151855468750e+02 -1.921510696411132812e-01 2.649717330932617188e+00 -1.015567779541015625e-01 -9.262237548828125000e-01 4.314594864845275879e-01
3.908058166503906250e+02 -2.478897571563720703e-01 2.677053451538085938e+00 -2.629928588867187500e-01 1.121562957763671875e+00 1.409983754158020020e+00
5.806467285156250000e+02 -1.636686325073242188e-01 2.914233207702636719e+00 -5.535011291503906250e-01 1.449523925781250000e+00 1.238515973091125488e+00
5.770670166015625000e+02 -5.025696754455566406e-02 3.107427358627319336e+00 -2.848472595214843750e-01 9.117774963378906250e-01 2.228348731994628906e+00
3.608640136718750000e+02 2.671997547149658203e-01 3.935994625091552734e+00 -5.056858062744140625e-01 1.438426971435546875e-01 1.590399861335754395e+00
3.902828063964843750e+02 -3.535495996475219727e-01 2.611850261688232422e+00 -2.194900512695312500e-01 -4.155349731445312500e-02 2.313065052032470703e+00
3.061112060546875000e+02 -1.870746612548828125e-01 2.958574533462524414e+00 -4.889125823974609375e-01 -1.353136062622070312e+00 1.301510810852050781e+00
3.734996643066406250e+02 9.894013404846191406e-02 3.181175708770751953e+00 -3.269653320312500000e-01 5.031604766845703125e-01 1.986729979515075684e+00
3.736402893066406250e+02 -1.678786277770996094e-01 2.638925075531005859e+00 -4.276866912841796875e-01 6.568794250488281250e-01 1.600279688835144043e+00
1.571315460205078125e+02 -1.891484260559082031e-01 2.835577964782714844e+00 -3.889274597167968750e-01 5.317897796630859375e-01 7.486311197280883789e-01
4.336584472656250000e+02 -2.630825042724609375e-01 2.561328649520874023e+00 -3.434600830078125000e-01 -7.415084838867187500e-01 1.418162465095520020e+00
4.635705566406250000e+02 -3.647601604461669922e-02 3.169261693954467773e+00 -4.939041137695312500e-01 1.928310394287109375e-01 1.040315508842468262e+00
2.598221740722656250e+02 -2.795928716659545898e-01 2.464497089385986328e+00 -5.806293487548828125e-01 3.462696075439453125e-01 1.690945386886596680e+00
4.898346557617187500e+02 -8.092331886291503906e-02 2.721904754638671875e+00 -3.172264099121093750e-01 1.730712890625000000e+00 9.237700700759887695e-01
4.258920288085937500e+02 -4.774689674377441406e-02 2.728058576583862305e+00 -2.816238403320312500e-01 8.704414367675781250e-01 1.484725713729858398e+00
5.514796142578125000e+02 -1.450552940368652344e-01 2.862193346023559570e+00 -2.148017883300781250e-01 7.398586273193359375e-01 7.330787181854248047e-01
4.490755920410156250e+02 -7.831311225891113281e-02 2.873719215393066406e+00 -2.863655090332031250e-01 9.698944091796875000e-01 3.258461952209472656e+00
3.425435791015625000e+02 5.377817153930664062e-02 3.172493457794189453e+00 -3.391075134277343750e-01 -7.621154785156250000e-01 1.736764311790466309e+00
2.657807922363281250e+02 -2.094888687133789062e-01 2.463766813278198242e+00 -1.966972351074218750e-01 -5.632133483886718750e-01 6.547883749008178711e-01
5.044119262695312500e+02 -1.795935630798339844e-01 3.164411544799804688e+00 -3.766822814941406250e-02 1.390110015869140625e+00 1.698454022407531738e+00
5.013446350097656250e+02 -2.258229255676269531e-02 3.052839040756225586e+00 -2.106361389160156250e-01 -6.124076843261718750e-01 1.329862952232360840e+00
7.925189971923828125e+01 -3.089170455932617188e-01 2.701739788055419922e+00 -3.490581512451171875e-01 -1.502380371093750000e-01 1.950723528861999512e+00
5.468114624023437500e+02 -1.484878063201904297e-01 3.034215211868286133e+00 -3.746452331542968750e-01 -1.492162704467773438e+00 6.133961081504821777e-01
4.023621215820312500e+02 -2.105606794357299805e-01 2.547808647155761719e+00 -4.893627166748046875e-01 5.740242004394531250e-01 9.009189605712890625e-01
8.372756195068359375e+01 -1.433180570602416992e-01 2.620283126831054688e+00 -2.919425964355468750e-01 4.690361022949218750e-01 7.211583852767944336e-01
3.839148864746093750e+02 -1.433446407318115234e-01 2.793393135070800781e+00 -1.863498687744140625e-01 1.099903106689453125e+00 7.475662231445312500e-01
4.420620117187500000e+02 -2.148492336273193359e-01 2.716270208358764648e+00 -2.617683410644531250e-01 7.532119750976562500e-01 1.826803684234619141e+00
3.961679687500000000e+02 -1.823002099990844727e-01 2.682708740234375000e+00 -3.281059265136718750e-01 -4.368095397949218750e-01 8.633867837488651276e-03
4.344700927734375000e+02 -1.582956314086914062e-01 2.580615282058715820e+00 -2.293128967285156250e-01 3.475093841552734375e-01 2.134212017059326172e+00
3.134261779785156250e+02 -2.066230773925781250e-02 2.874180316925048828e+00 -4.872894287109375000e-02 6.009635925292968750e-01 3.033587038516998291e-01
2.247874908447265625e+02 -2.122201919555664062e-01 2.765924930572509766e+00 -1.875343322753906250e-01 -9.613399505615234375e-01 9.065663814544677734e-01
4.213090515136718750e+02 -1.018533706665039062e-01 2.937641382217407227e+00 -2.647018432617187500e-01 -1.547811508178710938e+00 9.232136011123657227e-01
3.458060607910156250e+02 1.578807830810546875e-02 3.440094470977783203e+00 -5.521392822265625000e-01 1.823234558105468750e-02 1.329238891601562500e+00
1.297257232666015625e+02 -1.769164800643920898e-01 2.564186573028564453e+00 -2.446079254150390625e-01 1.129318237304687500e+00 6.385923624038696289e-01
3.561393127441406250e+02 -2.328290939331054688e-01 2.684932708740234375e+00 -2.261600494384765625e-01 -5.257606506347656250e-01 2.565088748931884766e+00
5.213653564453125000e+02 -2.008011341094970703e-01 2.935433387756347656e+00 -2.351417541503906250e-01 1.399166107177734375e+00 1.454329609870910645e+00
2.004031219482421875e+02 -2.190178632736206055e-01 2.524149894714355469e+00 -3.573722839355468750e-01 -5.655117034912109375e-01 1.179565310478210449e+00
5.994501342773437500e+02 -1.436195373535156250e-01 2.896770000457763672e+00 -3.427104949951171875e-01 1.624534606933593750e+00 3.198058366775512695e+00
7.745493774414062500e+02 -7.157301902770996094e-02 3.084842205047607422e+00 -4.575996398925781250e-01 -6.347236633300781250e-01 2.785792589187622070e+00
5.252055664062500000e+02 -1.053750514984130859e-01 3.030667066574096680e+00 -1.804256439208984375e-01 -1.162139892578125000e+00 2.788008749485015869e-01
5.830387573242187500e+02 -2.522702217102050781e-01 2.609288930892944336e+00 -4.491844177246093750e-01 -1.845493316650390625e-01 2.548286020755767822e-01
4.912373657226562500e+02 8.866310119628906250e-02 3.067812204360961914e+00 -4.217987060546875000e-01 1.694133758544921875e+00 5.429086834192276001e-02
7.113570556640625000e+02 -1.316952705383300781e-02 2.646481990814208984e+00 -3.420219421386718750e-01 8.425178527832031250e-01 5.443651974201202393e-02
3.921074523925781250e+02 -9.750699996948242188e-02 2.300871849060058594e+00 -2.869815826416015625e-01 6.033496856689453125e-01 1.378728032112121582e+00
5.440215454101562500e+02 -3.246219158172607422e-01 2.841906547546386719e+00 -3.786945343017578125e-01 2.011468887329101562e+00 2.298956871032714844e+00
5.060722351074218750e+02 -1.923002004623413086e-01 2.902615070343017578e+00 -3.692817687988281250e-02 1.201229095458984375e-01 1.603604316711425781e+00
1.562930908203125000e+02 -3.645038604736328125e-02 2.535397291183471680e+00 -2.538185119628906250e-01 -1.125524520874023438e+00 1.089217424392700195e+00
4.967082595825195312e+01 -4.634022712707519531e-02 3.094277858734130859e+00 -4.421043395996093750e-01 4.368515014648437500e-01 1.548398494720458984e+00
3.905426635742187500e+02 -1.289736032485961914e-01 3.143081426620483398e+00 -3.650569915771484375e-01 2.467327117919921875e-01 1.103657722473144531e+00
4.134069519042968750e+02 -8.357238769531250000e-02 2.936912059783935547e+00 -3.788452148437500000e-01 -1.145164489746093750e+00 1.706631898880004883e+00
5.155905761718750000e+02 -2.629678249359130859e-01 2.464235544204711914e+00 -2.783508300781250000e-01 1.461391448974609375e+00 2.105670452117919922e+00
4.190856018066406250e+02 -3.233003616333007812e-01 2.772685289382934570e+00 -2.508049011230468750e-01 5.487022399902343750e-01 1.493446111679077148e+00
6.116743774414062500e+02 -1.258401870727539062e-01 3.152243614196777344e+00 -2.865009307861328125e-01 1.492307662963867188e+00 4.078792333602905273e-01
3.488160095214843750e+02 -1.254222393035888672e-01 2.644071578979492188e+00 -1.636810302734375000e-01 -2.817630767822265625e-01 1.977903962135314941e+00
9.490238189697265625e+01 -2.773160934448242188e-01 2.696990966796875000e+00 -2.723522186279296875e-01 -3.659629821777343750e-01 1.740377843379974365e-01
3.803414611816406250e+02 -7.037854194641113281e-02 2.718582153320312500e+00 -1.057987213134765625e-01 -8.316364288330078125e-01 7.568833231925964355e-01
6.399840087890625000e+02 -5.549252033233642578e-02 2.933349132537841797e+00 -5.737438201904296875e-01 5.250835418701171875e-01 9.548228979110717773e-01
1.062570419311523438e+02 -8.291625976562500000e-02 2.851020097732543945e+00 -3.377265930175781250e-01 2.927246093750000000e-01 3.103705048561096191e-01
6.342106933593750000e+02 -1.564803123474121094e-01 2.587772369384765625e+00 -2.881965637207031250e-01 3.566951751708984375e-01 2.174167871475219727e+00
4.530771636962890625e+01 -2.436468601226806641e-01 2.648739099502563477e+00 -1.643600463867187500e-01 -1.386148452758789062e+00 2.085660457611083984e+00
5.812620239257812500e+02 -1.924990415573120117e-01 2.692511081695556641e+00 -1.119079589843750000e-01 7.476425170898437500e-01 2.264310359954833984e+00
4.672550659179687500e+02 -1.184647083282470703e-01 2.755829095840454102e+00 -2.514057159423828125e-01 -2.906284332275390625e-01 2.193103790283203125e+00
2.481372261047363281e+01 -6.262779235839843750e-02 2.779150724411010742e+00 -7.838249206542968750e-02 -1.487236022949218750e-01 3.289307653903961182e-01
5.958215332031250000e+02 -7.683002948760986328e-02 3.085174560546875000e+00 -1.253852844238281250e-01 -1.750926971435546875e-01 1.633010625839233398e+00
4.064710083007812500e+02 -2.333229780197143555e-01 2.274434328079223633e+00 -3.214931488037109375e-01 1.177940368652343750e-01 1.870252966880798340e+00
3.961677551269531250e+02 -2.228767871856689453e-01 2.389016151428222656e+00 -2.966232299804687500e-01 5.763778686523437500e-01 1.087562084197998047e+00
5.575228881835937500e+02 -1.347765922546386719e-01 2.630754470825195312e+00 -3.187351226806640625e-01 3.023483276367187500e+00 4.347407817840576172e+00
4.782848510742187500e+02 -1.638603210449218750e-01 2.835236072540283203e+00 -3.478107452392578125e-01 -2.583866119384765625e-01 8.590974807739257812e-01
4.172419128417968750e+02 -1.259852647781372070e-01 2.907544851303100586e+00 -2.351837158203125000e-01 8.782958984375000000e-02 1.951708674430847168e+00
4.193586730957031250e+02 -2.137148380279541016e-01 2.632043838500976562e+00 -2.982025146484375000e-01 1.308174133300781250e-01 1.162598490715026855e+00
5.013201599121093750e+02 2.313566207885742188e-01 3.676328659057617188e+00 -3.145961761474609375e-01 1.536945343017578125e+00 1.457611322402954102e+00
3.130358581542968750e+02 -1.789449453353881836e-01 2.509709835052490234e+00 -2.838478088378906250e-01 -5.298233032226562500e-01 1.443445920944213867e+00
3.754599609375000000e+02 -1.465094089508056641e-01 2.432186841964721680e+00 -3.634223937988281250e-01 1.576776504516601562e+00 3.063192963600158691e-01
4.642987365722656250e+02 -2.202759981155395508e-01 2.670244693756103516e+00 -1.050529479980468750e-01 -4.196987152099609375e-01 3.088842630386352539e-01
3.493388671875000000e+02 5.101060867309570312e-02 2.976313352584838867e+00 -3.124141693115234375e-01 3.168907165527343750e-01 1.115763306617736816e+00
3.625386352539062500e+02 -2.245733737945556641e-01 2.289098024368286133e+00 -4.603176116943359375e-01 4.187583923339843750e-02 6.868264675140380859e-01
1.486333923339843750e+02 -2.611756324768066406e-02 2.980533361434936523e+00 -4.576492309570312500e-01 -6.973114013671875000e-01 1.764618605375289917e-01
3.936271667480468750e+02 -1.767348051071166992e-01 2.712581872940063477e+00 -1.491241455078125000e-01 1.177021026611328125e+00 2.042815923690795898e+00
4.099765625000000000e+02 -2.774484157562255859e-01 2.660425186157226562e+00 -4.221458435058593750e-01 2.413635253906250000e-01 1.306220769882202148e+00
2.410245666503906250e+02 -1.015671491622924805e-01 3.280807733535766602e+00 -5.810928344726562500e-02 1.093711853027343750e-01 1.171765089035034180e+00
3.113736572265625000e+02 -1.303204298019409180e-01 2.680597305297851562e+00 -5.307865142822265625e-01 -1.303962707519531250e+00 7.943614721298217773e-01
4.244631347656250000e+02 -1.699591875076293945e-01 2.726485013961791992e+00 -1.014709472656250000e-03 9.509487152099609375e-01 1.573639392852783203e+00
9.271268463134765625e+01 -1.031410694122314453e-02 3.080987453460693359e+00 -5.236549377441406250e-01 1.151618957519531250e+00 5.554084777832031250e-01
3.995219421386718750e+02 -1.148766279220581055e-01 2.886796951293945312e+00 -3.305835723876953125e-01 -7.573928833007812500e-01 2.225509643554687500e+00
4.746733703613281250e+02 -1.928043365478515625e-02 2.736843585968017578e+00 -5.633506774902343750e-01 -4.688034057617187500e-01 1.313454627990722656e+00
2.427935791015625000e+02 3.187513351440429688e-02 3.250460624694824219e+00 -4.977073669433593750e-01 2.101020812988281250e-01 1.092324137687683105e+00
3.345860595703125000e+02 -1.349337100982666016e-01 3.074993610382080078e+00 -3.132858276367187500e-01 1.522548675537109375e+00 1.606290102005004883e+00
3.278121337890625000e+02 -1.627647876739501953e-01 2.519904613494873047e+00 -3.381557464599609375e-01 -8.126564025878906250e-01 2.235039472579956055e-01
6.317968139648437500e+02 -2.379775047302246094e-01 2.894223690032958984e+00 -3.038616180419921875e-01 2.078628540039062500e+00 1.566245794296264648e+00
3.710761413574218750e+02 -2.100312709808349609e-01 2.577380657196044922e+00 -3.318920135498046875e-01 9.940700531005859375e-01 1.746239662170410156e+00
6.668048706054687500e+02 -9.663820266723632812e-03 3.040427684783935547e+00 -4.937458038330078125e-01 9.856967926025390625e-01 2.019619464874267578e+00
1.853280944824218750e+02 -3.366801738739013672e-01 2.620100498199462891e+00 -8.410835266113281250e-02 1.967145919799804688e+00 4.028434753417968750e-01
5.096990966796875000e+02 -2.202899456024169922e-01 2.502905607223510742e+00 -2.450294494628906250e-01 1.184349060058593750e-01 1.696232795715332031e+00
4.246539001464843750e+02 -5.076956748962402344e-02 3.144271373748779297e+00 -1.573562622070312500e-03 -5.345554351806640625e-01 3.160919666290283203e+00
4.288589477539062500e+02 -2.836118936538696289e-01 2.665208578109741211e+00 -1.010932922363281250e-01 -2.384891510009765625e-01 1.154119849205017090e+00
5.122686157226562500e+02 -9.962952136993408203e-02 2.583582639694213867e+00 -1.199951171875000000e-01 -2.060489654541015625e-01 1.620717644691467285e+00
1.032858734130859375e+02 -1.324805021286010742e-01 2.871470928192138672e+00 -2.538070678710937500e-01 -5.598468780517578125e-01 4.480008780956268311e-01
4.961382446289062500e+02 -1.539983749389648438e-01 2.721700191497802734e+00 -2.039413452148437500e-01 -5.367164611816406250e-01 2.686729431152343750e+00
4.209035034179687500e+02 -1.544773578643798828e-01 2.944649219512939453e+00 -2.602176666259765625e-01 -1.830806732177734375e-01 3.009901285171508789e+00
4.069741210937500000e+02 -5.191802978515625000e-03 2.663950681686401367e+00 -2.880687713623046875e-01 3.642883300781250000e-01 1.428371906280517578e+00
3.182226257324218750e+02 -1.501379013061523438e-01 2.814065217971801758e+00 -3.327789306640625000e-01 6.906013488769531250e-01 7.267172336578369141e-01
1.338960876464843750e+02 -9.985256195068359375e-02 3.058518886566162109e+00 -4.812660217285156250e-01 5.010318756103515625e-01 2.809551544487476349e-02
4.168710632324218750e+02 8.551359176635742188e-03 3.398036241531372070e+00 -4.525070190429687500e-01 -1.905727386474609375e-01 1.826292753219604492e+00
5.134699096679687500e+02 -2.003743648529052734e-01 2.756165504455566406e+00 -2.046089172363281250e-01 -1.875915527343750000e-01 2.657594203948974609e+00
4.554615478515625000e+02 -2.159953117370605469e-01 2.832271575927734375e+00 -3.380794525146484375e-01 -5.125026702880859375e-01 3.274770975112915039e+00
3.819201965332031250e+02 -2.801852226257324219e-01 2.474879026412963867e+00 -1.521968841552734375e-01 -3.560848236083984375e-01 1.935513615608215332e+00
4.471826477050781250e+02 -6.915092468261718750e-02 3.147084712982177734e+00 2.036094665527343750e-02 7.534065246582031250e-01 6.669476628303527832e-01
2.536374816894531250e+02 -2.409243583679199219e-02 3.107192993164062500e+00 -5.347156524658203125e-01 -1.493434906005859375e+00 1.567707657814025879e+00
9.606167602539062500e+01 -4.833912849426269531e-02 3.032809972763061523e+00 -3.983535766601562500e-01 4.211120605468750000e-01 2.198806405067443848e-01
2.035293884277343750e+02 -7.035982608795166016e-02 3.075072765350341797e+00 -4.993286132812500000e-01 1.611480712890625000e-01 3.867641687393188477e-01
3.613686523437500000e+02 3.391194343566894531e-02 3.040340423583984375e+00 -5.155220031738281250e-01 -2.780952453613281250e-01 2.271601200103759766e+00
3.949145202636718750e+02 -4.174852371215820312e-02 3.027316093444824219e+00 -3.393535614013671875e-01 8.490371704101562500e-01 6.611710786819458008e-01
4.445931396484375000e+02 -2.162878513336181641e-01 2.568243980407714844e+00 -3.861770629882812500e-01 -6.674041748046875000e-01 2.577237606048583984e+00
4.794159851074218750e+02 1.624419689178466797e-01 3.500288248062133789e+00 -3.495178222656250000e-01 -1.209438323974609375e+00 9.222675561904907227e-01
2.480354614257812500e+02 1.616954803466796875e-02 3.423603057861328125e+00 -1.216716766357421875e-01 1.911401748657226562e+00 1.369102001190185547e+00
2.681013183593750000e+02 -4.004502296447753906e-02 3.136117935180664062e+00 -2.312622070312500000e-01 7.460975646972656250e-01 1.220633268356323242e+00
5.143377075195312500e+02 -2.384955883026123047e-01 2.406483650207519531e+00 -2.747020721435546875e-01 8.225727081298828125e-01 3.005796909332275391e+00
4.274612426757812500e+02 -1.230926513671875000e-01 3.087177753448486328e+00 -3.772678375244140625e-01 5.072021484375000000e-01 2.626006841659545898e+00
3.185749816894531250e+02 -1.816557645797729492e-01 2.711614370346069336e+00 -1.959457397460937500e-01 1.936719894409179688e+00 1.694005966186523438e+00
3.739558105468750000e+02 -1.026179790496826172e-01 2.863846302032470703e+00 -1.495056152343750000e-01 1.800556182861328125e-01 1.672217249870300293e+00
1.659184875488281250e+02 -6.777262687683105469e-02 3.058161735534667969e+00 -2.308540344238281250e-01 -3.913650512695312500e-01 1.074505597352981567e-01
4.207261962890625000e+02 -2.879800796508789062e-01 2.935964107513427734e+00 -3.629798889160156250e-01 9.132022857666015625e-01 7.870390415191650391e-01
3.519013977050781250e+02 -5.027973651885986328e-02 2.773509263992309570e+00 -2.060508728027343750e-01 6.847190856933593750e-02 1.563267111778259277e+00
6.202755737304687500e+02 -2.778201103210449219e-01 2.686407566070556641e+00 -4.183731079101562500e-01 2.262496948242187500e-02 2.472247928380966187e-01
6.098148193359375000e+02 -2.949998378753662109e-01 2.434442758560180664e+00 -5.095367431640625000e-01 1.971054077148437500e-01 1.246591210365295410e+00
3.955644836425781250e+02 -1.108646392822265625e-01 2.659373044967651367e+00 -2.096176147460937500e-01 -2.018955230712890625e+00 2.197666883468627930e+00
3.206174011230468750e+02 -3.811355829238891602e-01 2.200577497482299805e+00 -2.422523498535156250e-01 7.181377410888671875e-01 2.179486989974975586e+00
6.196623535156250000e+02 -2.545267343521118164e-01 2.601521253585815430e+00 -1.131572723388671875e-01 3.129070281982421875e+00 2.009782791137695312e+00
1.777099227905273438e+01 -3.349509239196777344e-01 2.469933271408081055e+00 -2.905883789062500000e-01 -1.927013397216796875e-01 1.135508298873901367e+00
4.666019287109375000e+02 -2.529531717300415039e-01 2.586345434188842773e+00 -2.505359649658203125e-01 2.049369812011718750e+00 1.527909040451049805e+00
1.343627319335937500e+02 -3.763115406036376953e-02 2.866947650909423828e+00 -2.982616424560546875e-01 9.776687622070312500e-02 9.568470120429992676e-01
3.374792785644531250e+02 -1.250264644622802734e-01 2.858975410461425781e+00 -3.485450744628906250e-01 7.746028900146484375e-01 1.617927312850952148e+00
5.114642028808593750e+02 3.878593444824218750e-03 2.822016000747680664e+00 -5.622482299804687500e-02 -6.173877716064453125e-01 4.097668826580047607e-01
4.938516540527343750e+02 -1.361098289489746094e-01 2.988484382629394531e+00 -5.277309417724609375e-01 1.005992889404296875e+00 1.056006178259849548e-01
6.256942138671875000e+02 6.290054321289062500e-02 2.991192340850830078e+00 -2.130851745605468750e-01 1.966873168945312500e+00 2.576243638992309570e+00
7.538027954101562500e+02 8.091735839843750000e-02 3.122503042221069336e+00 -4.044914245605468750e-01 1.118778228759765625e+00 4.310049116611480713e-02
3.221246948242187500e+02 -1.910749673843383789e-01 2.368962049484252930e+00 -5.236587524414062500e-01 -5.090122222900390625e-01 1.718589067459106445e+00
3.591899719238281250e+02 -2.892985343933105469e-01 2.500590562820434570e+00 -1.346244812011718750e-01 8.265914916992187500e-01 2.138833045959472656e+00
1.502050781250000000e+02 -1.631360054016113281e-01 3.034184455871582031e+00 -1.781730651855468750e-01 6.014842987060546875e-01 3.584592044353485107e-02
6.496259765625000000e+02 -1.228961944580078125e-01 2.571628332138061523e+00 -4.750461578369140625e-01 1.885093688964843750e+00 2.984247446060180664e+00
3.279208984375000000e+02 -5.604255199432373047e-02 2.596673965454101562e+00 -9.837341308593750000e-02 8.082427978515625000e-01 1.755695819854736328e+00
6.023259887695312500e+02 -4.838371276855468750e-02 2.957638502120971680e+00 -4.762344360351562500e-01 1.051849365234375000e+00 3.669011592864990234e-01
4.473710937500000000e+02 -1.641241312026977539e-01 2.763748168945312500e+00 -1.723899841308593750e-01 5.011081695556640625e-01 1.256604671478271484e+00
3.601300354003906250e+02 -1.870015859603881836e-01 2.816614627838134766e+00 -2.231960296630859375e-01 3.132743835449218750e-01 1.637047410011291504e+00
4.109397277832031250e+02 -1.275634765625000000e-02 2.854306221008300781e+00 -1.798286437988281250e-01 -1.120174407958984375e+00 1.958751380443572998e-01
3.921074523925781250e+02 -9.750699996948242188e-02 2.300871849060058594e+00 -2.869815826416015625e-01 6.033496856689453125e-01 1.378728032112121582e+00
4.694401245117187500e+02 -2.101776599884033203e-01 2.542709589004516602e+00 -2.535552978515625000e-01 -5.539684295654296875e-01 2.300653219223022461e+00
4.066630249023437500e+02 -2.698926925659179688e-01 2.363380432128906250e+00 -2.299404144287109375e-01 2.208480834960937500e-01 2.045981407165527344e+00
4.131768188476562500e+02 -1.361007690429687500e-01 2.652825832366943359e+00 -3.898525238037109375e-01 5.259246826171875000e-01 1.348541021347045898e+00
5.119021911621093750e+02 -2.051069736480712891e-01 2.650638580322265625e+00 -3.225059509277343750e-01 2.245140075683593750e-02 1.870955526828765869e-01
3.772612304687500000e+02 -2.431788444519042969e-01 2.609011650085449219e+00 -3.197174072265625000e-01 -3.199787139892578125e-01 2.393189430236816406e+00
2.357015686035156250e+02 -6.097602844238281250e-02 3.140447616577148438e+00 -5.413036346435546875e-01 -2.414806365966796875e+00 4.110349342226982117e-02
6.623571777343750000e+02 -2.310137748718261719e-01 2.387676000595092773e+00 -2.855377197265625000e-01 -1.060066223144531250e+00 2.761862277984619141e-01
9.734300231933593750e+01 -9.598672389984130859e-02 2.911748170852661133e+00 -3.403167724609375000e-01 2.606487274169921875e-01 1.485041081905364990e-01
3.088052673339843750e+02 1.827485561370849609e-01 3.139005422592163086e+00 -7.648010253906250000e-01 -1.286949157714843750e+00 2.282827138900756836e+00
3.960245971679687500e+02 -5.771660804748535156e-02 2.784473419189453125e+00 -1.765403747558593750e-01 2.832717895507812500e-01 4.156527519226074219e-01
5.463895263671875000e+02 -1.144034862518310547e-01 2.837271451950073242e+00 -5.990142822265625000e-01 3.346557617187500000e-01 7.830025255680084229e-02
7.685991668701171875e+01 -2.009276151657104492e-01 2.732623577117919922e+00 -3.719577789306640625e-01 1.154623031616210938e+00 2.552527785301208496e-01
4.323950805664062500e+02 -7.023680210113525391e-02 2.752304792404174805e+00 -3.621139526367187500e-01 4.640102386474609375e-01 1.001086354255676270e+00
2.309998474121093750e+02 -2.397768497467041016e-01 2.974965095520019531e+00 -3.776397705078125000e-01 -5.751876831054687500e-01 1.060035347938537598e+00
2.033160247802734375e+02 -1.080639362335205078e-01 2.973786830902099609e+00 -2.844982147216796875e-01 1.028478622436523438e+00 2.543954253196716309e-01
3.867816772460937500e+02 -1.181941032409667969e-01 2.568111658096313477e+00 -3.230113983154296875e-01 5.307693481445312500e-01 1.736957550048828125e+00
4.883005981445312500e+02 -6.215143203735351562e-02 2.711611032485961914e+00 -2.026329040527343750e-01 -1.343750000000000000e+00 5.153082609176635742e-01
4.073133850097656250e+02 -1.514691114425659180e-01 2.495861768722534180e+00 -3.481311798095703125e-01 5.892009735107421875e-01 1.726441264152526855e+00
4.430750427246093750e+02 -2.099282741546630859e-01 2.891281127929687500e+00 -2.412757873535156250e-01 1.223754882812500000e-02 3.811860084533691406e-01
2.830773010253906250e+02 -8.077025413513183594e-02 2.831142425537109375e+00 -1.561813354492187500e-01 -6.075553894042968750e-01 2.080046653747558594e+00
8.339763641357421875e+01 -1.778528690338134766e-01 2.835804462432861328e+00 -1.210994720458984375e-01 -1.907424926757812500e-01 2.522069931030273438e+00
3.559208984375000000e+02 -1.252045631408691406e-01 3.239279747009277344e+00 -4.414272308349609375e-01 1.441881179809570312e+00 5.823218226432800293e-01
4.624453125000000000e+02 -3.232184648513793945e-01 2.388516187667846680e+00 -2.054538726806640625e-01 -7.252025604248046875e-01 8.189552426338195801e-01
6.195637817382812500e+02 -1.634361743927001953e-01 2.771030902862548828e+00 -8.981323242187500000e-02 1.348915100097656250e+00 8.377677947282791138e-02
2.133364868164062500e+02 -1.517593860626220703e-01 2.922703266143798828e+00 -5.319404602050781250e-01 -3.787269592285156250e-01 1.744906306266784668e+00
3.697589416503906250e+02 -8.792424201965332031e-02 3.066316127777099609e+00 -6.072711944580078125e-01 1.968383789062500000e-01 2.105913400650024414e+00
5.916066284179687500e+02 -1.377673149108886719e-01 2.927331447601318359e+00 -2.988777160644531250e-01 1.631477355957031250e+00 1.855020523071289062e+00
4.443067626953125000e+02 -1.309125423431396484e-01 2.586202383041381836e+00 -1.395301818847656250e-01 -1.540664672851562500e+00 4.260714352130889893e-01
3.470749206542968750e+02 -1.553611755371093750e-01 2.568123817443847656e+00 -2.720088958740234375e-01 -3.682479858398437500e-01 2.215976953506469727e+00
4.963478088378906250e+02 -1.900528669357299805e-01 2.834937334060668945e+00 -2.410583496093750000e-01 -1.094854354858398438e+00 2.544041156768798828e+00
4.153942565917968750e+02 -2.586333751678466797e-01 2.748206377029418945e+00 -3.489913940429687500e-01 2.732200622558593750e-01 1.840084671974182129e+00
2.400693206787109375e+02 -7.651388645172119141e-02 2.728250503540039062e+00 -4.440135955810546875e-01 1.890529632568359375e+00 1.916887283325195312e+00
1.693084716796875000e+02 -4.747772216796875000e-02 3.175745487213134766e+00 -2.475585937500000000e-01 -4.371910095214843750e-01 6.376171112060546875e-01
7.145829467773437500e+02 -6.514346599578857422e-02 3.040532112121582031e+00 -3.893833160400390625e-01 2.964401245117187500e-02 3.196646928787231445e+00
4.428552246093750000e+02 -1.674892902374267578e-01 2.749460220336914062e+00 -3.729209899902343750e-01 5.257263183593750000e-01 1.768893480300903320e+00
2.616536865234375000e+02 -8.087539672851562500e-02 2.768433094024658203e+00 -4.415493011474609375e-01 -3.144035339355468750e-01 5.597531050443649292e-02
4.692072753906250000e+02 -1.037552356719970703e-01 2.784190177917480469e+00 -2.075443267822265625e-01 -6.735534667968750000e-01 7.721395790576934814e-02
7.788590698242187500e+02 -2.353262901306152344e-02 2.998889446258544922e+00 -5.739707946777343750e-01 7.559890747070312500e-01 1.075404435396194458e-01
3.820884094238281250e+02 -9.659457206726074219e-02 2.736553668975830078e+00 -3.005676269531250000e-01 3.559112548828125000e-02 8.692679405212402344e-01
5.899409790039062500e+02 -3.982615470886230469e-02 3.029483079910278320e+00 -4.282684326171875000e-01 -1.158990859985351562e+00 2.339446306228637695e+00
8.326597595214843750e+01 -1.549874544143676758e-01 2.468597888946533203e+00 -1.966934204101562500e-01 6.828517913818359375e-01 1.884094476699829102e+00
1.260798187255859375e+02 -2.622754573822021484e-01 2.627664089202880859e+00 -2.158203125000000000e-01 -2.326049804687500000e-01 5.713304877281188965e-01
3.300223388671875000e+02 -1.271216869354248047e-01 2.649880409240722656e+00 7.236480712890625000e-03 1.345483779907226562e+00 9.844002127647399902e-01
5.959599685668945312e+01 -9.282243251800537109e-02 3.236647605895996094e+00 -3.921127319335937500e-01 3.272457122802734375e-01 6.093671321868896484e-01
1.982318572998046875e+02 -2.182618379592895508e-01 2.801311254501342773e+00 -4.944477081298828125e-01 2.160684585571289062e+00 2.096408128738403320e+00
4.702856140136718750e+02 4.651498794555664062e-02 3.028301954269409180e+00 2.413787841796875000e-01 1.225797653198242188e+00 1.154916644096374512e+00
7.930086517333984375e+01 -1.638338565826416016e-01 2.535004854202270508e+00 -4.374465942382812500e-01 6.908321380615234375e-01 1.712960481643676758e+00
3.633316650390625000e+02 -2.170557975769042969e-01 2.589866161346435547e+00 -4.471797943115234375e-01 9.128932952880859375e-01 2.123294353485107422e+00
3.581294860839843750e+02 -3.109908103942871094e-02 3.207577943801879883e+00 -4.814758300781250000e-01 1.536598205566406250e-01 1.112157583236694336e+00
4.184208984375000000e+02 -2.051234245300292969e-01 2.668899774551391602e+00 -3.613510131835937500e-01 -7.717266082763671875e-01 1.756464481353759766e+00
4.428552246093750000e+02 -1.674892902374267578e-01 2.749460220336914062e+00 -3.729209899902343750e-01 5.257263183593750000e-01 1.768893480300903320e+00
2.029791069030761719e+01 -1.094322204589843750e-01 3.259796380996704102e+00 -3.177471160888671875e-01 -3.078956604003906250e-01 2.114158719778060913e-01
4.183747253417968750e+02 -3.638224601745605469e-01 2.441835403442382812e+00 -3.590049743652343750e-01 5.254726409912109375e-01 1.433968067169189453e+00
6.164980468750000000e+02 -1.877382993698120117e-01 2.386073350906372070e+00 -1.738471984863281250e-01 1.285268783569335938e+00 3.074362277984619141e-01
3.502454528808593750e+02 -1.486024856567382812e-01 2.908258438110351562e+00 -3.158493041992187500e-01 -3.773651123046875000e-01 6.637269854545593262e-01
6.835147094726562500e+02 -1.281454563140869141e-01 2.913980960845947266e+00 -7.401866912841796875e-01 -2.273387908935546875e-01 1.600617766380310059e+00
3.743745117187500000e+02 -1.412994861602783203e-01 2.964519977569580078e+00 -3.981571197509765625e-01 -5.366382598876953125e-01 1.396826624870300293e+00
3.435986938476562500e+02 -1.981484889984130859e-01 2.512645006179809570e+00 -8.515548706054687500e-02 1.642389297485351562e+00 1.419731616973876953e+00
1.269830322265625000e+02 -1.303776502609252930e-01 3.135153770446777344e+00 -2.222938537597656250e-01 -3.433170318603515625e-01 2.602992579340934753e-02
4.533708190917968750e+02 -1.099221706390380859e-01 3.039369821548461914e+00 1.706428527832031250e-01 1.589872360229492188e+00 1.035699486732482910e+00
3.667622070312500000e+02 -8.377861976623535156e-02 2.747153043746948242e+00 -3.353576660156250000e-01 3.586730957031250000e-01 1.578128337860107422e+00
3.986292419433593750e+02 -9.955763816833496094e-02 3.163773536682128906e+00 -5.334148406982421875e-01 -1.853929519653320312e+00 1.002207040786743164e+00
1.350924835205078125e+02 -2.020534276962280273e-01 2.754804611206054688e+00 -4.527511596679687500e-01 -5.252742767333984375e-01 1.246143132448196411e-01
4.948387756347656250e+02 -8.750915527343750000e-02 3.154743432998657227e+00 -1.026268005371093750e-01 -7.847061157226562500e-01 1.580367803573608398e+00
5.225632934570312500e+02 1.779458522796630859e-01 3.448852539062500000e+00 -3.889980316162109375e-01 -4.442901611328125000e-01 2.458225250244140625e+00
4.532792053222656250e+02 -1.378850936889648438e-01 2.722995281219482422e+00 -1.519355773925781250e-01 -5.720119476318359375e-01 1.608497649431228638e-01
6.946668701171875000e+02 -1.559946537017822266e-01 3.107835054397583008e+00 -1.598625183105468750e-01 8.532600402832031250e-01 1.891273498535156250e+00
4.937388916015625000e+02 -2.066886425018310547e-02 2.943510055541992188e+00 -5.278148651123046875e-01 1.522064208984375000e-02 1.279649853706359863e+00
4.467532653808593750e+02 -5.835986137390136719e-02 3.253977537155151367e+00 -3.946418762207031250e-01 -5.946311950683593750e-01 1.863727688789367676e+00
5.576279907226562500e+02 -9.223306179046630859e-02 3.169666290283203125e+00 9.412002563476562500e-02 7.311592102050781250e-01 5.725696086883544922e-01
9.676741027832031250e+01 -1.582424640655517578e-01 2.685785293579101562e+00 -2.425270080566406250e-01 -9.270477294921875000e-01 1.256649971008300781e+00
7.275999755859375000e+02 -1.009435653686523438e-01 2.707876443862915039e+00 -4.296855926513671875e-01 3.689050674438476562e+00 4.044186592102050781e+00
3.702819213867187500e+02 -2.044330835342407227e-01 2.667743682861328125e+00 -2.959842681884765625e-01 1.225769042968750000e+00 1.052901625633239746e+00
4.557393493652343750e+02 -1.530262231826782227e-01 2.440103292465209961e+00 -4.523181915283203125e-01 -6.176395416259765625e-01 2.198392301797866821e-01
4.106676940917968750e+02 -2.398202419281005859e-01 2.540390729904174805e+00 -1.945724487304687500e-01 -1.692333221435546875e+00 2.122483968734741211e+00
3.234346008300781250e+02 -2.023209333419799805e-01 2.709846496582031250e+00 -2.961139678955078125e-01 5.367660522460937500e-02 2.367977142333984375e+00
3.768186950683593750e+02 -1.464630365371704102e-01 3.049813747406005859e+00 -4.020500183105468750e-01 6.449966430664062500e-01 1.951380252838134766e+00
4.053341979980468750e+02 7.843470573425292969e-02 3.360600471496582031e+00 -2.023410797119140625e-01 -6.198158264160156250e-01 2.282109975814819336e+00
7.335671997070312500e+01 -2.850317955017089844e-02 3.353087663650512695e+00 -2.142601013183593750e-01 4.336071014404296875e-01 8.965091705322265625e-01
6.762318115234375000e+02 -9.500932693481445312e-02 2.512761592864990234e+00 -2.906589508056640625e-01 1.106645584106445312e+00 1.089774489402770996e+00
3.891317749023437500e+02 -1.731259822845458984e-01 2.769053459167480469e+00 -4.550571441650390625e-01 8.065414428710937500e-01 1.407968550920486450e-01
5.657474517822265625e+01 -7.940292358398437500e-02 2.861830234527587891e+00 -3.536586761474609375e-01 8.746681213378906250e-01 3.933863341808319092e-01
3.861941223144531250e+02 -3.878355026245117188e-02 2.589407920837402344e+00 -3.005390167236328125e-01 1.255739212036132812e+00 2.562115430831909180e+00
2.566533508300781250e+02 -2.543838024139404297e-01 3.067459583282470703e+00 -3.410339355468750000e-01 1.722526550292968750e-01 2.904145479202270508e+00
4.716813049316406250e+02 -3.638199567794799805e-01 2.333343982696533203e+00 -2.488365173339843750e-01 1.792564392089843750e-01 1.034789800643920898e+00
5.662213134765625000e+02 -1.925115585327148438e-01 2.856523990631103516e+00 2.345848083496093750e-02 2.221496582031250000e+00 2.376887321472167969e+00
4.718946533203125000e+02 -1.648387908935546875e-01 3.061176776885986328e+00 -1.272258758544921875e-01 1.270038604736328125e+00 1.915373682975769043e+00
1.967197875976562500e+02 -1.021422147750854492e-01 2.591053724288940430e+00 -5.523109436035156250e-02 2.373886108398437500e+00 4.508934974670410156e+00
3.543053894042968750e+02 -1.458752155303955078e-01 2.931816339492797852e+00 -2.197151184082031250e-01 -4.127502441406250000e-01 2.751632690429687500e+00
4.463281555175781250e+02 -4.609906673431396484e-02 3.182125091552734375e+00 -4.297294616699218750e-01 6.328105926513671875e-01 1.996874094009399414e+00
4.243079223632812500e+02 -1.123778820037841797e-01 2.855105161666870117e+00 -1.546573638916015625e-01 -1.243228912353515625e-01 2.009020805358886719e+00
3.339645080566406250e+02 -5.888354778289794922e-02 3.131341934204101562e+00 -4.044342041015625000e-01 4.640235900878906250e-01 2.657055377960205078e+00
4.225237426757812500e+02 2.831745147705078125e-02 3.060572147369384766e+00 -4.068984985351562500e-01 -6.194820404052734375e-01 1.367942690849304199e-01
4.615019226074218750e+02 -3.552508354187011719e-02 3.145647525787353516e+00 -3.245277404785156250e-01 -5.744247436523437500e-01 3.509259521961212158e-01
1.936526336669921875e+02 -1.902718544006347656e-01 2.712785959243774414e+00 -3.627395629882812500e-01 2.653617858886718750e-01 5.995789766311645508e-01
1.765166625976562500e+02 -2.464933395385742188e-01 2.601811885833740234e+00 -4.053840637207031250e-01 9.263019561767578125e-01 4.062518775463104248e-01
2.912504577636718750e+02 -1.560378074645996094e-01 2.447972774505615234e+00 -1.430225372314453125e-01 6.468162536621093750e-01 1.394372463226318359e+00
4.147449340820312500e+02 -2.666373252868652344e-01 2.423998117446899414e+00 -2.656154632568359375e-01 1.855869293212890625e-01 1.285296797752380371e+00
5.800471801757812500e+02 -1.930496692657470703e-01 2.864129543304443359e+00 -1.434421539306640625e-01 1.844728469848632812e+00 1.995981216430664062e+00
4.131718750000000000e+02 -9.712553024291992188e-02 2.743175983428955078e+00 -2.264804840087890625e-01 9.363059997558593750e-01 1.865477681159973145e+00
4.928293151855468750e+02 -1.921510696411132812e-01 2.649717330932617188e+00 -1.015567779541015625e-01 -9.262237548828125000e-01 4.314594864845275879e-01
3.570456848144531250e+02 -8.372020721435546875e-02 3.000979185104370117e+00 -4.645519256591796875e-01 -6.239814758300781250e-01 2.755686044692993164e+00
6.253088378906250000e+02 -1.879327297210693359e-01 2.846482992172241211e+00 -5.251197814941406250e-01 -3.869476318359375000e-01 1.902933359146118164e+00
1.685709228515625000e+02 -1.685712337493896484e-01 2.713747262954711914e+00 -2.652969360351562500e-01 1.553316116333007812e+00 6.288916468620300293e-01
4.773042297363281250e+02 -2.849984169006347656e-02 3.115676403045654297e+00 -1.688594818115234375e-01 1.151004791259765625e+00 8.989294767379760742e-01
5.217584838867187500e+02 -1.675906181335449219e-01 3.041303396224975586e+00 -2.516803741455078125e-01 -3.666114807128906250e-01 3.778416514396667480e-01
6.065963745117187500e+02 -4.304313659667968750e-02 2.659618616104125977e+00 -4.511814117431640625e-01 1.301671981811523438e+00 9.731686115264892578e-01
4.013370971679687500e+02 1.035115718841552734e-01 3.255371570587158203e+00 -5.146980285644531250e-02 -1.137628555297851562e+00 4.472128152847290039e-01
4.084702148437500000e+02 -2.737402915954589844e-01 2.757351398468017578e+00 -4.976730346679687500e-01 -5.384979248046875000e-01 1.832336306571960449e+00
6.041162719726562500e+02 -2.643442153930664062e-01 2.643655061721801758e+00 -3.801155090332031250e-01 6.263904571533203125e-01 2.201160430908203125e+00
1.043098602294921875e+02 -1.164745092391967773e-01 2.787065029144287109e+00 -2.733211517333984375e-01 1.309108734130859375e+00 9.683469533920288086e-01
6.408385009765625000e+02 -1.461360454559326172e-01 3.166836261749267578e+00 -4.486370086669921875e-01 1.920742034912109375e+00 3.985604047775268555e+00
5.780201416015625000e+02 -1.444783210754394531e-01 2.421860694885253906e+00 -3.014526367187500000e-01 -1.573562622070312500e-01 1.436782479286193848e+00
1.131998443603515625e+02 -1.145644187927246094e-01 2.619028091430664062e+00 -4.333343505859375000e-01 -7.185401916503906250e-01 2.346433103084564209e-01
4.324209289550781250e+02 -1.773642301559448242e-01 2.699859619140625000e+00 -3.473320007324218750e-01 -5.232315063476562500e-01 1.367515802383422852e+00
3.300223388671875000e+02 -1.271216869354248047e-01 2.649880409240722656e+00 7.236480712890625000e-03 1.345483779907226562e+00 9.844002127647399902e-01
4.544090881347656250e+02 -2.552747726440429688e-02 3.049902439117431641e+00 -3.936958312988281250e-02 -5.692768096923828125e-01 5.140013098716735840e-01
2.609800109863281250e+02 -1.567568778991699219e-01 2.862751007080078125e+00 -3.551044464111328125e-01 -9.022369384765625000e-01 1.291011810302734375e+00
5.183856201171875000e+02 -8.214950561523437500e-02 2.696841239929199219e+00 -2.807426452636718750e-01 -1.127834320068359375e+00 8.859216235578060150e-03
6.967656250000000000e+02 1.137833595275878906e-01 3.362689018249511719e+00 -3.887653350830078125e-01 1.022815704345703125e-01 3.715002238750457764e-01
5.970310058593750000e+02 -2.426562309265136719e-01 2.551668167114257812e+00 -2.630348205566406250e-01 1.966709136962890625e+00 1.383252024650573730e+00
1.098332138061523438e+02 -1.584249734878540039e-01 2.814330101013183594e+00 -2.144699096679687500e-01 -1.237272262573242188e+00 9.558829665184020996e-01
4.378947753906250000e+02 -2.218081951141357422e-01 2.453342676162719727e+00 -2.425231933593750000e-01 4.454441070556640625e-01 1.645334243774414062e+00
3.739157409667968750e+02 -7.876610755920410156e-02 2.927755355834960938e+00 -2.070999145507812500e-02 1.493434906005859375e-01 3.214536309242248535e-01
6.116914062500000000e+02 -1.394543647766113281e-01 2.783420085906982422e+00 -2.591686248779296875e-01 -7.473621368408203125e-01 8.831819295883178711e-01
5.559157104492187500e+02 -2.642471790313720703e-01 2.609486579895019531e+00 -3.307380676269531250e-01 8.757972717285156250e-01 4.223753213882446289e-01
3.466495971679687500e+02 6.248617172241210938e-02 3.630508661270141602e+00 -4.228935241699218750e-01 -1.197986602783203125e-01 1.885973691940307617e+00
2.565905761718750000e+02 -1.350350379943847656e-01 2.867880105972290039e+00 -2.356224060058593750e-01 1.335315704345703125e-01 8.343359827995300293e-01
3.805914306640625000e+02 -2.939498424530029297e-01 2.440068244934082031e+00 -4.045982360839843750e-01 -1.863517761230468750e-01 1.264078140258789062e+00
6.078786621093750000e+02 -1.497392654418945312e-01 2.990361690521240234e+00 -3.563785552978515625e-01 -2.775669097900390625e-01 2.561749935150146484e+00
3.969997253417968750e+02 1.919460296630859375e-02 3.162592172622680664e+00 -3.439064025878906250e-01 1.509971618652343750e+00 2.308278560638427734e+00
3.405245666503906250e+02 -2.945504188537597656e-01 2.552516460418701172e+00 -1.204185485839843750e-01 -2.671585083007812500e-01 5.953462123870849609e-01
5.363790893554687500e+02 -1.020097732543945312e-01 2.777529716491699219e+00 -4.395408630371093750e-01 -1.734334945678710938e+00 1.747463464736938477e+00
4.613944396972656250e+02 -3.224337100982666016e-01 2.458144664764404297e+00 -3.711643218994140625e-01 6.704940795898437500e-01 1.475401520729064941e+00
4.536261596679687500e+02 -1.475534439086914062e-01 2.608882904052734375e+00 -9.780311584472656250e-02 -1.457748413085937500e+00 7.344764471054077148e-02
6.198118896484375000e+02 -1.600351333618164062e-01 2.906964302062988281e+00 -1.745204925537109375e-01 -8.238468170166015625e-01 6.948483586311340332e-01
6.278208007812500000e+02 1.053013801574707031e-01 3.402413129806518555e+00 -1.768970489501953125e-01 -1.955013275146484375e-01 1.575192809104919434e+00
7.558416748046875000e+01 -7.431876659393310547e-02 2.831819057464599609e+00 -1.848468780517578125e-01 5.559825897216796875e-01 1.562238931655883789e+00
3.749115905761718750e+02 -1.253211498260498047e-01 2.724036455154418945e+00 -2.940902709960937500e-01 8.818550109863281250e-01 1.705443739891052246e+00
4.159243469238281250e+02 2.642788887023925781e-01 3.825580596923828125e+00 -5.959854125976562500e-01 1.345226287841796875e+00 2.185071945190429688e+00
3.648406372070312500e+02 3.637075424194335938e-03 2.788434505462646484e+00 -4.945640563964843750e-01 -8.520584106445312500e-01 7.746344804763793945e-01
1.845699005126953125e+02 -1.055597066879272461e-01 2.387625694274902344e+00 -4.055805206298828125e-01 -1.891918182373046875e-01 3.397443592548370361e-01
5.711275024414062500e+02 -1.879227161407470703e-01 2.783947706222534180e+00 -4.005146026611328125e-01 -1.026712417602539062e+00 2.187384366989135742e+00
3.976708984375000000e+02 -1.816172599792480469e-01 2.879384994506835938e+00 -1.777210235595703125e-01 4.782886505126953125e-01 1.561935544013977051e+00
5.030509338378906250e+02 2.025461196899414062e-02 3.185751199722290039e+00 -1.435680389404296875e-01 8.298492431640625000e-02 9.791004061698913574e-01
5.440119018554687500e+02 -7.725131511688232422e-02 3.218508720397949219e+00 -2.391681671142578125e-01 -2.095012664794921875e-01 1.528164029121398926e+00
3.645540161132812500e+02 -4.208230972290039062e-02 3.437265872955322266e+00 -4.250698089599609375e-01 1.350709915161132812e+00 5.292616367340087891e+00
3.965209350585937500e+02 -7.634651660919189453e-02 2.692738056182861328e+00 -2.092914581298828125e-01 7.775039672851562500e-01 2.791138887405395508e+00
4.356961669921875000e+02 3.429126739501953125e-02 3.282953977584838867e+00 -4.106483459472656250e-01 1.672969818115234375e+00 2.169059276580810547e+00
8.146057891845703125e+01 -1.438214778900146484e-01 2.829062461853027344e+00 -2.664604187011718750e-01 -9.143981933593750000e-01 6.385145187377929688e-01
6.958103637695312500e+02 -1.889636516571044922e-01 3.063042402267456055e+00 -3.550586700439453125e-01 2.361495971679687500e+00 3.656510829925537109e+00
4.410137329101562500e+02 -2.471542358398437500e-02 2.958532333374023438e+00 -4.640750885009765625e-01 -6.948547363281250000e-01 1.253292679786682129e+00
4.274404907226562500e+02 -2.199475765228271484e-01 2.888883590698242188e+00 -3.708953857421875000e-01 -1.753608703613281250e+00 1.939100027084350586e+00
1.071590576171875000e+02 -1.887124776840209961e-01 2.914457798004150391e+00 -5.968322753906250000e-01 -2.976608276367187500e-02 6.980968117713928223e-01
2.363740844726562500e+02 -1.633530855178833008e-01 3.038655757904052734e+00 -3.387832641601562500e-02 8.224792480468750000e-01 1.035144805908203125e+00
1.410322875976562500e+02 -3.061695098876953125e-01 2.445148944854736328e+00 -2.243118286132812500e-01 4.449195861816406250e-01 8.392525911331176758e-01
4.085368652343750000e+02 -1.286251544952392578e-01 2.799460411071777344e+00 -7.229804992675781250e-01 -2.036321640014648438e+00 1.937507987022399902e+00
4.978545532226562500e+02 -7.722711563110351562e-02 2.988101959228515625e+00 -3.553276062011718750e-01 1.543025970458984375e-01 8.002228140830993652e-01
7.459009399414062500e+02 -1.767148971557617188e-01 2.860157966613769531e+00 -4.625682830810546875e-01 4.220237731933593750e-01 1.872810125350952148e+00
5.464755249023437500e+02 -1.459634304046630859e-02 2.964879751205444336e+00 -4.747180938720703125e-01 8.011779785156250000e-01 2.151445388793945312e+00
7.049027709960937500e+02 -1.631476879119873047e-01 2.959876298904418945e+00 -1.660175323486328125e-01 7.797527313232421875e-01 1.767971277236938477e+00
4.199170227050781250e+02 -2.530467510223388672e-01 2.468340873718261719e+00 -4.407520294189453125e-01 -1.254060745239257812e+00 2.019514799118041992e+00
6.096235961914062500e+02 -2.882647514343261719e-01 2.657577037811279297e+00 -3.633613586425781250e-01 -4.976501464843750000e-01 1.354987859725952148e+00
5.997747192382812500e+02 -3.210747241973876953e-01 2.883768558502197266e+00 -3.276519775390625000e-01 1.994144439697265625e+00 2.057270526885986328e+00
4.587145385742187500e+02 -3.154501914978027344e-01 2.708840370178222656e+00 -1.101360321044921875e-01 1.977920532226562500e-01 3.310676813125610352e+00
6.510125732421875000e+01 -1.762075424194335938e-01 2.650856494903564453e+00 -3.748397827148437500e-01 -4.437828063964843750e-02 1.449162840843200684e+00
6.611426391601562500e+02 6.611537933349609375e-02 3.529763698577880859e+00 -1.170101165771484375e-01 -4.555549621582031250e-01 3.999488949775695801e-01
4.989328765869140625e+01 -2.649428844451904297e-01 2.522433042526245117e+00 -3.347549438476562500e-01 1.277847290039062500e-01 2.352506875991821289e+00
4.381954345703125000e+02 -1.311773061752319336e-01 2.858646631240844727e+00 -3.876228332519531250e-01 -7.670440673828125000e-01 1.892235159873962402e+00
2.986380920410156250e+02 -2.181212902069091797e-01 2.544031620025634766e+00 -5.664062500000000000e-01 -2.547740936279296875e-01 2.040194034576416016e+00
4.318811950683593750e+02 -2.875444889068603516e-01 2.415724277496337891e+00 -6.039257049560546875e-01 9.210968017578125000e-02 1.453375816345214844e+00
1.896320037841796875e+02 -2.241895198822021484e-01 2.441030263900756836e+00 -3.760032653808593750e-01 -1.203216552734375000e+00 1.524882912635803223e+00
6.553981323242187500e+02 -1.087154150009155273e-01 2.786670446395874023e+00 -2.491130828857421875e-01 -1.187982559204101562e+00 2.655389606952667236e-01
8.947406768798828125e+01 -1.650094985961914062e-02 2.752885341644287109e+00 -3.719863891601562500e-01 8.997459411621093750e-01 1.585989952087402344e+00
6.299073486328125000e+02 -1.274429559707641602e-01 2.982327938079833984e+00 -3.726367950439453125e-01 8.227138519287109375e-01 6.883538365364074707e-01
5.337168579101562500e+02 -2.271370887756347656e-01 2.756752014160156250e+00 -2.775020599365234375e-01 1.056480407714843750e-01 1.557118773460388184e+00
2.279750061035156250e+02 -1.572458744049072266e-01 2.590922117233276367e+00 -7.111816406250000000e-01 -9.949321746826171875e-01 1.238012552261352539e+00
3.783770141601562500e+02 -1.459746360778808594e-01 2.594155788421630859e+00 -3.889427185058593750e-01 -1.556510925292968750e-01 1.673882454633712769e-01
2.807218933105468750e+02 -1.289128065109252930e-01 3.017297506332397461e+00 -4.528636932373046875e-01 4.159832000732421875e-01 8.695538043975830078e-01
6.084443359375000000e+02 -1.901695728302001953e-01 2.841373682022094727e+00 -2.971706390380859375e-01 -1.243507385253906250e+00 2.651962995529174805e+00
5.793613281250000000e+02 -1.978842020034790039e-01 2.919055461883544922e+00 -2.937011718750000000e-01 1.406841278076171875e-01 2.249036788940429688e+00
1.499062652587890625e+02 -2.226729393005371094e-01 2.723338603973388672e+00 -4.199161529541015625e-01 -4.590473175048828125e-01 7.389139533042907715e-01
1.795278015136718750e+02 1.054091453552246094e-01 3.356222629547119141e+00 -1.591911315917968750e-01 -1.255655288696289062e+00 3.618748486042022705e-01
4.056043701171875000e+02 2.691793441772460938e-02 3.015926599502563477e+00 -2.855339050292968750e-01 1.072376251220703125e+00 1.767958641052246094e+00
5.746702270507812500e+02 -7.179141044616699219e-02 2.919437646865844727e+00 -3.333797454833984375e-01 3.748054504394531250e-01 1.167208552360534668e+00
1.127147827148437500e+02 -2.334964275360107422e-01 2.675406455993652344e+00 -4.176158905029296875e-01 1.086315155029296875e+00 6.155602931976318359e-01
4.131848754882812500e+02 -2.678442001342773438e-02 2.606981277465820312e+00 -5.093650817871093750e-01 -9.980354309082031250e-01 1.232462048530578613e+00
1.392808685302734375e+02 -1.600742340087890625e-01 2.997947931289672852e+00 -1.867294311523437500e-02 -9.038238525390625000e-01 3.025402426719665527e-01
5.773767089843750000e+02 -1.155965328216552734e-01 2.687376022338867188e+00 -3.970489501953125000e-01 -1.963005065917968750e-01 2.653627097606658936e-01
4.078723754882812500e+02 -1.437261104583740234e-01 3.030510187149047852e+00 -3.552474975585937500e-01 -9.824104309082031250e-01 1.170261621475219727e+00
3.450854187011718750e+02 -7.115864753723144531e-02 2.954555511474609375e+00 -3.200225830078125000e-01 1.288965225219726562e+00 1.608353972434997559e+00
4.460992431640625000e+01 -6.378579139709472656e-02 2.764696121215820312e+00 -1.027240753173828125e-01 -1.187255859375000000e+00 4.221645295619964600e-01
5.499052734375000000e+02 -1.035948991775512695e-01 3.034431695938110352e+00 -2.746601104736328125e-01 -5.479831695556640625e-01 1.286504387855529785e+00
3.310083312988281250e+02 -1.744567155838012695e-01 2.635050535202026367e+00 -6.413307189941406250e-01 6.572437286376953125e-01 3.832806646823883057e-01
3.234262084960937500e+02 -7.693767547607421875e-04 3.028045177459716797e+00 -4.899787902832031250e-02 2.002012252807617188e+00 1.565270662307739258e+00
1.896498718261718750e+02 -2.952613830566406250e-01 2.452475547790527344e+00 -3.352317810058593750e-01 1.397014617919921875e+00 3.279539346694946289e-01
6.616179199218750000e+02 -1.689012050628662109e-01 2.979519367218017578e+00 -5.167942047119140625e-01 -1.799125671386718750e+00 2.234143972396850586e+00
2.679581298828125000e+02 4.439783096313476562e-02 2.685406208038330078e+00 -4.451389312744140625e-01 1.148208618164062500e+00 1.983052730560302734e+00
3.949129028320312500e+02 -2.112387418746948242e-01 2.435148715972900391e+00 -4.406661987304687500e-01 -6.206111907958984375e-01 1.577634096145629883e+00
7.639003295898437500e+02 -2.177650928497314453e-01 2.700177669525146484e+00 -1.885032653808593750e-01 2.105264663696289062e+00 7.490556836128234863e-01
4.189460144042968750e+02 -2.025355100631713867e-01 2.791359663009643555e+00 -2.314853668212890625e-01 -5.624179840087890625e-01 1.717697262763977051e+00
3.623370056152343750e+02 1.917860507965087891e-01 3.516612768173217773e+00 -5.897693634033203125e-01 -7.841053009033203125e-01 1.766243457794189453e+00
4.185495910644531250e+02 -1.530673503875732422e-01 3.068321943283081055e+00 -4.142990112304687500e-01 -2.891597747802734375e-01 2.654146194458007812e+00
3.342242126464843750e+02 -2.684464454650878906e-01 2.774316310882568359e+00 -2.969474792480468750e-01 1.134252548217773438e+00 4.867872297763824463e-01
3.980105285644531250e+02 -2.637829780578613281e-01 2.225806474685668945e+00 -1.209011077880859375e-01 -2.336921691894531250e-01 5.292186141014099121e-01
4.382154846191406250e+02 -1.844246387481689453e-01 2.562138557434082031e+00 -3.669719696044921875e-01 2.280845642089843750e-01 1.029354929924011230e+00
3.628703308105468750e+02 -1.098769903182983398e-01 2.994568824768066406e+00 -2.601051330566406250e-01 -3.985366821289062500e-01 1.492443561553955078e+00
4.542576599121093750e+01 -2.353156805038452148e-01 2.225058794021606445e+00 -1.072254180908203125e-01 1.398172378540039062e+00 1.769248962402343750e+00
4.682641906738281250e+02 -6.778979301452636719e-02 2.693800926208496094e+00 -3.612861633300781250e-01 1.654737472534179688e+00 9.211365133523941040e-02
3.814345703125000000e+02 -1.292939186096191406e-01 2.937413215637207031e+00 -4.708290100097656250e-01 5.883197784423828125e-01 1.243336558341979980e+00
4.125617370605468750e+02 -7.658576965332031250e-02 2.772517681121826172e+00 -3.216381072998046875e-01 7.453632354736328125e-01 7.248768210411071777e-01
3.790611267089843750e+02 1.099691390991210938e-01 3.100244522094726562e+00 -1.906261444091796875e-01 -5.781040191650390625e-01 1.226819992065429688e+00
6.714842529296875000e+02 -9.506368637084960938e-02 2.880483627319335938e+00 -1.621417999267578125e-01 4.007598876953125000e+00 4.368333339691162109e+00
7.335671997070312500e+01 -2.850317955017089844e-02 3.353087663650512695e+00 -2.142601013183593750e-01 4.336071014404296875e-01 8.965091705322265625e-01
4.400020141601562500e+02 -8.418822288513183594e-02 3.146997690200805664e+00 -3.122081756591796875e-01 -1.158905029296875000e+00 3.377162218093872070e-01
4.778861999511718750e+02 3.248548507690429688e-02 3.077340126037597656e+00 -2.856292724609375000e-01 -1.062891006469726562e+00 1.782023429870605469e+00
3.739558105468750000e+02 -1.026179790496826172e-01 2.863846302032470703e+00 -1.495056152343750000e-01 1.800556182861328125e-01 1.672217249870300293e+00
4.395373229980468750e+02 -1.944468021392822266e-01 2.673073768615722656e+00 -3.463211059570312500e-01 1.190212249755859375e+00 1.481864333152770996e+00
6.488468017578125000e+02 -2.281724214553833008e-01 2.552046060562133789e+00 -3.538436889648437500e-01 8.576240539550781250e-01 2.806647062301635742e+00
1.148439559936523438e+02 -1.878595352172851562e-01 2.686304092407226562e+00 -3.425540924072265625e-01 -9.664554595947265625e-01 1.988773226737976074e+00
3.896618041992187500e+02 -2.382743358612060547e-01 2.407542228698730469e+00 -8.218383789062500000e-02 7.166576385498046875e-01 9.003430604934692383e-01
5.139296264648437500e+02 -1.279163360595703125e-01 2.932459831237792969e+00 -5.140495300292968750e-01 6.289672851562500000e-01 3.492954075336456299e-01
1.775779266357421875e+02 -2.027165889739990234e-01 2.630210876464843750e+00 -2.987422943115234375e-01 -6.877212524414062500e-01 9.891378879547119141e-01
7.601452636718750000e+02 5.302667617797851562e-02 3.087620496749877930e+00 -2.235527038574218750e-01 5.309886932373046875e-01 2.941085338592529297e+00
2.170035858154296875e+02 -1.788890361785888672e-01 2.782284259796142578e+00 -3.305549621582031250e-01 1.190567016601562500e+00 4.791444838047027588e-01
1.269188308715820312e+02 -2.217435836791992188e-02 3.023719310760498047e+00 -3.971481323242187500e-02 1.360189437866210938e+00 9.585971236228942871e-01
5.678115234375000000e+02 -2.377567291259765625e-01 2.640245437622070312e+00 -1.650409698486328125e-01 1.695671081542968750e+00 2.346123218536376953e+00
4.154687500000000000e+02 -9.896826744079589844e-02 2.889421463012695312e+00 -3.717498779296875000e-01 1.556800842285156250e+00 4.942788124084472656e+00
3.415050659179687500e+02 -5.192637443542480469e-02 3.124762535095214844e+00 -3.007049560546875000e-01 4.734878540039062500e-01 1.580766439437866211e+00
3.287509765625000000e+02 -1.644937992095947266e-01 2.539012432098388672e+00 -2.496128082275390625e-01 8.840179443359375000e-01 1.644034147262573242e+00
4.318039550781250000e+02 -3.094630241394042969e-01 2.584661245346069336e+00 -2.501201629638671875e-01 -8.019332885742187500e-01 8.820824325084686279e-02
4.393567199707031250e+02 -9.559440612792968750e-02 2.898092985153198242e+00 -2.621383666992187500e-01 5.165176391601562500e-01 1.006974220275878906e+00
5.630121459960937500e+02 -5.484700202941894531e-02 2.981308937072753906e+00 -3.882064819335937500e-01 1.547775268554687500e-01 7.887721657752990723e-01
6.393577270507812500e+02 -6.470966339111328125e-02 3.344265222549438477e+00 -4.932956695556640625e-01 3.568916320800781250e-01 1.198429763317108154e-01
4.101896667480468750e+02 -1.970140933990478516e-01 2.900627613067626953e+00 -1.883964538574218750e-01 1.472343444824218750e+00 2.100221157073974609e+00
3.900669250488281250e+02 -2.297359704971313477e-01 2.776489973068237305e+00 -1.330013275146484375e-01 6.742839813232421875e-01 1.961224555969238281e+00
3.241022644042968750e+02 -9.310674667358398438e-02 2.852421522140502930e+00 -3.937702178955078125e-01 6.846981048583984375e-01 1.489935040473937988e+00
3.495154113769531250e+02 -4.203355312347412109e-02 3.138212680816650391e+00 -1.754665374755859375e-01 3.848075866699218750e-01 1.510413169860839844e+00
3.229174194335937500e+02 -2.327060699462890625e-01 2.743961811065673828e+00 -6.629009246826171875e-01 -7.292976379394531250e-01 1.126390457153320312e+00
5.121951293945312500e+02 -8.496534824371337891e-02 2.948266267776489258e+00 -2.222614288330078125e-01 2.150251388549804688e+00 3.110908269882202148e+00
5.486728515625000000e+02 -7.541942596435546875e-02 3.196244716644287109e+00 -8.351516723632812500e-02 -7.883796691894531250e-01 8.104540109634399414e-01
3.581531066894531250e+02 -1.007962226867675781e-02 3.109957218170166016e+00 -2.764129638671875000e-01 -6.723041534423828125e-01 2.620452880859375000e+00
6.320308227539062500e+02 -1.708669662475585938e-01 2.645539999008178711e+00 -1.417236328125000000e-01 -6.447525024414062500e-01 1.117967605590820312e+00
4.220230102539062500e+02 8.263707160949707031e-02 3.553011178970336914e+00 -3.321762084960937500e-01 -7.652816772460937500e-01 8.377286195755004883e-01
4.503010253906250000e+02 -1.136217117309570312e-01 2.618424892425537109e+00 -3.517189025878906250e-01 1.913249969482421875e+00 8.967521190643310547e-01
3.515615844726562500e+02 -2.394723892211914062e-01 2.551592350006103516e+00 -4.137668609619140625e-01 4.382972717285156250e-01 7.000895589590072632e-02
3.805128479003906250e+02 -2.297856807708740234e-01 2.864689350128173828e+00 -2.921848297119140625e-01 2.373294830322265625e-01 2.999514341354370117e+00
7.226222534179687500e+02 -1.529047489166259766e-01 3.092375040054321289e+00 -9.445381164550781250e-02 1.708778381347656250e+00 2.485613584518432617e+00
5.359180297851562500e+02 9.607625007629394531e-02 3.200623035430908203e+00 -4.720382690429687500e-01 -1.288986206054687500e-01 1.981223523616790771e-01
6.521043090820312500e+02 -1.538602113723754883e-01 2.830937385559082031e+00 -3.441085815429687500e-01 1.273464202880859375e+00 2.200212955474853516e+00
6.023188476562500000e+02 -1.856489181518554688e-01 3.045255661010742188e+00 -4.112930297851562500e-01 1.001146316528320312e+00 1.757331848144531250e+00
3.586392517089843750e+02 -1.602081060409545898e-01 2.660447359085083008e+00 -4.993629455566406250e-02 6.174755096435546875e-01 4.493001461029052734e+00
4.168710632324218750e+02 8.551359176635742188e-03 3.398036241531372070e+00 -4.525070190429687500e-01 -1.905727386474609375e-01 1.826292753219604492e+00
3.741930847167968750e+02 -4.866170883178710938e-02 3.181030750274658203e+00 -1.654701232910156250e-01 1.553092956542968750e+00 3.148438930511474609e-01
1.167521133422851562e+02 -1.882125139236450195e-01 2.833121776580810547e+00 -2.370281219482421875e-01 1.466533660888671875e+00 6.061232686042785645e-01
4.591979370117187500e+02 9.020876884460449219e-02 3.444289207458496094e+00 -3.557815551757812500e-01 6.855812072753906250e-01 1.170238852500915527e+00
1.753758239746093750e+02 1.057369709014892578e-01 3.352198123931884766e+00 -6.159210205078125000e-01 -1.541557312011718750e+00 4.712831377983093262e-01
4.514279479980468750e+02 -1.110677719116210938e-01 2.717876911163330078e+00 -3.480262756347656250e-01 8.697433471679687500e-01 2.915853500366210938e+00
5.363116455078125000e+02 -2.362241744995117188e-01 2.670535326004028320e+00 -2.193374633789062500e-01 9.968852996826171875e-01 3.173647880554199219e+00
3.212511596679687500e+02 -1.547060012817382812e-01 2.996594905853271484e+00 -2.776012420654296875e-01 1.353261947631835938e+00 2.505443334579467773e+00
6.722068481445312500e+02 -2.346177101135253906e-01 2.969689369201660156e+00 -3.129730224609375000e-01 4.371089935302734375e-01 3.860144376754760742e+00
2.357244567871093750e+02 -2.216622829437255859e-01 2.513014554977416992e+00 -5.118999481201171875e-01 -7.720165252685546875e-01 1.927013516426086426e+00
5.164740600585937500e+02 -2.229666709899902344e-01 2.567061662673950195e+00 -3.202552795410156250e-01 5.359230041503906250e-01 1.151526212692260742e+00
6.557465209960937500e+02 -2.465157508850097656e-01 2.606885910034179688e+00 -5.510463714599609375e-01 -5.534286499023437500e-01 1.199300408363342285e+00
3.812755126953125000e+02 -3.501220941543579102e-01 2.312426090240478516e+00 -3.628273010253906250e-01 1.220661163330078125e+00 1.144327402114868164e+00
5.658386230468750000e+02 -1.888346672058105469e-02 2.530676364898681641e+00 -4.201927185058593750e-01 8.898067474365234375e-01 1.690012097358703613e+00
5.743883666992187500e+02 -2.846720218658447266e-01 2.486505031585693359e+00 -3.458271026611328125e-01 -1.169662475585937500e-01 2.121227025985717773e+00
3.687211303710937500e+02 -1.962791681289672852e-01 2.657681941986083984e+00 -2.682857513427734375e-01 -1.284463882446289062e+00 1.562296867370605469e+00
4.811239318847656250e+02 -7.845425605773925781e-02 2.575287818908691406e+00 -2.393226623535156250e-01 5.378913879394531250e-02 3.151078462600708008e+00
3.907746582031250000e+02 -4.013857841491699219e-01 2.512545108795166016e+00 -3.499431610107421875e-01 3.564167022705078125e-01 4.411703109741210938e+00
3.633223266601562500e+02 -1.119798421859741211e-01 2.811324357986450195e+00 -2.006034851074218750e-01 1.189174652099609375e+00 1.433999061584472656e+00
7.051247558593750000e+02 -5.182433128356933594e-02 3.092667102813720703e+00 2.174949645996093750e-01 3.490333557128906250e-01 2.111133813858032227e+00
3.603691406250000000e+02 -1.694004535675048828e-01 2.643026828765869141e+00 -1.664276123046875000e-01 1.806241989135742188e+00 2.578398883342742920e-01
1.532539062500000000e+02 -2.029056549072265625e-01 2.863059043884277344e+00 -3.609027862548828125e-01 -1.141319274902343750e-01 1.337991833686828613e+00
5.553984375000000000e+02 -1.924142837524414062e-01 2.938590526580810547e+00 -2.142505645751953125e-01 -4.007835388183593750e-01 2.090731859207153320e+00
1.746702575683593750e+02 -6.389069557189941406e-02 3.016377449035644531e+00 -4.243831634521484375e-01 -5.374679565429687500e-01 1.619026213884353638e-01
7.181062011718750000e+02 -1.865308284759521484e-01 2.516036748886108398e+00 4.487037658691406250e-02 2.609481811523437500e-01 1.087274670600891113e+00
3.636582641601562500e+02 -8.478426933288574219e-02 2.764994144439697266e+00 -6.530761718750000000e-01 -5.766029357910156250e-01 2.820314168930053711e-01
5.400476074218750000e+02 3.378605842590332031e-02 2.949029684066772461e+00 -5.359745025634765625e-01 5.362625122070312500e-01 6.442244052886962891e-01
3.027639770507812500e+02 1.399755477905273438e-01 3.445096969604492188e+00 -5.370712280273437500e-02 1.857965469360351562e+00 1.808127760887145996e+00
6.513718872070312500e+02 -2.947449684143066406e-02 3.064758062362670898e+00 -3.616886138916015625e-01 1.860454559326171875e+00 9.428448677062988281e-01
1.283545379638671875e+02 -1.435991525650024414e-01 2.664640426635742188e+00 -4.649066925048828125e-01 -5.840377807617187500e-01 4.384302496910095215e-01
5.426685180664062500e+02 -4.695796966552734375e-02 2.702304601669311523e+00 -2.849845886230468750e-01 -9.410877227783203125e-01 4.835069775581359863e-01
5.981871337890625000e+02 -3.242933750152587891e-01 2.593836307525634766e+00 -2.557506561279296875e-01 -7.721042633056640625e-01 2.514986753463745117e+00
5.579381103515625000e+02 -1.046712398529052734e-01 2.967423677444458008e+00 -1.748428344726562500e-01 4.739742279052734375e-01 7.512191534042358398e-01
8.594418334960937500e+01 -2.211318016052246094e-01 2.802586555480957031e+00 -1.934680938720703125e-01 3.291358947753906250e-01 3.914570808410644531e-01
4.492288513183593750e+02 -1.333835124969482422e-01 2.981599569320678711e+00 -3.707675933837890625e-01 2.257728576660156250e-01 2.377254724502563477e+00
2.761123046875000000e+02 -2.108230590820312500e-01 2.785040855407714844e+00 -5.593566894531250000e-01 1.770000457763671875e-01 1.861093163490295410e+00
3.814119567871093750e+02 -2.325260639190673828e-01 2.738094806671142578e+00 -3.334350585937500000e-01 4.027786254882812500e-01 9.279896020889282227e-01
6.344707641601562500e+02 -2.359685897827148438e-01 2.233603239059448242e+00 -3.116645812988281250e-01 2.251642227172851562e+00 3.514193296432495117e+00
1.114660110473632812e+02 -2.037639617919921875e-01 2.746301174163818359e+00 -4.780502319335937500e-01 -2.700119018554687500e-01 1.734814792871475220e-01
3.921074523925781250e+02 -9.750699996948242188e-02 2.300871849060058594e+00 -2.869815826416015625e-01 6.033496856689453125e-01 1.378728032112121582e+00
3.825020446777343750e+02 -5.786430835723876953e-02 2.940937042236328125e+00 -1.443138122558593750e-01 5.459213256835937500e-02 5.383212566375732422e-01
2.884049987792968750e+02 -2.502944469451904297e-01 2.434990406036376953e+00 -1.210823059082031250e-01 1.513233184814453125e+00 1.611768007278442383e+00
4.183643798828125000e+02 -3.295445442199707031e-01 2.464296579360961914e+00 -4.109039306640625000e-01 -5.193500518798828125e-01 1.124660611152648926e+00
6.235009765625000000e+02 -3.617644309997558594e-01 2.804766893386840820e+00 -1.695461273193359375e-01 2.775487899780273438e+00 1.335122585296630859e+00
3.237342224121093750e+02 -2.500083446502685547e-01 2.660352468490600586e+00 -1.364650726318359375e-01 7.515048980712890625e-01 1.321221828460693359e+00
4.515489501953125000e+02 -1.880564689636230469e-01 2.968142509460449219e+00 -2.460746765136718750e-01 1.573076248168945312e+00 6.909414529800415039e-01
6.674695434570312500e+02 -3.141983747482299805e-01 2.624994277954101562e+00 -3.657798767089843750e-01 1.829072952270507812e+00 3.430462360382080078e+00
5.306569213867187500e+02 -4.160261154174804688e-02 3.170812368392944336e+00 -3.726654052734375000e-01 3.229808807373046875e-01 1.421378850936889648e+00
3.764791870117187500e+02 3.743648529052734375e-03 2.963430643081665039e+00 -6.472969055175781250e-02 1.277309417724609375e+00 1.304849982261657715e+00
3.953787841796875000e+02 -1.367638111114501953e-01 2.965169668197631836e+00 -2.168464660644531250e-02 1.350152969360351562e+00 1.861295104026794434e+00
1.846520538330078125e+02 -1.973481178283691406e-01 2.574533462524414062e+00 -1.844177246093750000e-01 -4.203433990478515625e-01 3.786280632019042969e+00
3.410704650878906250e+02 -1.528875827789306641e-01 2.633735895156860352e+00 -1.700420379638671875e-01 9.220962524414062500e-01 3.313300132751464844e+00
5.449744033813476562e+01 -1.416894197463989258e-01 2.548775196075439453e+00 -5.156879425048828125e-01 1.307754516601562500e-01 3.261887729167938232e-01
4.489491882324218750e+02 -5.838537216186523438e-02 2.592107772827148438e+00 -2.734813690185546875e-01 5.518722534179687500e-01 8.441748619079589844e-01
3.893317565917968750e+02 -1.229039430618286133e-01 2.920371055603027344e+00 -8.845329284667968750e-02 -1.057567596435546875e+00 2.723786592483520508e+00
3.393607482910156250e+02 1.148390769958496094e-02 3.010513305664062500e+00 -2.074260711669921875e-01 1.266246795654296875e+00 1.430694460868835449e+00
3.679450683593750000e+02 -9.344625473022460938e-02 2.988122940063476562e+00 1.079635620117187500e-01 1.811143875122070312e+00 2.319112062454223633e+00
7.074235229492187500e+02 -6.630504131317138672e-02 2.921069145202636719e+00 -3.518199920654296875e-01 7.288551330566406250e-01 1.914770007133483887e+00
3.881744079589843750e+02 -4.541873931884765625e-02 2.873229026794433594e+00 -4.090766906738281250e-01 -4.778556823730468750e-01 2.262007951736450195e+00
1.985805206298828125e+02 -2.014255523681640625e-02 2.866173505783081055e+00 -3.227367401123046875e-01 -4.093399047851562500e-01 1.554581820964813232e-01
6.843422851562500000e+02 -2.539546489715576172e-01 2.604620456695556641e+00 -2.554683685302734375e-01 5.784835815429687500e-01 1.799416303634643555e+00
5.196532592773437500e+02 -2.666456699371337891e-01 2.656445026397705078e+00 -1.932754516601562500e-01 -5.378952026367187500e-01 4.610867798328399658e-02
2.546758422851562500e+02 -3.084526062011718750e-01 2.435492753982543945e+00 -5.631027221679687500e-01 -1.700057983398437500e-01 2.328031301498413086e+00
3.103007812500000000e+02 -1.622357368469238281e-01 3.075271606445312500e+00 -1.137504577636718750e-01 9.899864196777343750e-01 8.207625150680541992e-01
4.371007385253906250e+02 -1.821649074554443359e-01 2.838798522949218750e+00 -4.050407409667968750e-01 3.651828765869140625e-01 4.893845021724700928e-01
2.116718597412109375e+02 -2.747614383697509766e-01 2.679974317550659180e+00 -1.899528503417968750e-01 1.034793853759765625e+00 3.258647024631500244e-01
3.960245971679687500e+02 -5.771660804748535156e-02 2.784473419189453125e+00 -1.765403747558593750e-01 2.832717895507812500e-01 4.156527519226074219e-01
6.608347167968750000e+02 -2.629646062850952148e-01 2.795384168624877930e+00 -2.603569030761718750e-01 -6.355190277099609375e-01 1.082373380661010742e+00
4.995397644042968750e+02 -1.617870330810546875e-01 2.832218647003173828e+00 -2.589397430419921875e-01 -1.284584045410156250e+00 9.301323294639587402e-01
5.400655517578125000e+02 -1.630005836486816406e-01 3.179342508316040039e+00 -5.315284729003906250e-01 3.549995422363281250e-01 1.800254702568054199e+00
4.275358581542968750e+02 -1.248723268508911133e-01 2.824261426925659180e+00 -2.394180297851562500e-01 8.828830718994140625e-01 5.258394479751586914e-01
2.319342193603515625e+02 -1.102553606033325195e-01 2.771595954895019531e+00 -3.552894592285156250e-01 6.953773498535156250e-01 1.159688472747802734e+00
4.634750976562500000e+02 -2.001194953918457031e-01 3.034996271133422852e+00 -5.024833679199218750e-01 4.848251342773437500e-01 2.285823583602905273e+00
4.020566406250000000e+02 -1.684908866882324219e-01 2.857089757919311523e+00 -3.092880249023437500e-01 3.671360015869140625e-01 2.142650604248046875e+00
4.623185119628906250e+02 -2.415859699249267578e-02 2.868601560592651367e+00 -4.750061035156250000e-01 -4.750442504882812500e-01 1.892668724060058594e+00
4.889821166992187500e+02 -3.022828102111816406e-01 2.885231494903564453e+00 -4.932613372802734375e-01 -4.422779083251953125e-01 3.836877644062042236e-01
4.318007812500000000e+02 -8.692193031311035156e-02 2.846480846405029297e+00 -1.773567199707031250e-01 9.410285949707031250e-01 1.714708566665649414e+00
3.555107727050781250e+02 3.721022605895996094e-02 2.849754333496093750e+00 -3.332099914550781250e-01 1.030519485473632812e+00 6.474171876907348633e-01
4.613813476562500000e+02 -1.952497959136962891e-01 3.085987329483032227e+00 -1.140956878662109375e-01 -1.818201065063476562e+00 1.091688394546508789e+00
5.751939697265625000e+02 -1.401321887969970703e-01 2.784960746765136719e+00 -3.646297454833984375e-01 -5.523719787597656250e-01 2.364611387252807617e+00
5.320442504882812500e+02 8.058071136474609375e-03 3.272913217544555664e+00 -1.695117950439453125e-01 -6.497001647949218750e-01 4.545723199844360352e-01
3.663441162109375000e+02 1.821155548095703125e-01 3.572497844696044922e+00 -2.807483673095703125e-01 -2.140998840332031250e-02 3.550070226192474365e-01
1.080070724487304688e+02 -8.607316017150878906e-02 2.780533313751220703e+00 -1.801376342773437500e-01 7.595653533935546875e-01 1.725348114967346191e+00
6.894266967773437500e+02 -4.650044441223144531e-02 3.121869325637817383e+00 -6.324329376220703125e-01 1.173084259033203125e+00 7.277714610099792480e-01
4.338717956542968750e+02 -1.630375385284423828e-01 2.920080184936523438e+00 -5.540828704833984375e-01 -1.890678405761718750e-01 2.372807979583740234e+00
3.578739318847656250e+02 -4.077625274658203125e-02 2.944628000259399414e+00 -1.130733489990234375e-01 8.797931671142578125e-01 3.209799528121948242e+00
4.924246826171875000e+02 -1.573622226715087891e-01 2.744187355041503906e+00 -1.162776947021484375e-01 -1.206302642822265625e-01 1.203905701637268066e+00
3.410704650878906250e+02 -1.528875827789306641e-01 2.633735895156860352e+00 -1.700420379638671875e-01 9.220962524414062500e-01 3.313300132751464844e+00
3.873819885253906250e+02 -1.638617515563964844e-01 2.945563793182373047e+00 -8.299522399902343750e-01 -3.330326080322265625e-01 2.396617889404296875e+00
2.940946350097656250e+02 -6.997072696685791016e-02 3.180773258209228516e+00 -1.257534027099609375e-01 3.674297332763671875e-01 1.912845611572265625e+00
4.439170837402343750e+02 -2.746933698654174805e-01 2.493917465209960938e+00 -2.827205657958984375e-01 1.079227447509765625e+00 1.712664842605590820e+00
4.068997497558593750e+02 -1.244251728057861328e-01 2.758453369140625000e+00 -7.532119750976562500e-03 1.085216522216796875e+00 3.290526568889617920e-01
6.879614257812500000e+01 -1.007249355316162109e-01 2.909979343414306641e+00 -1.144771575927734375e-01 3.064918518066406250e-01 2.897433638572692871e-01
7.431591796875000000e+02 -1.924588680267333984e-01 2.830373764038085938e+00 -3.378849029541015625e-01 -2.823688507080078125e+00 7.249513268470764160e-01
2.615734558105468750e+02 -1.390643119812011719e-01 2.716764926910400391e+00 -2.806453704833984375e-01 4.467010498046875000e-02 6.932960450649261475e-02
3.528385009765625000e+02 -6.650137901306152344e-02 2.665781259536743164e+00 -6.815719604492187500e-02 1.886655807495117188e+00 2.100993692874908447e-01
3.460169677734375000e+02 -1.065790653228759766e-01 2.792802095413208008e+00 -6.112289428710937500e-02 -1.919670104980468750e-01 1.013133764266967773e+00
2.956471252441406250e+02 -2.292404174804687500e-01 2.688567399978637695e+00 -3.157024383544921875e-01 1.065988540649414062e+00 1.532838106155395508e+00
4.152550659179687500e+02 -1.152828931808471680e-01 2.843843460083007812e+00 -5.383720397949218750e-01 -3.981246948242187500e-01 9.324035048484802246e-01
4.944352722167968750e+02 -2.191505432128906250e-01 2.539798974990844727e+00 -3.270664215087890625e-01 -9.195384979248046875e-01 2.013777494430541992e+00
4.433716430664062500e+02 -1.357612609863281250e-01 3.018623352050781250e+00 -3.237934112548828125e-01 4.917716979980468750e-01 4.897550940513610840e-01
4.069338378906250000e+02 -2.600636482238769531e-01 2.756894826889038086e+00 -3.696823120117187500e-01 1.049442291259765625e+00 2.235777616500854492e+00
2.256524658203125000e+01 5.371117591857910156e-02 3.549855232238769531e+00 -1.763801574707031250e-01 -2.982559204101562500e-01 3.825489521026611328e+00
4.473376159667968750e+02 -1.353366374969482422e-01 3.063992738723754883e+00 -4.179592132568359375e-01 -1.818248748779296875e+00 1.901809692382812500e+00
3.897252807617187500e+02 -1.511366367340087891e-01 2.799514293670654297e+00 -3.466892242431640625e-01 -1.713884353637695312e+00 1.688873171806335449e+00
4.582178039550781250e+02 -3.888559341430664062e-02 3.243592739105224609e+00 -4.478988647460937500e-01 4.871463775634765625e-01 2.715540885925292969e+00
2.020547180175781250e+02 -1.430156230926513672e-01 2.825252056121826172e+00 -3.980827331542968750e-01 -3.958721160888671875e-01 2.024605989456176758e+00
6.056264038085937500e+02 -3.482832908630371094e-01 2.432257890701293945e+00 -4.829177856445312500e-01 5.350017547607421875e-01 2.627452373504638672e+00
4.597493591308593750e+02 2.493476867675781250e-02 3.245474815368652344e+00 -4.622993469238281250e-01 1.173574447631835938e+00 5.803905725479125977e-01
4.410323181152343750e+02 -1.865384578704833984e-01 2.474476337432861328e+00 -3.850708007812500000e-01 -8.254051208496093750e-02 1.632954359054565430e+00
3.972592163085937500e+02 -2.142226696014404297e-01 2.708179473876953125e+00 -1.790122985839843750e-01 -5.138607025146484375e-01 1.264615535736083984e+00
6.078786621093750000e+02 -1.497392654418945312e-01 2.990361690521240234e+00 -3.563785552978515625e-01 -2.775669097900390625e-01 2.561749935150146484e+00
4.758140563964843750e+02 -3.000497817993164062e-01 2.493869066238403320e+00 -2.241153717041015625e-01 4.045867919921875000e-01 2.320455551147460938e+00
3.028466796875000000e+02 -1.267592906951904297e-01 2.976058483123779297e+00 -6.936416625976562500e-01 4.722042083740234375e-01 1.161787748336791992e+00
7.188367919921875000e+02 -7.121300697326660156e-02 2.593087434768676758e+00 -3.603668212890625000e-01 2.044172286987304688e+00 1.722828626632690430e+00
4.128811340332031250e+02 -1.106917858123779297e-01 2.981760740280151367e+00 -1.429576873779296875e-01 -4.081516265869140625e-01 1.769824624061584473e+00
1.325726776123046875e+02 -1.040050983428955078e-01 3.214490413665771484e+00 -3.003044128417968750e-01 -4.736461639404296875e-01 1.637528836727142334e-01
1.871248779296875000e+02 -5.623626708984375000e-02 3.012865543365478516e+00 -4.341735839843750000e-01 -1.278228759765625000e-01 1.245400547981262207e+00
4.015998840332031250e+02 -2.860434055328369141e-01 2.493820905685424805e+00 -3.510646820068359375e-01 4.930858612060546875e-01 1.568987250328063965e+00
5.389182128906250000e+02 -1.618039608001708984e-01 2.699673891067504883e+00 -1.609344482421875000e-01 8.663196563720703125e-01 1.414596319198608398e+00
4.084081726074218750e+02 -1.779406070709228516e-01 2.806816816329956055e+00 -4.001789093017578125e-01 6.829414367675781250e-01 2.293114662170410156e+00
1.669424133300781250e+02 -2.558149099349975586e-01 2.408155918121337891e+00 -2.532596588134765625e-01 1.328273773193359375e+00 8.704840540885925293e-01
4.321614685058593750e+02 -2.925429344177246094e-01 2.734448909759521484e+00 -2.763175964355468750e-01 1.923522949218750000e-01 1.372237950563430786e-01
6.177072143554687500e+02 -1.733001470565795898e-01 2.847909212112426758e+00 -5.864295959472656250e-01 -2.310390472412109375e-01 1.413894653320312500e+00
6.560709228515625000e+02 -1.559073925018310547e-01 2.964735984802246094e+00 -4.279708862304687500e-01 3.004991531372070312e+00 1.926878809928894043e+00
3.586751098632812500e+02 -1.688034534454345703e-01 2.496325016021728516e+00 -2.839832305908203125e-01 9.563426971435546875e-01 1.299410939216613770e+00
4.165033264160156250e+02 -2.273876667022705078e-01 2.790924072265625000e+00 -2.678642272949218750e-01 8.730125427246093750e-01 1.458463072776794434e+00
4.217596435546875000e+02 -9.794902801513671875e-02 2.709216833114624023e+00 -3.102817535400390625e-01 -6.532058715820312500e-01 1.568760871887207031e+00
8.116946411132812500e+01 -1.463754177093505859e-01 2.900561332702636719e+00 -3.709297180175781250e-01 -3.798675537109375000e-01 7.048575878143310547e-01
5.915553588867187500e+02 -2.705034017562866211e-01 2.718548536300659180e+00 -3.142929077148437500e-01 -2.787952423095703125e-01 9.516005516052246094e-01
1.184278945922851562e+02 2.891302108764648438e-02 3.213981866836547852e+00 -2.125091552734375000e-01 -5.334300994873046875e-01 7.679170966148376465e-01
5.273184814453125000e+02 -1.918216943740844727e-01 2.597546577453613281e+00 -2.486495971679687500e-01 -4.063663482666015625e-01 3.055052995681762695e+00
5.616190185546875000e+02 -2.406779527664184570e-01 2.621771097183227539e+00 -2.719707489013671875e-01 1.769220352172851562e+00 2.652222633361816406e+00
3.347217407226562500e+02 -2.133380174636840820e-01 2.675218343734741211e+00 -2.393226623535156250e-01 2.407531738281250000e-01 1.106016278266906738e+00
1.349106445312500000e+02 -6.224668025970458984e-02 2.678916215896606445e+00 -2.780933380126953125e-01 1.955718994140625000e-01 6.275213360786437988e-01
2.890263061523437500e+02 -2.381534576416015625e-01 2.446604728698730469e+00 -2.160968780517578125e-01 6.510696411132812500e-01 7.136166095733642578e-01
5.567885131835937500e+02 -1.647549867630004883e-01 2.784093856811523438e+00 -3.148479461669921875e-01 1.090080261230468750e+00 1.787933588027954102e+00
2.159478607177734375e+02 3.027205467224121094e-01 3.876332044601440430e+00 -2.795562744140625000e-01 9.684143066406250000e-01 5.551838278770446777e-01
7.745493774414062500e+02 -7.157301902770996094e-02 3.084842205047607422e+00 -4.575996398925781250e-01 -6.347236633300781250e-01 2.785792589187622070e+00
5.727600097656250000e+02 2.150535583496093750e-04 3.233259916305541992e+00 -3.413143157958984375e-01 -9.638805389404296875e-01 3.460878133773803711e-01
1.133166351318359375e+02 -1.657226085662841797e-01 2.711069583892822266e+00 -2.307167053222656250e-01 -4.245567321777343750e-01 9.723006188869476318e-02
