5.662664600000000792e+04 2.560540306458360504e+00 2.864911867424182024e+00
5.698068499999999767e+04 3.171264351374458168e-01 4.851532944930299629e-01
5.701554750000000058e+04 1.355427722915173661e+00 1.498752108707380959e+00
5.724567900000000373e+04 9.971958438684915826e-01 1.158208834636432538e+00
5.728220900000000256e+04 5.746726424877592887e-01 7.074832549198603049e-01
5.733968125000000146e+04 1.209322080118910847e+00 1.377681303203337482e+00
5.737064949999999953e+04 8.887339485768420699e-01 1.304907948124424344e+00
5.742545766666666168e+04 1.566619183312265795e+00 1.767800385313360589e+00
5.765740066666666098e+04 1.141002292139623897e+00 1.258248160306870922e+00
5.769569099999999889e+04 1.242580768634381938e+00 1.400424141826667412e+00
5.772044611111112317e+04 1.057037468593948093e+00 1.152516531268703126e+00
5.774761250000000291e+04 1.058719589396688754e+00 1.173742299400365896e+00
5.798775466666668217e+04 1.516219064400731620e+00 1.696930381296749779e+00
5.804471333333334042e+04 4.510557791355829238e-01 5.299045806919198132e-01
5.807665400000000227e+04 1.707189791396964473e+00 1.980614783050891115e+00
5.811036066666668194e+04 5.506174710616323908e-01 6.312816601805429917e-01
5.836576999999999680e+04 5.137099115856799125e-01 7.900554822146140799e-01
5.839870799999999144e+04 1.353291373138901577e+00 1.489186239077137541e+00
5.843168233333332319e+04 5.473435889772156893e-01 6.616653488085251222e-01
