1.729508972167968750e+02 6.186912655830383301e-01 5.280634403228759766e+00 -5.123102664947509766e-01 4.592204093933105469e-01 3.757922649383544922e-01
1.332840728759765625e+01 3.773491382598876953e-01 4.905842781066894531e+00 5.625581741333007812e-01 8.454346656799316406e-01 7.861072421073913574e-01
2.180177879333496094e+01 4.862918853759765625e-01 5.087409496307373047e+00 1.231255531311035156e+00 1.783514022827148438e-01 1.819006353616714478e-02
2.041496582031250000e+02 1.098017215728759766e+00 6.455632209777832031e+00 8.414721488952636719e-01 4.053354263305664062e-01 4.172973036766052246e-01
6.652631759643554688e+00 1.603748798370361328e-01 4.308711051940917969e+00 2.502512931823730469e-01 1.502037048339843750e-04 6.249927282333374023e-01
7.871520233154296875e+01 1.292355060577392578e-01 4.142739772796630859e+00 1.849460601806640625e-01 -4.108500480651855469e-01 3.631706237792968750e-01
2.551220893859863281e+01 3.055136799812316895e-01 4.705722808837890625e+00 7.198667526245117188e-01 -2.047729492187500000e-01 7.069780826568603516e-01
9.592992401123046875e+01 3.493123650550842285e-01 4.931800365447998047e+00 3.631806373596191406e-01 -1.761400699615478516e-01 2.168327867984771729e-01
2.659765625000000000e+02 2.736784934997558594e+00 9.532468795776367188e+00 -5.644670486450195312e+00 8.697152137756347656e-01 2.992446720600128174e-02
2.328219451904296875e+02 8.147130012512207031e-01 5.540963172912597656e+00 -5.816102027893066406e-01 -3.592717647552490234e-01 6.184435486793518066e-01
5.756247558593750000e+02 1.701087236404418945e+00 7.692599296569824219e+00 -3.066419363021850586e+00 -1.008512973785400391e+00 4.196161627769470215e-01
1.873618316650390625e+02 5.727351903915405273e-01 5.504569053649902344e+00 -5.128860473632812500e-01 -5.332803726196289062e-01 2.747839689254760742e-01
2.592859497070312500e+02 7.718225121498107910e-01 5.698903083801269531e+00 1.540756225585937500e+00 1.190366744995117188e+00 4.580363333225250244e-01
7.331121826171875000e+01 4.530079960823059082e-01 5.153737068176269531e+00 9.308671951293945312e-01 3.850603103637695312e-01 5.600217580795288086e-01
4.494821071624755859e+00 3.464826345443725586e-01 4.946327209472656250e+00 5.741810798645019531e-01 -1.458251476287841797e-01 3.349516093730926514e-01
5.985366821289062500e+01 2.675743699073791504e-01 4.553750514984130859e+00 7.290244102478027344e-01 2.757740020751953125e-01 9.096955657005310059e-01
2.165848236083984375e+02 1.098165273666381836e+00 5.957365989685058594e+00 1.322133541107177734e+00 -2.039039134979248047e-01 3.259565234184265137e-01
2.354751892089843750e+02 1.664082407951354980e+00 7.194260597229003906e+00 3.531727790832519531e+00 1.510426998138427734e+00 3.380867838859558105e-01
2.666092491149902344e+01 2.854763269424438477e-01 4.736473083496093750e+00 2.020263671875000000e-01 -6.103515625000000000e-04 3.862053528428077698e-02
1.829847564697265625e+02 6.395032405853271484e-01 5.708914279937744141e+00 1.821815967559814453e+00 4.569339752197265625e-01 2.028340250253677368e-01
8.164225769042968750e+01 7.105352878570556641e-01 5.509473800659179688e+00 -3.917825222015380859e-01 -1.419125795364379883e+00 4.879021942615509033e-01
1.884083557128906250e+02 4.354724287986755371e-01 5.001951694488525391e+00 1.399376392364501953e+00 8.288478851318359375e-01 9.003773927688598633e-01
7.579808807373046875e+01 6.347253322601318359e-01 5.194234848022460938e+00 6.392073631286621094e-01 -1.871299743652343750e-01 2.628286778926849365e-01
2.041085243225097656e+00 4.000976681709289551e-01 4.879944801330566406e+00 9.822726249694824219e-01 1.931371688842773438e+00 1.201686143875122070e+00
1.243654632568359375e+02 1.613681912422180176e+00 6.959301471710205078e+00 1.091058254241943359e+00 -9.873127937316894531e-01 1.969031989574432373e-02
5.871995544433593750e+01 6.502950191497802734e-02 4.259816169738769531e+00 1.232433319091796875e-01 2.938365936279296875e-01 5.432989448308944702e-02
2.783537292480468750e+01 2.386204242706298828e+00 8.900400161743164062e+00 6.597874164581298828e+00 4.123022556304931641e+00 6.005676388740539551e-01
1.265934753417968750e+01 2.649100422859191895e-01 4.604385375976562500e+00 3.116130828857421875e-03 -1.638948917388916016e-01 3.039180040359497070e-01
2.301592407226562500e+02 1.696686267852783203e+00 7.459142208099365234e+00 3.194074630737304688e+00 3.133034706115722656e-01 1.452498733997344971e-01
1.544319057464599609e+01 1.052981138229370117e+00 6.102963924407958984e+00 2.831220626831054688e-02 -2.885341644287109375e-01 7.019486427307128906e-01
1.139872264862060547e+01 4.953804612159729004e-01 5.112131118774414062e+00 1.826000213623046875e-01 5.324172973632812500e-01 1.354383826255798340e-01
1.345207824707031250e+02 6.787641644477844238e-01 5.578211784362792969e+00 1.127359867095947266e+00 1.036300659179687500e+00 8.918780833482742310e-02
5.949668884277343750e+01 2.489916682243347168e-01 4.706612110137939453e+00 9.390616416931152344e-01 4.645228385925292969e-01 1.058955565094947815e-01
5.335676074028015137e-01 2.179769277572631836e-01 3.979675292968750000e+00 -1.746284961700439453e-01 1.848816871643066406e-01 1.132920026779174805e+00
6.105994415283203125e+01 3.045645356178283691e-01 4.813865661621093750e+00 5.984640121459960938e-01 6.202101707458496094e-01 5.076127052307128906e-01
9.584442901611328125e+01 4.995947480201721191e-01 4.655452251434326172e+00 7.769680023193359375e-01 7.537269592285156250e-01 1.979194879531860352e-01
1.773323669433593750e+02 1.438881278038024902e+00 7.177014827728271484e+00 5.115413665771484375e+00 1.432080268859863281e+00 3.795260563492774963e-02
5.289545288085937500e+02 8.138124942779541016e-01 5.666239738464355469e+00 5.370974540710449219e-01 -5.193603038787841797e-01 3.613178730010986328e-01
5.599683837890625000e+02 1.416627168655395508e+00 7.031873703002929688e+00 1.388888359069824219e+00 3.247475624084472656e-01 7.242921590805053711e-01
1.008130569458007812e+02 4.036176204681396484e-01 5.198211669921875000e+00 -5.736088752746582031e-01 9.630680084228515625e-02 2.203959226608276367e-01
1.999120788574218750e+02 2.311752796173095703e+00 8.678174018859863281e+00 6.742737293243408203e+00 4.607772827148437500e-01 8.133703470230102539e-02
5.504450073242187500e+02 1.419565081596374512e+00 7.259773254394531250e+00 4.608232975006103516e+00 3.717851638793945312e-01 8.003662526607513428e-02
4.152014923095703125e+01 3.730561733245849609e-01 4.726995468139648438e+00 3.395366668701171875e-01 -2.058625221252441406e-01 2.586760520935058594e-01
1.472030944824218750e+02 4.128610491752624512e-01 4.762709617614746094e+00 1.735496520996093750e-01 -3.926813602447509766e-01 2.921417653560638428e-01
2.469389495849609375e+02 1.041851758956909180e+00 5.888697624206542969e+00 1.160826683044433594e+00 7.346749305725097656e-01 6.679456830024719238e-01
3.318258285522460938e+01 2.143355607986450195e-01 4.622323513031005859e+00 -5.061292648315429688e-01 -9.194827079772949219e-01 4.596476554870605469e-01
1.484342651367187500e+02 3.829066753387451172e-01 4.654734611511230469e+00 4.512548446655273438e-02 5.501174926757812500e-01 9.447704553604125977e-01
2.473855285644531250e+02 1.645645976066589355e+00 7.533397197723388672e+00 2.618131637573242188e+00 9.701967239379882812e-01 2.862874269485473633e-01
2.428468170166015625e+02 5.785305500030517578e-01 5.889323234558105469e+00 1.578156948089599609e+00 8.447718620300292969e-01 2.908934056758880615e-01
1.188246994018554688e+02 2.667722702026367188e+00 9.616550445556640625e+00 1.488583564758300781e+01 2.985043525695800781e+00 1.661249399185180664e-01
1.462409210205078125e+02 2.936084270477294922e-01 4.923789501190185547e+00 -3.222846984863281250e-01 1.397848129272460938e-02 2.439279854297637939e-01
1.143913879394531250e+02 1.730751395225524902e-01 4.102374076843261719e+00 6.309485435485839844e-01 1.420497894287109375e-01 1.082660675048828125e+00
9.826207733154296875e+01 2.115870118141174316e-01 4.522874832153320312e+00 1.462864875793457031e-01 -2.890348434448242188e-01 2.212680876255035400e-01
3.925490570068359375e+01 3.034417629241943359e-01 4.427367210388183594e+00 1.087749004364013672e+00 4.020214080810546875e-01 2.004425078630447388e-01
2.109734039306640625e+02 9.359592199325561523e-01 6.273578166961669922e+00 3.247940540313720703e+00 2.401049137115478516e+00 8.824395537376403809e-01
2.819764709472656250e+01 4.802540540695190430e-01 5.295752525329589844e+00 4.905581474304199219e-01 -3.586053848266601562e-02 5.331944301724433899e-02
1.351462249755859375e+02 8.070397377014160156e-01 5.476683139801025391e+00 -1.063501834869384766e-01 5.794763565063476562e-02 3.560605943202972412e-01
1.061270370483398438e+02 9.039640426635742188e-02 4.534544467926025391e+00 4.013037681579589844e-01 5.593061447143554688e-02 3.163121342658996582e-01
2.394022216796875000e+02 8.513627052307128906e-01 6.026678562164306641e+00 1.227676868438720703e+00 -5.318522453308105469e-02 7.526764273643493652e-02
8.031453704833984375e+01 1.735574007034301758e-02 3.826288938522338867e+00 7.083892822265625000e-01 2.443313598632812500e-02 2.925166785717010498e-01
2.072688293457031250e+02 3.639188766479492188e+00 1.129234123229980469e+01 1.471198272705078125e+01 3.881776332855224609e+00 2.092491835355758667e-01
9.855348968505859375e+01 4.600632786750793457e-01 4.952893257141113281e+00 -4.458737373352050781e-01 -4.516732692718505859e-01 2.972416877746582031e-01
7.778245544433593750e+01 3.229587674140930176e-01 4.699985980987548828e+00 1.601696014404296875e-02 -6.838178634643554688e-01 7.943832278251647949e-01
9.641893768310546875e+01 2.339001297950744629e-01 5.087106227874755859e+00 8.838629722595214844e-01 6.309223175048828125e-01 1.899213194847106934e-01
1.202182312011718750e+02 2.508958578109741211e-01 5.006781101226806641e+00 7.130885124206542969e-01 9.611272811889648438e-01 7.504168748855590820e-01
5.521597290039062500e+02 2.422897815704345703e+00 9.065272331237792969e+00 4.862787723541259766e+00 3.969888687133789062e+00 9.077781438827514648e-01
1.703228454589843750e+02 1.551787257194519043e+00 7.553426742553710938e+00 -5.139321327209472656e+00 -3.326507806777954102e+00 5.973803400993347168e-01
6.990314483642578125e+00 2.728992700576782227e-01 4.148633956909179688e+00 8.072757720947265625e-01 1.453232765197753906e-01 1.235971212387084961e+00
3.547199249267578125e+01 4.020038247108459473e-01 5.184993743896484375e+00 6.544423103332519531e-01 -1.581596136093139648e+00 5.091572403907775879e-01
2.320927886962890625e+02 5.682619810104370117e-01 5.281784057617187500e+00 8.975553512573242188e-01 -1.339960098266601562e-01 2.074492871761322021e-01
2.473637771606445312e+01 2.442482709884643555e-01 4.474304199218750000e+00 7.009220123291015625e-01 6.944346427917480469e-01 2.402161359786987305e-01
9.348702430725097656e-01 3.931666612625122070e-01 4.672257423400878906e+00 1.322231292724609375e+00 1.075401306152343750e+00 7.317218184471130371e-01
7.990970611572265625e+00 3.616194128990173340e-01 4.307797908782958984e+00 3.148126602172851562e-01 6.874036788940429688e-01 9.663872718811035156e-01
3.429279174804687500e+02 1.852617025375366211e+00 7.675468921661376953e+00 3.036866188049316406e+00 -6.284534931182861328e-01 8.882883936166763306e-02
1.902085418701171875e+02 9.777879118919372559e-01 6.108378410339355469e+00 9.810447692871093750e-02 6.552863121032714844e-01 5.432393550872802734e-01
2.748630981445312500e+02 6.354110836982727051e-01 5.591278076171875000e+00 -6.115090847015380859e-01 1.330542564392089844e-01 7.814747095108032227e-02
3.693669509887695312e+01 2.905256748199462891e-01 4.618692874908447266e+00 7.896375656127929688e-01 -3.321683406829833984e-01 6.610385328531265259e-02
4.660114135742187500e+02 -6.963527202606201172e-02 3.852154970169067383e+00 3.536725044250488281e-01 -1.075026988983154297e+00 6.348037123680114746e-01
6.858106079101562500e+02 1.440450549125671387e+00 7.003532409667968750e+00 5.982470512390136719e-01 -1.986336708068847656e-01 2.181132137775421143e-01
9.141657829284667969e+00 7.384315133094787598e-01 5.676608562469482422e+00 1.120197772979736328e+00 3.476381301879882812e-01 3.750471472740173340e-01
6.377124633789062500e+02 2.457066774368286133e+00 9.060035705566406250e+00 -6.182577610015869141e+00 -2.795933485031127930e+00 2.586749792098999023e-01
7.565449523925781250e+01 3.456894159317016602e-01 4.823852539062500000e+00 -9.429335594177246094e-02 -3.425502777099609375e-01 1.085778236389160156e+00
3.360435104370117188e+01 4.148254990577697754e-01 5.371689319610595703e+00 7.837009429931640625e-01 7.806110382080078125e-01 9.356323629617691040e-02
4.195273742675781250e+02 3.124368190765380859e-01 4.887418746948242188e+00 4.189300537109375000e-01 -4.603970050811767578e-01 7.067476511001586914e-01
5.324245071411132812e+01 4.288005232810974121e-01 4.959346294403076172e+00 -1.570689678192138672e-01 -6.725096702575683594e-01 2.565038949251174927e-02
1.781746864318847656e+01 3.542240262031555176e-01 4.752668857574462891e+00 4.483747482299804688e-01 -4.780173301696777344e-01 3.771826922893524170e-01
1.036489028930664062e+02 2.104515433311462402e-01 4.494976043701171875e+00 5.866599082946777344e-01 2.824306488037109375e-02 9.604606032371520996e-01
1.849409675598144531e+01 2.139609456062316895e-01 4.241255760192871094e+00 8.332753181457519531e-01 1.871490478515625000e-01 8.117634057998657227e-01
5.178205871582031250e+01 3.070275187492370605e-01 4.643415927886962891e+00 6.887316703796386719e-01 -3.390789031982421875e-02 4.503152966499328613e-01
1.694739227294921875e+02 3.974556922912597656e-03 3.789874076843261719e+00 5.076479911804199219e-01 -1.338553428649902344e-01 2.032392472028732300e-01
6.946362304687500000e+01 2.706233263015747070e-01 4.414932727813720703e+00 -2.608489990234375000e-01 -1.028637886047363281e+00 4.937608540058135986e-01
4.192023086547851562e+01 9.554678201675415039e-02 4.013823509216308594e+00 3.162813186645507812e-01 4.544878005981445312e-01 8.344544172286987305e-01
2.201407623291015625e+02 4.644781947135925293e-01 5.111775398254394531e+00 -5.055189132690429688e-02 5.703210830688476562e-01 3.600664734840393066e-01
7.433220214843750000e+02 1.285422444343566895e+00 6.522824287414550781e+00 -1.974793672561645508e+00 -8.444201946258544922e-01 7.482735812664031982e-02
5.753697586059570312e+01 3.790278434753417969e-01 4.429159641265869141e+00 6.885766983032226562e-01 1.886606216430664062e-02 6.721815466880798340e-01
1.238653869628906250e+02 7.076136469841003418e-01 5.815504074096679688e+00 8.779597282409667969e-01 1.021418571472167969e+00 4.218293726444244385e-01
2.532242126464843750e+02 8.660919666290283203e-01 5.870162487030029297e+00 7.232737541198730469e-01 3.197789192199707031e-01 6.095647215843200684e-01
7.012137603759765625e+01 3.494938611984252930e-01 4.384612560272216797e+00 1.670765876770019531e-01 -3.778696060180664062e-02 2.570152282714843750e-01
2.463092422485351562e+01 8.827164769172668457e-01 5.668288230895996094e+00 1.017458438873291016e+00 -4.415702819824218750e-01 6.900819540023803711e-01
1.663367462158203125e+01 3.613719344139099121e-01 4.520448684692382812e+00 1.156194210052490234e+00 -1.217361688613891602e+00 3.541123569011688232e-01
3.783143997192382812e+01 3.672423958778381348e-01 4.995223999023437500e+00 2.786517143249511719e-01 -3.111302852630615234e-01 8.980125784873962402e-01
1.899561691284179688e+01 3.566337227821350098e-01 4.749057769775390625e+00 -5.231738090515136719e-02 4.391360282897949219e-01 3.949148058891296387e-01
1.876466369628906250e+01 2.958918094635009766e+00 9.957419395446777344e+00 3.798673152923583984e+00 1.453194618225097656e+00 2.598297894001007080e-01
1.727083892822265625e+02 6.480695009231567383e-01 4.941335678100585938e+00 -2.794075012207031250e-01 -9.864604473114013672e-01 2.193591147661209106e-01
3.600215148925781250e+02 1.936753273010253906e+00 8.125986099243164062e+00 6.709294319152832031e+00 3.215980529785156250e+00 5.546424388885498047e-01
1.776115417480468750e+02 1.797838449478149414e+00 7.720831871032714844e+00 4.210069179534912109e+00 4.035346508026123047e+00 6.397857666015625000e-01
2.134067535400390625e+02 1.150572061538696289e+00 6.565959453582763672e+00 1.616652011871337891e+00 7.072925567626953125e-01 3.171605169773101807e-01
7.735114746093750000e+02 1.562677383422851562e+00 7.644600391387939453e+00 -5.138506889343261719e+00 6.034374237060546875e-03 5.248372256755828857e-02
1.221183776855468750e+01 4.953121542930603027e-01 5.141300201416015625e+00 5.733895301818847656e-01 4.423165321350097656e-01 1.145245552062988281e+00
3.477833557128906250e+01 2.027512788772583008e-01 3.936201095581054688e+00 4.084944725036621094e-01 2.572464942932128906e-01 3.874026238918304443e-01
1.920601196289062500e+02 1.984116435050964355e-01 4.764216899871826172e+00 1.796841621398925781e-01 -4.798555374145507812e-01 3.434953689575195312e-01
1.846322631835937500e+02 4.183933734893798828e-01 5.233163356781005859e+00 8.159518241882324219e-01 -1.195425987243652344e+00 2.891066670417785645e-01
2.276355438232421875e+02 9.871840476989746094e-01 6.217547416687011719e+00 1.262738704681396484e+00 1.077802181243896484e+00 1.866197735071182251e-01
2.444132080078125000e+02 4.005781412124633789e-01 4.714921474456787109e+00 -4.491138458251953125e-01 -5.756306648254394531e-01 4.842182397842407227e-01
1.865624237060546875e+02 1.097498297691345215e+00 6.388137817382812500e+00 -2.087974548339843750e-01 -1.418590545654296875e-04 2.390170097351074219e-01
2.520477104187011719e+01 1.057044863700866699e-01 4.149763584136962891e+00 2.024102210998535156e-01 -3.012537956237792969e-01 5.539160370826721191e-01
1.090474929809570312e+02 2.760937809944152832e-01 4.495328903198242188e+00 -1.547849178314208984e-01 3.537011146545410156e-01 9.406255483627319336e-01
2.437354736328125000e+02 2.052271366119384766e-01 4.764573097229003906e+00 8.525443077087402344e-01 2.969408035278320312e-01 7.151311635971069336e-01
1.512513732910156250e+01 2.401031851768493652e-01 4.312856674194335938e+00 4.203271865844726562e-01 -1.933252811431884766e-01 4.364717602729797363e-01
1.321214141845703125e+02 4.931100606918334961e-01 5.148870468139648438e+00 -3.193926811218261719e-01 -2.756714820861816406e-02 5.891308188438415527e-01
8.145001220703125000e+01 8.728833198547363281e-01 5.443013191223144531e+00 -1.529860496520996094e-01 -1.580429077148437500e-01 6.493863463401794434e-01
8.261660766601562500e+01 6.055977940559387207e-01 5.254055976867675781e+00 7.138156890869140625e-01 1.138441562652587891e+00 1.061128258705139160e+00
2.972680053710937500e+02 1.033493280410766602e-01 4.449943542480468750e+00 1.702976226806640625e-01 8.825302124023437500e-02 7.156389355659484863e-01
7.341724395751953125e+01 2.570456266403198242e-01 4.801799297332763672e+00 1.024007797241210938e-02 -8.892917633056640625e-01 6.639566421508789062e-01
1.218632965087890625e+02 3.881407380104064941e-01 4.820044040679931641e+00 1.138448715209960938e-01 -5.518019199371337891e-01 1.307043910026550293e+00
1.597779998779296875e+02 1.129510998725891113e+00 6.330975532531738281e+00 -1.125744581222534180e+00 -2.103567123413085938e-01 3.774384409189224243e-02
1.972334289550781250e+01 5.659268498420715332e-01 5.396183967590332031e+00 9.605216979980468750e-01 9.843301773071289062e-01 4.936864972114562988e-01
3.294869079589843750e+02 3.097555398941040039e+00 1.031946372985839844e+01 8.865215301513671875e+00 3.799645900726318359e+00 5.540050268173217773e-01
3.926600646972656250e+01 1.786975860595703125e-01 4.358897686004638672e+00 6.014275550842285156e-01 2.610135078430175781e-01 5.078554153442382812e-02
2.338479919433593750e+02 1.598829627037048340e-01 4.226281166076660156e+00 3.442072868347167969e-01 -1.300144195556640625e-01 4.266005456447601318e-01
4.970480346679687500e+01 3.346358537673950195e-01 4.546033859252929688e+00 5.566716194152832031e-01 -1.329159736633300781e-01 4.924273788928985596e-01
1.227411727905273438e+02 2.462444305419921875e+00 9.531869888305664062e+00 4.363360404968261719e+00 5.329964160919189453e+00 1.272975921630859375e+00
3.468733215332031250e+02 4.365982413291931152e-01 4.970345497131347656e+00 8.320164680480957031e-01 9.638786315917968750e-01 4.948061108589172363e-01
6.227039718627929688e+01 2.365272641181945801e-01 4.667510986328125000e+00 1.194021701812744141e+00 -1.278684139251708984e+00 3.947111312299966812e-03
8.838110351562500000e+01 8.801066875457763672e-02 3.862017393112182617e+00 5.694580078125000000e-01 9.671926498413085938e-02 2.535255551338195801e-01
2.015405426025390625e+02 8.795064091682434082e-01 6.106056213378906250e+00 1.193871498107910156e+00 3.847169876098632812e-01 6.768220663070678711e-01
1.213735351562500000e+02 4.924159049987792969e-01 4.883803844451904297e+00 3.033065795898437500e-01 -1.466643810272216797e+00 3.246830403804779053e-01
2.773788070678710938e+01 2.250479459762573242e-01 4.270035266876220703e+00 -1.268386840820312500e-02 1.852941513061523438e-01 4.062225818634033203e-01
6.892064094543457031e+00 6.476328372955322266e-01 5.334047317504882812e+00 -4.073250293731689453e-01 -7.359242439270019531e-01 6.014422774314880371e-01
1.058862686157226562e+02 1.874703764915466309e-01 4.373457908630371094e+00 -1.755976676940917969e-01 -2.790963649749755859e-01 1.833116263151168823e-01
6.748426818847656250e+01 2.226483821868896484e+00 8.823647499084472656e+00 -6.959606170654296875e+00 -2.376890182495117188e+00 3.055498301982879639e-01
3.222096252441406250e+02 6.527653336524963379e-01 5.483142375946044922e+00 -5.385148525238037109e-01 8.332943916320800781e-01 8.326135575771331787e-02
2.508862304687500000e+02 1.139099001884460449e+00 6.270661354064941406e+00 6.535673141479492188e-01 1.986122131347656250e-01 5.191549062728881836e-01
1.982203063964843750e+02 7.277159094810485840e-01 5.669250965118408203e+00 -2.289819717407226562e-01 5.136919021606445312e-01 8.478249423205852509e-03
1.269099273681640625e+02 5.539289712905883789e-01 5.374633789062500000e+00 -5.961704254150390625e-01 -4.370331764221191406e-01 1.652153730392456055e-01
3.330892944335937500e+02 3.335897922515869141e-01 4.552096366882324219e+00 9.415698051452636719e-01 -1.173517704010009766e+00 7.714679241180419922e-01
1.783051452636718750e+02 8.404740095138549805e-01 5.665670394897460938e+00 -8.674860000610351562e-03 -4.942631721496582031e-01 4.061992168426513672e-01
2.259965515136718750e+01 2.615626454353332520e-01 4.412364006042480469e+00 1.406877040863037109e+00 -6.974339485168457031e-02 5.476003289222717285e-01
2.080486602783203125e+02 4.235657453536987305e-01 4.658303737640380859e+00 5.964469909667968750e-01 -4.278326034545898438e-01 1.758981943130493164e-01
1.272640838623046875e+02 4.222013950347900391e-01 5.209655284881591797e+00 7.550477981567382812e-01 1.014289855957031250e+00 1.303728818893432617e+00
8.466947555541992188e+00 6.852102279663085938e-02 3.961015701293945312e+00 4.788351058959960938e-01 -5.150902271270751953e-01 3.141854405403137207e-01
2.820730285644531250e+02 6.290036439895629883e-01 5.482756614685058594e+00 1.279926300048828125e-01 -1.129873991012573242e+00 3.314481675624847412e-01
2.760223388671875000e+02 1.373426079750061035e+00 7.286291122436523438e+00 6.616146564483642578e+00 2.572700977325439453e+00 2.734984159469604492e-01
1.526544647216796875e+02 5.008346438407897949e-01 5.260461330413818359e+00 6.777071952819824219e-01 5.341672897338867188e-01 7.236688137054443359e-01
2.450208902359008789e+00 2.616538763046264648e+00 9.360429763793945312e+00 8.565840721130371094e+00 7.348468303680419922e+00 7.111931443214416504e-01
1.395361480712890625e+02 5.579533576965332031e-01 5.471073627471923828e+00 -3.855383396148681641e-01 5.008435249328613281e-01 5.521631836891174316e-01
7.338035888671875000e+02 1.289187908172607422e+00 6.838540554046630859e+00 -7.880830764770507812e-01 9.346485137939453125e-02 2.144998870790004730e-02
6.228836822509765625e+01 2.518451809883117676e-01 4.567335128784179688e+00 5.510115623474121094e-01 1.545095443725585938e-01 7.383359670639038086e-01
1.938070678710937500e+01 1.212133765220642090e-01 4.558953285217285156e+00 1.357691287994384766e+00 8.191347122192382812e-01 5.749213099479675293e-01
8.316710662841796875e+01 2.545311450958251953e-01 4.686356544494628906e+00 5.772018432617187500e-01 1.379551887512207031e+00 3.104639947414398193e-01
1.144301681518554688e+02 1.183553218841552734e+00 6.498057365417480469e+00 -1.036860942840576172e+00 -9.942388534545898438e-01 9.875349998474121094e-01
4.356451034545898438e+01 1.742630004882812500e-01 4.469533443450927734e+00 4.621410369873046875e-01 3.436470031738281250e-01 3.229324817657470703e-01
2.652997436523437500e+02 5.263236761093139648e-01 5.246608257293701172e+00 5.749201774597167969e-01 7.807970046997070312e-02 1.531528979539871216e-01
5.724324951171875000e+02 1.252901554107666016e+00 6.831451416015625000e+00 1.856617927551269531e+00 -3.107666969299316406e-01 2.256386913359165192e-02
7.674584197998046875e+01 1.080435514450073242e-01 3.901722908020019531e+00 7.366728782653808594e-01 -3.462755680084228516e-01 9.761453270912170410e-01
2.776133728027343750e+02 1.535901069641113281e+00 7.362504959106445312e+00 -1.369043588638305664e+00 -6.699120998382568359e-01 4.507316350936889648e-01
6.230391235351562500e+02 1.706547141075134277e-01 4.220278739929199219e+00 8.586335182189941406e-01 1.136064529418945312e+00 1.465807914733886719e+00
1.645904693603515625e+02 5.782912969589233398e-01 4.959610462188720703e+00 3.073382377624511719e-01 9.787201881408691406e-01 8.814016580581665039e-01
7.076106567382812500e+02 1.780296087265014648e+00 7.704813957214355469e+00 -4.984638690948486328e+00 -1.241000890731811523e+00 1.505652666091918945e-01
2.193970489501953125e+01 2.349413633346557617e-01 4.616465568542480469e+00 4.826140403747558594e-01 -4.196751117706298828e-01 6.817013621330261230e-01
6.509572601318359375e+01 1.474012136459350586e-01 4.141201019287109375e+00 2.921795845031738281e-01 -5.881571769714355469e-01 1.622604429721832275e-01
1.683705596923828125e+02 7.603342533111572266e-01 5.631341457366943359e+00 -2.807879447937011719e-01 -1.107940673828125000e+00 1.120434284210205078e+00
1.225411758422851562e+02 8.992093801498413086e-02 4.392538547515869141e+00 4.945683479309082031e-01 4.761171340942382812e-01 3.427185118198394775e-01
4.285364532470703125e+01 4.438925981521606445e-01 5.295322418212890625e+00 -5.888223648071289062e-02 4.087376594543457031e-01 6.976213455200195312e-01
7.931444091796875000e+02 2.250213623046875000e+00 8.631343841552734375e+00 -3.334937095642089844e+00 -1.837298870086669922e+00 2.704468965530395508e-01
1.938983154296875000e+02 5.185248851776123047e-01 4.730312347412109375e+00 -1.107448339462280273e+00 -4.711854457855224609e-01 3.815502524375915527e-01
1.209492568969726562e+02 1.397190093994140625e-01 4.292015552520751953e+00 1.770305633544921875e-01 -7.575106620788574219e-01 8.372319340705871582e-01
1.371340484619140625e+02 1.337645411491394043e+00 6.656872749328613281e+00 1.202127933502197266e+00 -8.009576797485351562e-01 1.502881646156311035e-01
1.238373870849609375e+02 9.498063921928405762e-01 6.078042507171630859e+00 1.590723991394042969e+00 4.525995254516601562e-01 6.026314496994018555e-01
2.257687988281250000e+02 7.137403488159179688e-01 5.495357513427734375e+00 1.035625934600830078e+00 -2.136576175689697266e-01 3.399589359760284424e-01
1.103395080566406250e+02 2.206593155860900879e-01 4.857695102691650391e+00 5.937528610229492188e-01 -2.595055103302001953e-01 7.138052582740783691e-01
3.160805130004882812e+01 1.367943286895751953e-01 4.089125156402587891e+00 4.233264923095703125e-01 6.021499633789062500e-02 1.928896456956863403e-01
7.764095306396484375e+01 6.406553387641906738e-01 5.715219020843505859e+00 9.409904479980468750e-01 9.641027450561523438e-01 1.545241951942443848e+00
2.569311523437500000e+02 5.810632705688476562e-01 4.855337142944335938e+00 4.050374031066894531e-01 2.979731559753417969e-01 3.029439151287078857e-01
8.237474822998046875e+01 3.520165681838989258e-01 4.794155597686767578e+00 7.487583160400390625e-01 8.028626441955566406e-01 3.295084927231073380e-03
1.716858825683593750e+02 1.052358508110046387e+00 6.486083507537841797e+00 1.786339282989501953e+00 -3.011727333068847656e-01 1.908192932605743408e-01
2.982417907714843750e+02 1.318785548210144043e-01 5.245054244995117188e+00 7.017517089843750000e-01 3.448057174682617188e-01 2.856004983186721802e-02
2.575844421386718750e+02 2.685613632202148438e+00 9.614476203918457031e+00 -9.292989730834960938e+00 -8.672559738159179688e+00 9.209215641021728516e-01
3.645318298339843750e+02 2.193807125091552734e+00 8.470703125000000000e+00 1.470892143249511719e+01 3.027868270874023438e-01 5.340022966265678406e-03
4.077709197998046875e+01 6.465594172477722168e-01 4.963858604431152344e+00 -2.562284469604492188e-02 1.286268234252929688e-02 1.252685785293579102e-01
1.429616699218750000e+02 2.187819480895996094e-01 4.813221931457519531e+00 1.299378871917724609e+00 1.429364681243896484e+00 2.516397833824157715e-01
4.032444763183593750e+01 3.950252532958984375e-01 5.154577732086181641e+00 2.555847167968750000e-01 -2.828061580657958984e-01 1.631566584110260010e-01
2.589207763671875000e+02 2.695584893226623535e-01 4.304115295410156250e+00 6.489849090576171875e-01 1.922225952148437500e-01 1.953813284635543823e-01
5.751581954956054688e+01 7.407818436622619629e-01 5.386644363403320312e+00 -1.291396617889404297e+00 -1.402206420898437500e+00 9.101194739341735840e-01
1.907783126831054688e+01 3.441875576972961426e-01 4.792671680450439453e+00 1.473155021667480469e+00 -6.639719009399414062e-02 2.999649643898010254e-01
1.140515899658203125e+02 1.845460891723632812e+00 7.466183662414550781e+00 -1.040937900543212891e+00 3.834724426269531250e-02 2.478906363248825073e-01
2.529113464355468750e+02 5.015543699264526367e-01 4.397296428680419922e+00 6.590175628662109375e-01 7.481575012207031250e-01 2.744179666042327881e-01
4.882866287231445312e+01 1.551384568214416504e+00 7.225811958312988281e+00 6.710481643676757812e-01 1.024520397186279297e+00 9.702900648117065430e-01
4.147769165039062500e+01 4.560206532478332520e-01 5.272545814514160156e+00 1.661715507507324219e+00 8.950138092041015625e-01 1.255222856998443604e-01
6.365240859985351562e+01 2.296752929687500000e-01 4.219587802886962891e+00 5.572962760925292969e-01 1.039245128631591797e+00 5.215172767639160156e-01
4.864035034179687500e+01 2.310099601745605469e+00 8.935626983642578125e+00 8.004180908203125000e+00 5.453658103942871094e+00 7.077820301055908203e-01
5.615448608398437500e+02 1.194821357727050781e+00 6.676627159118652344e+00 3.904299736022949219e+00 -5.236577987670898438e-01 2.221929654479026794e-02
7.497088432312011719e+00 4.473685622215270996e-01 5.035184383392333984e+00 7.154035568237304688e-01 -2.995276451110839844e-01 7.111927866935729980e-01
8.187033843994140625e+01 2.153571248054504395e-01 4.601441383361816406e+00 1.028840541839599609e+00 4.894423484802246094e-01 4.307425618171691895e-01
8.168783569335937500e+01 4.007140398025512695e-01 4.889465332031250000e+00 2.748227119445800781e-01 -4.604148864746093750e-01 5.265099406242370605e-01
8.708882331848144531e+00 1.478439569473266602e-01 4.449640750885009766e+00 3.055572509765625000e-02 2.676558494567871094e-01 1.291695356369018555e+00
3.600215148925781250e+02 1.936753273010253906e+00 8.125986099243164062e+00 6.709294319152832031e+00 3.215980529785156250e+00 5.546424388885498047e-01
1.500039367675781250e+02 4.124027490615844727e-02 4.013648033142089844e+00 9.317564964294433594e-01 -4.922330379486083984e-01 3.166982829570770264e-01
1.525635223388671875e+02 4.992385506629943848e-01 4.569754600524902344e+00 1.027779579162597656e+00 -3.287816047668457031e-01 4.224654436111450195e-01
1.266466293334960938e+02 2.440347671508789062e-01 4.668860912322998047e+00 7.785773277282714844e-01 6.954789161682128906e-01 9.755083918571472168e-02
5.922584533691406250e+01 3.178160786628723145e-01 4.724577426910400391e+00 6.116104125976562500e-01 3.886222839355468750e-01 5.276477932929992676e-01
2.613717842102050781e+01 6.230384111404418945e-02 3.731872558593750000e+00 4.650020599365234375e-01 1.013445854187011719e-01 4.210744500160217285e-01
2.146809539794921875e+02 1.755592226982116699e+00 8.152282714843750000e+00 1.582217216491699219e-01 9.990215301513671875e-02 6.359505653381347656e-01
1.140150909423828125e+02 -1.987135410308837891e-02 4.215873718261718750e+00 6.580567359924316406e-01 -5.710315704345703125e-01 2.386637181043624878e-01
3.497775650024414062e+01 2.652585506439208984e-01 4.661767959594726562e+00 4.908871650695800781e-01 -1.207411289215087891e-01 1.997333168983459473e-01
1.438473358154296875e+02 2.253589153289794922e+00 8.811294555664062500e+00 4.346663951873779297e+00 5.354435443878173828e+00 1.841085195541381836e+00
1.082420120239257812e+02 5.508333444595336914e-02 4.413401603698730469e+00 4.681229591369628906e-01 -2.921044826507568359e-01 1.557895988225936890e-01
9.834065246582031250e+01 8.722585439682006836e-02 4.160074234008789062e+00 7.089948654174804688e-01 9.301900863647460938e-01 1.652899682521820068e-01
9.061755537986755371e-01 1.293249130249023438e-01 4.561158657073974609e+00 2.654218673706054688e-01 3.906989097595214844e-01 3.015678822994232178e-01
1.395996246337890625e+02 2.326146364212036133e-01 4.782944202423095703e+00 1.306629180908203125e-01 2.552747726440429688e-01 4.700895845890045166e-01
2.047955780029296875e+02 6.249445676803588867e-02 4.048638343811035156e+00 4.485607147216796875e-02 2.075672149658203125e-01 1.089543581008911133e+00
5.892168807983398438e+01 3.392460346221923828e-01 4.497859954833984375e+00 4.013133049011230469e-01 -4.372429847717285156e-01 5.729240775108337402e-01
1.762407493591308594e+01 6.317108869552612305e-01 5.285940170288085938e+00 7.588171958923339844e-01 -6.195354461669921875e-01 4.152082204818725586e-01
1.935187835693359375e+02 8.175416588783264160e-01 5.643282890319824219e+00 8.576250076293945312e-01 9.134840965270996094e-01 3.383536636829376221e-01
2.192871551513671875e+02 5.167446136474609375e-01 5.367212772369384766e+00 1.304416656494140625e+00 6.170415878295898438e-01 3.101162314414978027e-01
9.744070434570312500e+01 2.098888158798217773e-01 4.538190364837646484e+00 9.877085685729980469e-01 -4.405975341796875000e-02 1.531913727521896362e-01
2.420090484619140625e+02 7.862077355384826660e-01 5.556458473205566406e+00 -9.718024730682373047e-01 -9.083080291748046875e-01 7.505292296409606934e-01
1.769794616699218750e+02 4.765477776527404785e-01 5.506221771240234375e+00 2.644777297973632812e-01 -7.375097274780273438e-01 1.124158054590225220e-01
9.556697082519531250e+01 9.625965952873229980e-01 6.015626907348632812e+00 2.954335212707519531e+00 2.697408199310302734e+00 9.803113341331481934e-01
1.888880004882812500e+02 9.427371621131896973e-01 6.153964996337890625e+00 -6.090927124023437500e-01 -8.771681785583496094e-01 6.234223246574401855e-01
1.398956604003906250e+02 4.422256946563720703e-01 4.622866153717041016e+00 4.955673217773437500e-01 9.366297721862792969e-01 4.556031227111816406e-01
2.504170799255371094e+01 4.774245023727416992e-01 5.359222888946533203e+00 8.344531059265136719e-01 1.080250740051269531e-01 9.775358438491821289e-01
2.571410217285156250e+02 3.012552261352539062e-01 4.502054691314697266e+00 1.003193855285644531e-01 -5.593776702880859375e-01 1.305154561996459961e+00
7.246365356445312500e+01 4.530525207519531250e-02 4.169457912445068359e+00 8.667063713073730469e-01 2.201533317565917969e-01 7.364138364791870117e-01
1.810836944580078125e+02 9.883890748023986816e-01 6.112040519714355469e+00 -1.450110673904418945e+00 -5.158364772796630859e-01 2.395140528678894043e-01
6.497530364990234375e+01 9.481477141380310059e-01 5.870502471923828125e+00 3.196740150451660156e-01 5.885314941406250000e-01 4.861795902252197266e-01
2.781482543945312500e+02 7.367334961891174316e-01 5.590764999389648438e+00 2.084479331970214844e+00 7.912683486938476562e-01 2.107506245374679565e-01
1.811889038085937500e+02 6.029833555221557617e-01 5.205740451812744141e+00 4.192161560058593750e-01 2.219367027282714844e-01 5.114040374755859375e-01
3.073426513671875000e+02 1.509702324867248535e+00 7.298924446105957031e+00 4.557311534881591797e+00 1.284782886505126953e+00 1.460621207952499390e-01
1.283351898193359375e+02 6.019278168678283691e-01 5.337653636932373047e+00 7.109379768371582031e-01 3.951144218444824219e-01 1.349375993013381958e-01
1.569459686279296875e+02 9.845697879791259766e-02 4.841731071472167969e+00 5.525588989257812500e-02 -9.248733520507812500e-01 4.718822240829467773e-01
2.844022512435913086e+00 4.410803914070129395e-01 5.107858657836914062e+00 2.395820617675781250e-01 -3.617548942565917969e-01 2.629077136516571045e-01
2.822306871414184570e+00 3.490246534347534180e-01 4.605098247528076172e+00 4.465079307556152344e-01 1.411676406860351562e-02 9.156306982040405273e-01
1.755920715332031250e+02 2.456254959106445312e-01 4.687969684600830078e+00 4.327297210693359375e-01 -4.074192047119140625e-01 9.279857575893402100e-02
1.220360488891601562e+02 2.959435582160949707e-01 4.593272209167480469e+00 7.542729377746582031e-01 1.121630668640136719e+00 1.178237557411193848e+00
1.430742740631103516e+01 4.289836287498474121e-01 5.019552230834960938e+00 4.488658905029296875e-01 3.340148925781250000e-01 7.790356874465942383e-01
4.461849365234375000e+02 1.729503989219665527e+00 7.714041233062744141e+00 2.660994529724121094e+00 1.031293869018554688e+00 2.466153204441070557e-01
1.051088714599609375e+01 3.982821702957153320e-01 4.517095565795898438e+00 3.808689117431640625e-01 -3.017330169677734375e-01 1.147085189819335938e+00
3.610827636718750000e+01 1.616212129592895508e-01 4.379490375518798828e+00 1.987910270690917969e-01 -5.254399776458740234e-01 2.007396221160888672e-01
2.340856781005859375e+02 9.568926095962524414e-01 6.302927970886230469e+00 9.318375587463378906e-01 9.756278991699218750e-01 8.884732723236083984e-01
1.291744842529296875e+02 6.452537178993225098e-01 5.295487880706787109e+00 9.651708602905273438e-01 -5.192792415618896484e-01 4.073665738105773926e-01
6.819598388671875000e+02 2.350037336349487305e+00 8.943237304687500000e+00 -9.219889640808105469e+00 -4.760515689849853516e-01 1.528329122811555862e-02
7.839642944335937500e+02 3.721261978149414062e+00 1.167053794860839844e+01 -4.875349998474121094e-01 5.280447006225585938e-01 2.348683923482894897e-01
1.082734222412109375e+02 5.364617109298706055e-01 5.338387489318847656e+00 5.459666252136230469e-01 -8.566629886627197266e-01 3.436061143875122070e-01
3.807235336303710938e+01 6.165850162506103516e-01 5.013619899749755859e+00 9.452629089355468750e-01 4.865384101867675781e-01 3.079811334609985352e-01
4.666415405273437500e+01 3.155394196510314941e-01 4.800313472747802734e+00 -3.015625476837158203e-01 -3.700685501098632812e-01 4.912304282188415527e-01
3.722192382812500000e+01 4.242531061172485352e-01 4.820750236511230469e+00 1.147162914276123047e+00 4.532480239868164062e-01 2.821651995182037354e-01
2.844022512435913086e+00 4.410803914070129395e-01 5.107858657836914062e+00 2.395820617675781250e-01 -3.617548942565917969e-01 2.629077136516571045e-01
9.358191680908203125e+01 2.439618110656738281e-01 4.721610546112060547e+00 -3.505539894104003906e-01 -4.590046405792236328e-01 8.040636181831359863e-01
7.426711273193359375e+01 2.422358989715576172e-01 4.348721027374267578e+00 8.412218093872070312e-01 -6.011998653411865234e-01 1.340847015380859375e+00
4.646460342407226562e+01 7.751783132553100586e-01 5.934462547302246094e+00 9.150171279907226562e-01 2.382779121398925781e-01 9.506264328956604004e-01
9.408085632324218750e+01 1.767672896385192871e-01 4.545507907867431641e+00 3.998351097106933594e-01 -1.564621925354003906e-01 1.676589101552963257e-01
5.806253433227539062e+01 1.801967620849609375e-01 3.793024063110351562e+00 2.955341339111328125e-01 1.463210582733154297e+00 1.243461489677429199e+00
1.543053894042968750e+02 3.113172650337219238e-01 4.950220584869384766e+00 8.910012245178222656e-01 5.471777915954589844e-01 3.196581900119781494e-01
1.935661010742187500e+02 4.142314791679382324e-01 4.467849254608154297e+00 -3.202199935913085938e-01 1.369953155517578125e-02 9.352352619171142578e-01
5.933940505981445312e+01 9.819215536117553711e-02 4.447817325592041016e+00 4.308605194091796875e-01 8.454656600952148438e-01 2.098823338747024536e-01
2.836320114135742188e+01 2.250435113906860352e+00 8.446066856384277344e+00 1.409647464752197266e+00 1.330447196960449219e+00 1.195906639099121094e+00
1.899561691284179688e+01 3.566337227821350098e-01 4.749057769775390625e+00 -5.231738090515136719e-02 4.391360282897949219e-01 3.949148058891296387e-01
1.315612640380859375e+02 2.564439296722412109e+00 9.401844024658203125e+00 -2.625213861465454102e+00 2.056145668029785156e-01 5.241991952061653137e-02
2.953939437866210938e+01 2.745688557624816895e-01 4.407483577728271484e+00 2.912640571594238281e-01 -5.119085311889648438e-01 4.176132082939147949e-01
9.066217803955078125e+01 1.166475415229797363e-01 4.553453445434570312e+00 1.367375850677490234e+00 -6.529688835144042969e-02 6.903152465820312500e-01
3.216932296752929688e+01 2.384636402130126953e+00 8.467184066772460938e+00 -1.455691719055175781e+01 -2.745534181594848633e+00 1.940762698650360107e-01
1.692259368896484375e+02 2.953518629074096680e-01 4.657370567321777344e+00 4.525041580200195312e-01 -1.420342922210693359e-01 6.735996007919311523e-01
3.615306091308593750e+02 5.047326087951660156e-01 5.323334693908691406e+00 -4.927444458007812500e-01 5.312061309814453125e-01 2.835970520973205566e-01
2.620376396179199219e+01 5.745887756347656250e-04 4.349972724914550781e+00 7.378315925598144531e-01 1.122314929962158203e+00 9.271613359451293945e-01
2.111254425048828125e+02 2.229860424995422363e-01 4.869916915893554688e+00 -2.215790748596191406e-01 6.289601325988769531e-01 4.612773358821868896e-01
9.487984466552734375e+01 9.214286208152770996e-01 5.919328212738037109e+00 -2.934098243713378906e-01 -5.728173255920410156e-01 1.353086829185485840e+00
1.339591827392578125e+02 3.646985888481140137e-01 4.883853912353515625e+00 8.554220199584960938e-02 4.667234420776367188e-01 3.093481361865997314e-01
1.151340866088867188e+02 1.511793375015258789e+00 7.713265419006347656e+00 -6.670550346374511719e+00 -7.709268569946289062e+00 1.198316812515258789e+00
1.434632873535156250e+01 1.810801029205322266e-01 4.195707321166992188e+00 5.668520927429199219e-01 -3.319585323333740234e-01 6.024977564811706543e-01
2.405317993164062500e+02 5.417828559875488281e-01 5.177610874176025391e+00 -4.640638828277587891e-01 5.920672416687011719e-01 8.811330795288085938e-02
3.125663146972656250e+02 1.105048894882202148e+00 6.494047641754150391e+00 2.021241188049316406e-01 1.003196239471435547e+00 2.172838300466537476e-01
9.389235496520996094e+00 1.241398453712463379e-01 4.290463447570800781e+00 1.116907596588134766e+00 2.868938446044921875e-01 1.937828063964843750e-01
5.582482910156250000e+01 2.493208646774291992e-01 4.370082855224609375e+00 -4.836082458496093750e-02 -8.967745304107666016e-01 4.322883188724517822e-01
2.567691040039062500e+02 1.384075880050659180e+00 7.256052494049072266e+00 -1.167753934860229492e+00 -1.576583385467529297e+00 7.724798917770385742e-01
7.143557739257812500e+01 5.084544420242309570e-01 5.304411888122558594e+00 1.976935863494873047e+00 4.978370666503906250e-01 4.277942776679992676e-01
3.395572814941406250e+02 1.134619712829589844e-01 3.878447771072387695e+00 1.226687431335449219e-01 7.447004318237304688e-02 4.027786254882812500e-01
1.006485443115234375e+02 2.467863559722900391e-01 4.542442798614501953e+00 6.310892105102539062e-01 7.737421989440917969e-01 4.314958751201629639e-01
9.175688934326171875e+01 1.285211443901062012e-01 4.218221664428710938e+00 2.342200279235839844e-01 1.705741882324218750e-01 5.131449103355407715e-01
1.685761260986328125e+02 8.621587753295898438e-01 6.011959075927734375e+00 2.009108066558837891e+00 3.643481731414794922e+00 1.187262177467346191e+00
2.457295379638671875e+02 1.439135193824768066e+00 7.614888191223144531e+00 -3.378772735595703125e+00 3.723359107971191406e-01 9.185757488012313843e-02
6.866921234130859375e+01 5.907998681068420410e-01 5.386216163635253906e+00 1.842026710510253906e+00 2.284543514251708984e+00 5.712531805038452148e-01
8.249436950683593750e+01 2.644342422485351562e+00 9.340076446533203125e+00 1.746172142028808594e+01 1.112457084655761719e+01 6.214529871940612793e-01
2.180530242919921875e+02 7.255665659904479980e-01 5.778800964355468750e+00 -1.564055681228637695e+00 -1.232575178146362305e+00 2.082289606332778931e-01
3.116975708007812500e+02 2.387856960296630859e+00 9.176880836486816406e+00 1.108159065246582031e+01 1.604592895507812500e+01 1.425658941268920898e+00
2.497353820800781250e+02 3.502829670906066895e-01 4.902923107147216797e+00 2.969241142272949219e-01 -5.002677440643310547e-01 1.145742774009704590e+00
2.287455596923828125e+02 8.061873316764831543e-01 5.877723693847656250e+00 -5.808389186859130859e-01 -5.981397628784179688e-01 1.358793377876281738e-01
2.896154212951660156e+01 2.964283227920532227e-01 4.857569694519042969e+00 6.161093711853027344e-01 5.433726310729980469e-01 1.176972985267639160e+00
1.935424346923828125e+02 4.480693340301513672e-01 5.148053169250488281e+00 3.326201438903808594e-01 -2.629709243774414062e-01 1.314173221588134766e+00
1.231731643676757812e+02 6.818252801895141602e-02 4.529124736785888672e+00 7.928824424743652344e-01 5.638527870178222656e-01 4.767516851425170898e-01
9.475307464599609375e+00 1.703337430953979492e-01 4.183370590209960938e+00 1.846742630004882812e-01 -2.202296257019042969e-01 7.124403119087219238e-01
9.792759704589843750e+01 2.873451113700866699e-01 4.567608356475830078e+00 5.260205268859863281e-01 2.885341644287109375e-01 2.011349797248840332e-01
3.465355634689331055e+00 2.250928282737731934e-01 4.476545810699462891e+00 1.140310764312744141e+00 1.010003089904785156e+00 8.005934357643127441e-01
2.286438446044921875e+02 9.042789340019226074e-01 5.914232254028320312e+00 6.131625175476074219e-01 1.629614830017089844e-01 6.078659296035766602e-01
2.407515764236450195e+00 1.705703139305114746e-01 4.474834918975830078e+00 6.492972373962402344e-01 9.703016281127929688e-01 1.287303209304809570e+00
1.405281829833984375e+02 2.649275660514831543e-01 4.207177162170410156e+00 -2.586674690246582031e-01 -4.182016849517822266e-01 5.120013952255249023e-01
4.273357772827148438e+01 5.725168585777282715e-01 5.159588336944580078e+00 -3.154313564300537109e-01 -6.068992614746093750e-01 5.543165802955627441e-01
4.515253067016601562e+01 4.117053747177124023e-01 4.847029685974121094e+00 7.926344871520996094e-01 1.214725971221923828e+00 3.571096062660217285e-01
1.397729034423828125e+02 6.305063962936401367e-01 5.103066444396972656e+00 2.705359458923339844e-01 -8.217370510101318359e-01 7.543996572494506836e-01
1.920469055175781250e+02 6.753082275390625000e-01 5.499020576477050781e+00 2.941155433654785156e-01 -7.173645496368408203e-01 4.425204396247863770e-01
3.458349609375000000e+01 3.552166223526000977e-01 4.656569004058837891e+00 3.219342231750488281e-01 8.756542205810546875e-01 1.246551517397165298e-02
6.361925506591796875e+01 3.781223297119140625e-02 3.719709873199462891e+00 7.064604759216308594e-01 1.795029640197753906e-01 3.107343316078186035e-01
1.986487274169921875e+02 3.042224645614624023e-01 4.910912036895751953e+00 9.677314758300781250e-01 -2.694702148437500000e-01 1.326735466718673706e-01
1.942805786132812500e+02 5.128790140151977539e-01 5.395433902740478516e+00 1.361784934997558594e+00 -9.999048709869384766e-01 1.886257231235504150e-01
2.869103088378906250e+02 1.927032947540283203e+00 7.992010116577148438e+00 5.549485683441162109e+00 1.169519424438476562e+00 3.159078955650329590e-01
2.321685485839843750e+02 5.164377689361572266e-01 5.628950595855712891e+00 1.040923595428466797e+00 7.761168479919433594e-01 3.239375054836273193e-01
2.045990447998046875e+02 5.309647917747497559e-01 4.721834182739257812e+00 4.757595062255859375e-01 1.330995559692382812e-01 3.677768707275390625e-01
3.815209960937500000e+01 3.782889842987060547e-01 4.822165489196777344e+00 1.075496673583984375e+00 7.874941825866699219e-01 7.801358699798583984e-01
1.974429779052734375e+02 3.506733179092407227e+00 1.108006381988525391e+01 1.277204704284667969e+01 5.025992393493652344e+00 3.791610598564147949e-01
6.391306686401367188e+01 4.874169826507568359e-01 4.436001777648925781e+00 2.512145042419433594e-01 -1.596391201019287109e-01 4.332975745201110840e-01
2.032626342773437500e+02 3.301835656166076660e-01 4.635031223297119141e+00 1.177532672882080078e+00 -2.768397331237792969e-02 3.727859556674957275e-01
2.161291837692260742e+00 1.915494799613952637e-01 4.126208305358886719e+00 4.083704948425292969e-01 6.456637382507324219e-01 4.755592644214630127e-01
2.340856781005859375e+02 9.568926095962524414e-01 6.302927970886230469e+00 9.318375587463378906e-01 9.756278991699218750e-01 8.884732723236083984e-01
7.566907501220703125e+01 8.832089304924011230e-01 5.718522548675537109e+00 7.884526252746582031e-01 -4.694104194641113281e-02 2.281571030616760254e-01
3.365485382080078125e+01 1.091166138648986816e-01 4.408596038818359375e+00 5.409240722656250000e-01 -6.700134277343750000e-01 5.781153440475463867e-01
4.981094741821289062e+01 2.077426910400390625e-01 4.766787052154541016e+00 8.478665351867675781e-01 1.765656471252441406e-01 9.198434352874755859e-01
2.300008850097656250e+02 9.498049616813659668e-01 6.037877559661865234e+00 7.704186439514160156e-01 6.411623954772949219e-01 2.115852199494838715e-02
3.195698165893554688e+01 5.799118876457214355e-01 5.090455055236816406e+00 1.260898113250732422e+00 3.984618186950683594e-01 8.980172872543334961e-01
1.258326797485351562e+02 2.971391081809997559e-01 4.556529045104980469e+00 1.243448257446289062e-01 -3.542900085449218750e-01 8.369371294975280762e-01
1.677794647216796875e+02 3.335223793983459473e-01 5.122287750244140625e+00 8.001017570495605469e-01 5.762934684753417969e-01 5.364347100257873535e-01
9.451356887817382812e+00 2.120136618614196777e-01 4.861270904541015625e+00 7.817101478576660156e-01 5.134320259094238281e-01 3.221812471747398376e-02
2.853832397460937500e+02 2.318112254142761230e-01 4.653674125671386719e+00 3.097367286682128906e-01 -1.503801345825195312e-01 2.198164016008377075e-01
1.038995742797851562e+02 3.447490334510803223e-01 4.502971649169921875e+00 8.341884613037109375e-01 4.890632629394531250e-01 5.000088810920715332e-01
5.921719360351562500e+02 3.471548557281494141e+00 1.141441726684570312e+01 1.550680351257324219e+01 1.537883281707763672e+00 1.027979850769042969e-01
1.302557067871093750e+02 2.526587843894958496e-01 4.444848060607910156e+00 5.507278442382812500e-01 2.767133712768554688e-01 1.500938981771469116e-01
2.051274566650390625e+02 2.435480356216430664e-01 4.763101100921630859e+00 -2.110898494720458984e-01 -5.920183658599853516e-01 2.567799985408782959e-01
3.072818183898925781e+01 1.108328700065612793e-01 4.587132453918457031e+00 1.102042198181152344e+00 1.231403350830078125e+00 6.577734947204589844e-01
2.835630226135253906e+01 3.474208712577819824e-01 4.652650833129882812e+00 -8.335804939270019531e-01 5.662441253662109375e-03 3.650144934654235840e-01
5.922582244873046875e+01 3.577847480773925781e-01 4.776202201843261719e+00 1.181046962738037109e+00 1.812598705291748047e+00 1.254113197326660156e+00
8.311058044433593750e+01 5.771942734718322754e-01 4.521178722381591797e+00 2.829647064208984375e-01 -4.938292503356933594e-01 2.621199488639831543e-01
9.843399047851562500e+01 5.418175458908081055e-01 5.044576644897460938e+00 5.469322204589843750e-02 -7.960438728332519531e-01 1.429441094398498535e+00
9.078617858886718750e+01 1.114462375640869141e+00 6.405710220336914062e+00 7.193255424499511719e-01 5.219554901123046875e-01 2.445201277732849121e-01
8.465384674072265625e+01 3.684383034706115723e-01 4.807435512542724609e+00 7.123661041259765625e-01 -1.871681213378906250e-01 1.034674406051635742e+00
8.096794891357421875e+01 6.507563591003417969e-01 5.550216674804687500e+00 -2.941370010375976562e-01 -7.344841957092285156e-01 1.702462553977966309e+00
2.039221572875976562e+01 3.154264092445373535e-01 4.583674907684326172e+00 1.521563529968261719e-01 9.096264839172363281e-01 3.092161417007446289e-01
7.848489379882812500e+01 1.132053732872009277e-01 4.502677440643310547e+00 5.980706214904785156e-01 4.689598083496093750e-01 7.529774904251098633e-01
4.259976806640625000e+02 1.663532733917236328e+00 7.598869800567626953e+00 -5.307432174682617188e+00 -5.105706214904785156e+00 5.640594959259033203e-01
8.749733734130859375e+01 1.082042336463928223e+00 6.579998970031738281e+00 -1.406668424606323242e+00 -1.542406082153320312e+00 8.408203721046447754e-01
3.027534484863281250e+02 1.119035720825195312e+00 6.371960163116455078e+00 1.379001140594482422e+00 2.758002281188964844e-01 5.138295888900756836e-01
1.049523086547851562e+02 3.248432874679565430e-01 5.031318187713623047e+00 4.844665527343750000e-03 1.033105850219726562e+00 2.566077113151550293e-01
2.960750770568847656e+01 2.910320758819580078e-01 4.344668388366699219e+00 1.377868652343750000e-01 2.198052406311035156e-01 6.674950122833251953e-01
3.918629837036132812e+01 6.069986224174499512e-01 5.214065551757812500e+00 1.462554931640625000e-01 2.043056488037109375e-01 9.726476669311523438e-01
5.877038955688476562e+00 3.343091607093811035e-01 4.668863773345947266e+00 6.954717636108398438e-01 2.061531543731689453e+00 1.046808123588562012e+00
6.308897094726562500e+02 1.182943820953369141e+00 6.894865989685058594e+00 5.648586750030517578e+00 6.246509552001953125e+00 1.382996439933776855e+00
2.112011718750000000e+02 7.646417021751403809e-01 5.802442073822021484e+00 7.041740417480468750e-01 -9.263169765472412109e-01 6.656836867332458496e-01
6.969760131835937500e+02 1.621679902076721191e+00 7.780693531036376953e+00 -6.146810054779052734e+00 -1.479028463363647461e+00 1.704673618078231812e-01
1.307322998046875000e+02 2.108801603317260742e-01 4.431187629699707031e+00 5.314445495605468750e-01 -1.666212081909179688e-01 6.994775533676147461e-01
1.954331817626953125e+02 1.671815752983093262e+00 7.994799137115478516e+00 -6.123161315917968750e-01 1.395344734191894531e-01 6.188474893569946289e-01
5.986523437500000000e+01 4.086156487464904785e-01 4.708023548126220703e+00 -1.762068271636962891e-01 -7.539999485015869141e-01 1.203560084104537964e-01
1.216412448883056641e+01 -4.037576913833618164e-02 4.511721611022949219e+00 9.517216682434082031e-01 8.583211898803710938e-01 8.620145916938781738e-01
1.078537368774414062e+01 4.082635641098022461e-01 4.833308219909667969e+00 1.621286869049072266e+00 9.216642379760742188e-01 1.635427772998809814e-01
1.754066162109375000e+02 7.819253206253051758e-01 5.631217002868652344e+00 3.754591941833496094e-01 7.120943069458007812e-01 9.277802109718322754e-01
1.805591278076171875e+02 2.251010537147521973e-01 4.597554206848144531e+00 -2.422106266021728516e-01 3.212523460388183594e-01 3.733593225479125977e-01
7.136192626953125000e+02 2.239304304122924805e+00 8.245732307434082031e+00 7.384769916534423828e+00 6.668686866760253906e-01 7.452551275491714478e-02
1.233441467285156250e+02 3.389222025871276855e-01 4.568166732788085938e+00 4.261898994445800781e-01 2.578997611999511719e-01 5.149828195571899414e-01
2.783993835449218750e+02 3.260148763656616211e-01 4.571515560150146484e+00 5.006337165832519531e-01 1.279110908508300781e+00 3.182147145271301270e-01
3.525294189453125000e+02 5.643368363380432129e-01 5.405461788177490234e+00 -5.380260944366455078e-01 -7.224547863006591797e-01 9.383815526962280273e-01
2.052471160888671875e+02 7.161630988121032715e-01 5.687508106231689453e+00 1.067183017730712891e+00 1.446700096130371094e-01 1.566895246505737305e-01
1.546006927490234375e+02 9.958779811859130859e-02 4.512867927551269531e+00 2.893495559692382812e-01 1.119470596313476562e-01 1.580243706703186035e+00
9.156601715087890625e+01 4.422904253005981445e-01 4.510054111480712891e+00 9.340119361877441406e-01 3.630876541137695312e-01 5.677305459976196289e-01
1.941109161376953125e+02 1.112005114555358887e+00 6.776694297790527344e+00 -2.179688215255737305e+00 2.734208106994628906e-01 4.245465695858001709e-01
8.670714569091796875e+01 3.928259134292602539e+00 1.214186668395996094e+01 1.043350410461425781e+01 1.094947338104248047e+01 1.122254371643066406e+00
7.133246612548828125e+01 1.676257848739624023e-01 4.163947105407714844e+00 4.715013504028320312e-01 1.518511772155761719e-01 7.018529772758483887e-01
1.610825958251953125e+02 1.751035332679748535e+00 7.684268951416015625e+00 2.923290729522705078e+00 -3.618502616882324219e-01 8.352927118539810181e-02
2.305582275390625000e+02 6.659244298934936523e-01 5.620782375335693359e+00 6.976580619812011719e-01 -5.159020423889160156e-02 1.477318853139877319e-01
2.011876106262207031e+00 5.295911431312561035e-01 4.833827972412109375e+00 7.007741928100585938e-01 -1.442289352416992188e-01 4.622479677200317383e-01
4.405620727539062500e+02 1.599640727043151855e+00 7.290594100952148438e+00 -1.795845031738281250e+00 -4.743874073028564453e-01 3.420379757881164551e-01
6.704349517822265625e+01 2.618671894073486328e+00 9.383472442626953125e+00 9.686023712158203125e+00 -6.245744228363037109e-01 2.275076881051063538e-02
2.267895202636718750e+02 8.987950682640075684e-01 5.740261554718017578e+00 7.171535491943359375e-01 -3.096675872802734375e-01 2.551525235176086426e-01
9.970526123046875000e+01 5.138052701950073242e-01 5.330644607543945312e+00 6.001782417297363281e-01 -2.756738662719726562e-01 3.940498530864715576e-01
1.301765136718750000e+02 7.946937084197998047e-01 5.343693733215332031e+00 -6.910431385040283203e-01 2.076148986816406250e-01 2.166074365377426147e-01
8.282283782958984375e+01 3.721372485160827637e-01 4.983132362365722656e+00 5.329394340515136719e-01 3.363800048828125000e-01 5.626193881034851074e-01
6.010739135742187500e+01 2.531791329383850098e-01 4.475634574890136719e+00 4.650306701660156250e-01 -1.157140731811523438e-01 1.064047813415527344e+00
4.760214233398437500e+02 3.609519481658935547e+00 1.165192031860351562e+01 1.668569564819335938e+01 3.834762573242187500e+00 2.582515180110931396e-01
7.587393522262573242e-01 3.978635668754577637e-01 5.004919052124023438e+00 9.933876991271972656e-01 7.947444915771484375e-01 4.227341711521148682e-01
6.814487457275390625e+01 4.081875681877136230e-01 4.644540309906005859e+00 4.622316360473632812e-01 6.775546073913574219e-01 2.858404219150543213e-01
4.670897521972656250e+02 1.094234228134155273e+00 5.888630867004394531e+00 -8.212792873382568359e-01 9.617328643798828125e-02 1.472213268280029297e-01
1.278849840164184570e+00 6.914620995521545410e-01 5.092934131622314453e+00 3.008866310119628906e-01 -1.470279693603515625e-01 1.609694957733154297e-01
3.081638717651367188e+01 3.335166573524475098e-01 4.562605857849121094e+00 3.753614425659179688e-01 -3.820800781250000000e-01 6.810652613639831543e-01
2.143573760986328125e+02 9.167960882186889648e-01 5.491841793060302734e+00 1.439595222473144531e-01 -7.263457775115966797e-01 3.491879701614379883e-01
4.101618766784667969e+00 3.489888906478881836e-01 4.600523948669433594e+00 1.031215190887451172e+00 1.922895908355712891e+00 1.543002605438232422e+00
2.217971801757812500e+02 2.700234055519104004e-01 4.556308746337890625e+00 8.837819099426269531e-01 4.026603698730468750e-01 1.261168345808982849e-02
5.941913223266601562e+01 4.819413423538208008e-01 5.275418281555175781e+00 1.072020530700683594e+00 1.013755798339843750e-02 1.446206271648406982e-01
8.163137817382812500e+01 2.696036338806152344e+00 9.589938163757324219e+00 1.548597812652587891e+01 5.788373947143554688e-01 3.688345849514007568e-02
1.201240081787109375e+02 3.461364507675170898e-01 4.374743938446044922e+00 6.221556663513183594e-01 1.033623218536376953e+00 1.136493086814880371e+00
6.376532745361328125e+01 2.288148403167724609e-01 4.457053661346435547e+00 9.319615364074707031e-01 1.338601112365722656e-01 9.934644401073455811e-02
6.773992156982421875e+01 5.820657014846801758e-01 5.104346275329589844e+00 1.351907253265380859e+00 3.643250465393066406e-01 5.116592645645141602e-01
1.081077423095703125e+02 4.594145417213439941e-01 4.957017421722412109e+00 2.051734924316406250e-01 9.487080574035644531e-01 2.638852596282958984e-01
2.866927337646484375e+01 8.435857295989990234e-01 5.972262382507324219e+00 1.775927543640136719e+00 4.053139686584472656e-01 5.396174192428588867e-01
5.506039810180664062e+01 2.474409937858581543e-01 4.620802402496337891e+00 1.191079616546630859e+00 2.849817276000976562e-01 6.492912173271179199e-01
1.143636016845703125e+02 1.783299446105957031e-01 4.598995208740234375e+00 -4.578495025634765625e-01 6.096887588500976562e-01 3.190030455589294434e-01
1.635857391357421875e+02 9.107804298400878906e-01 5.766607284545898438e+00 -8.049809932708740234e-01 -1.301032304763793945e+00 6.161202192306518555e-01
2.213643798828125000e+02 5.946522355079650879e-01 5.358661651611328125e+00 -8.433866500854492188e-01 -3.617835044860839844e-01 8.249291777610778809e-02
3.581662902832031250e+02 3.260180473327636719e+00 1.043481540679931641e+01 -1.214556598663330078e+01 -4.556429386138916016e-01 5.755897611379623413e-02
7.409322357177734375e+01 3.755147457122802734e+00 1.207243633270263672e+01 1.642775535583496094e+01 1.596580028533935547e+01 1.014686346054077148e+00
9.178552246093750000e+01 6.751018762588500977e-02 4.593044757843017578e+00 6.795835494995117188e-01 -9.136462211608886719e-01 4.398870468139648438e-01
1.525389404296875000e+02 5.673602223396301270e-01 5.665359497070312500e+00 1.218104362487792969e+00 -5.215466022491455078e-01 1.857125014066696167e-01
1.255798339843750000e+01 3.285188078880310059e-01 4.679216384887695312e+00 3.860068321228027344e-01 -2.642035484313964844e-02 1.034741282463073730e+00
5.544045410156250000e+02 5.469868779182434082e-01 4.898676872253417969e+00 2.663321495056152344e+00 3.401517868041992188e-02 1.549000293016433716e-01
9.647155761718750000e+01 -2.195757627487182617e-02 4.346630096435546875e+00 9.293222427368164062e-01 4.438138008117675781e-01 2.056947648525238037e-01
6.798513889312744141e+00 2.835882306098937988e-01 4.551183700561523438e+00 1.317515373229980469e+00 1.504530906677246094e+00 8.448409438133239746e-01
2.204138336181640625e+02 6.053411960601806641e-01 5.131921768188476562e+00 1.823582649230957031e+00 -4.270172119140625000e-01 6.145366430282592773e-01
3.488748931884765625e+01 4.113096594810485840e-01 4.939200401306152344e+00 4.916667938232421875e-01 4.103541374206542969e-01 6.925787925720214844e-01
1.469337940216064453e+01 3.449246287345886230e-01 4.790119171142578125e+00 9.568977355957031250e-01 8.977556228637695312e-01 9.762651324272155762e-01
3.473761596679687500e+02 2.074037551879882812e+00 8.317978858947753906e+00 1.551379680633544922e+01 1.175680160522460938e+00 1.028509512543678284e-01
2.362313232421875000e+02 5.997664928436279297e-01 5.128827571868896484e+00 1.289980411529541016e+00 7.227492332458496094e-01 8.989974260330200195e-01
3.390676498413085938e+00 3.837258219718933105e-01 4.716753482818603516e+00 1.146478652954101562e+00 3.958463668823242188e-01 3.098734095692634583e-02
1.722364959716796875e+02 3.597749471664428711e-01 4.979635238647460938e+00 5.448389053344726562e-01 3.544664382934570312e-01 5.897612571716308594e-01
2.895994873046875000e+02 4.175246953964233398e-01 4.450697898864746094e+00 1.835629940032958984e+00 1.179974079132080078e+00 5.221431851387023926e-01
6.400901031494140625e+01 3.351020336151123047e+00 1.067280387878417969e+01 6.637227535247802734e+00 3.534023761749267578e+00 4.715262651443481445e-01
7.143557739257812500e+01 5.084544420242309570e-01 5.304411888122558594e+00 1.976935863494873047e+00 4.978370666503906250e-01 4.277942776679992676e-01
2.302937469482421875e+02 5.908007621765136719e-01 5.367447376251220703e+00 1.361842155456542969e+00 2.163147926330566406e-01 8.235482871532440186e-02
2.714506530761718750e+02 7.700467109680175781e-01 5.368790149688720703e+00 1.129126548767089844e+00 1.675384044647216797e+00 6.589646339416503906e-01
5.211738967895507812e+01 3.625199198722839355e-01 4.733083248138427734e+00 1.312770843505859375e+00 3.191757202148437500e-01 6.398986577987670898e-01
4.938806533813476562e+01 3.017877340316772461e-01 4.680772304534912109e+00 2.502059936523437500e-01 9.123611450195312500e-01 1.411732733249664307e-01
8.607168579101562500e+01 3.984032273292541504e-01 4.388703346252441406e+00 1.906919479370117188e-01 3.284549713134765625e-01 2.057865262031555176e-01
6.468632698059082031e+00 7.539169788360595703e-01 5.766441345214843750e+00 4.048037528991699219e-01 9.220123291015625000e-02 3.990418314933776855e-01
3.647566223144531250e+02 6.860894560813903809e-01 5.743232250213623047e+00 2.229955196380615234e+00 -1.705503463745117188e-01 1.590088009834289551e-01
2.255872802734375000e+02 5.518559813499450684e-01 5.146122932434082031e+00 1.652216911315917969e-01 -1.466441154479980469e-01 1.324697136878967285e-01
3.652240753173828125e+01 4.217579364776611328e-01 4.727985382080078125e+00 8.672881126403808594e-01 2.172541618347167969e-01 2.004593312740325928e-01
8.771425628662109375e+01 2.529840469360351562e+00 9.492025375366210938e+00 9.273193359375000000e+00 3.104960918426513672e+00 4.510030746459960938e-01
1.208692359924316406e+01 3.494636416435241699e-01 4.479527950286865234e+00 2.729034423828125000e-01 -1.117062568664550781e-01 4.215534329414367676e-01
2.746599388122558594e+01 -5.845600366592407227e-02 3.870854139328002930e+00 7.151246070861816406e-01 -7.192111015319824219e-01 5.639674663543701172e-01
3.169856872558593750e+02 8.288367986679077148e-01 5.912535667419433594e+00 1.293258666992187500e+00 -4.325366020202636719e-01 2.928951680660247803e-01
2.912718505859375000e+02 1.432397127151489258e+00 6.683701038360595703e+00 3.286080360412597656e+00 2.712104320526123047e+00 7.321616411209106445e-01
4.624288558959960938e+01 4.436204433441162109e-01 4.680353164672851562e+00 1.192095279693603516e+00 3.247380256652832031e-01 2.468763291835784912e-01
9.177825164794921875e+01 4.996415972709655762e-01 4.941987514495849609e+00 8.990907669067382812e-01 -4.422986507415771484e-01 5.645542740821838379e-01
1.150308990478515625e+02 3.973891735076904297e-01 5.206089973449707031e+00 -1.233756542205810547e-01 -5.153405666351318359e-01 5.473164916038513184e-01
5.538188171386718750e+01 1.749079823493957520e-01 4.501979827880859375e+00 6.713342666625976562e-01 6.390047073364257812e-01 6.946917772293090820e-01
7.371454620361328125e+01 1.866741180419921875e-01 4.441287994384765625e+00 6.304383277893066406e-01 -5.492043495178222656e-01 5.113242194056510925e-02
1.657877502441406250e+02 5.035125613212585449e-01 4.740969181060791016e+00 -1.735925674438476562e-02 -6.626141071319580078e-01 9.651017785072326660e-01
1.895509338378906250e+02 8.733847141265869141e-01 5.760904312133789062e+00 1.513252258300781250e+00 1.390736103057861328e+00 4.353253543376922607e-01
8.815781402587890625e+01 5.649024248123168945e-02 3.993300914764404297e+00 7.396054267883300781e-01 -2.312576770782470703e-01 1.179393172264099121e+00
1.074792194366455078e+01 5.225644707679748535e-01 5.266646862030029297e+00 6.849360466003417969e-01 -9.792685508728027344e-02 2.526134252548217773e-01
7.703721618652343750e+01 5.910775661468505859e-01 5.535959243774414062e+00 -2.526044845581054688e-03 -7.881283760070800781e-02 7.005869746208190918e-01
2.449758605957031250e+02 1.328538775444030762e+00 6.762972831726074219e+00 -2.168505191802978516e+00 -3.766214847564697266e-01 5.552968978881835938e-01
7.332463989257812500e+02 2.637690067291259766e+00 9.169497489929199219e+00 -2.857720851898193359e-01 -2.873194217681884766e-01 3.051720745861530304e-02
1.873210144042968750e+02 6.401739716529846191e-01 5.819810390472412109e+00 5.783438682556152344e-01 3.063178062438964844e-01 4.660208821296691895e-01
1.294325256347656250e+02 1.047254800796508789e-01 4.357297420501708984e+00 4.997110366821289062e-01 -1.666929721832275391e+00 5.994133949279785156e-01
1.996761627197265625e+02 6.288657784461975098e-01 5.153453350067138672e+00 3.181052207946777344e-01 4.738688468933105469e-01 7.311856746673583984e-02
1.682057495117187500e+02 1.259238362312316895e+00 6.838896274566650391e+00 -5.531299114227294922e-01 -1.338679790496826172e+00 6.381212472915649414e-01
7.853369116783142090e-01 8.626689314842224121e-01 5.356730461120605469e+00 1.849508285522460938e-01 3.958582878112792969e-01 3.063257336616516113e-01
5.553632354736328125e+01 2.256714701652526855e-01 4.578239440917968750e+00 9.953761100769042969e-01 6.335043907165527344e-01 3.072847127914428711e-01
2.631697998046875000e+02 2.393618226051330566e-01 4.998618125915527344e+00 -2.703714370727539062e-01 4.217314720153808594e-01 3.798694610595703125e-01
6.462662963867187500e+02 9.577909708023071289e-01 6.505743026733398438e+00 1.820862293243408203e+00 8.127784729003906250e-01 6.113756895065307617e-01
5.926200866699218750e+01 3.869180083274841309e-01 4.693546295166015625e+00 1.475238800048828125e+00 -6.992053985595703125e-01 3.059942722320556641e-01
3.710452651977539062e+01 1.122369170188903809e-01 3.921886205673217773e+00 5.156755447387695312e-01 1.177978515625000000e-01 2.911990284919738770e-01
2.089263000488281250e+02 6.061113476753234863e-01 5.356963634490966797e+00 7.974100112915039062e-01 1.255571842193603516e+00 2.247530221939086914e-01
7.344505615234375000e+02 3.731054782867431641e+00 1.158352661132812500e+01 5.687909126281738281e+00 -8.575248718261718750e-01 1.079506240785121918e-02
3.194221496582031250e+02 1.180706501007080078e+00 6.517899036407470703e+00 -8.721590042114257812e-02 -5.025649070739746094e-01 5.708371400833129883e-01
2.476396026611328125e+02 6.744769215583801270e-01 5.414023399353027344e+00 1.412837505340576172e+00 1.201441287994384766e+00 4.053738713264465332e-01
1.156091079711914062e+02 5.894138813018798828e-01 5.121926784515380859e+00 5.067753791809082031e-01 -2.804601192474365234e-01 5.844528079032897949e-01
2.043398590087890625e+02 -1.602969765663146973e-01 3.804746150970458984e+00 4.421901702880859375e-01 3.287076950073242188e-02 6.207869052886962891e-01
1.188246994018554688e+02 2.667722702026367188e+00 9.616550445556640625e+00 1.488583564758300781e+01 2.985043525695800781e+00 1.661249399185180664e-01
1.953328247070312500e+02 6.651664376258850098e-01 5.774912834167480469e+00 -5.616319179534912109e-01 -7.089757919311523438e-01 8.109252154827117920e-02
9.338665008544921875e+01 1.227109432220458984e+00 6.943003177642822266e+00 1.622879505157470703e+00 7.162189483642578125e-01 3.244487643241882324e-01
7.641658020019531250e+01 7.786691188812255859e-02 4.008852005004882812e+00 9.852743148803710938e-01 3.162312507629394531e-01 5.088443402200937271e-03
3.937043380737304688e+01 2.877680301666259766e+00 1.016473197937011719e+01 5.783545970916748047e+00 4.060835838317871094e+00 6.279155611991882324e-01
2.992834777832031250e+02 9.604375958442687988e-01 5.899567604064941406e+00 -8.749842643737792969e-01 -9.874236583709716797e-01 2.306476533412933350e-01
2.137132568359375000e+02 4.100953340530395508e-01 4.668367385864257812e+00 7.876348495483398438e-01 2.055931091308593750e-01 6.958243250846862793e-02
1.232133865356445312e+02 5.615718364715576172e-01 5.620548248291015625e+00 1.222903728485107422e+00 1.035811901092529297e+00 9.855710864067077637e-01
3.784062194824218750e+02 1.285352706909179688e+00 6.730227947235107422e+00 -3.541827201843261719e-02 8.382201194763183594e-01 4.152906239032745361e-01
2.560664978027343750e+02 3.303475379943847656e+00 1.084412670135498047e+01 1.784251022338867188e+01 5.831720829010009766e+00 2.981491386890411377e-01
4.679285583496093750e+02 1.839339733123779297e-01 4.415705680847167969e+00 7.295513153076171875e-01 -8.690536022186279297e-01 8.501262664794921875e-01
3.827793121337890625e+01 2.161045670509338379e-01 4.105247020721435547e+00 1.129453182220458984e+00 5.801320075988769531e-01 2.850960493087768555e-01
2.590852050781250000e+02 2.565191984176635742e+00 9.220149993896484375e+00 1.912910938262939453e+00 1.353125572204589844e+00 7.802566289901733398e-01
5.512403564453125000e+02 3.174562454223632812e+00 1.067567729949951172e+01 -6.839475631713867188e+00 -8.287244796752929688e+00 1.079756617546081543e+00
1.070095214843750000e+02 4.005409479141235352e-01 4.805658340454101562e+00 4.031515121459960938e-01 -5.621242523193359375e-01 1.194973364472389221e-01
4.272839660644531250e+02 2.733379840850830078e+00 9.824682235717773438e+00 -2.370815277099609375e+00 -2.612361907958984375e+00 4.987268447875976562e-01
2.483871269226074219e+01 1.751198768615722656e-01 4.521151065826416016e+00 -1.292824745178222656e-02 8.859658241271972656e-01 3.713372051715850830e-01
1.774796752929687500e+02 1.120684742927551270e-01 4.306506633758544922e+00 2.367568016052246094e-01 -3.538167476654052734e-01 1.996783316135406494e-01
2.247536468505859375e+02 4.507540464401245117e-01 5.488907337188720703e+00 2.916336059570312500e-01 -1.040124893188476562e-01 1.018199771642684937e-01
6.484245300292968750e+01 2.007507085800170898e-01 4.326487541198730469e+00 8.499050140380859375e-01 1.445841789245605469e-01 6.973752379417419434e-01
6.768767089843750000e+02 1.660472869873046875e+00 7.415856361389160156e+00 6.516504287719726562e+00 1.012670993804931641e+00 5.154839158058166504e-02
9.664787292480468750e+01 7.618434429168701172e-01 5.354755401611328125e+00 1.836814880371093750e+00 1.148025989532470703e+00 4.381325244903564453e-01
1.676693725585937500e+02 1.230704307556152344e+00 6.572772026062011719e+00 9.180402755737304688e-01 2.109861373901367188e-01 5.300331711769104004e-01
2.060515899658203125e+02 2.628879785537719727e+00 9.350941658020019531e+00 -4.361053466796875000e+00 -3.215256929397583008e+00 6.437313556671142578e-01
2.453766250610351562e+01 4.730553627014160156e-01 4.711293697357177734e+00 6.612658500671386719e-01 6.220149993896484375e-01 1.285523414611816406e+00
6.919211578369140625e+01 1.071584224700927734e-01 4.445658683776855469e+00 2.380752563476562500e-01 9.806632995605468750e-02 8.750627934932708740e-02
9.480780029296875000e+01 7.101712226867675781e-01 5.511003971099853516e+00 -1.794993877410888672e-01 -7.573843002319335938e-01 8.075663447380065918e-01
9.303756713867187500e+01 2.941683292388916016e+00 1.016366386413574219e+01 1.141482543945312500e+01 6.564443111419677734e+00 5.753302574157714844e-01
7.995106506347656250e+01 1.030426621437072754e-01 4.074568271636962891e+00 4.831790924072265625e-01 3.001022338867187500e-01 4.098588526248931885e-01
8.894863891601562500e+01 3.121848702430725098e-01 4.485823631286621094e+00 4.303956031799316406e-01 -5.672669410705566406e-01 5.470095872879028320e-01
1.454736633300781250e+02 4.286776781082153320e-01 5.300564289093017578e+00 7.575678825378417969e-01 7.258391380310058594e-01 4.446839988231658936e-01
3.580601806640625000e+02 1.224416494369506836e+00 6.582069396972656250e+00 9.480857849121093750e-01 5.216455459594726562e-01 1.940136551856994629e-01
1.016333847045898438e+02 3.068453073501586914e-01 4.681934356689453125e+00 9.477829933166503906e-01 4.357790946960449219e-01 3.088749051094055176e-01
2.663765869140625000e+02 2.534783601760864258e+00 9.665390014648437500e+00 -6.415562629699707031e+00 -2.626562118530273438e-01 1.503443717956542969e-01
8.167428588867187500e+01 6.880748271942138672e-02 4.075754165649414062e+00 5.606007575988769531e-01 3.329110145568847656e-01 4.695641994476318359e-01
1.259142150878906250e+02 1.370034694671630859e+00 7.179253578186035156e+00 -1.271468400955200195e+00 -1.529784202575683594e+00 1.215106487274169922e+00
1.206328296661376953e+01 3.328562974929809570e-01 4.853826522827148438e+00 2.075409889221191406e-01 2.272534370422363281e-01 9.244525432586669922e-01
3.374234313964843750e+02 5.871034264564514160e-01 4.659206390380859375e+00 9.573769569396972656e-01 2.999448776245117188e-01 1.646290570497512817e-01
1.950109863281250000e+02 5.029151439666748047e-01 4.574084281921386719e+00 3.974437713623046875e-02 5.457305908203125000e-01 2.260088222101330757e-03
1.402418670654296875e+02 1.741031050682067871e+00 7.128538131713867188e+00 1.423628330230712891e+00 1.819255352020263672e+00 9.157267808914184570e-01
1.338039550781250000e+02 3.141464591026306152e-01 5.051876068115234375e+00 5.242156982421875000e-01 -5.992555618286132812e-01 2.759487032890319824e-01
2.199621276855468750e+02 9.402988553047180176e-01 5.938468933105468750e+00 3.574252128601074219e-01 -1.151931285858154297e-01 9.646181017160415649e-02
2.562817993164062500e+02 2.936254978179931641e+00 9.996544837951660156e+00 -7.186679840087890625e+00 -1.917088031768798828e-01 6.535111367702484131e-02
2.365658721923828125e+02 4.497566223144531250e-01 5.247288703918457031e+00 1.079652309417724609e+00 4.658937454223632812e-01 5.437067747116088867e-01
3.403131713867187500e+02 5.740346312522888184e-01 4.726706504821777344e+00 7.221531867980957031e-01 -5.810248851776123047e-01 2.670316100120544434e-01
3.506049346923828125e+01 7.502820491790771484e-01 6.054267883300781250e+00 1.456394195556640625e+00 -2.113783359527587891e-01 1.479408740997314453e-01
4.795510864257812500e+02 2.038858175277709961e+00 8.567926406860351562e+00 -3.364098072052001953e-01 -5.156886577606201172e-01 3.448423147201538086e-01
1.115365743637084961e+00 1.335167050361633301e+00 6.960071563720703125e+00 2.768287658691406250e+00 1.913301944732666016e+00 8.995359539985656738e-01
2.295508117675781250e+02 4.712119698524475098e-01 5.278229713439941406e+00 3.608298301696777344e-01 -6.289553642272949219e-01 3.387537002563476562e-01
9.823802947998046875e+01 6.302633881568908691e-01 5.335983276367187500e+00 -5.151522159576416016e-01 3.620815277099609375e-01 5.031453371047973633e-01
1.511138610839843750e+02 1.829350829124450684e+00 7.928954601287841797e+00 -1.126835441589355469e+01 -4.039520263671875000e+00 3.478360474109649658e-01
3.789207458496093750e+01 6.302088499069213867e-02 3.944487810134887695e+00 1.015005111694335938e+00 5.453443527221679688e-01 2.728134095668792725e-01
4.382194900512695312e+01 1.411977648735046387e+00 6.706043720245361328e+00 1.326589584350585938e+00 1.723532676696777344e+00 6.772931814193725586e-01
9.269176483154296875e+01 5.256078839302062988e-01 4.921780109405517578e+00 1.341438293457031250e+00 7.500457763671875000e-01 3.306595981121063232e-01
2.005010070800781250e+02 6.209318041801452637e-01 5.330178260803222656e+00 1.149182319641113281e+00 8.157444000244140625e-01 9.691956043243408203e-01
2.751833534240722656e+01 1.461085677146911621e-01 4.097767829895019531e+00 8.085179328918457031e-01 5.903816223144531250e-01 7.569417357444763184e-01
5.257915878295898438e+01 1.149307489395141602e-01 4.402038574218750000e+00 1.203179359436035156e-01 -2.359950542449951172e-01 9.609871506690979004e-01
5.912564849853515625e+01 4.405301809310913086e-02 4.324785232543945312e+00 6.701850891113281250e-01 6.193232536315917969e-01 4.429663717746734619e-01
9.276541137695312500e+01 1.586612701416015625e+00 7.887828350067138672e+00 1.583168506622314453e+00 5.986881256103515625e-01 9.669967889785766602e-01
3.206065368652343750e+01 4.237808585166931152e-01 4.411233901977539062e+00 1.155936717987060547e+00 5.410003662109375000e-01 5.116117186844348907e-03
2.539844207763671875e+02 2.338445186614990234e-01 4.566552639007568359e+00 4.423379898071289062e-01 -2.121853828430175781e-01 1.861743330955505371e-01
1.755724792480468750e+02 4.612581133842468262e-01 4.968782424926757812e+00 2.890229225158691406e-01 9.958696365356445312e-01 4.397734403610229492e-01
4.153888320922851562e+01 3.530431389808654785e-01 4.999984264373779297e+00 4.967880249023437500e-01 5.967354774475097656e-01 3.492541611194610596e-02
8.347967529296875000e+01 2.520096898078918457e-01 4.863173007965087891e+00 -2.739858627319335938e-01 2.999091148376464844e-01 4.528616666793823242e-01
8.648041534423828125e+01 1.688029170036315918e-01 4.145472526550292969e+00 6.957817077636718750e-01 7.167649269104003906e-01 7.303991913795471191e-01
3.530714416503906250e+02 1.986557960510253906e+00 8.518053054809570312e+00 -2.444846630096435547e+00 -5.394816398620605469e-02 6.820898503065109253e-02
5.041279602050781250e+01 2.572416067123413086e-01 4.340271949768066406e+00 3.371524810791015625e-01 -2.742612361907958984e-01 4.983152449131011963e-01
2.552198791503906250e+01 3.513583540916442871e-01 4.762899398803710938e+00 6.090879440307617188e-02 2.842831611633300781e-01 2.692491412162780762e-01
1.740818023681640625e+02 3.714590549468994141e+00 1.180429458618164062e+01 1.343122482299804688e+01 2.900042533874511719e+00 2.181111574172973633e-01
1.253008556365966797e+01 2.331950664520263672e-01 4.733890056610107422e+00 6.584644317626953125e-01 1.240897178649902344e+00 7.875912785530090332e-01
2.259128952026367188e+01 2.132228016853332520e-01 3.628438711166381836e+00 7.486248016357421875e-01 1.107287406921386719e-01 3.530785907059907913e-03
2.045246429443359375e+02 1.715654134750366211e+00 7.273052215576171875e+00 2.973508834838867188e-01 -1.860511302947998047e-01 1.612182110548019409e-01
8.031453704833984375e+01 1.735574007034301758e-02 3.826288938522338867e+00 7.083892822265625000e-01 2.443313598632812500e-02 2.925166785717010498e-01
1.056150054931640625e+02 9.890294075012207031e-01 6.217583179473876953e+00 -1.146702766418457031e+00 2.566814422607421875e-01 4.275369346141815186e-01
5.571486206054687500e+02 2.784888744354248047e+00 9.910372734069824219e+00 1.745887756347656250e+01 5.895137786865234375e-02 3.761348128318786621e-02
1.532330627441406250e+02 2.157076001167297363e-01 4.797910690307617188e+00 6.256580352783203125e-01 1.274738311767578125e+00 6.871540546417236328e-01
2.866256523132324219e+01 3.264858722686767578e-01 4.506365776062011719e+00 1.309750080108642578e+00 1.034035682678222656e+00 4.392580389976501465e-01
2.692725944519042969e+01 2.768086791038513184e-01 5.074728012084960938e+00 -7.811045646667480469e-01 -6.994283199310302734e-01 4.284166097640991211e-01
2.888677215576171875e+01 4.575706124305725098e-01 4.503998756408691406e+00 7.695913314819335938e-01 5.293607711791992188e-01 5.265204906463623047e-01
8.395212554931640625e+01 3.427684903144836426e-01 5.098380565643310547e+00 7.357478141784667969e-01 -2.655315399169921875e-01 1.591254949569702148e+00
3.799169616699218750e+02 1.106473326683044434e+00 6.493137359619140625e+00 3.733110427856445312e-01 1.215696334838867188e-01 3.624285757541656494e-01
3.251745605468750000e+02 1.142004013061523438e+00 6.637200832366943359e+00 1.225256919860839844e+00 4.066777229309082031e-01 4.500468373298645020e-01
4.308929061889648438e+01 1.219908595085144043e-01 3.899174690246582031e+00 2.737522125244140625e-01 5.117177963256835938e-02 2.563679516315460205e-01
6.574389648437500000e+02 1.457615613937377930e+00 7.037087440490722656e+00 1.842637062072753906e+00 -4.933857917785644531e-01 8.878070861101150513e-02
5.479854736328125000e+02 1.379443168640136719e+00 7.433670997619628906e+00 -3.807737827301025391e+00 -4.013224601745605469e+00 8.356157541275024414e-01
4.299952316284179688e+01 3.448720574378967285e-01 5.172007083892822266e+00 7.250189781188964844e-01 1.444802284240722656e+00 1.017903804779052734e+00
1.600174069404602051e+00 1.809999942779541016e-01 4.574228763580322266e+00 2.706146240234375000e-01 1.400520801544189453e+00 4.649927616119384766e-01
1.258024215698242188e+02 6.494336724281311035e-01 5.733581066131591797e+00 1.477625370025634766e+00 -3.430855274200439453e-01 2.200877964496612549e-01
4.830438995361328125e+01 2.125776410102844238e-01 4.745713710784912109e+00 3.413271903991699219e-01 -2.135038375854492188e-02 6.277450919151306152e-01
3.305830383300781250e+02 1.803172469139099121e+00 7.561373233795166016e+00 9.317968368530273438e+00 2.545177936553955078e+00 2.934556007385253906e-01
1.033646469116210938e+02 2.656546235084533691e-01 4.654056549072265625e+00 4.667782783508300781e-01 7.894277572631835938e-02 3.330958187580108643e-01
3.267614364624023438e+01 1.927876591682434082e+00 8.025547981262207031e+00 -9.560536384582519531e+00 -6.072034835815429688e+00 5.983220934867858887e-01
1.433656768798828125e+02 3.656634688377380371e-01 5.204856872558593750e+00 9.124660491943359375e-01 -1.404500007629394531e-01 5.312912464141845703e-01
2.540239715576171875e+01 2.947766184806823730e-01 4.026712894439697266e+00 4.015851020812988281e-01 4.857301712036132812e-01 3.261252939701080322e-01
1.050509738922119141e+01 1.989580988883972168e-01 4.513966083526611328e+00 5.087924003601074219e-01 1.212081909179687500e+00 1.004776716232299805e+00
6.203775405883789062e+01 6.416869163513183594e-01 5.080618858337402344e+00 1.163077354431152344e+00 -4.480576515197753906e-01 1.503413468599319458e-01
7.642337036132812500e+01 4.231553673744201660e-01 5.029766082763671875e+00 8.405923843383789062e-01 6.028652191162109375e-02 9.610459208488464355e-02
3.202814941406250000e+02 6.916173100471496582e-01 5.438637256622314453e+00 -3.746044635772705078e-01 1.162290573120117188e-02 6.206178069114685059e-01
5.283038940429687500e+02 3.211212754249572754e-01 5.402119159698486328e+00 2.421691417694091797e+00 -1.083850860595703125e-02 6.275971420109272003e-03
2.499595336914062500e+02 4.575681090354919434e-01 4.245353698730468750e+00 -1.979577541351318359e-01 1.973390579223632812e-02 2.531485855579376221e-01
1.814357452392578125e+02 3.853353261947631836e-01 4.767577648162841797e+00 5.949854850769042969e-01 4.043579101562500000e-02 1.454290628433227539e+00
5.020406723022460938e+01 1.554390072822570801e+00 7.417192935943603516e+00 -6.343136787414550781e+00 -5.930761337280273438e+00 8.496941328048706055e-01
4.890464401245117188e+01 3.023617267608642578e-01 4.873813629150390625e+00 4.344224929809570312e-01 -1.761090755462646484e-01 1.083002805709838867e+00
3.325665588378906250e+02 1.342218399047851562e+00 7.240582466125488281e+00 5.806081295013427734e+00 -2.220165729522705078e-01 4.950610548257827759e-02
1.212892684936523438e+02 4.261764287948608398e-01 5.094512939453125000e+00 6.555795669555664062e-02 -7.417476177215576172e-01 1.393320679664611816e+00
3.194104309082031250e+02 2.695230841636657715e-01 4.934850692749023438e+00 7.781028747558593750e-02 6.732225418090820312e-02 2.761482894420623779e-01
7.792640686035156250e+01 2.901692986488342285e-01 4.845689296722412109e+00 6.518173217773437500e-01 -1.447761058807373047e-01 1.012629747390747070e+00
3.072818183898925781e+01 1.108328700065612793e-01 4.587132453918457031e+00 1.102042198181152344e+00 1.231403350830078125e+00 6.577734947204589844e-01
1.786066589355468750e+02 8.348796367645263672e-01 5.808924674987792969e+00 -3.558874130249023438e-02 -1.019794940948486328e+00 7.027330994606018066e-01
2.152012786865234375e+02 1.186022996902465820e+00 6.613788604736328125e+00 -9.219312667846679688e-01 -1.140117645263671875e+00 6.540792584419250488e-01
4.338815689086914062e+01 8.474702835083007812e-01 5.573607444763183594e+00 2.467749118804931641e+00 2.893269062042236328e+00 1.053612112998962402e+00
1.104020080566406250e+02 3.243722915649414062e-01 4.450925827026367188e+00 4.425406455993652344e-01 -9.580612182617187500e-01 5.602692961692810059e-01
1.976600952148437500e+02 1.705778241157531738e-01 4.801317691802978516e+00 2.637672424316406250e-01 -1.377701759338378906e-01 4.507380723953247070e-01
1.849556121826171875e+02 4.765200614929199219e-01 4.867395877838134766e+00 1.158497333526611328e+00 2.407264709472656250e-01 3.263968825340270996e-01
2.896154212951660156e+01 2.964283227920532227e-01 4.857569694519042969e+00 6.161093711853027344e-01 5.433726310729980469e-01 1.176972985267639160e+00
4.347255229949951172e+00 2.827538847923278809e-01 4.604956150054931641e+00 8.584308624267578125e-01 1.132688522338867188e+00 1.194215059280395508e+00
2.273659973144531250e+02 2.516610026359558105e-01 4.650031089782714844e+00 1.029667854309082031e+00 9.996676445007324219e-01 2.413787543773651123e-01
1.836628723144531250e+02 1.074466705322265625e-01 4.117089271545410156e+00 -1.186847686767578125e-01 -4.946470260620117188e-02 4.404110908508300781e-01
4.674412536621093750e+01 1.176717877388000488e-01 4.334627628326416016e+00 1.973843574523925781e-01 4.486322402954101562e-01 8.678941726684570312e-01
1.107052001953125000e+02 -3.553599119186401367e-02 4.140091896057128906e+00 4.384827613830566406e-01 7.690739631652832031e-01 4.309475123882293701e-01
2.907449340820312500e+02 2.877497673034667969e+00 9.908072471618652344e+00 5.574154853820800781e-01 -2.178323268890380859e-01 4.643075466156005859e-01
2.441451835632324219e+01 1.610440015792846680e-01 4.400325775146484375e+00 6.576776504516601562e-02 -5.728077888488769531e-01 4.606511890888214111e-01
4.217728805541992188e+01 3.553233742713928223e-01 4.968651771545410156e+00 9.751224517822265625e-01 7.311844825744628906e-01 7.109789848327636719e-01
8.356853485107421875e+00 2.542251944541931152e-01 4.739161968231201172e+00 3.761339187622070312e-01 -8.508741855621337891e-01 2.304754257202148438e-01
3.007750272750854492e+00 1.706663370132446289e-01 4.282056808471679688e+00 6.076502799987792969e-01 -2.589011192321777344e-01 1.955408751964569092e-01
1.945955657958984375e+02 5.646520853042602539e-01 5.275861740112304688e+00 4.015445709228515625e-01 4.167938232421875000e-01 1.591786444187164307e-01
7.431824493408203125e+01 5.143574476242065430e-01 5.089181900024414062e+00 9.524679183959960938e-01 4.896759986877441406e-01 1.040793776512145996e+00
8.148423004150390625e+01 8.681252598762512207e-01 6.036103248596191406e+00 2.099354267120361328e+00 1.294913291931152344e+00 2.742350697517395020e-01
1.906890869140625000e+02 4.242604374885559082e-01 5.332043647766113281e+00 1.537582874298095703e+00 -2.326226234436035156e-01 2.086485326290130615e-01
6.141994476318359375e+01 2.183030843734741211e-01 4.462518692016601562e+00 8.145880699157714844e-01 -4.193139076232910156e-01 7.280588150024414062e-02
2.770558547973632812e+01 5.076867938041687012e-01 5.355226516723632812e+00 1.217906475067138672e+00 3.490352630615234375e-01 3.196528255939483643e-01
1.336574859619140625e+02 4.018359184265136719e-01 5.026408195495605469e+00 3.388381004333496094e-01 2.707123756408691406e-01 7.381820082664489746e-01
5.490290451049804688e+01 4.328476190567016602e-01 4.723910331726074219e+00 2.048015594482421875e-01 4.697561264038085938e-01 5.989567935466766357e-02
1.426073608398437500e+02 6.787387728691101074e-01 5.740689754486083984e+00 2.802700996398925781e+00 4.121670722961425781e+00 1.190415143966674805e+00
1.663367462158203125e+01 3.613719344139099121e-01 4.520448684692382812e+00 1.156194210052490234e+00 -1.217361688613891602e+00 3.541123569011688232e-01
4.247890472412109375e+00 2.920345067977905273e-01 4.304337501525878906e+00 5.301642417907714844e-01 -9.500801563262939453e-01 1.542066456750035286e-03
1.296917629241943359e+01 3.395612835884094238e-01 4.588899135589599609e+00 4.777503013610839844e-01 3.664064407348632812e-01 6.354628801345825195e-01
