1.816985778808593750e+02 2.263409495353698730e-01 4.427065849304199219e+00 -1.975250244140625000e-01 -3.970777988433837891e-01 4.811135232448577881e-01
1.175266952514648438e+02 1.912944912910461426e-01 4.572977542877197266e+00 5.547738075256347656e-01 1.588106155395507812e-02 6.024439334869384766e-01
2.346889190673828125e+02 9.991382956504821777e-01 6.221240520477294922e+00 1.769995689392089844e+00 3.145384788513183594e-01 2.766520678997039795e-01
2.594297485351562500e+02 3.148802757263183594e+00 1.047261333465576172e+01 1.496000289916992188e+01 6.535389423370361328e+00 4.467678368091583252e-01
1.323035125732421875e+02 2.597516536712646484e+00 9.414991378784179688e+00 4.684503078460693359e+00 3.278484344482421875e+00 7.119739651679992676e-01
2.319655456542968750e+02 9.964394569396972656e-02 4.317887783050537109e+00 4.100155830383300781e-01 -5.057930946350097656e-02 3.299865424633026123e-01
1.241866836547851562e+02 1.075344681739807129e+00 6.319189071655273438e+00 1.250505447387695312e+00 6.179857254028320312e-01 5.092535614967346191e-01
1.610326080322265625e+02 1.860818505287170410e+00 7.711645126342773438e+00 4.924106597900390625e+00 1.400482654571533203e+00 3.564636707305908203e-01
1.548833923339843750e+02 1.577006101608276367e+00 7.453103065490722656e+00 -4.057697296142578125e+00 -6.086941719055175781e+00 1.236317873001098633e+00
1.490287780761718750e+02 8.484825491905212402e-01 5.721468925476074219e+00 -1.259706020355224609e+00 -1.294019222259521484e+00 7.133785486221313477e-01
1.102446212768554688e+02 4.268203377723693848e-01 4.455388069152832031e+00 1.134405136108398438e+00 4.907155036926269531e-01 7.921420335769653320e-01
1.531485443115234375e+02 2.355983257293701172e-01 4.760129928588867188e+00 8.772683143615722656e-01 -1.078653335571289062e-01 1.666812747716903687e-01
5.724574584960937500e+02 9.201433062553405762e-01 6.329098701477050781e+00 7.079911231994628906e-01 3.150296211242675781e-01 3.561734557151794434e-01
1.656604003906250000e+02 1.376522779464721680e-01 4.144929885864257812e+00 2.980923652648925781e-01 -8.334314823150634766e-01 1.060908913612365723e+00
1.122631225585937500e+02 4.211383461952209473e-01 5.234647750854492188e+00 1.180291175842285156e+00 3.857326507568359375e-01 6.357949376106262207e-01
1.993845977783203125e+02 4.894831776618957520e-01 5.333916664123535156e+00 -2.502322196960449219e-01 -3.122353553771972656e-01 5.226980447769165039e-01
1.501004943847656250e+02 6.782203912734985352e-02 4.239092826843261719e+00 8.989906311035156250e-01 3.034496307373046875e-01 7.814169526100158691e-01
2.084248809814453125e+02 6.333346962928771973e-01 5.285044193267822266e+00 7.708501815795898438e-01 1.099634170532226562e-01 3.890303969383239746e-01
1.094795913696289062e+02 1.840537786483764648e+00 7.759263038635253906e+00 4.881167411804199219e-01 3.289985656738281250e-01 3.907243907451629639e-01
1.152669448852539062e+02 5.557793378829956055e-01 4.923719406127929688e+00 7.658243179321289062e-01 -6.595730781555175781e-02 4.040062725543975830e-01
1.459371948242187500e+02 2.209638357162475586e+00 8.995428085327148438e+00 1.157967376708984375e+01 7.606830596923828125e+00 6.803021430969238281e-01
1.752665405273437500e+02 2.026600837707519531e-01 4.636622905731201172e+00 6.063103675842285156e-01 5.311012268066406250e-02 6.352121829986572266e-01
2.087920837402343750e+02 1.764956712722778320e-01 4.591948509216308594e+00 4.752326011657714844e-01 1.735782623291015625e-01 4.533790946006774902e-01
1.198694839477539062e+02 5.425766110420227051e-01 5.281769752502441406e+00 8.082294464111328125e-01 -1.079440116882324219e-02 6.817024350166320801e-01
1.547331390380859375e+02 2.165662765502929688e+00 8.177929878234863281e+00 -1.884872913360595703e+00 -8.488249778747558594e-01 3.684205114841461182e-01
1.252645111083984375e+02 1.863499283790588379e-01 4.391962528228759766e+00 5.535912513732910156e-01 -1.217162609100341797e-01 5.351955890655517578e-01
1.434567718505859375e+02 2.358835339546203613e-01 4.456138610839843750e+00 3.960442543029785156e-01 -6.656527519226074219e-02 4.473768174648284912e-01
2.288265686035156250e+02 6.315592527389526367e-01 5.466622352600097656e+00 6.681680679321289062e-02 -2.449572086334228516e-01 4.846521914005279541e-01
1.437302398681640625e+02 6.297814846038818359e-02 3.666203260421752930e+00 7.809758186340332031e-01 3.488874435424804688e-01 8.887202143669128418e-01
1.580336914062500000e+02 1.183737397193908691e+00 6.446127891540527344e+00 1.800181865692138672e+00 3.072857856750488281e-01 3.737959563732147217e-01
1.135735626220703125e+02 3.868116140365600586e-01 4.864694118499755859e+00 7.036614418029785156e-01 2.051472663879394531e-01 5.658923983573913574e-01
1.321050567626953125e+02 2.076094746589660645e-01 4.211056709289550781e+00 6.481957435607910156e-01 2.966499328613281250e-01 6.218358278274536133e-01
2.259650421142578125e+02 5.039240121841430664e-01 5.177831649780273438e+00 8.681297302246093750e-02 5.961418151855468750e-02 4.770663082599639893e-01
1.636208038330078125e+02 1.025915145874023438e+00 6.534677505493164062e+00 -1.388536691665649414e+00 -6.256508827209472656e-01 3.254103660583496094e-01
1.401139984130859375e+02 6.164233684539794922e-01 4.776075363159179688e+00 2.667236328125000000e-01 -1.418685913085937500e-01 7.040544748306274414e-01
1.452907714843750000e+02 9.108621478080749512e-01 6.013249397277832031e+00 2.256999015808105469e+00 1.157205104827880859e+00 5.453823208808898926e-01
2.020138549804687500e+02 3.804771304130554199e-01 4.499274253845214844e+00 1.135623455047607422e+00 -2.474308013916015625e-02 6.131298542022705078e-01
1.376087951660156250e+02 4.913489222526550293e-01 4.988048553466796875e+00 5.583286285400390625e-01 4.536581039428710938e-01 5.110900998115539551e-01
1.643054046630859375e+02 1.510502338409423828e+00 6.801457881927490234e+00 -5.078740119934082031e+00 -3.153204917907714844e+00 5.203635692596435547e-01
1.391976165771484375e+02 6.506471037864685059e-01 5.334583759307861328e+00 4.878711700439453125e-01 3.752779960632324219e-01 7.460293769836425781e-01
1.717825012207031250e+02 4.269621372222900391e-01 4.877194881439208984e+00 9.950685501098632812e-01 1.028728485107421875e-01 5.352422595024108887e-01
1.275069961547851562e+02 6.494669318199157715e-01 5.205771446228027344e+00 3.162622451782226562e-02 -5.023431777954101562e-01 4.838616251945495605e-01
1.603568267822265625e+02 9.886556863784790039e-02 4.460156440734863281e+00 2.987384796142578125e-03 -2.591907978057861328e-01 7.216780781745910645e-01
2.260602722167968750e+02 1.081474781036376953e+00 5.913375854492187500e+00 1.881122589111328125e-01 -2.134871482849121094e-01 4.263840317726135254e-01
1.102056350708007812e+02 8.046611547470092773e-01 5.721387863159179688e+00 8.209252357482910156e-01 6.275439262390136719e-01 5.020288825035095215e-01
1.444250640869140625e+02 4.279077053070068359e-01 4.777163505554199219e+00 2.170801162719726562e-02 -8.357524871826171875e-02 5.128992795944213867e-01
1.140771026611328125e+02 1.047396779060363770e+00 5.917340755462646484e+00 -6.359302997589111328e-01 -4.959464073181152344e-01 5.099350810050964355e-01
1.481371459960937500e+02 1.669665336608886719e+00 7.565754413604736328e+00 6.923234462738037109e+00 4.394791126251220703e+00 6.887459754943847656e-01
1.073130950927734375e+02 1.258174777030944824e-01 4.014088630676269531e+00 5.196094512939453125e-01 -1.998245716094970703e-01 6.019985079765319824e-01
1.464363861083984375e+02 9.967341423034667969e-01 6.289264678955078125e+00 4.570698738098144531e-01 -2.050459384918212891e-01 4.114477634429931641e-01
1.252645111083984375e+02 1.863499283790588379e-01 4.391962528228759766e+00 5.535912513732910156e-01 -1.217162609100341797e-01 5.351955890655517578e-01
1.384894256591796875e+02 1.641098022460937500e+00 7.172839164733886719e+00 -1.139867305755615234e-01 -4.010975360870361328e-01 4.491982161998748779e-01
1.842444915771484375e+02 8.109502196311950684e-01 5.929270744323730469e+00 1.386508941650390625e+00 5.051207542419433594e-01 4.563027620315551758e-01
1.429608154296875000e+02 4.716795682907104492e-01 5.024982929229736328e+00 2.484083175659179688e-01 -2.324640750885009766e-01 1.052226066589355469e+00
1.496117706298828125e+02 1.103116631507873535e+00 6.413851737976074219e+00 -1.696228981018066406e+00 -1.160352230072021484e+00 5.985176563262939453e-01
2.189835052490234375e+02 6.860504746437072754e-01 5.105950355529785156e+00 1.410186290740966797e+00 4.773378372192382812e-01 4.414352774620056152e-01
1.052919235229492188e+02 3.997251510620117188e+00 1.218528747558593750e+01 -1.561437416076660156e+01 -1.099576759338378906e+01 6.933556795120239258e-01
1.230404739379882812e+02 8.943288326263427734e-01 5.760927200317382812e+00 5.943298339843750000e-02 -4.268622398376464844e-01 5.140159130096435547e-01
1.175719375610351562e+02 7.475116848945617676e-01 5.938727855682373047e+00 9.538602828979492188e-01 2.413320541381835938e-01 4.301293492317199707e-01
9.962159729003906250e+01 1.496691107749938965e-01 4.245206356048583984e+00 6.126022338867187500e-01 -2.089214324951171875e-01 5.584796071052551270e-01
1.947973632812500000e+02 9.010640382766723633e-01 5.699439048767089844e+00 3.363602161407470703e+00 8.138656616210937500e-01 3.574397861957550049e-01
1.270126342773437500e+02 3.741371035575866699e-01 4.769192218780517578e+00 -3.420591354370117188e-01 -4.516923427581787109e-01 6.323617696762084961e-01
2.346449890136718750e+02 3.484460115432739258e-01 4.641366958618164062e+00 7.550454139709472656e-01 1.986813545227050781e-01 4.971064925193786621e-01
1.484729461669921875e+02 7.925354242324829102e-01 5.547492980957031250e+00 -9.412574768066406250e-01 -6.508731842041015625e-01 5.223706960678100586e-01
5.829869384765625000e+02 2.187498331069946289e+00 8.637689590454101562e+00 7.758219242095947266e+00 3.578472137451171875e+00 5.116406679153442383e-01
1.083292388916015625e+02 1.567791104316711426e-01 4.431300163269042969e+00 1.803970336914062500e-01 -4.507791996002197266e-01 8.512067794799804688e-01
1.907490386962890625e+02 6.392026543617248535e-01 4.822488307952880859e+00 -6.002891063690185547e-01 -8.227407932281494141e-01 4.580546617507934570e-01
1.583304901123046875e+02 1.177295446395874023e+00 6.113605499267578125e+00 -1.798138618469238281e+00 -1.257591247558593750e+00 5.455323457717895508e-01
1.363592681884765625e+02 5.323327183723449707e-01 4.947204113006591797e+00 -1.013362407684326172e-01 -1.340579986572265625e-01 4.324372410774230957e-01
5.123681640625000000e+02 4.415862560272216797e-01 4.194700717926025391e+00 7.347321510314941406e-01 4.536032676696777344e-01 4.282316267490386963e-01
1.945060424804687500e+02 5.715557336807250977e-01 5.711087703704833984e+00 -1.075708866119384766e-01 -1.565933227539062500e-01 7.528280019760131836e-01
5.546968383789062500e+02 3.934111118316650391e+00 1.191577625274658203e+01 5.304734706878662109e+00 3.620316982269287109e+00 7.410347461700439453e-01
1.495776519775390625e+02 1.096586346626281738e+00 6.280257701873779297e+00 -1.203004121780395508e+00 -1.451079845428466797e+00 7.726252079010009766e-01
1.607562866210937500e+02 1.161034464836120605e+00 6.917500019073486328e+00 2.728557586669921875e-01 -2.385580539703369141e-01 6.125699877738952637e-01
2.097723541259765625e+02 8.857706189155578613e-01 5.634207725524902344e+00 4.458618164062500000e-01 1.110744476318359375e-01 3.550978004932403564e-01
5.600099487304687500e+02 8.799255490303039551e-01 5.877769947052001953e+00 -9.008145332336425781e-01 -6.957507133483886719e-01 3.927109241485595703e-01
1.032590179443359375e+02 1.118263959884643555e+00 6.533232688903808594e+00 3.531229496002197266e+00 1.528472900390625000e+00 4.857897460460662842e-01
1.235917205810546875e+02 1.443995356559753418e+00 6.775123596191406250e+00 -4.397722244262695312e+00 -1.908749341964721680e+00 3.844588696956634521e-01
1.370433197021484375e+02 5.395483970642089844e-01 4.530519962310791016e+00 -2.322244644165039062e-01 -2.961122989654541016e-01 4.138401746749877930e-01
9.934714508056640625e+01 1.277347207069396973e-01 3.881742715835571289e+00 9.756946563720703125e-01 5.754947662353515625e-02 6.507859230041503906e-01
1.380467529296875000e+02 3.130249381065368652e-01 4.951664924621582031e+00 4.482316970825195312e-01 -2.250218391418457031e-01 8.997588157653808594e-01
2.091278533935546875e+02 3.161543607711791992e-01 4.356739521026611328e+00 -8.073568344116210938e-02 -4.209995269775390625e-02 5.700879096984863281e-01
9.492695617675781250e+01 4.114568233489990234e-03 4.338046550750732422e+00 9.807538986206054688e-01 5.228042602539062500e-02 4.549739360809326172e-01
1.617509460449218750e+02 2.750319838523864746e-01 4.534388542175292969e+00 6.214261054992675781e-01 3.176307678222656250e-01 6.659723520278930664e-01
1.226257781982421875e+02 5.569339394569396973e-01 5.396554946899414062e+00 2.780842781066894531e-01 -7.186734676361083984e-01 1.120540857315063477e+00
1.416831207275390625e+02 2.700033783912658691e-01 4.329256057739257812e+00 -2.379918098449707031e-01 -2.442610263824462891e-01 6.857851743698120117e-01
5.370720825195312500e+02 1.311254620552062988e+00 6.815948486328125000e+00 1.551687717437744141e+00 6.487178802490234375e-01 5.444469451904296875e-01
1.490287780761718750e+02 8.484825491905212402e-01 5.721468925476074219e+00 -1.259706020355224609e+00 -1.294019222259521484e+00 7.133785486221313477e-01
1.244753341674804688e+02 4.872948527336120605e-01 4.607684135437011719e+00 3.272962570190429688e-01 -1.795005798339843750e-01 3.857811689376831055e-01
1.744562683105468750e+02 6.681978702545166016e-01 5.452659606933593750e+00 2.406454086303710938e-01 -1.915800571441650391e-01 6.860896348953247070e-01
1.280029449462890625e+02 1.874448060989379883e-01 4.655245304107666016e+00 -2.111744880676269531e-01 -7.977700233459472656e-01 6.295787692070007324e-01
9.400653076171875000e+01 3.128230571746826172e-03 4.081241607666015625e+00 6.836652755737304688e-02 -4.452383518218994141e-01 6.638703346252441406e-01
2.077797851562500000e+02 2.524780035018920898e-01 4.395606994628906250e+00 1.298227310180664062e+00 4.225945472717285156e-01 7.240789532661437988e-01
1.054668426513671875e+02 2.332124114036560059e-01 3.895242214202880859e+00 -1.917600631713867188e-02 -3.120958805084228516e-01 5.670542120933532715e-01
1.622677154541015625e+02 2.878209352493286133e-01 4.776553153991699219e+00 2.255916595458984375e-02 -2.106380462646484375e-01 5.799906849861145020e-01
1.879247283935546875e+02 7.911757230758666992e-01 5.906128883361816406e+00 -7.528781890869140625e-01 -3.937649726867675781e-01 5.125094652175903320e-01
1.202695159912109375e+02 3.039438724517822266e-01 4.814572334289550781e+00 8.671426773071289062e-01 -2.066862583160400391e-01 4.184258282184600830e-01
1.083680648803710938e+02 1.748369932174682617e-01 4.686038494110107422e+00 3.306889533996582031e-01 -2.382826805114746094e-01 8.294727802276611328e-01
1.992974700927734375e+02 1.033630251884460449e+00 6.576386928558349609e+00 2.594375610351562500e-01 3.330349922180175781e-01 6.554827690124511719e-01
2.000876617431640625e+02 8.763263821601867676e-01 6.269937515258789062e+00 -1.102552413940429688e+00 -5.817818641662597656e-01 3.916242718696594238e-01
1.507364807128906250e+02 3.636237382888793945e-01 4.653239250183105469e+00 2.117729187011718750e-01 1.531624794006347656e-01 8.275169134140014648e-01
1.162237319946289062e+02 4.898608326911926270e-01 4.184927940368652344e+00 4.044222831726074219e-01 -1.277554035186767578e-01 5.466876029968261719e-01
1.534573822021484375e+02 1.757428646087646484e+00 7.476099014282226562e+00 2.084619998931884766e+00 9.736800193786621094e-01 6.118299365043640137e-01
1.692962036132812500e+02 1.674972891807556152e+00 7.133879661560058594e+00 7.565736770629882812e-02 -9.365439414978027344e-02 4.358336925506591797e-01
1.844413909912109375e+02 7.442665696144104004e-01 5.487920761108398438e+00 -1.033461093902587891e-01 -3.537583351135253906e-01 4.931760132312774658e-01
2.098839721679687500e+02 9.392506480216979980e-01 5.832102775573730469e+00 1.657772064208984375e+00 7.696938514709472656e-01 5.376027822494506836e-01
1.063647155761718750e+02 1.194308161735534668e+00 6.501361370086669922e+00 -1.532313823699951172e+00 -1.105760335922241211e+00 5.311368703842163086e-01
1.757242584228515625e+02 1.138395190238952637e+00 6.382040023803710938e+00 -6.316339969635009766e-01 -5.920720100402832031e-01 4.952607750892639160e-01
2.045365295410156250e+02 5.261988639831542969e-01 5.028509140014648438e+00 1.380610466003417969e-01 -9.347677230834960938e-02 3.924563825130462646e-01
6.068750610351562500e+02 2.952939271926879883e-01 4.214239120483398438e+00 5.141973495483398438e-01 -2.632498741149902344e-01 4.658523499965667725e-01
1.418876495361328125e+02 1.502432465553283691e+00 7.145029067993164062e+00 -9.656560420989990234e-01 -4.419231414794921875e-01 3.715410828590393066e-01
1.650180511474609375e+02 3.969571590423583984e-01 5.021823406219482422e+00 -1.379644870758056641e-01 -3.111243247985839844e-02 2.888535857200622559e-01
1.235236206054687500e+02 1.889037489891052246e-01 4.048971176147460938e+00 3.046393394470214844e-01 -7.468569278717041016e-01 1.180959820747375488e+00
1.056996307373046875e+02 1.404213547706604004e+00 7.067407608032226562e+00 -1.673213243484497070e+00 -1.575442552566528320e+00 5.651477575302124023e-01
1.407263946533203125e+02 2.903947830200195312e-01 4.672504425048828125e+00 7.336068153381347656e-01 -2.997994422912597656e-02 3.875611722469329834e-01
1.430170593261718750e+02 4.611002206802368164e-01 4.756491661071777344e+00 9.307980537414550781e-01 2.455568313598632812e-01 3.675455152988433838e-01
1.603195495605468750e+02 2.255813837051391602e+00 9.006009101867675781e+00 9.295351028442382812e+00 2.371695041656494141e+00 2.958897054195404053e-01
1.554212188720703125e+02 1.128915905952453613e+00 6.107071876525878906e+00 -1.754621267318725586e+00 -5.959105491638183594e-01 3.589872121810913086e-01
1.029800033569335938e+02 2.694304585456848145e-01 4.398763179779052734e+00 5.853176116943359375e-01 -1.075029373168945312e-02 4.126462042331695557e-01
1.648027954101562500e+02 2.646708011627197266e+00 9.608473777770996094e+00 1.457190513610839844e+00 5.684328079223632812e-01 4.497377276420593262e-01
5.423673095703125000e+02 3.142015337944030762e-01 4.504013538360595703e+00 -2.009868621826171875e-01 -8.636879920959472656e-01 6.959709525108337402e-01
1.597794952392578125e+02 6.657570600509643555e-01 5.435660362243652344e+00 4.071712493896484375e-02 -1.806998252868652344e-01 3.742679357528686523e-01
9.769867706298828125e+01 2.469848394393920898e-01 4.496300220489501953e+00 2.114534378051757812e-02 4.110097885131835938e-02 2.481578439474105835e-01
1.999024810791015625e+02 1.401722311973571777e+00 6.715573310852050781e+00 5.334317684173583984e+00 3.331694602966308594e+00 6.060874462127685547e-01
1.174974670410156250e+02 5.813359618186950684e-01 5.138484477996826172e+00 2.110958099365234375e-02 -4.016995429992675781e-01 6.273841261863708496e-01
1.327700042724609375e+02 4.561685323715209961e-01 5.188971519470214844e+00 1.048805713653564453e+00 1.981687545776367188e-01 5.314927697181701660e-01
1.371624755859375000e+02 1.407126069068908691e+00 7.213798522949218750e+00 -2.534872293472290039e+00 -1.231046915054321289e+00 3.956804871559143066e-01
1.370377655029296875e+02 4.488561153411865234e-01 5.206789493560791016e+00 -1.380895376205444336e+00 -1.166584491729736328e+00 6.747905015945434570e-01
1.546067504882812500e+02 1.051959037780761719e+00 6.220114231109619141e+00 1.818678379058837891e+00 5.259728431701660156e-01 4.464050829410552979e-01
1.972824859619140625e+02 9.354705214500427246e-01 6.247000694274902344e+00 3.094217777252197266e+00 6.556868553161621094e-01 2.700489759445190430e-01
1.666038208007812500e+02 6.643084883689880371e-01 4.744440078735351562e+00 -2.699387073516845703e-01 -4.510724544525146484e-01 5.703917741775512695e-01
1.324017028808593750e+02 8.422911167144775391e-02 3.972975254058837891e+00 8.614683151245117188e-01 -2.019608020782470703e-01 6.273431777954101562e-01
9.939921569824218750e+01 -5.024755001068115234e-02 3.973573923110961914e+00 3.018689155578613281e-01 -4.560828208923339844e-02 1.904502213001251221e-01
1.983048248291015625e+02 2.204391479492187500e+00 8.382618904113769531e+00 6.701922416687011719e-01 -2.881765365600585938e-02 3.873641788959503174e-01
1.279325256347656250e+02 4.091488718986511230e-01 4.451629161834716797e+00 7.210707664489746094e-01 -2.982044219970703125e-01 7.436039447784423828e-01
1.901138610839843750e+02 4.909496307373046875e-01 5.032170295715332031e+00 8.647441864013671875e-03 -2.162003517150878906e-01 5.594917535781860352e-01
1.994341888427734375e+02 4.489773511886596680e-01 5.250884532928466797e+00 7.933449745178222656e-01 1.456451416015625000e-01 5.395548939704895020e-01
1.225279083251953125e+02 3.068099021911621094e-01 4.597966670989990234e+00 4.016733169555664062e-01 -8.857011795043945312e-02 4.984067678451538086e-01
9.614460754394531250e+01 -2.953982353210449219e-02 3.696518898010253906e+00 3.869986534118652344e-01 9.366750717163085938e-02 6.544288396835327148e-01
1.327856292724609375e+02 8.914284706115722656e-01 5.590065002441406250e+00 1.637620925903320312e+00 6.709408760070800781e-01 3.196280002593994141e-01
1.138270874023437500e+02 1.766415834426879883e-01 4.543689250946044922e+00 8.874821662902832031e-01 -1.072323322296142578e-01 8.546069264411926270e-01
1.000127334594726562e+02 1.845710873603820801e-01 4.283756732940673828e+00 9.327769279479980469e-01 1.550555229187011719e-01 3.631689548492431641e-01
5.215635986328125000e+02 2.802006006240844727e-01 4.697555065155029297e+00 -3.982007503509521484e-01 -2.958154678344726562e-01 3.861127495765686035e-01
1.332039489746093750e+02 3.426327705383300781e-01 4.949873924255371094e+00 4.240632057189941406e-01 -2.433252334594726562e-01 3.732896149158477783e-01
2.209362792968750000e+02 1.281894445419311523e+00 6.518311977386474609e+00 1.863813400268554688e-01 -5.712127685546875000e-01 5.689685940742492676e-01
2.264856567382812500e+02 7.166176438331604004e-01 5.282073020935058594e+00 -8.640408515930175781e-02 -1.792085170745849609e-01 2.869747579097747803e-01
2.043896179199218750e+02 1.461516618728637695e-01 4.664927959442138672e+00 6.290793418884277344e-01 -5.453109741210937500e-02 1.890162825584411621e-01
1.413675537109375000e+02 1.945129275321960449e+00 8.339131355285644531e+00 -5.733625888824462891e+00 -2.316105365753173828e+00 3.644725084304809570e-01
1.288148956298828125e+02 3.970388770103454590e-01 5.157470703125000000e+00 1.651041507720947266e+00 5.653524398803710938e-01 5.146027207374572754e-01
2.002198486328125000e+02 6.162829995155334473e-01 5.259861946105957031e+00 -2.173924446105957031e-01 -3.903627395629882812e-01 4.091522097587585449e-01
1.598900909423828125e+02 -1.562255620956420898e-02 4.178316116333007812e+00 7.065510749816894531e-01 2.512574195861816406e-01 5.575040578842163086e-01
2.040789794921875000e+02 2.283753156661987305e-01 4.575066566467285156e+00 8.743762969970703125e-01 4.618668556213378906e-01 3.627520203590393066e-01
2.010221710205078125e+02 4.432985782623291016e-01 4.768648147583007812e+00 1.398303508758544922e+00 6.036472320556640625e-01 4.733880162239074707e-01
1.905880889892578125e+02 2.820014715194702148e+00 9.868106842041015625e+00 2.867400646209716797e+00 4.886126518249511719e-01 2.932096123695373535e-01
1.343480377197265625e+02 3.767295479774475098e-01 4.679635524749755859e+00 3.352165222167968750e-03 -4.761362075805664062e-01 3.413553535938262939e-01
2.130426635742187500e+02 2.413278818130493164e-01 3.978127002716064453e+00 5.938029289245605469e-01 1.693320274353027344e-01 4.538475275039672852e-01
1.213964004516601562e+02 7.062891721725463867e-01 5.294198036193847656e+00 1.070525646209716797e+00 1.211333274841308594e-01 5.114796161651611328e-01
1.556107025146484375e+02 1.236944198608398438e-01 4.891543865203857422e+00 7.055974006652832031e-01 -4.892349243164062500e-02 6.366599202156066895e-01
1.582019042968750000e+02 3.924109935760498047e+00 1.213050079345703125e+01 -1.803575515747070312e+01 -1.299061012268066406e+01 6.846516728401184082e-01
1.283126525878906250e+02 1.756146550178527832e+00 7.703458786010742188e+00 -1.693272590637207031e+00 -1.734182834625244141e+00 6.964370012283325195e-01
1.230404739379882812e+02 8.943288326263427734e-01 5.760927200317382812e+00 5.943298339843750000e-02 -4.268622398376464844e-01 5.140159130096435547e-01
1.234703445434570312e+02 1.662961244583129883e-01 4.169114589691162109e+00 5.855607986450195312e-01 -2.001059055328369141e-01 3.668631911277770996e-01
1.150833740234375000e+02 -1.641209125518798828e-01 3.668259620666503906e+00 9.127330780029296875e-01 -3.047740459442138672e-01 6.726348996162414551e-01
1.010893859863281250e+02 2.968447804450988770e-01 4.160464763641357422e+00 1.312882900238037109e+00 5.016851425170898438e-01 6.806268692016601562e-01
9.336862182617187500e+01 -4.407525062561035156e-03 4.007723331451416016e+00 6.182098388671875000e-01 -3.541946411132812500e-02 2.920863330364227295e-01
1.330684661865234375e+02 1.228960156440734863e-01 4.658692359924316406e+00 4.461121559143066406e-01 -2.266764640808105469e-02 1.003454208374023438e+00
1.571271362304687500e+02 2.692024707794189453e-01 4.476889610290527344e+00 -1.602804660797119141e-01 -9.525299072265625000e-02 5.551823973655700684e-01
1.505082397460937500e+02 2.677826881408691406e-01 4.367537021636962891e+00 5.486154556274414062e-01 3.192806243896484375e-01 7.774745821952819824e-01
2.204761505126953125e+02 7.036792039871215820e-01 5.720687866210937500e+00 8.116531372070312500e-01 1.696777343750000000e-01 2.835782766342163086e-01
1.488200378417968750e+02 6.581885814666748047e-01 5.444199085235595703e+00 -4.863739013671875000e-02 1.233816146850585938e-01 5.121031999588012695e-01
1.424014434814453125e+02 3.310007452964782715e-01 4.007947921752929688e+00 3.117632865905761719e-01 3.244495391845703125e-01 4.647664427757263184e-01
1.595346221923828125e+02 1.668946862220764160e+00 7.494937419891357422e+00 -1.174246072769165039e+00 -1.256768703460693359e+00 7.081077098846435547e-01
5.874039306640625000e+02 3.542900085449218750e-01 5.116529464721679688e+00 1.149985790252685547e+00 7.372927665710449219e-01 6.537416577339172363e-01
2.085214843750000000e+02 4.171034097671508789e-01 5.061634540557861328e+00 1.963663101196289062e+00 5.579185485839843750e-01 4.417604207992553711e-01
1.765274810791015625e+02 2.248580932617187500e+00 8.838893890380859375e+00 -2.124582529067993164e+00 -7.386791706085205078e-01 2.879137396812438965e-01
4.960939331054687500e+02 1.050111889839172363e+00 5.964249610900878906e+00 -1.085722446441650391e+00 -3.636741638183593750e-01 2.158123552799224854e-01
1.185972213745117188e+02 7.751516699790954590e-01 5.672781944274902344e+00 -5.314826965332031250e-02 -2.271914482116699219e-01 5.352621674537658691e-01
1.426181182861328125e+02 3.244087696075439453e-01 4.954373359680175781e+00 6.743836402893066406e-01 -2.687680721282958984e-01 3.668227791786193848e-01
1.407805328369140625e+02 1.319797635078430176e-01 4.145960330963134766e+00 7.948970794677734375e-01 5.339527130126953125e-01 9.113868474960327148e-01
1.584157714843750000e+02 1.132556200027465820e-01 4.787755966186523438e+00 6.147265434265136719e-01 1.331090927124023438e-01 5.382356643676757812e-01
2.484764862060546875e+02 4.307335019111633301e-01 4.958868980407714844e+00 -9.320259094238281250e-02 -2.160930633544921875e-01 2.597612440586090088e-01
1.230291748046875000e+02 3.815836310386657715e-01 4.841001987457275391e+00 -5.171382427215576172e-01 -6.794369220733642578e-01 7.748018503189086914e-01
5.618021850585937500e+02 7.574458718299865723e-01 5.442527770996093750e+00 6.686568260192871094e-01 -2.938544750213623047e-01 5.826204419136047363e-01
1.408342285156250000e+02 1.140228390693664551e+00 6.232810020446777344e+00 -7.193517684936523438e-01 -5.699753761291503906e-01 4.682429134845733643e-01
9.813950347900390625e+01 5.175094008445739746e-01 5.209327220916748047e+00 5.772614479064941406e-01 -1.645493507385253906e-01 7.473227977752685547e-01
2.178511352539062500e+02 3.598802685737609863e-01 4.889099121093750000e+00 1.099696159362792969e+00 3.057885169982910156e-01 5.999753475189208984e-01
1.602526855468750000e+02 9.340548515319824219e-02 4.413598060607910156e+00 7.426738739013671875e-01 2.737474441528320312e-01 6.132956147193908691e-01
1.652632904052734375e+02 3.091802597045898438e-01 4.815638542175292969e+00 1.535177230834960938e-01 1.356124877929687500e-02 2.740682959556579590e-01
5.768392333984375000e+02 6.830556988716125488e-01 5.155811786651611328e+00 -4.944229125976562500e-01 -5.929064750671386719e-01 5.699723362922668457e-01
1.718015899658203125e+02 6.666781306266784668e-01 5.133680343627929688e+00 -3.249049186706542969e-01 -1.936089992523193359e-01 5.118780732154846191e-01
2.124258270263671875e+02 1.278986930847167969e+00 7.131463527679443359e+00 -3.949257135391235352e+00 -2.910223007202148438e+00 5.654292106628417969e-01
1.696377410888671875e+02 7.083224654197692871e-01 5.884040355682373047e+00 1.878547668457031250e-01 -3.731513023376464844e-01 5.815209746360778809e-01
1.862185668945312500e+02 4.797998666763305664e-01 5.286037921905517578e+00 5.855631828308105469e-01 1.485371589660644531e-01 5.010919570922851562e-01
2.141674041748046875e+02 5.907077789306640625e-01 5.147145748138427734e+00 -7.117998600006103516e-01 -4.942893981933593750e-01 5.146031379699707031e-01
1.630179901123046875e+02 7.586485743522644043e-01 5.936671257019042969e+00 1.109771728515625000e+00 3.798770904541015625e-01 4.067737162113189697e-01
1.501756896972656250e+02 5.318030714988708496e-01 5.103424072265625000e+00 1.017165184020996094e-01 -4.277324676513671875e-01 7.741850614547729492e-01
1.567945709228515625e+02 8.806020021438598633e-01 5.998145580291748047e+00 -2.384420633316040039e+00 -1.390572786331176758e+00 6.198008060455322266e-01
1.318764038085937500e+02 3.249130249023437500e-01 4.716506004333496094e+00 3.618335723876953125e-01 -2.096915245056152344e-01 3.874023556709289551e-01
1.439137268066406250e+02 1.917609095573425293e+00 7.948636054992675781e+00 -2.515410184860229492e+00 -3.106747865676879883e+00 1.066260576248168945e+00
1.445018463134765625e+02 1.541583418846130371e+00 7.338393211364746094e+00 -4.498714447021484375e+00 -3.045506477355957031e+00 6.059709191322326660e-01
2.093730926513671875e+02 4.490898251533508301e-01 4.872810363769531250e+00 -5.981206893920898438e-02 -1.740062236785888672e-01 6.978065967559814453e-01
5.320672607421875000e+02 7.193041443824768066e-01 5.426056861877441406e+00 3.299927711486816406e-01 6.832599639892578125e-02 5.674818754196166992e-01
1.716543884277343750e+02 1.879960179328918457e+00 8.055467605590820312e+00 -3.744370937347412109e+00 -1.770313978195190430e+00 5.144163966178894043e-01
5.577958374023437500e+02 2.368884682655334473e-01 4.491178512573242188e+00 8.581018447875976562e-01 -1.813685894012451172e-01 8.028982877731323242e-01
2.372716674804687500e+02 2.047784924507141113e-01 4.377903461456298828e+00 5.153441429138183594e-01 2.240133285522460938e-01 4.940265119075775146e-01
2.291645965576171875e+02 5.603381991386413574e-01 5.328867912292480469e+00 1.288788318634033203e+00 2.198386192321777344e-01 4.881028831005096436e-01
1.408667602539062500e+02 1.822467207908630371e+00 8.125718116760253906e+00 -4.485353469848632812e+00 -2.813678979873657227e+00 5.600803494453430176e-01
2.280614166259765625e+02 5.253235697746276855e-01 5.047399997711181641e+00 4.207086563110351562e-01 -1.793491840362548828e-01 5.503993034362792969e-01
1.676490478515625000e+02 3.001955747604370117e-01 4.733625411987304688e+00 9.627056121826171875e-01 3.195858001708984375e-01 4.276078343391418457e-01
5.577556152343750000e+02 2.243572235107421875e+00 8.765707969665527344e+00 3.750596046447753906e+00 1.998813152313232422e+00 6.632289290428161621e-01
1.150341415405273438e+02 6.618004441261291504e-01 5.338779926300048828e+00 -1.784956455230712891e-01 -1.105391979217529297e-01 3.914621472358703613e-01
2.046676177978515625e+02 2.861451625823974609e+00 9.695947647094726562e+00 -6.081227302551269531e+00 -3.560664653778076172e+00 6.019603013992309570e-01
1.769868469238281250e+02 7.446776628494262695e-01 5.979501247406005859e+00 1.656768321990966797e+00 4.026532173156738281e-01 4.399852454662322998e-01
2.178186950683593750e+02 1.049101948738098145e+00 6.005604267120361328e+00 -1.046049594879150391e-01 -2.888262271881103516e-01 4.805038869380950928e-01
5.528558349609375000e+02 1.318288087844848633e+00 6.791047096252441406e+00 -5.887711048126220703e-01 -4.738521575927734375e-01 3.289417922496795654e-01
1.339574584960937500e+02 5.532696843147277832e-01 5.512747287750244141e+00 4.064536094665527344e-01 1.417875289916992188e-02 9.557312726974487305e-01
5.695189208984375000e+02 9.430069923400878906e-01 5.592040061950683594e+00 1.876444816589355469e+00 6.699037551879882812e-01 5.569908022880554199e-01
1.702394256591796875e+02 7.714330554008483887e-01 5.789405822753906250e+00 -2.820563316345214844e-01 -6.072521209716796875e-02 2.982524633407592773e-01
2.291889953613281250e+02 7.578755617141723633e-01 5.908134937286376953e+00 -2.407908439636230469e-01 -2.410507202148437500e-01 6.961188316345214844e-01
1.717869262695312500e+02 8.538142442703247070e-01 5.642287254333496094e+00 -1.912496089935302734e+00 -1.257333755493164062e+00 5.296647548675537109e-01
1.205481796264648438e+02 1.916053056716918945e+00 7.851811408996582031e+00 7.147431373596191406e+00 3.969879150390625000e+00 5.516948103904724121e-01
1.279940261840820312e+02 6.777844429016113281e-01 5.648380756378173828e+00 -5.349910259246826172e-01 -7.893633842468261719e-01 4.378876090049743652e-01
1.602979736328125000e+02 3.709406256675720215e-01 4.970162868499755859e+00 1.070024967193603516e+00 2.791810035705566406e-01 7.651875019073486328e-01
2.007158050537109375e+02 4.926848411560058594e-01 4.931927680969238281e+00 2.159023284912109375e-01 4.515409469604492188e-02 2.028040885925292969e-01
1.069885864257812500e+02 1.361361145973205566e-01 4.133708000183105469e+00 -3.636467456817626953e-01 -4.647696018218994141e-01 7.225072979927062988e-01
1.693324432373046875e+02 9.647209048271179199e-01 6.088845252990722656e+00 2.435374259948730469e+00 7.921862602233886719e-01 4.208062291145324707e-01
1.618385467529296875e+02 5.528718233108520508e-02 4.184720516204833984e+00 2.583265304565429688e-01 -2.521610260009765625e-01 7.058704495429992676e-01
1.549774169921875000e+02 8.025972843170166016e-01 5.471385955810546875e+00 2.137279510498046875e+00 6.978845596313476562e-01 5.070773959159851074e-01
2.098189392089843750e+02 9.132278561592102051e-01 5.847724437713623047e+00 -2.866029739379882812e-01 -5.383253097534179688e-01 3.639947772026062012e-01
1.744540405273437500e+02 1.260838389396667480e+00 6.823371887207031250e+00 2.905704975128173828e+00 5.067420005798339844e-01 2.756887078285217285e-01
1.662751617431640625e+02 5.130304694175720215e-01 4.931771278381347656e+00 8.668279647827148438e-01 4.484176635742187500e-02 4.306649863719940186e-01
5.544898071289062500e+02 6.510329842567443848e-01 5.400619983673095703e+00 7.517623901367187500e-01 1.629590988159179688e-01 4.927546381950378418e-01
1.995126800537109375e+02 2.321726083755493164e-01 4.608640670776367188e+00 9.402275085449218750e-01 1.437759399414062500e-01 4.855607450008392334e-01
2.024891204833984375e+02 1.035793542861938477e+00 6.332722663879394531e+00 -7.626545429229736328e-01 -5.784046649932861328e-01 3.909406661987304688e-01
2.213782806396484375e+02 3.824494481086730957e-01 5.091075897216796875e+00 1.217446327209472656e+00 3.840708732604980469e-01 3.512559831142425537e-01
1.030163421630859375e+02 1.162013292312622070e+00 6.712464332580566406e+00 -3.062382936477661133e+00 -1.559813022613525391e+00 3.874710798263549805e-01
2.087187957763671875e+02 5.693164467811584473e-01 5.090859413146972656e+00 3.009557723999023438e-02 2.810287475585937500e-01 6.797521710395812988e-01
5.100581054687500000e+02 2.253905534744262695e+00 9.081418991088867188e+00 1.387622356414794922e+00 4.199767112731933594e-01 2.909111380577087402e-01
9.790907287597656250e+01 8.444812297821044922e-01 6.035374641418457031e+00 -7.791709899902343750e-01 -7.971727848052978516e-01 5.753075480461120605e-01
1.114981079101562500e+02 6.667702198028564453e-01 5.422811031341552734e+00 3.655695915222167969e-01 1.387047767639160156e-01 3.016056716442108154e-01
9.889935302734375000e+01 2.015592336654663086e+00 8.033864021301269531e+00 8.081081390380859375e+00 2.257621288299560547e+00 3.383079767227172852e-01
2.554070281982421875e+02 1.514021754264831543e-01 4.245698928833007812e+00 8.014035224914550781e-01 1.396512985229492188e-01 2.375617474317550659e-01
2.033047943115234375e+02 1.013044476509094238e+00 6.266722202301025391e+00 -5.792593955993652344e-01 -3.828668594360351562e-01 5.299996137619018555e-01
1.534019165039062500e+02 1.779300808906555176e+00 7.441947460174560547e+00 3.289742469787597656e+00 1.007757186889648438e+00 2.942354381084442139e-01
9.093005371093750000e+01 -3.355205059051513672e-02 4.218032360076904297e+00 5.681252479553222656e-01 -2.132928371429443359e-01 6.366950869560241699e-01
1.888823089599609375e+02 1.245839476585388184e+00 6.679312705993652344e+00 -1.308083534240722656e-02 -6.718039512634277344e-02 4.219337701797485352e-01
1.578384552001953125e+02 1.498217105865478516e+00 7.429162979125976562e+00 5.047473907470703125e+00 3.054933547973632812e+00 6.623130440711975098e-01
1.331116333007812500e+02 1.664760470390319824e+00 7.489964962005615234e+00 9.077026367187500000e+00 7.586007118225097656e+00 9.686345458030700684e-01
1.692131652832031250e+02 3.329499959945678711e-01 5.204661369323730469e+00 2.490067481994628906e-01 -1.015985012054443359e-01 4.411970376968383789e-01
1.385304718017578125e+02 3.885439634323120117e-01 4.925851821899414062e+00 1.064586639404296875e+00 3.183937072753906250e-01 3.618373870849609375e-01
1.920540313720703125e+02 8.219351172447204590e-01 5.391583442687988281e+00 1.007857322692871094e+00 5.370903015136718750e-01 4.782008528709411621e-01
1.594725189208984375e+02 5.794001221656799316e-01 5.320031642913818359e+00 -4.420077800750732422e-01 -3.248727321624755859e-01 4.791928827762603760e-01
1.381397552490234375e+02 3.931695222854614258e-01 4.522925376892089844e+00 5.563187599182128906e-01 -4.627227783203125000e-02 4.644352495670318604e-01
2.329553375244140625e+02 6.091284751892089844e-01 5.366929531097412109e+00 8.593273162841796875e-01 5.633354187011718750e-02 2.794434428215026855e-01
1.288148956298828125e+02 3.970388770103454590e-01 5.157470703125000000e+00 1.651041507720947266e+00 5.653524398803710938e-01 5.146027207374572754e-01
1.459062652587890625e+02 4.097121357917785645e-01 4.830945968627929688e+00 9.918928146362304688e-01 1.519680023193359375e-01 4.151639342308044434e-01
1.744067687988281250e+02 6.292604207992553711e-01 5.192497730255126953e+00 -1.077532768249511719e-02 -8.063435554504394531e-02 3.859855532646179199e-01
1.347251281738281250e+02 -2.769678831100463867e-02 4.474299430847167969e+00 3.615379333496093750e-01 -2.539837360382080078e-01 5.408189296722412109e-01
1.296854553222656250e+02 1.305952072143554688e-01 4.048105716705322266e+00 7.591342926025390625e-01 5.028510093688964844e-01 6.854542493820190430e-01
1.787345886230468750e+02 8.262554407119750977e-01 5.951286792755126953e+00 3.258609771728515625e-01 -7.041096687316894531e-02 4.750514328479766846e-01
1.124708404541015625e+02 3.907181739807128906e+00 1.204136085510253906e+01 -1.908273887634277344e+01 -1.029800987243652344e+01 5.229861140251159668e-01
1.286654205322265625e+02 2.369003772735595703e+00 9.081067085266113281e+00 1.039922237396240234e+00 3.757476806640625000e-01 5.979223251342773438e-01
1.712801208496093750e+02 3.281971216201782227e-01 4.641241073608398438e+00 1.112086772918701172e+00 3.180503845214843750e-02 4.009205102920532227e-01
5.887894897460937500e+02 7.806176543235778809e-01 5.593791007995605469e+00 3.512504100799560547e+00 6.324529647827148438e-01 2.427700906991958618e-01
5.521494140625000000e+02 2.146467685699462891e+00 8.479034423828125000e+00 -9.591921806335449219e+00 -3.308124542236328125e+00 3.044416010379791260e-01
1.572872924804687500e+02 1.583946585655212402e+00 6.979455947875976562e+00 -9.554409980773925781e-01 -2.788519859313964844e-01 2.731476426124572754e-01
1.661166839599609375e+02 4.823726415634155273e-01 5.040162086486816406e+00 7.688879966735839844e-01 5.373716354370117188e-02 3.015723228454589844e-01
1.527646942138671875e+02 1.817971110343933105e+00 7.880130767822265625e+00 1.079738140106201172e+00 2.078986167907714844e-01 6.298428177833557129e-01
2.026050109863281250e+02 2.701958179473876953e+00 9.684485435485839844e+00 9.196057319641113281e+00 6.453766822814941406e+00 7.300274372100830078e-01
1.475284729003906250e+02 1.359952807426452637e+00 6.868002891540527344e+00 6.115460395812988281e+00 4.057154655456542969e+00 7.252024412155151367e-01
1.044716949462890625e+02 5.128768682479858398e-01 4.662281990051269531e+00 1.675927639007568359e+00 6.109881401062011719e-01 5.435232520103454590e-01
1.531874237060546875e+02 2.070168852806091309e-01 4.541986942291259766e+00 7.011413574218750000e-02 -3.486263751983642578e-01 9.921466112136840820e-01
1.654553070068359375e+02 1.994060277938842773e-01 4.561138153076171875e+00 7.521319389343261719e-01 -2.766430377960205078e-01 6.473439931869506836e-01
2.039145965576171875e+02 7.210212945938110352e-01 5.664834022521972656e+00 3.317666053771972656e-01 -9.969592094421386719e-02 4.677096605300903320e-01
2.328943939208984375e+02 5.517567396163940430e-01 5.326068401336669922e+00 1.247973442077636719e+00 5.586242675781250000e-01 5.250122547149658203e-01
1.282211151123046875e+02 3.624653816223144531e-01 4.634893894195556641e+00 -2.330863475799560547e-01 -4.365611076354980469e-01 6.253867149353027344e-01
1.673383789062500000e+02 3.048315048217773438e-01 4.753936767578125000e+00 1.314587593078613281e+00 7.053184509277343750e-01 8.595856428146362305e-01
1.679794311523437500e+02 1.164311051368713379e+00 6.719321250915527344e+00 -1.714241504669189453e-01 -6.639897823333740234e-01 5.465354919433593750e-01
1.725725097656250000e+02 9.218567013740539551e-01 6.200784683227539062e+00 3.106379508972167969e-01 1.089429855346679688e-01 5.225055813789367676e-01
1.550862121582031250e+02 9.613180756568908691e-01 5.797680854797363281e+00 2.369594573974609375e-01 8.260965347290039062e-02 5.321986675262451172e-01
1.225828018188476562e+02 1.861700415611267090e-01 4.323680877685546875e+00 2.281761169433593750e-01 -1.012647151947021484e-01 4.414100944995880127e-01
1.520740966796875000e+02 2.098478674888610840e-01 4.606624603271484375e+00 1.284348964691162109e+00 9.144449234008789062e-01 1.107206225395202637e+00
1.329037628173828125e+02 8.266200423240661621e-01 5.893002510070800781e+00 1.580312252044677734e+00 9.414362907409667969e-01 8.986759781837463379e-01
1.076448593139648438e+02 2.278029322624206543e-01 4.205667972564697266e+00 5.202817916870117188e-01 -1.711273193359375000e-01 6.053920388221740723e-01
1.365925598144531250e+02 2.741856575012207031e-01 4.235004901885986328e+00 7.880163192749023438e-01 2.514219284057617188e-01 4.660831391811370850e-01
1.660600433349609375e+02 4.201586246490478516e-01 4.903636932373046875e+00 7.536816596984863281e-01 6.016874313354492188e-01 5.094273686408996582e-01
1.644494628906250000e+02 4.865724444389343262e-01 5.045273780822753906e+00 5.430674552917480469e-01 4.728865623474121094e-01 4.411920905113220215e-01
1.609129638671875000e+02 1.040350437164306641e+00 6.359043121337890625e+00 1.413388252258300781e+00 6.323409080505371094e-01 6.275770068168640137e-01
1.254607315063476562e+02 6.065535545349121094e-02 4.004256725311279297e+00 4.563546180725097656e-01 2.565789222717285156e-01 9.523403048515319824e-01
1.458159179687500000e+02 2.627168893814086914e-01 4.207087993621826172e+00 2.999758720397949219e-01 1.725387573242187500e-01 4.981308579444885254e-01
2.054768371582031250e+02 5.972205400466918945e-01 5.201037883758544922e+00 9.412860870361328125e-01 1.135230064392089844e-01 3.627343177795410156e-01
1.155846862792968750e+02 1.274251937866210938e+00 6.737369060516357422e+00 -8.123147487640380859e-01 -7.034635543823242188e-01 4.027560651302337646e-01
1.108599395751953125e+02 1.696732044219970703e-01 3.902262926101684570e+00 1.140975952148437500e+00 1.511859893798828125e-01 4.765874147415161133e-01
2.102788238525390625e+02 7.416533827781677246e-01 5.850412845611572266e+00 2.986478805541992188e-01 -3.022074699401855469e-02 4.214323163032531738e-01
1.219365081787109375e+02 2.257739305496215820e-01 4.778538227081298828e+00 4.939794540405273438e-02 -4.775702953338623047e-01 5.478703975677490234e-01
1.565952606201171875e+02 1.290999293327331543e+00 6.669665336608886719e+00 -2.324818372726440430e+00 -7.165288925170898438e-01 3.684669435024261475e-01
1.098404541015625000e+02 4.017661809921264648e-01 4.607419967651367188e+00 6.514120101928710938e-01 2.461385726928710938e-01 4.303503334522247314e-01
1.019295654296875000e+02 6.150704622268676758e-02 4.206933021545410156e+00 8.414745330810546875e-02 -4.628491401672363281e-01 5.548127889633178711e-01
2.147583923339843750e+02 2.089610576629638672e+00 8.498352050781250000e+00 -5.673069000244140625e+00 -2.577233314514160156e+00 3.812782764434814453e-01
2.144537658691406250e+02 1.357346773147583008e-02 4.508158206939697266e+00 1.819705963134765625e-01 -1.183664798736572266e-01 6.672128438949584961e-01
