5.659855400000000373e+04 4.690885787991646794e+01 4.382935049966392604e+00
5.659951750000000175e+04 5.170194839431770362e+01 5.659543196236612062e+00
5.662655000000000291e+04 1.878442636392018983e+02 8.715010407297672401e+00
5.691858766666668089e+04 6.595364131906649163e+01 3.518821158790174053e+01
5.695862700000000041e+04 -1.905439243828312001e+01 1.178756258010253966e+01
5.698144950000000244e+04 6.278274156196697220e+01 2.046589894837257972e+01
5.698244500000000698e+04 4.577046719007774556e+01 6.076228595607270577e+00
5.724468250000000262e+04 3.512406008730078355e+01 8.823280147891333414e+00
5.728364799999999377e+04 2.173779580506367992e+01 6.925753374114671956e+00
5.728663966666666238e+04 2.371117696785069029e+01 6.130978291829051408e+00
5.734161200000000099e+04 2.022216198311508606e+01 1.415261928783374934e+01
5.737056033333332016e+04 4.283492095433490476e+01 4.300150387268224961e+00
5.765862033333331783e+04 4.356287328914328327e+01 4.319353666661136515e+00
5.769550466666668217e+04 3.901710616220935890e+01 8.980629917928808936e+00
5.772045433333332039e+04 4.002163585986926364e+01 4.096561224480406160e+00
5.774845466666665743e+04 5.050289964283786048e+01 5.136981835923647211e+00
5.798870500000000175e+04 2.527173310415264496e+00 1.797999267602087770e+01
5.799269700000000012e+04 6.801670493338849610e+01 1.477054095692900937e+01
5.804752100000000792e+04 3.505543156203918898e+01 1.056504527286970685e+01
5.807656799999999930e+04 1.030386291211679435e+02 2.732339260089188215e+01
5.810647099999999773e+04 3.701801543981588338e+01 1.337356293259050943e+01
5.836763900000000285e+04 4.018133905503453462e+01 8.629108407468859099e+00
5.839851966666668159e+04 5.394978923694149131e+01 5.641426506149103126e+00
5.843154566666667961e+04 5.890712073600267473e+01 8.204374745173405259e+00
