7.150822143554687500e+02 1.076275253295898438e+01 3.819146156311035156e-01 7.783287525177001953e+00 -2.258110046386718750e-02 -6.568050384521484375e-01 5.186424255371093750e-01 5.712035298347473145e-01 1.431576251983642578e+00
7.497515869140625000e+02 7.329391479492187500e+01 1.553373336791992188e-01 7.741553783416748047e+00 5.161571502685546875e-01 -3.762836456298828125e-01 6.184005737304687500e-01 6.629967689514160156e-01 7.014712691307067871e-01
5.945549926757812500e+02 2.984862899780273438e+01 3.424665927886962891e-01 7.982995033264160156e+00 9.134502410888671875e-01 1.169223785400390625e-01 1.701908111572265625e+00 4.208995103836059570e-01 1.395296573638916016e+00
7.032537841796875000e+02 7.684875488281250000e+00 4.513595104217529297e-01 7.613588809967041016e+00 -2.353439331054687500e-01 -2.335071563720703125e-01 7.030487060546875000e-01 2.460256069898605347e-01 6.079271435737609863e-01
7.318471679687500000e+02 1.060967445373535156e+01 8.801174163818359375e-02 7.804514408111572266e+00 2.701496124267578125e+00 1.191642761230468750e+00 2.406936645507812500e+00 6.151952743530273438e-01 5.199968218803405762e-01
7.550350952148437500e+02 2.429954986572265625e+02 2.722611427307128906e-01 7.894001483917236328e+00 -1.342683792114257812e+00 -1.432228088378906250e+00 -5.075473785400390625e-01 5.510794520378112793e-01 7.159838676452636719e-01
7.104017944335937500e+02 5.459382629394531250e+01 1.186428070068359375e-01 7.489309310913085938e+00 2.198242187500000000e+00 5.989990234375000000e-01 2.912879943847656250e+00 4.932760894298553467e-01 1.345673680305480957e+00
7.891037597656250000e+02 1.639132232666015625e+02 1.455097198486328125e-01 7.518307209014892578e+00 -1.033102035522460938e+00 -1.176708221435546875e+00 -2.411058425903320312e+00 5.758602619171142578e-01 1.863932609558105469e+00
6.686320800781250000e+02 6.731740722656250000e+02 1.997089385986328125e-01 7.284765720367431641e+00 1.785547256469726562e+00 2.182846069335937500e-01 2.078008651733398438e+00 6.150093078613281250e-01 1.203444242477416992e+00
7.011557006835937500e+02 6.997219848632812500e+01 2.960441112518310547e-01 7.870140075683593750e+00 1.723224639892578125e+00 2.732353210449218750e-01 3.331531524658203125e+00 3.830691874027252197e-01 1.269468545913696289e+00
7.330758056640625000e+02 3.606037902832031250e+01 2.847118377685546875e-01 7.895161628723144531e+00 1.544179916381835938e+00 3.165473937988281250e-01 2.956752777099609375e-01 4.564267694950103760e-01 6.003834009170532227e-01
7.142664794921875000e+02 1.263070373535156250e+02 1.157970428466796875e-01 7.574386119842529297e+00 -4.600486755371093750e-01 -1.096675872802734375e+00 -4.543418884277343750e-01 7.022979855537414551e-01 8.666995167732238770e-02
5.596565551757812500e+02 2.394595184326171875e+02 -3.259515762329101562e-02 6.920120239257812500e+00 -7.606830596923828125e-01 -7.128028869628906250e-01 -8.582878112792968750e-02 4.421712756156921387e-01 3.632505536079406738e-01
7.013685913085937500e+02 1.822416839599609375e+02 -2.578353881835937500e-02 7.526926517486572266e+00 -5.417613983154296875e-01 -1.072814941406250000e+00 -7.384414672851562500e-01 6.144870519638061523e-01 2.028398036956787109e+00
7.112316284179687500e+02 4.012441101074218750e+02 -1.028161048889160156e-01 7.246743202209472656e+00 -1.792144775390625000e-02 -5.723953247070312500e-01 -8.970756530761718750e-01 5.067661404609680176e-01 6.877938508987426758e-01
7.023101806640625000e+02 2.857946166992187500e+02 7.752776145935058594e-02 7.732290267944335938e+00 8.958816528320312500e-02 -5.917072296142578125e-01 1.836948394775390625e-01 6.246266365051269531e-01 1.531019449234008789e+00
7.595553588867187500e+02 3.013022155761718750e+02 1.805472373962402344e-01 7.662874698638916016e+00 -1.028427124023437500e+00 -1.109983444213867188e+00 -6.777763366699218750e-02 5.638172626495361328e-01 7.659587264060974121e-01
7.590032348632812500e+02 2.690626525878906250e+02 2.185890674591064453e-01 7.738397121429443359e+00 1.436061859130859375e-01 -6.745700836181640625e-01 -8.419418334960937500e-02 6.011869907379150391e-01 1.126227855682373047e+00
7.414087524414062500e+02 7.981653442382812500e+02 1.899170875549316406e-01 7.616074562072753906e+00 1.109430313110351562e+00 -1.258563995361328125e-01 1.032100677490234375e+00 5.773831009864807129e-01 2.247392177581787109e+00
7.590032348632812500e+02 2.690626525878906250e+02 2.185890674591064453e-01 7.738397121429443359e+00 1.436061859130859375e-01 -6.745700836181640625e-01 -8.419418334960937500e-02 6.011869907379150391e-01 1.126227855682373047e+00
7.300832519531250000e+02 1.048225021362304688e+02 5.635433197021484375e-01 7.947824478149414062e+00 -1.587696075439453125e-01 -5.118160247802734375e-01 -1.070014953613281250e+00 4.624137580394744873e-01 8.434773683547973633e-01
7.461930541992187500e+02 8.418140411376953125e+01 1.573057174682617188e-01 7.542684078216552734e+00 -5.219497680664062500e-01 -8.589134216308593750e-01 2.381343841552734375e-01 5.708681941032409668e-01 1.194140791893005371e+00
7.695401000976562500e+02 2.196890830993652344e+00 2.365777492523193359e-01 7.551204681396484375e+00 -5.330371856689453125e-01 -9.773750305175781250e-01 2.075042724609375000e-01 6.265627741813659668e-01 1.121700644493103027e+00
6.802644042968750000e+02 3.422703857421875000e+02 1.004097461700439453e-01 7.495555400848388672e+00 7.034702301025390625e-01 -1.501617431640625000e-01 8.814220428466796875e-01 4.908359348773956299e-01 6.361445188522338867e-01
7.483895263671875000e+02 8.951662445068359375e+01 2.042391300201416016e-01 7.495745182037353516e+00 -3.640747070312500000e-01 -1.046476364135742188e+00 8.106651306152343750e-01 6.135695576667785645e-01 1.644226312637329102e-01
7.497515869140625000e+02 7.329391479492187500e+01 1.553373336791992188e-01 7.741553783416748047e+00 5.161571502685546875e-01 -3.762836456298828125e-01 6.184005737304687500e-01 6.629967689514160156e-01 7.014712691307067871e-01
7.497515869140625000e+02 7.329391479492187500e+01 1.553373336791992188e-01 7.741553783416748047e+00 5.161571502685546875e-01 -3.762836456298828125e-01 6.184005737304687500e-01 6.629967689514160156e-01 7.014712691307067871e-01
7.595553588867187500e+02 3.013022155761718750e+02 1.805472373962402344e-01 7.662874698638916016e+00 -1.028427124023437500e+00 -1.109983444213867188e+00 -6.777763366699218750e-02 5.638172626495361328e-01 7.659587264060974121e-01
6.670889282226562500e+02 9.298519897460937500e+01 4.193692207336425781e-01 7.955064773559570312e+00 -8.529777526855468750e-01 -1.025407791137695312e+00 -8.639678955078125000e-01 5.237187147140502930e-01 4.891234040260314941e-01
7.109827880859375000e+02 1.710999145507812500e+02 2.420082092285156250e-01 7.531856536865234375e+00 -1.090694427490234375e+00 -1.170982360839843750e+00 -6.907825469970703125e-01 6.078306436538696289e-01 7.232378721237182617e-01
7.347477416992187500e+02 8.063459014892578125e+01 2.487287521362304688e-01 7.900423526763916016e+00 1.845817565917968750e-01 -4.857311248779296875e-01 4.924983978271484375e-01 5.234267711639404297e-01 6.682766675949096680e-01
7.435556640625000000e+02 1.829208831787109375e+02 2.660129070281982422e-01 7.919717788696289062e+00 5.131607055664062500e-01 -2.218036651611328125e-01 1.140052795410156250e+00 4.622556567192077637e-01 1.282779932022094727e+00
7.570419311523437500e+02 3.144116973876953125e+01 1.827549934387207031e-01 7.651033401489257812e+00 -1.066383361816406250e+00 -1.406520843505859375e+00 -5.514068603515625000e-01 6.553626060485839844e-01 1.331353783607482910e+00
5.992328491210937500e+02 5.103847656250000000e+02 -6.822156906127929688e-02 7.083561897277832031e+00 -2.935028076171875000e-02 -3.873825073242187500e-01 -2.901020050048828125e-01 4.864343404769897461e-01 8.970744609832763672e-01
7.607561645507812500e+02 7.904816284179687500e+02 -3.983044624328613281e-02 7.207409381866455078e+00 1.075817108154296875e+00 5.274200439453125000e-02 8.526897430419921875e-01 3.958343863487243652e-01 1.573265552520751953e+00
7.719226074218750000e+02 1.956224975585937500e+02 2.214362621307373047e-01 7.737717151641845703e+00 -1.703433990478515625e-01 -9.079761505126953125e-01 -1.018693923950195312e+00 6.050013303756713867e-01 1.411065101623535156e+00
6.875623779296875000e+02 9.158424377441406250e+01 4.852981567382812500e-01 7.991671562194824219e+00 4.426231384277343750e-01 -3.856735229492187500e-01 7.449550628662109375e-01 4.961903095245361328e-01 6.765967011451721191e-01
7.597158813476562500e+02 1.801165924072265625e+02 8.748722076416015625e-02 7.957348346710205078e+00 4.885826110839843750e-01 -3.143615722656250000e-01 -3.639850616455078125e-01 4.565195441246032715e-01 3.254080414772033691e-01
7.620822753906250000e+02 7.013894653320312500e+02 -1.953501701354980469e-01 7.484155654907226562e+00 -3.848037719726562500e-01 -5.533828735351562500e-01 -2.908939361572265625e+00 4.881751835346221924e-01 2.212444543838500977e+00
6.767659912109375000e+02 7.779508666992187500e+02 -1.094093322753906250e-01 7.438489913940429688e+00 6.250724792480468750e-01 -1.734600067138671875e-01 -1.616497039794921875e-01 4.638904929161071777e-01 1.785962700843811035e+00
7.736760864257812500e+02 1.674095153808593750e+02 2.089633941650390625e-01 7.979791641235351562e+00 -1.125028610229492188e+00 -1.389791488647460938e+00 -8.141708374023437500e-02 6.311574578285217285e-01 9.086098670959472656e-01
7.672094726562500000e+02 7.409566650390625000e+02 2.987220287322998047e-01 7.728954315185546875e+00 6.442165374755859375e-01 -2.799949645996093750e-01 -1.168079376220703125e-01 7.151961922645568848e-01 1.483940482139587402e+00
7.499128417968750000e+02 1.738989715576171875e+02 5.752277374267578125e-02 7.999473571777343750e+00 9.782238006591796875e-01 3.213882446289062500e-03 1.378040313720703125e+00 5.827135443687438965e-01 7.724326848983764648e-01
6.925618286132812500e+02 2.680765686035156250e+02 -1.002435684204101562e-01 7.606822013854980469e+00 -3.121166229248046875e-01 -9.098720550537109375e-01 -3.280792236328125000e-01 6.405756473541259766e-01 1.149084210395812988e+00
7.312196044921875000e+02 9.891336059570312500e+01 -1.259493827819824219e-01 7.154707431793212891e+00 3.045883178710937500e-01 -5.877189636230468750e-01 1.218797683715820312e+00 7.746965289115905762e-01 4.786098301410675049e-01
7.631817016601562500e+02 1.226583480834960938e+02 1.929335594177246094e-01 7.913110256195068359e+00 1.320549011230468750e+00 1.562595367431640625e-01 1.928810119628906250e+00 5.954077243804931641e-01 1.442422389984130859e+00
7.364619750976562500e+02 1.080506668090820312e+02 -3.621816635131835938e-01 7.010518074035644531e+00 -1.016540527343750000e-01 -5.992259979248046875e-01 1.727714538574218750e-01 4.860227704048156738e-01 7.533925771713256836e-01
6.921788330078125000e+02 7.900795898437500000e+02 -7.001304626464843750e-02 7.689377307891845703e+00 3.249378204345703125e-01 -3.818874359130859375e-01 -8.515815734863281250e-01 4.697987735271453857e-01 2.276553153991699219e+00
7.489111938476562500e+02 5.756141662597656250e+01 2.149777412414550781e-01 7.633122920989990234e+00 8.802413940429687500e-03 -6.116123199462890625e-01 1.879100799560546875e-01 6.246142387390136719e-01 5.329992771148681641e-01
7.261317749023437500e+02 9.736293792724609375e+01 1.975455284118652344e-01 7.625254154205322266e+00 1.450729370117187500e-02 -5.735092163085937500e-01 1.397687911987304688e+00 6.085051298141479492e-01 1.180517792701721191e+00
7.497515869140625000e+02 7.329391479492187500e+01 1.553373336791992188e-01 7.741553783416748047e+00 5.161571502685546875e-01 -3.762836456298828125e-01 6.184005737304687500e-01 6.629967689514160156e-01 7.014712691307067871e-01
7.700756225585937500e+02 2.796785736083984375e+01 5.837602615356445312e-01 7.801102638244628906e+00 5.136280059814453125e-01 -3.605747222900390625e-01 6.715011596679687500e-01 6.401476263999938965e-01 1.300369977951049805e+00
7.082443847656250000e+02 9.668365478515625000e+01 5.295772552490234375e-01 7.982070922851562500e+00 2.473335266113281250e-01 -4.054374694824218750e-01 5.797748565673828125e-01 5.430620312690734863e-01 6.412897109985351562e-01
7.314147338867187500e+02 9.092296600341796875e+01 9.552478790283203125e-02 7.789879798889160156e+00 -1.047698974609375000e+00 -1.088764190673828125e+00 -4.867725372314453125e-01 4.915273785591125488e-01 1.198789477348327637e+00
5.471437988281250000e+02 4.831935424804687500e+02 1.840658187866210938e-01 7.818084716796875000e+00 1.044883728027343750e-01 -1.918907165527343750e-01 -3.869857788085937500e-01 4.137961864471435547e-01 1.137009143829345703e+00
7.372033081054687500e+02 8.439620971679687500e+01 1.567358970642089844e-01 7.750059127807617188e+00 1.166391372680664062e+00 2.678489685058593750e-01 8.550930023193359375e-01 6.686415672302246094e-01 8.124177455902099609e-01
5.093189086914062500e+02 7.907060241699218750e+01 1.958770751953125000e-01 7.929898262023925781e+00 -8.302497863769531250e-01 -5.347270965576171875e-01 -1.860458374023437500e+00 4.382467269897460938e-01 9.932945966720581055e-01
7.606955566406250000e+02 2.172165679931640625e+02 2.431485652923583984e-01 7.378278255462646484e+00 1.602191925048828125e-01 -4.497108459472656250e-01 7.266921997070312500e-01 4.991332888603210449e-01 1.034856557846069336e+00
7.584907226562500000e+02 6.808507442474365234e+00 3.927502632141113281e-01 7.583496570587158203e+00 6.132297515869140625e-01 -1.567764282226562500e-01 9.036102294921875000e-01 5.308706760406494141e-01 9.739184975624084473e-01
7.695401000976562500e+02 2.196890830993652344e+00 2.365777492523193359e-01 7.551204681396484375e+00 -5.330371856689453125e-01 -9.773750305175781250e-01 2.075042724609375000e-01 6.265627741813659668e-01 1.121700644493103027e+00
7.917567138671875000e+02 7.834592285156250000e+02 1.519131660461425781e-01 7.558360099792480469e+00 9.034843444824218750e-01 -1.020851135253906250e-01 -2.512912750244140625e-01 5.012811422348022461e-01 2.244275569915771484e+00
7.461930541992187500e+02 8.418140411376953125e+01 1.573057174682617188e-01 7.542684078216552734e+00 -5.219497680664062500e-01 -8.589134216308593750e-01 2.381343841552734375e-01 5.708681941032409668e-01 1.194140791893005371e+00
7.739883422851562500e+02 1.229561004638671875e+02 3.188276290893554688e-01 7.847659111022949219e+00 1.413993835449218750e-01 -4.376811981201171875e-01 5.328750610351562500e-02 5.705630779266357422e-01 1.547467231750488281e+00
7.623524780273437500e+02 2.072634735107421875e+02 -1.035699844360351562e-01 7.180345058441162109e+00 7.935047149658203125e-01 -6.196975708007812500e-03 8.192844390869140625e-01 5.158374309539794922e-01 1.515119075775146484e+00
5.203377075195312500e+02 5.182984619140625000e+02 1.722157001495361328e-01 7.468621253967285156e+00 2.054061889648437500e+00 7.181758880615234375e-01 1.098985671997070312e+00 6.215320825576782227e-01 1.038478493690490723e+00
7.728889160156250000e+02 1.254601974487304688e+02 -1.273164749145507812e-01 7.203580856323242188e+00 7.894134521484375000e-01 -1.979866027832031250e-01 1.721103668212890625e+00 6.218249797821044922e-01 1.768056631088256836e+00
5.933570556640625000e+02 4.435517272949218750e+02 7.377815246582031250e-02 7.425607681274414062e+00 1.242294311523437500e-01 -4.570121765136718750e-01 8.027420043945312500e-01 4.452646076679229736e-01 1.398885250091552734e+00
7.489008789062500000e+02 8.285063171386718750e+01 3.180980682373046875e-03 6.773705482482910156e+00 1.953086853027343750e-01 -4.208831787109375000e-01 6.351509094238281250e-01 5.773372650146484375e-01 1.704349279403686523e+00
7.342033691406250000e+02 1.833166198730468750e+02 2.593188285827636719e-01 7.921964168548583984e+00 1.338367462158203125e-01 -4.744510650634765625e-01 2.018260955810546875e-01 6.632438898086547852e-01 4.789271950721740723e-01
5.533029174804687500e+02 2.497929382324218750e+01 3.158080577850341797e-01 7.494603633880615234e+00 1.403505325317382812e+00 4.327106475830078125e-01 2.831333160400390625e+00 5.641302466392517090e-01 1.525297760963439941e+00
7.721264648437500000e+02 1.811121978759765625e+02 1.292839050292968750e-01 6.880653381347656250e+00 4.884624481201171875e-01 -2.547264099121093750e-01 4.984855651855468750e-02 5.809379816055297852e-01 3.694676160812377930e-01
7.216856079101562500e+02 1.046530838012695312e+02 3.349771499633789062e-01 7.253363132476806641e+00 -3.413658142089843750e-01 -6.737403869628906250e-01 -3.620681762695312500e-01 3.811797499656677246e-01 8.498427867889404297e-01
6.268519287109375000e+02 2.404861450195312500e+02 -2.173328399658203125e-02 7.248651504516601562e+00 1.124170303344726562e+00 1.619415283203125000e-01 1.507995605468750000e+00 4.255113005638122559e-01 1.043780922889709473e+00
6.176038818359375000e+02 5.787392578125000000e+02 1.924812793731689453e-01 7.725212097167968750e+00 -4.929313659667968750e-01 -7.508850097656250000e-01 1.839637756347656250e-02 5.592845082283020020e-01 6.560469865798950195e-01
7.258720703125000000e+02 7.040836334228515625e+01 4.210007190704345703e-01 7.927661895751953125e+00 6.700687408447265625e-01 -1.568565368652343750e-01 -2.469921112060546875e-01 5.491013526916503906e-01 4.908523559570312500e-01
7.946112670898437500e+02 2.456805419921875000e+02 -9.662079811096191406e-02 7.382627487182617188e+00 -3.118400573730468750e-01 -6.017265319824218750e-01 -3.480148315429687500e-02 4.939581453800201416e-01 1.752252697944641113e+00
7.142886352539062500e+02 8.200701141357421875e+01 -1.630210876464843750e-02 7.142741680145263672e+00 3.838157653808593750e-01 -2.771224975585937500e-01 -7.230606079101562500e-01 4.871019124984741211e-01 8.132097721099853516e-01
5.204288940429687500e+02 3.760952148437500000e+02 3.300433158874511719e-01 7.706939697265625000e+00 1.340831756591796875e+00 3.390522003173828125e-01 1.642457962036132812e+00 5.429434180259704590e-01 1.417906284332275391e+00
6.978383789062500000e+02 3.044765090942382812e+01 3.542160987854003906e-01 7.955117225646972656e+00 1.657697677612304688e+00 4.435176849365234375e-01 2.730564117431640625e+00 5.066044330596923828e-01 1.046793699264526367e+00
7.372127075195312500e+02 1.626077880859375000e+02 -9.077000617980957031e-02 7.353368759155273438e+00 -1.277542114257812500e-02 -3.474216461181640625e-01 -2.576770782470703125e-01 4.879958927631378174e-01 6.266474127769470215e-01
7.688403320312500000e+02 1.081550788879394531e+01 2.387497425079345703e-01 7.704664230346679688e+00 2.533508300781250000e+00 9.280490875244140625e-01 1.697301864624023438e+00 6.453534960746765137e-01 5.489642024040222168e-01
7.661349487304687500e+02 7.924655761718750000e+02 7.678055763244628906e-02 7.300563335418701172e+00 5.348052978515625000e-01 -3.144187927246093750e-01 1.090831756591796875e-01 5.959665775299072266e-01 1.616640329360961914e+00
7.541055297851562500e+02 7.901015014648437500e+02 2.857747077941894531e-01 7.953444957733154297e+00 2.046394348144531250e-01 -5.881996154785156250e-01 -6.974906921386718750e-01 5.780915021896362305e-01 2.130385398864746094e+00
7.435556640625000000e+02 1.829208831787109375e+02 2.660129070281982422e-01 7.919717788696289062e+00 5.131607055664062500e-01 -2.218036651611328125e-01 1.140052795410156250e+00 4.622556567192077637e-01 1.282779932022094727e+00
6.718623046875000000e+02 7.942619628906250000e+02 2.717204093933105469e-01 7.764067173004150391e+00 1.829578399658203125e+00 3.173713684082031250e-01 1.943723678588867188e+00 4.186700582504272461e-01 1.930524110794067383e+00
7.519472656250000000e+02 1.651987609863281250e+02 6.490039825439453125e-02 7.249572753906250000e+00 4.810295104980468750e-01 -2.667732238769531250e-01 -5.835227966308593750e-01 5.802704691886901855e-01 1.841398328542709351e-01
7.604029541015625000e+02 9.546263122558593750e+01 1.942691802978515625e-01 7.113909721374511719e+00 -1.079448699951171875e+00 -1.404516220092773438e+00 -1.245233535766601562e+00 6.680410504341125488e-01 7.690671682357788086e-01
7.011557006835937500e+02 6.997219848632812500e+01 2.960441112518310547e-01 7.870140075683593750e+00 1.723224639892578125e+00 2.732353210449218750e-01 3.331531524658203125e+00 3.830691874027252197e-01 1.269468545913696289e+00
7.323071899414062500e+02 4.666224670410156250e+01 3.282866477966308594e-01 7.867949485778808594e+00 1.445545196533203125e+00 2.393074035644531250e-01 2.717651367187500000e+00 5.898379087448120117e-01 1.442695736885070801e+00
6.963079223632812500e+02 6.874159545898437500e+02 -1.379206180572509766e-01 6.917892932891845703e+00 2.804412841796875000e-01 -3.505096435546875000e-01 -9.881019592285156250e-02 4.778021574020385742e-01 1.335375428199768066e+00
7.628129272460937500e+02 7.891868286132812500e+02 6.348180770874023438e-02 7.631004810333251953e+00 1.162233352661132812e+00 7.234954833984375000e-02 1.650323867797851562e+00 5.566387772560119629e-01 1.572496294975280762e+00
7.547263793945312500e+02 3.336798477172851562e+01 3.062498569488525391e-01 7.791090965270996094e+00 1.630744934082031250e-01 -4.152870178222656250e-01 4.947052001953125000e-01 4.099747240543365479e-01 1.499719619750976562e+00
7.588970947265625000e+02 5.233073806762695312e+01 1.616177558898925781e-01 7.782914638519287109e+00 1.996006011962890625e+00 3.491058349609375000e-01 -2.119064331054687500e-03 3.927962779998779297e-01 2.007529288530349731e-01
7.714055786132812500e+02 3.381764831542968750e+02 1.624453067779541016e-01 7.830068111419677734e+00 -6.091747283935546875e-01 -6.413097381591796875e-01 -3.833198547363281250e-02 4.505836367607116699e-01 1.108464121818542480e+00
7.644710083007812500e+02 3.923647308349609375e+01 3.069999217987060547e-01 7.789844036102294922e+00 1.493854522705078125e+00 1.948051452636718750e-01 1.599845886230468750e+00 4.524052739143371582e-01 8.039715886116027832e-01
7.066882934570312500e+02 4.031455612182617188e+01 1.926765441894531250e-01 7.900382995605468750e+00 4.939117431640625000e-01 -2.471008300781250000e-01 -1.134147644042968750e-01 6.603623032569885254e-01 7.579877972602844238e-01
7.595553588867187500e+02 3.013022155761718750e+02 1.805472373962402344e-01 7.662874698638916016e+00 -1.028427124023437500e+00 -1.109983444213867188e+00 -6.777763366699218750e-02 5.638172626495361328e-01 7.659587264060974121e-01
7.292749633789062500e+02 6.735494384765625000e+02 1.313087940216064453e-01 7.972773075103759766e+00 -4.230899810791015625e-01 -8.094768524169921875e-01 -1.155944824218750000e+00 5.844298601150512695e-01 1.167845368385314941e+00
7.893449707031250000e+02 9.203605651855468750e+01 4.520680904388427734e-01 7.953186511993408203e+00 8.107013702392578125e-01 -1.831836700439453125e-01 1.033073425292968750e+00 3.908720910549163818e-01 1.736274659633636475e-01
7.707664184570312500e+02 1.655242156982421875e+02 -4.305982589721679688e-02 7.266512870788574219e+00 -2.252502441406250000e-01 -9.164886474609375000e-01 3.473587036132812500e-01 6.287038922309875488e-01 2.136172294616699219e+00
7.597158813476562500e+02 1.801165924072265625e+02 8.748722076416015625e-02 7.957348346710205078e+00 4.885826110839843750e-01 -3.143615722656250000e-01 -3.639850616455078125e-01 4.565195441246032715e-01 3.254080414772033691e-01
6.618840332031250000e+02 2.249778747558593750e+02 -1.598639488220214844e-01 7.239964962005615234e+00 -5.476703643798828125e-01 -6.193008422851562500e-01 -7.122802734375000000e-02 3.983226418495178223e-01 6.770105361938476562e-01
6.527564697265625000e+02 2.266940155029296875e+02 1.084914207458496094e-01 7.903291225433349609e+00 1.816139221191406250e+00 3.993263244628906250e-01 1.188983917236328125e+00 6.096686124801635742e-01 5.260821580886840820e-01
7.763969116210937500e+02 3.214149169921875000e+02 -1.488611698150634766e-01 7.027630805969238281e+00 3.986377716064453125e-01 -1.912918090820312500e-01 5.741233825683593750e-01 3.932006955146789551e-01 2.121943473815917969e+00
7.297326660156250000e+02 9.583756446838378906e+00 3.099014759063720703e-01 7.928623199462890625e+00 -1.399898529052734375e-01 -7.048492431640625000e-01 9.673347473144531250e-01 6.206714510917663574e-01 1.986157298088073730e+00
6.802918701171875000e+02 6.555048370361328125e+01 3.091325759887695312e-01 7.866528511047363281e+00 1.780071258544921875e+00 2.051200866699218750e-01 1.967243194580078125e+00 4.599131345748901367e-01 9.056869149208068848e-01
7.771572875976562500e+02 3.881249666213989258e+00 5.940022468566894531e-01 7.932862281799316406e+00 2.633247375488281250e-01 -4.313907623291015625e-01 9.741592407226562500e-01 5.214369893074035645e-01 8.980100750923156738e-01
6.927875976562500000e+02 1.034953918457031250e+02 2.654070854187011719e-01 7.724868774414062500e+00 1.858034133911132812e+00 5.317707061767578125e-01 9.434413909912109375e-01 5.392951369285583496e-01 6.581712365150451660e-01
7.435556640625000000e+02 1.829208831787109375e+02 2.660129070281982422e-01 7.919717788696289062e+00 5.131607055664062500e-01 -2.218036651611328125e-01 1.140052795410156250e+00 4.622556567192077637e-01 1.282779932022094727e+00
7.580894165039062500e+02 1.033963394165039062e+01 2.401731014251708984e-01 7.613827705383300781e+00 -5.480651855468750000e-01 -1.103006362915039062e+00 -1.551704406738281250e-01 5.884181261062622070e-01 3.373347222805023193e-01
7.365630493164062500e+02 1.614424896240234375e+02 1.699724197387695312e-01 7.800154685974121094e+00 -5.039253234863281250e-01 -1.167848587036132812e+00 -2.900886535644531250e-02 6.374062299728393555e-01 8.997254967689514160e-01
7.434259033203125000e+02 2.060519256591796875e+02 4.564757347106933594e-01 7.949268817901611328e+00 8.434295654296875000e-02 -5.482425689697265625e-01 7.521724700927734375e-01 6.040986776351928711e-01 4.172709584236145020e-01
7.662735595703125000e+02 7.954324340820312500e+02 3.070836067199707031e-01 7.897811889648437500e+00 -4.448223114013671875e-01 -6.195564270019531250e-01 -3.101242065429687500e+00 4.313422441482543945e-01 1.917734146118164062e+00
7.124320068359375000e+02 2.695220947265625000e+02 2.133142948150634766e-01 7.942874431610107422e+00 2.274436950683593750e+00 3.410530090332031250e-01 2.364957809448242188e+00 3.091471195220947266e-01 9.169343113899230957e-01
7.347477416992187500e+02 8.063459014892578125e+01 2.487287521362304688e-01 7.900423526763916016e+00 1.845817565917968750e-01 -4.857311248779296875e-01 4.924983978271484375e-01 5.234267711639404297e-01 6.682766675949096680e-01
7.679544677734375000e+02 5.246083068847656250e+01 1.740767955780029297e-01 7.567769527435302734e+00 3.954486846923828125e-01 -3.664436340332031250e-01 3.593635559082031250e-02 6.890377402305603027e-01 6.627482175827026367e-01
7.745613403320312500e+02 6.421031951904296875e+01 5.083107948303222656e-01 7.906873703002929688e+00 6.139907836914062500e-01 -4.838161468505859375e-01 4.375991821289062500e-01 4.357077479362487793e-01 3.879306316375732422e-01
7.346574096679687500e+02 2.781386375427246094e+01 2.379953861236572266e-01 7.427685737609863281e+00 -5.418281555175781250e-01 -1.040985107421875000e+00 -2.543296813964843750e-01 5.749421119689941406e-01 5.358215570449829102e-01
7.497515869140625000e+02 7.329391479492187500e+01 1.553373336791992188e-01 7.741553783416748047e+00 5.161571502685546875e-01 -3.762836456298828125e-01 6.184005737304687500e-01 6.629967689514160156e-01 7.014712691307067871e-01
6.047268676757812500e+02 5.023575439453125000e+02 -3.425192832946777344e-02 7.575618267059326172e+00 1.049936294555664062e+00 2.112216949462890625e-01 8.730354309082031250e-01 5.432621836662292480e-01 1.049324870109558105e+00
7.488375854492187500e+02 8.968180847167968750e+01 -1.887869834899902344e-01 7.022332191467285156e+00 6.066608428955078125e-01 -3.455352783203125000e-02 1.911909103393554688e+00 5.908359885215759277e-01 1.379599332809448242e+00
7.754556274414062500e+02 9.611180877685546875e+01 2.025151252746582031e-02 7.626731872558593750e+00 4.072952270507812500e-02 -4.418487548828125000e-01 2.563018798828125000e-01 5.961558818817138672e-01 6.108867526054382324e-01
7.639723510742187500e+02 7.647620239257812500e+02 1.835646629333496094e-01 7.687799930572509766e+00 1.837219238281250000e+00 4.257869720458984375e-01 2.175228118896484375e+00 6.120598316192626953e-01 1.829826712608337402e+00
6.817037963867187500e+02 4.211717224121093750e+01 5.083611011505126953e-01 7.812847614288330078e+00 2.106287002563476562e+00 7.252044677734375000e-01 3.036502838134765625e+00 6.008702516555786133e-01 1.071759223937988281e+00
7.609595947265625000e+02 5.232447814941406250e+01 1.779918670654296875e-01 7.684418678283691406e+00 1.191120147705078125e-01 -3.718032836914062500e-01 -2.073173522949218750e-01 4.901495873928070068e-01 1.115934371948242188e+00
7.342033691406250000e+02 1.833166198730468750e+02 2.593188285827636719e-01 7.921964168548583984e+00 1.338367462158203125e-01 -4.744510650634765625e-01 2.018260955810546875e-01 6.632438898086547852e-01 4.789271950721740723e-01
7.867569580078125000e+02 7.474664306640625000e+02 8.192157745361328125e-02 7.184636116027832031e+00 1.148088455200195312e+00 -5.364990234375000000e-02 1.467708587646484375e+00 5.970933437347412109e-01 1.318593621253967285e+00
7.591553955078125000e+02 3.122599983215332031e+01 -6.104755401611328125e-02 7.086440086364746094e+00 -9.993896484375000000e-01 -8.832054138183593750e-01 -8.585700988769531250e-01 4.703940749168395996e-01 2.958208620548248291e-01
6.997612915039062500e+02 1.701080322265625000e+02 -2.717494964599609375e-03 7.614761829376220703e+00 1.558494567871093750e-01 -4.869575500488281250e-01 9.628448486328125000e-01 6.442756652832031250e-01 1.527238488197326660e+00
7.508120117187500000e+02 9.245432281494140625e+01 1.103434562683105469e-01 7.377848625183105469e+00 -1.322269439697265625e-01 -9.079780578613281250e-01 1.155900955200195312e+00 7.889819741249084473e-01 1.357292890548706055e+00
6.113313598632812500e+02 1.046771774291992188e+02 -1.404333114624023438e-01 7.371290206909179688e+00 1.044664382934570312e+00 -4.023933410644531250e-02 2.184417724609375000e+00 5.104046463966369629e-01 1.407224535942077637e+00
7.630320434570312500e+02 5.639436721801757812e+01 3.056776523590087891e-01 7.742876052856445312e+00 7.959098815917968750e-01 -3.321857452392578125e-01 8.603878021240234375e-01 6.109330058097839355e-01 9.371113181114196777e-01
7.480014648437500000e+02 7.730014038085937500e+01 2.504982948303222656e-01 7.803894996643066406e+00 5.677127838134765625e-01 -1.080970764160156250e-01 -5.117034912109375000e-02 3.394861817359924316e-01 8.243950605392456055e-01
5.322036743164062500e+02 2.467336463928222656e+01 -9.790086746215820312e-02 7.105888843536376953e+00 -6.459274291992187500e-01 -6.566410064697265625e-01 4.924488067626953125e-01 4.381257295608520508e-01 5.251963138580322266e-01
7.298488159179687500e+02 1.415058135986328125e+02 4.212336540222167969e-01 7.895987510681152344e+00 1.531967163085937500e+00 2.708778381347656250e-01 5.409927368164062500e-01 6.171611547470092773e-01 4.471307694911956787e-01
7.718325195312500000e+02 4.170180130004882812e+01 1.991918087005615234e-01 7.585552692413330078e+00 1.936531066894531250e-01 -3.129997253417968750e-01 3.169269561767578125e-01 4.870225489139556885e-01 1.293142914772033691e+00
6.895797729492187500e+02 4.178387832641601562e+01 2.578685283660888672e-01 7.889508247375488281e+00 6.837692260742187500e-01 -2.199401855468750000e-01 1.406469345092773438e+00 4.975209832191467285e-01 8.064789772033691406e-01
7.497515869140625000e+02 7.329391479492187500e+01 1.553373336791992188e-01 7.741553783416748047e+00 5.161571502685546875e-01 -3.762836456298828125e-01 6.184005737304687500e-01 6.629967689514160156e-01 7.014712691307067871e-01
7.520183715820312500e+02 5.976234817504882812e+01 -5.827617645263671875e-02 7.846713066101074219e+00 1.119308471679687500e-01 -5.437831878662109375e-01 8.505363464355468750e-01 6.082943677902221680e-01 6.903034448623657227e-01
7.829392089843750000e+02 1.526887817382812500e+02 3.614425659179687500e-04 7.396674633026123047e+00 -3.682785034179687500e-01 -9.504909515380859375e-01 -2.284145355224609375e-01 6.940425038337707520e-01 2.224108934402465820e+00
7.113187255859375000e+02 8.911139488220214844e+00 1.517620086669921875e-01 7.965877056121826172e+00 3.696212768554687500e-01 -3.579692840576171875e-01 1.179063796997070312e+00 5.574150681495666504e-01 1.951566815376281738e+00
7.717046508789062500e+02 1.072938537597656250e+02 1.423020362854003906e-01 7.615614891052246094e+00 -9.011421203613281250e-01 -1.260025024414062500e+00 3.873977661132812500e-01 6.610142588615417480e-01 5.408902168273925781e-01
6.639171142578125000e+02 5.003908920288085938e+01 1.274454593658447266e-01 7.587311744689941406e+00 1.326959609985351562e+00 2.852039337158203125e-01 1.327840805053710938e+00 5.011221766471862793e-01 1.127871990203857422e+00
7.590032348632812500e+02 2.690626525878906250e+02 2.185890674591064453e-01 7.738397121429443359e+00 1.436061859130859375e-01 -6.745700836181640625e-01 -8.419418334960937500e-02 6.011869907379150391e-01 1.126227855682373047e+00
7.102219848632812500e+02 4.936882019042968750e+01 6.452572345733642578e-01 7.949018955230712891e+00 1.175331115722656250e+00 -7.354736328125000000e-02 1.233688354492187500e+00 5.707110762596130371e-01 8.785657882690429688e-01
7.280380249023437500e+02 1.433915405273437500e+02 -1.664450168609619141e-01 7.202981948852539062e+00 4.945526123046875000e-01 -2.402133941650390625e-01 3.334274291992187500e-01 5.810556411743164062e-01 1.433721303939819336e+00
7.353822021484375000e+02 4.878195953369140625e+01 -7.560086250305175781e-02 7.486599922180175781e+00 7.453689575195312500e-01 -3.273849487304687500e-01 1.112215042114257812e+00 5.725020766258239746e-01 1.115554690361022949e+00
5.225450439453125000e+02 4.913291931152343750e+02 1.394524574279785156e-01 7.628702640533447266e+00 -1.656494140625000000e-01 -4.740695953369140625e-01 -8.649063110351562500e-02 6.563276052474975586e-01 1.076574563980102539e+00
7.874006347656250000e+02 6.718595886230468750e+01 -8.466410636901855469e-02 7.222856998443603516e+00 4.456996917724609375e-01 -2.017059326171875000e-01 1.308403015136718750e-01 5.700341463088989258e-01 7.999055385589599609e-01
7.591215820312500000e+02 1.081473693847656250e+02 4.338388442993164062e-01 7.903922080993652344e+00 -5.980777740478515625e-01 -1.045984268188476562e+00 -5.949954986572265625e-01 6.619969010353088379e-01 8.032017350196838379e-01
7.597158813476562500e+02 1.801165924072265625e+02 8.748722076416015625e-02 7.957348346710205078e+00 4.885826110839843750e-01 -3.143615722656250000e-01 -3.639850616455078125e-01 4.565195441246032715e-01 3.254080414772033691e-01
7.159153442382812500e+02 1.280780881643295288e-01 2.016448974609375000e-01 7.829536914825439453e+00 -1.060791015625000000e-01 -6.542892456054687500e-01 6.079063415527343750e-01 4.589400887489318848e-01 1.127507686614990234e+00
7.499128417968750000e+02 1.738989715576171875e+02 5.752277374267578125e-02 7.999473571777343750e+00 9.782238006591796875e-01 3.213882446289062500e-03 1.378040313720703125e+00 5.827135443687438965e-01 7.724326848983764648e-01
7.529422607421875000e+02 1.245286655426025391e+01 3.258860111236572266e-01 7.429216384887695312e+00 -1.023479461669921875e+00 -1.376293182373046875e+00 -1.227893829345703125e-01 7.544631958007812500e-01 2.455080449581146240e-01
7.473500976562500000e+02 8.202617645263671875e+01 2.429566383361816406e-01 7.948884487152099609e+00 1.458396911621093750e-01 -6.987266540527343750e-01 2.776107788085937500e-01 7.125901579856872559e-01 1.479873359203338623e-01
7.248944702148437500e+02 5.678956604003906250e+01 2.686905860900878906e-01 7.744298934936523438e+00 9.518337249755859375e-01 -2.265739440917968750e-02 9.811019897460937500e-01 5.119935870170593262e-01 2.971161007881164551e-01
7.535388183593750000e+02 2.125934143066406250e+02 -3.499889373779296875e-02 7.745565891265869141e+00 1.060100555419921875e+00 -2.674484252929687500e-02 1.621627807617187500e-02 5.398741960525512695e-01 3.005820214748382568e-01
7.776545410156250000e+02 7.226371002197265625e+01 1.964271068572998047e-01 7.693849086761474609e+00 -4.446945190429687500e-01 -7.607135772705078125e-01 9.399585723876953125e-01 5.868984460830688477e-01 1.171503543853759766e+00
7.410372924804687500e+02 7.525317382812500000e+02 -2.989075183868408203e-01 6.497170925140380859e+00 3.512001037597656250e-01 -5.711040496826171875e-01 -8.007049560546875000e-01 8.641583323478698730e-01 1.722946763038635254e+00
7.506611938476562500e+02 1.331591033935546875e+02 -5.357933044433593750e-02 7.100999832153320312e+00 -4.749832153320312500e-01 -8.578166961669921875e-01 -6.867370605468750000e-01 5.069537162780761719e-01 1.975711107254028320e+00
7.606955566406250000e+02 2.172165679931640625e+02 2.431485652923583984e-01 7.378278255462646484e+00 1.602191925048828125e-01 -4.497108459472656250e-01 7.266921997070312500e-01 4.991332888603210449e-01 1.034856557846069336e+00
7.342033691406250000e+02 1.833166198730468750e+02 2.593188285827636719e-01 7.921964168548583984e+00 1.338367462158203125e-01 -4.744510650634765625e-01 2.018260955810546875e-01 6.632438898086547852e-01 4.789271950721740723e-01
5.244523925781250000e+02 4.839647827148437500e+02 2.949857711791992188e-02 7.453936576843261719e+00 9.752464294433593750e-01 2.603893280029296875e-01 1.843750000000000000e+00 5.208116173744201660e-01 2.077440261840820312e+00
7.458345336914062500e+02 2.321713714599609375e+02 1.177930831909179688e-02 7.510046958923339844e+00 1.550931930541992188e+00 4.540138244628906250e-01 1.282121658325195312e+00 7.513940334320068359e-01 1.188543200492858887e+00
7.462781372070312500e+02 4.543114852905273438e+01 -3.116154670715332031e-02 7.277179718017578125e+00 -5.779953002929687500e-01 -9.536590576171875000e-01 6.354312896728515625e-01 6.126736998558044434e-01 1.231537818908691406e+00
7.268988647460937500e+02 2.802645263671875000e+02 -1.501784324645996094e-01 6.817881107330322266e+00 1.025123596191406250e-01 -4.732646942138671875e-01 -8.045578002929687500e-02 5.188385248184204102e-01 1.205988168716430664e+00
7.679544677734375000e+02 5.246083068847656250e+01 1.740767955780029297e-01 7.567769527435302734e+00 3.954486846923828125e-01 -3.664436340332031250e-01 3.593635559082031250e-02 6.890377402305603027e-01 6.627482175827026367e-01
7.461930541992187500e+02 8.418140411376953125e+01 1.573057174682617188e-01 7.542684078216552734e+00 -5.219497680664062500e-01 -8.589134216308593750e-01 2.381343841552734375e-01 5.708681941032409668e-01 1.194140791893005371e+00
7.407024536132812500e+02 3.819173889160156250e+02 3.877174854278564453e-01 7.792871475219726562e+00 2.096595764160156250e-01 -4.321174621582031250e-01 4.782848358154296875e-01 6.328691244125366211e-01 1.954808533191680908e-01
6.959146118164062500e+02 3.035757141113281250e+02 2.179412841796875000e-01 7.609539031982421875e+00 7.003707885742187500e-01 -2.143287658691406250e-01 -1.172103881835937500e-01 5.319411754608154297e-01 4.540134593844413757e-02
7.235339355468750000e+02 1.556088867187500000e+02 5.444002151489257812e-02 7.249686717987060547e+00 9.442310333251953125e-01 2.670288085937500000e-05 5.825824737548828125e-01 7.528558373451232910e-01 7.367556095123291016e-01
7.260073242187500000e+02 7.835212402343750000e+02 4.218091964721679688e-01 7.853472709655761719e+00 1.637870788574218750e+00 3.546314239501953125e-01 2.096439361572265625e+00 6.332839727401733398e-01 1.897916793823242188e+00
7.455156250000000000e+02 7.463558959960937500e+02 6.944561004638671875e-02 7.501772880554199219e+00 1.867862701416015625e+00 3.348712921142578125e-01 3.120431900024414062e+00 4.613411724567413330e-01 2.181734323501586914e+00
7.444000244140625000e+02 2.391540069580078125e+02 -7.414054870605468750e-02 7.104353427886962891e+00 1.522138595581054688e+00 2.964286804199218750e-01 1.774230957031250000e+00 6.072784662246704102e-01 6.010129451751708984e-01
7.594357299804687500e+02 6.956129455566406250e+01 1.918654441833496094e-01 7.519795894622802734e+00 -1.951477050781250000e+00 -1.830631256103515625e+00 -2.681051254272460938e+00 6.482180953025817871e-01 1.775501370429992676e+00
7.011040649414062500e+02 7.976879882812500000e+02 -2.912049293518066406e-01 7.092268943786621094e+00 4.238739013671875000e-01 -3.893966674804687500e-01 -1.843490600585937500e-01 6.194121241569519043e-01 2.238350152969360352e+00
7.688403320312500000e+02 1.081550788879394531e+01 2.387497425079345703e-01 7.704664230346679688e+00 2.533508300781250000e+00 9.280490875244140625e-01 1.697301864624023438e+00 6.453534960746765137e-01 5.489642024040222168e-01
7.639971923828125000e+02 8.230861663818359375e+01 1.004810333251953125e-01 7.559368610382080078e+00 -1.168420791625976562e+00 -1.568204879760742188e+00 -7.746582031250000000e-01 6.752909421920776367e-01 5.819000005722045898e-01
7.587435913085937500e+02 7.264270019531250000e+01 1.015827655792236328e-01 7.490464210510253906e+00 -1.170162200927734375e+00 -1.160835266113281250e+00 -1.387208938598632812e+00 5.162749886512756348e-01 8.586882948875427246e-01
7.628155517578125000e+02 3.655389785766601562e+01 -4.918074607849121094e-02 7.336899757385253906e+00 -7.851772308349609375e-01 -1.068510055541992188e+00 -9.620075225830078125e-01 5.542438030242919922e-01 1.798956871032714844e+00
7.469222412109375000e+02 1.126822586059570312e+02 5.009317398071289062e-02 7.354741096496582031e+00 1.853902816772460938e+00 6.124897003173828125e-01 9.751091003417968750e-01 5.896336436271667480e-01 3.015691936016082764e-01
7.462781372070312500e+02 4.543114852905273438e+01 -3.116154670715332031e-02 7.277179718017578125e+00 -5.779953002929687500e-01 -9.536590576171875000e-01 6.354312896728515625e-01 6.126736998558044434e-01 1.231537818908691406e+00
6.695247802734375000e+02 1.658743095397949219e+01 4.313449859619140625e-01 7.880393028259277344e+00 7.432365417480468750e-01 -2.517833709716796875e-01 7.107582092285156250e-01 4.941915869712829590e-01 9.316078424453735352e-01
7.803869018554687500e+02 7.580462036132812500e+02 8.630514144897460938e-02 7.817862987518310547e+00 1.321517944335937500e+00 1.273651123046875000e-01 1.439212799072265625e+00 4.958159923553466797e-01 2.079411983489990234e+00
7.070254516601562500e+02 6.925248413085937500e+02 3.803420066833496094e-01 7.947987079620361328e+00 4.404926300048828125e-01 -2.936515808105468750e-01 -7.745666503906250000e-01 5.581246018409729004e-01 1.610837459564208984e+00
7.701347045898437500e+02 4.271299743652343750e+01 -3.453760147094726562e-01 7.013068675994873047e+00 4.475288391113281250e-01 -3.656692504882812500e-01 1.339521408081054688e+00 5.682911872863769531e-01 8.449414968490600586e-01
7.342033691406250000e+02 1.833166198730468750e+02 2.593188285827636719e-01 7.921964168548583984e+00 1.338367462158203125e-01 -4.744510650634765625e-01 2.018260955810546875e-01 6.632438898086547852e-01 4.789271950721740723e-01
7.739883422851562500e+02 1.229561004638671875e+02 3.188276290893554688e-01 7.847659111022949219e+00 1.413993835449218750e-01 -4.376811981201171875e-01 5.328750610351562500e-02 5.705630779266357422e-01 1.547467231750488281e+00
7.538562011718750000e+02 1.359622669219970703e+01 6.273961067199707031e-02 7.714723587036132812e+00 -2.938861846923828125e-01 -6.033115386962890625e-01 1.549602508544921875e+00 4.823711216449737549e-01 1.314779639244079590e+00
7.734411010742187500e+02 1.635998535156250000e+02 -1.372222900390625000e-01 6.926661968231201172e+00 4.035110473632812500e-01 -2.215538024902343750e-01 -5.151195526123046875e-01 4.662312567234039307e-01 1.903453618288040161e-01
5.225751342773437500e+02 4.840500488281250000e+02 3.822870254516601562e-01 7.773650646209716797e+00 -2.302015304565429688e+00 -1.741888046264648438e+00 -8.504199981689453125e-01 5.721796154975891113e-01 7.541695237159729004e-01
7.065316162109375000e+02 7.913132324218750000e+02 3.177382946014404297e-01 7.895231723785400391e+00 9.946632385253906250e-01 -1.255245208740234375e-01 8.781814575195312500e-01 5.517047047615051270e-01 1.698166012763977051e+00
7.356583862304687500e+02 1.226267471313476562e+02 -1.737153530120849609e-01 7.188930988311767578e+00 3.920631408691406250e-01 -2.754840850830078125e-01 8.851356506347656250e-01 5.710315108299255371e-01 1.242471218109130859e+00
7.663120727539062500e+02 7.523695678710937500e+02 2.322409152984619141e-01 7.837659358978271484e+00 1.671121597290039062e+00 3.831176757812500000e-01 1.947238922119140625e+00 5.241728425025939941e-01 2.004062175750732422e+00
7.372127075195312500e+02 1.626077880859375000e+02 -9.077000617980957031e-02 7.353368759155273438e+00 -1.277542114257812500e-02 -3.474216461181640625e-01 -2.576770782470703125e-01 4.879958927631378174e-01 6.266474127769470215e-01
7.550350952148437500e+02 2.429954986572265625e+02 2.722611427307128906e-01 7.894001483917236328e+00 -1.342683792114257812e+00 -1.432228088378906250e+00 -5.075473785400390625e-01 5.510794520378112793e-01 7.159838676452636719e-01
7.934780883789062500e+02 7.783551025390625000e+02 3.689205646514892578e-01 7.852174282073974609e+00 7.226963043212890625e-01 -4.027614593505859375e-01 4.960651397705078125e-01 6.144391298294067383e-01 1.552017927169799805e+00
7.489111938476562500e+02 5.756141662597656250e+01 2.149777412414550781e-01 7.633122920989990234e+00 8.802413940429687500e-03 -6.116123199462890625e-01 1.879100799560546875e-01 6.246142387390136719e-01 5.329992771148681641e-01
4.507305297851562500e+02 4.503811950683593750e+02 -3.533818721771240234e-01 6.682468414306640625e+00 4.528980255126953125e-01 -7.383346557617187500e-03 8.283462524414062500e-01 3.472972512245178223e-01 1.191055774688720703e+00
6.260557861328125000e+02 4.860105590820312500e+02 3.357906341552734375e-01 7.951238155364990234e+00 8.106689453125000000e-01 -1.355819702148437500e-01 3.921337127685546875e-01 4.584431052207946777e-01 1.636328697204589844e+00
7.499128417968750000e+02 1.738989715576171875e+02 5.752277374267578125e-02 7.999473571777343750e+00 9.782238006591796875e-01 3.213882446289062500e-03 1.378040313720703125e+00 5.827135443687438965e-01 7.724326848983764648e-01
7.385578002929687500e+02 7.794100952148437500e+01 -2.618587017059326172e-01 7.269819259643554688e+00 4.758605957031250000e-01 -1.109542846679687500e-01 7.495307922363281250e-01 4.126567840576171875e-01 9.404149055480957031e-01
5.814295654296875000e+02 4.584149780273437500e+02 -8.347749710083007812e-03 7.972119808197021484e+00 -1.335372924804687500e-01 -3.905696868896484375e-01 2.102966308593750000e-01 4.573445022106170654e-01 8.981471061706542969e-01
7.639971923828125000e+02 8.230861663818359375e+01 1.004810333251953125e-01 7.559368610382080078e+00 -1.168420791625976562e+00 -1.568204879760742188e+00 -7.746582031250000000e-01 6.752909421920776367e-01 5.819000005722045898e-01
7.688403320312500000e+02 1.081550788879394531e+01 2.387497425079345703e-01 7.704664230346679688e+00 2.533508300781250000e+00 9.280490875244140625e-01 1.697301864624023438e+00 6.453534960746765137e-01 5.489642024040222168e-01
7.122235107421875000e+02 9.768215942382812500e+01 8.440446853637695312e-02 7.588793277740478516e+00 -5.709743499755859375e-01 -7.820892333984375000e-01 -9.473361968994140625e-01 4.830352962017059326e-01 7.122933864593505859e-01
7.932380371093750000e+02 6.864838256835937500e+02 1.948115825653076172e-01 7.608951568603515625e+00 2.566890716552734375e-01 -2.838859558105468750e-01 3.524818420410156250e-01 5.025379061698913574e-01 1.546070814132690430e+00
7.718325195312500000e+02 4.170180130004882812e+01 1.991918087005615234e-01 7.585552692413330078e+00 1.936531066894531250e-01 -3.129997253417968750e-01 3.169269561767578125e-01 4.870225489139556885e-01 1.293142914772033691e+00
7.787861328125000000e+02 8.389024353027343750e+01 4.996895790100097656e-02 7.648287773132324219e+00 8.604259490966796875e-01 -9.143066406250000000e-02 -1.202945709228515625e-01 5.265632867813110352e-01 1.024431735277175903e-02
7.880258178710937500e+02 9.367388153076171875e+01 5.692265033721923828e-01 7.737000942230224609e+00 1.392717361450195312e+00 9.675788879394531250e-02 4.735927581787109375e-01 5.817878842353820801e-01 6.376435756683349609e-01
7.211622924804687500e+02 1.001719970703125000e+02 2.412075996398925781e-01 7.822194099426269531e+00 -1.195487976074218750e-01 -7.407836914062500000e-01 -4.240245819091796875e-01 6.543493866920471191e-01 7.540894150733947754e-01
7.007391357421875000e+02 7.599503173828125000e+02 -2.689170837402343750e-02 7.483207702636718750e+00 1.292770385742187500e+00 1.120109558105468750e-01 1.820142745971679688e+00 6.818121075630187988e-01 2.509603977203369141e+00
7.961572875976562500e+02 2.233006744384765625e+02 1.050562858581542969e-01 7.606478214263916016e+00 1.641807556152343750e-01 -6.186637878417968750e-01 -1.279678344726562500e-01 7.356940507888793945e-01 1.240892767906188965e+00
7.619935302734375000e+02 3.537615585327148438e+01 9.371757507324218750e-03 7.040579319000244141e+00 -1.592693328857421875e-01 -7.244262695312500000e-01 9.327087402343750000e-01 6.264313459396362305e-01 1.706995815038681030e-01
7.930787353515625000e+02 2.878050231933593750e+02 3.155896663665771484e-01 7.777623176574707031e+00 -4.788589477539062500e-02 -6.837902069091796875e-01 -1.016281127929687500e+00 4.774253070354461670e-01 1.191250205039978027e+00
7.505764770507812500e+02 7.468547973632812500e+02 2.206995487213134766e-01 7.744568347930908203e+00 4.748039245605468750e-01 -2.772941589355468750e-01 -1.514183044433593750e+00 5.736445784568786621e-01 1.492877244949340820e+00
6.860131835937500000e+02 2.215990295410156250e+02 2.071402072906494141e-01 7.985582351684570312e+00 7.396545410156250000e-01 -2.264099121093750000e-01 1.909706115722656250e+00 7.345067858695983887e-01 1.273262262344360352e+00
6.688227539062500000e+02 1.107116241455078125e+02 2.993102073669433594e-01 7.790504455566406250e+00 -4.479560852050781250e-01 -8.189811706542968750e-01 -6.863098144531250000e-01 5.719130039215087891e-01 1.108193039894104004e+00
7.572140502929687500e+02 2.273048858642578125e+02 -2.909111976623535156e-02 6.904961585998535156e+00 6.233062744140625000e-01 -1.072654724121093750e-01 7.947692871093750000e-01 4.878130853176116943e-01 1.550650596618652344e+00
7.228903808593750000e+02 7.054908752441406250e+01 5.550696849822998047e-01 7.895122051239013672e+00 1.142101287841796875e+00 8.080291748046875000e-02 1.746536254882812500e+00 5.598194003105163574e-01 7.924828529357910156e-01
7.467554931640625000e+02 1.707969970703125000e+02 -3.539025783538818359e-01 6.835947036743164062e+00 1.587932586669921875e+00 2.343139648437500000e-01 1.116178512573242188e+00 5.437800884246826172e-01 2.270875722169876099e-01
7.314147338867187500e+02 9.092296600341796875e+01 9.552478790283203125e-02 7.789879798889160156e+00 -1.047698974609375000e+00 -1.088764190673828125e+00 -4.867725372314453125e-01 4.915273785591125488e-01 1.198789477348327637e+00
7.434259033203125000e+02 2.060519256591796875e+02 4.564757347106933594e-01 7.949268817901611328e+00 8.434295654296875000e-02 -5.482425689697265625e-01 7.521724700927734375e-01 6.040986776351928711e-01 4.172709584236145020e-01
7.352196044921875000e+02 2.373666534423828125e+02 2.768945693969726562e-02 7.486548423767089844e+00 4.431247711181640625e-01 -3.108730316162109375e-01 4.767799377441406250e-01 4.065757691860198975e-01 3.906124532222747803e-01
6.877852172851562500e+02 7.724500122070312500e+02 2.183458805084228516e-01 7.914305686950683594e+00 1.867706298828125000e+00 3.717956542968750000e-01 1.415922164916992188e+00 4.149517416954040527e-01 1.373188018798828125e+00
7.580894165039062500e+02 1.033963394165039062e+01 2.401731014251708984e-01 7.613827705383300781e+00 -5.480651855468750000e-01 -1.103006362915039062e+00 -1.551704406738281250e-01 5.884181261062622070e-01 3.373347222805023193e-01
6.895797729492187500e+02 4.178387832641601562e+01 2.578685283660888672e-01 7.889508247375488281e+00 6.837692260742187500e-01 -2.199401855468750000e-01 1.406469345092773438e+00 4.975209832191467285e-01 8.064789772033691406e-01
6.867736206054687500e+02 4.628221893310546875e+01 4.337220191955566406e-01 7.940333843231201172e+00 -5.121459960937500000e-01 -1.006999969482421875e+00 -1.316757202148437500e-01 6.077801585197448730e-01 5.465587377548217773e-01
7.588970947265625000e+02 5.233073806762695312e+01 1.616177558898925781e-01 7.782914638519287109e+00 1.996006011962890625e+00 3.491058349609375000e-01 -2.119064331054687500e-03 3.927962779998779297e-01 2.007529288530349731e-01
6.329403686523437500e+02 5.272577514648437500e+02 1.742372512817382812e-01 7.982078075408935547e+00 2.925014495849609375e-01 -3.065643310546875000e-01 5.771484375000000000e-01 3.433067202568054199e-01 5.781215429306030273e-01
7.779516601562500000e+02 4.398272705078125000e+01 2.235255241394042969e-01 7.790787696838378906e+00 9.367866516113281250e-01 -1.276111602783203125e-01 1.978855133056640625e-01 6.551948189735412598e-01 7.461372017860412598e-01
7.559237670898437500e+02 6.275464248657226562e+01 7.834672927856445312e-02 7.377330780029296875e+00 7.612953186035156250e-01 1.973724365234375000e-02 1.697713851928710938e+00 5.587772130966186523e-01 1.623218297958374023e+00
7.435556640625000000e+02 1.829208831787109375e+02 2.660129070281982422e-01 7.919717788696289062e+00 5.131607055664062500e-01 -2.218036651611328125e-01 1.140052795410156250e+00 4.622556567192077637e-01 1.282779932022094727e+00
7.723605346679687500e+02 3.536295700073242188e+01 3.764085769653320312e-01 7.869043350219726562e+00 1.501808166503906250e-01 -4.942340850830078125e-01 1.059230804443359375e+00 7.255828380584716797e-01 1.394285202026367188e+00
7.713272094726562500e+02 3.128165054321289062e+01 -1.055338382720947266e-01 6.952969074249267578e+00 3.520565032958984375e-01 -2.345485687255859375e-01 -2.325305938720703125e-01 4.557071626186370850e-01 4.117355048656463623e-01
7.486627807617187500e+02 7.737838745117187500e+02 -8.033037185668945312e-03 6.995395183563232422e+00 1.221546173095703125e+00 1.500930786132812500e-01 1.876546859741210938e+00 5.740607380867004395e-01 1.634881258010864258e+00
7.095776367187500000e+02 1.331062622070312500e+02 3.046998977661132812e-01 7.852276325225830078e+00 8.542652130126953125e-01 -2.654438018798828125e-01 1.002313613891601562e+00 6.668716669082641602e-01 8.503245115280151367e-01
5.218465576171875000e+02 5.598756103515625000e+02 4.976356029510498047e-01 7.832882404327392578e+00 4.022697448730468750e+00 1.370548248291015625e+00 7.765655517578125000e-01 4.328489303588867188e-01 1.244550645351409912e-01
7.109827880859375000e+02 1.710999145507812500e+02 2.420082092285156250e-01 7.531856536865234375e+00 -1.090694427490234375e+00 -1.170982360839843750e+00 -6.907825469970703125e-01 6.078306436538696289e-01 7.232378721237182617e-01
7.082443847656250000e+02 9.668365478515625000e+01 5.295772552490234375e-01 7.982070922851562500e+00 2.473335266113281250e-01 -4.054374694824218750e-01 5.797748565673828125e-01 5.430620312690734863e-01 6.412897109985351562e-01
6.062646484375000000e+02 1.362940979003906250e+01 -2.087767124176025391e-01 6.864976406097412109e+00 -1.753749847412109375e-01 -5.179672241210937500e-01 6.692848205566406250e-01 6.300520896911621094e-01 1.096406936645507812e+00
7.622624511718750000e+02 7.215751953125000000e+02 -1.721472740173339844e-01 7.073316574096679688e+00 1.080057144165039062e+00 5.208587646484375000e-02 1.528913497924804688e+00 4.756982624530792236e-01 1.986423969268798828e+00
7.243999023437500000e+02 3.037902221679687500e+02 1.806416511535644531e-01 7.956822872161865234e+00 1.797506332397460938e+00 3.462505340576171875e-01 1.932909011840820312e+00 4.656390845775604248e-01 1.338126182556152344e+00
6.963190307617187500e+02 7.988791503906250000e+02 -5.718135833740234375e-02 7.182981014251708984e+00 -1.653251647949218750e-01 -8.755455017089843750e-01 -7.132301330566406250e-01 7.051172256469726562e-01 1.582976579666137695e+00
7.776545410156250000e+02 7.226371002197265625e+01 1.964271068572998047e-01 7.693849086761474609e+00 -4.446945190429687500e-01 -7.607135772705078125e-01 9.399585723876953125e-01 5.868984460830688477e-01 1.171503543853759766e+00
7.619935302734375000e+02 3.537615585327148438e+01 9.371757507324218750e-03 7.040579319000244141e+00 -1.592693328857421875e-01 -7.244262695312500000e-01 9.327087402343750000e-01 6.264313459396362305e-01 1.706995815038681030e-01
7.583153076171875000e+02 1.112214584350585938e+02 -1.959135532379150391e-01 7.591814041137695312e+00 1.240091323852539062e+00 7.118606567382812500e-02 2.728521347045898438e+00 4.523031115531921387e-01 1.794355392456054688e+00
5.365789184570312500e+02 9.419752502441406250e+01 1.016438007354736328e-01 7.711631774902343750e+00 -2.473323822021484375e+00 -1.474584579467773438e+00 -3.593719482421875000e+00 5.040024518966674805e-01 1.815473794937133789e+00
7.612841796875000000e+02 1.449816284179687500e+02 3.385388851165771484e-01 7.763815402984619141e+00 -1.545066833496093750e-01 -8.477573394775390625e-01 5.200767517089843750e-01 6.188744306564331055e-01 2.378745973110198975e-01
7.356583862304687500e+02 1.226267471313476562e+02 -1.737153530120849609e-01 7.188930988311767578e+00 3.920631408691406250e-01 -2.754840850830078125e-01 8.851356506347656250e-01 5.710315108299255371e-01 1.242471218109130859e+00
7.720134277343750000e+02 4.840034103393554688e+01 5.561778545379638672e-01 7.964837551116943359e+00 1.884939193725585938e+00 6.328659057617187500e-01 1.345027923583984375e+00 6.983934640884399414e-01 4.466851055622100830e-01
7.591215820312500000e+02 1.081473693847656250e+02 4.338388442993164062e-01 7.903922080993652344e+00 -5.980777740478515625e-01 -1.045984268188476562e+00 -5.949954986572265625e-01 6.619969010353088379e-01 8.032017350196838379e-01
7.347477416992187500e+02 8.063459014892578125e+01 2.487287521362304688e-01 7.900423526763916016e+00 1.845817565917968750e-01 -4.857311248779296875e-01 4.924983978271484375e-01 5.234267711639404297e-01 6.682766675949096680e-01
7.801102905273437500e+02 3.164538383483886719e+01 8.324408531188964844e-02 7.853470325469970703e+00 1.582897186279296875e+00 1.982498168945312500e-01 2.514354705810546875e+00 5.437691211700439453e-01 1.572082281112670898e+00
7.874006347656250000e+02 6.718595886230468750e+01 -8.466410636901855469e-02 7.222856998443603516e+00 4.456996917724609375e-01 -2.017059326171875000e-01 1.308403015136718750e-01 5.700341463088989258e-01 7.999055385589599609e-01
7.695401000976562500e+02 2.196890830993652344e+00 2.365777492523193359e-01 7.551204681396484375e+00 -5.330371856689453125e-01 -9.773750305175781250e-01 2.075042724609375000e-01 6.265627741813659668e-01 1.121700644493103027e+00
7.754556274414062500e+02 9.611180877685546875e+01 2.025151252746582031e-02 7.626731872558593750e+00 4.072952270507812500e-02 -4.418487548828125000e-01 2.563018798828125000e-01 5.961558818817138672e-01 6.108867526054382324e-01
7.706477050781250000e+02 1.313936004638671875e+02 2.893731594085693359e-01 7.703385829925537109e+00 1.919448852539062500e+00 5.021781921386718750e-01 8.068656921386718750e-01 5.830239653587341309e-01 8.595707416534423828e-01
7.852398681640625000e+02 1.113898849487304688e+02 2.774472236633300781e-01 7.909027099609375000e+00 1.330356597900390625e+00 1.873474121093750000e-01 1.139181137084960938e+00 4.544145166873931885e-01 3.653774857521057129e-01
7.639723510742187500e+02 7.647620239257812500e+02 1.835646629333496094e-01 7.687799930572509766e+00 1.837219238281250000e+00 4.257869720458984375e-01 2.175228118896484375e+00 6.120598316192626953e-01 1.829826712608337402e+00
7.174542236328125000e+02 4.569443893432617188e+01 3.175563812255859375e-01 7.550163269042968750e+00 -3.066825866699218750e-02 -3.494930267333984375e-01 9.998149871826171875e-01 4.754267334938049316e-01 4.234328567981719971e-01
7.650006103515625000e+02 7.568373413085937500e+02 1.216936111450195312e-02 7.652662277221679688e+00 2.659835815429687500e-01 -4.241218566894531250e-01 -2.315177917480468750e-01 5.172013044357299805e-01 2.645293235778808594e+00
7.356583862304687500e+02 1.226267471313476562e+02 -1.737153530120849609e-01 7.188930988311767578e+00 3.920631408691406250e-01 -2.754840850830078125e-01 8.851356506347656250e-01 5.710315108299255371e-01 1.242471218109130859e+00
7.223252563476562500e+02 7.471198730468750000e+02 -9.910583496093750000e-03 7.268537044525146484e+00 2.001258850097656250e+00 6.089935302734375000e-01 3.695261001586914062e+00 6.545835733413696289e-01 2.028275012969970703e+00
4.879961547851562500e+02 6.798354492187500000e+02 4.560470581054687500e-03 7.645688056945800781e+00 -2.126235961914062500e-01 -3.707828521728515625e-01 -8.445358276367187500e-01 2.911044061183929443e-01 4.949170649051666260e-01
5.269281616210937500e+02 3.680901184082031250e+02 -1.527028083801269531e-01 7.233930587768554688e+00 1.059656143188476562e+00 2.281684875488281250e-01 6.952171325683593750e-01 3.563785254955291748e-01 6.963750720024108887e-01
7.590032348632812500e+02 2.690626525878906250e+02 2.185890674591064453e-01 7.738397121429443359e+00 1.436061859130859375e-01 -6.745700836181640625e-01 -8.419418334960937500e-02 6.011869907379150391e-01 1.126227855682373047e+00
7.903615722656250000e+02 7.375986938476562500e+02 2.062516212463378906e-01 7.880326271057128906e+00 3.658885955810546875e-01 -3.002948760986328125e-01 -4.794425964355468750e-01 5.369182229042053223e-01 2.522416591644287109e+00
6.732169189453125000e+02 5.982349395751953125e+00 5.417504310607910156e-01 7.823084831237792969e+00 -5.047340393066406250e-01 -9.102325439453125000e-01 -2.919406890869140625e-01 4.998698830604553223e-01 8.122653365135192871e-01
7.485518798828125000e+02 1.396380615234375000e+02 -3.431129455566406250e-02 6.851285457611083984e+00 -1.446571350097656250e-01 -6.594219207763671875e-01 1.266712188720703125e+00 6.250575184822082520e-01 1.696188449859619141e-01
7.849582519531250000e+02 3.335801696777343750e+02 6.204700469970703125e-02 7.086404323577880859e+00 -6.880950927734375000e-02 -7.910060882568359375e-01 6.254463195800781250e-01 6.159229278564453125e-01 1.077351331710815430e+00
7.532077636718750000e+02 1.684610595703125000e+02 1.252913475036621094e-02 7.116732597351074219e+00 -5.702877044677734375e-01 -8.802986145019531250e-01 -4.012794494628906250e-01 6.003148555755615234e-01 3.045643568038940430e-01
7.535377197265625000e+02 7.351467895507812500e+02 1.517176628112792969e-01 7.674626350402832031e+00 1.582651138305664062e+00 3.257274627685546875e-01 2.033283233642578125e+00 6.362804770469665527e-01 1.412961483001708984e+00
7.754556274414062500e+02 9.611180877685546875e+01 2.025151252746582031e-02 7.626731872558593750e+00 4.072952270507812500e-02 -4.418487548828125000e-01 2.563018798828125000e-01 5.961558818817138672e-01 6.108867526054382324e-01
7.663120727539062500e+02 7.523695678710937500e+02 2.322409152984619141e-01 7.837659358978271484e+00 1.671121597290039062e+00 3.831176757812500000e-01 1.947238922119140625e+00 5.241728425025939941e-01 2.004062175750732422e+00
7.342033691406250000e+02 1.833166198730468750e+02 2.593188285827636719e-01 7.921964168548583984e+00 1.338367462158203125e-01 -4.744510650634765625e-01 2.018260955810546875e-01 6.632438898086547852e-01 4.789271950721740723e-01
7.937636718750000000e+02 1.209627151489257812e+02 4.374096393585205078e-01 7.931862831115722656e+00 -8.871326446533203125e-01 -1.081356048583984375e+00 -6.221771240234375000e-03 5.858412981033325195e-01 2.264341562986373901e-01
7.052233886718750000e+02 2.258302459716796875e+02 1.514303684234619141e-01 7.717929840087890625e+00 -4.889907836914062500e-01 -6.946544647216796875e-01 6.061592102050781250e-01 5.214185118675231934e-01 1.422277569770812988e+00
7.456369018554687500e+02 6.784375762939453125e+01 1.552631855010986328e-01 7.977193832397460938e+00 -1.330091476440429688e+00 -1.119972229003906250e+00 -1.712337493896484375e+00 4.552109241485595703e-01 1.171716690063476562e+00
7.303143920898437500e+02 1.714543609619140625e+02 2.858591079711914062e-02 7.741631507873535156e+00 9.694252014160156250e-01 -1.072654724121093750e-01 2.385856628417968750e+00 6.039199233055114746e-01 1.605592012405395508e+00
7.497515869140625000e+02 7.329391479492187500e+01 1.553373336791992188e-01 7.741553783416748047e+00 5.161571502685546875e-01 -3.762836456298828125e-01 6.184005737304687500e-01 6.629967689514160156e-01 7.014712691307067871e-01
5.783718872070312500e+02 9.153437042236328125e+01 -7.730889320373535156e-02 7.191605567932128906e+00 4.291839599609375000e-01 -2.148513793945312500e-01 1.114206314086914062e+00 5.703353881835937500e-01 1.044332504272460938e+00
7.472174072265625000e+02 6.997251586914062500e+02 -7.909631729125976562e-02 7.430600166320800781e+00 8.832740783691406250e-01 -2.586765289306640625e-01 8.392333984375000000e-03 5.903742313385009766e-01 1.591114878654479980e+00
7.497515869140625000e+02 7.329391479492187500e+01 1.553373336791992188e-01 7.741553783416748047e+00 5.161571502685546875e-01 -3.762836456298828125e-01 6.184005737304687500e-01 6.629967689514160156e-01 7.014712691307067871e-01
7.779516601562500000e+02 4.398272705078125000e+01 2.235255241394042969e-01 7.790787696838378906e+00 9.367866516113281250e-01 -1.276111602783203125e-01 1.978855133056640625e-01 6.551948189735412598e-01 7.461372017860412598e-01
7.387166137695312500e+02 5.058776855468750000e+01 1.913895606994628906e-01 7.824163436889648438e+00 -1.258411407470703125e-01 -7.158451080322265625e-01 6.620197296142578125e-01 5.018675327301025391e-01 9.948217272758483887e-01
6.944807739257812500e+02 3.528277587890625000e+02 6.065988540649414062e-02 7.806755542755126953e+00 -7.280559539794921875e-01 -8.650665283203125000e-01 -5.291500091552734375e-01 4.697487056255340576e-01 9.397716522216796875e-01
6.953532104492187500e+02 7.135052490234375000e+02 7.266426086425781250e-02 7.897131919860839844e+00 1.297969818115234375e+00 1.762504577636718750e-01 1.159402847290039062e+00 5.638955831527709961e-01 1.794960975646972656e+00
7.070254516601562500e+02 6.925248413085937500e+02 3.803420066833496094e-01 7.947987079620361328e+00 4.404926300048828125e-01 -2.936515808105468750e-01 -7.745666503906250000e-01 5.581246018409729004e-01 1.610837459564208984e+00
7.712531738281250000e+02 1.067639846801757812e+02 7.576608657836914062e-02 7.676004409790039062e+00 1.441211700439453125e-01 -3.854637145996093750e-01 1.616897583007812500e-01 5.941369533538818359e-01 8.599411845207214355e-01
7.679544677734375000e+02 5.246083068847656250e+01 1.740767955780029297e-01 7.567769527435302734e+00 3.954486846923828125e-01 -3.664436340332031250e-01 3.593635559082031250e-02 6.890377402305603027e-01 6.627482175827026367e-01
7.945576782226562500e+02 3.323837661743164062e+01 1.329498291015625000e-01 7.293759346008300781e+00 9.121322631835937500e-02 -5.422096252441406250e-01 1.377769470214843750e+00 5.682809352874755859e-01 1.668488740921020508e+00
7.485632934570312500e+02 1.139690780639648438e+02 -3.103780746459960938e-02 7.645558357238769531e+00 -2.054901123046875000e-01 -8.410987854003906250e-01 2.821369171142578125e-01 5.430047512054443359e-01 9.366751313209533691e-01
7.628155517578125000e+02 3.655389785766601562e+01 -4.918074607849121094e-02 7.336899757385253906e+00 -7.851772308349609375e-01 -1.068510055541992188e+00 -9.620075225830078125e-01 5.542438030242919922e-01 1.798956871032714844e+00
7.609595947265625000e+02 5.232447814941406250e+01 1.779918670654296875e-01 7.684418678283691406e+00 1.191120147705078125e-01 -3.718032836914062500e-01 -2.073173522949218750e-01 4.901495873928070068e-01 1.115934371948242188e+00
6.718623046875000000e+02 7.942619628906250000e+02 2.717204093933105469e-01 7.764067173004150391e+00 1.829578399658203125e+00 3.173713684082031250e-01 1.943723678588867188e+00 4.186700582504272461e-01 1.930524110794067383e+00
7.515249023437500000e+02 9.698827362060546875e+01 2.045736312866210938e-01 7.945960521697998047e+00 1.865808486938476562e+00 3.864974975585937500e-01 1.644002914428710938e+00 5.358939170837402344e-01 8.351171612739562988e-01
7.718325195312500000e+02 4.170180130004882812e+01 1.991918087005615234e-01 7.585552692413330078e+00 1.936531066894531250e-01 -3.129997253417968750e-01 3.169269561767578125e-01 4.870225489139556885e-01 1.293142914772033691e+00
6.682171630859375000e+02 2.054646911621093750e+02 1.647906303405761719e-01 7.820966243743896484e+00 -3.093261718750000000e-01 -7.301101684570312500e-01 -9.603595733642578125e-01 6.115020513534545898e-01 2.135974168777465820e+00
7.217459716796875000e+02 1.617763824462890625e+02 1.743354797363281250e-01 7.704064846038818359e+00 2.352790832519531250e-01 -1.721801757812500000e-01 6.326770782470703125e-01 4.592190980911254883e-01 8.236311674118041992e-01
