5.541389770507812500e+02 5.033970947265625000e+02 7.438793778419494629e-01 4.973103523254394531e+00 8.410978317260742188e-01 2.133719921112060547e+00 8.123588562011718750e-01 1.681909441947937012e+00 2.686383128166198730e-01
5.592644042968750000e+02 3.223419494628906250e+02 5.013623833656311035e-01 4.286363124847412109e+00 2.827382087707519531e-01 6.361198425292968750e-01 -2.078521251678466797e-01 1.217041254043579102e+00 1.988860368728637695e-01
5.432567749023437500e+02 5.277005615234375000e+02 4.406270384788513184e-01 4.506547451019287109e+00 1.739311218261718750e-01 5.350160598754882812e-01 9.189581871032714844e-01 1.789416074752807617e+00 3.833369165658950806e-02
1.616582031250000000e+02 3.760283660888671875e+01 1.653100848197937012e+00 7.162725925445556641e+00 -7.123534679412841797e+00 -1.373351860046386719e+01 -2.414166927337646484e-01 1.861844182014465332e+00 3.369744494557380676e-02
1.688229370117187500e+02 6.001060791015625000e+02 1.748734474182128906e+00 6.941496372222900391e+00 3.381483554840087891e+00 4.202852249145507812e+00 2.106189727783203125e-01 1.184650540351867676e+00 2.075307816267013550e-01
5.286768798828125000e+02 5.981869506835937500e+02 6.149533390998840332e-01 4.371757030487060547e+00 9.808039665222167969e-01 1.329116821289062500e+00 4.842519760131835938e-02 1.395836591720581055e+00 1.415907144546508789e-01
5.429125976562500000e+02 4.954706115722656250e+02 4.323089122772216797e-01 4.217510700225830078e+00 -4.243850708007812500e-02 1.404955387115478516e+00 1.479701995849609375e+00 1.603047251701354980e+00 4.490332007408142090e-01
5.704093017578125000e+02 1.317108001708984375e+02 6.686002016067504883e-01 4.350018501281738281e+00 6.806492805480957031e-01 6.963133811950683594e-01 6.505012512207031250e-01 1.153330445289611816e+00 7.837689518928527832e-01
1.834898681640625000e+02 1.676133117675781250e+02 1.824668049812316895e+00 7.500527381896972656e+00 -6.985463142395019531e+00 -1.074761486053466797e+01 -2.162122726440429688e-01 1.583635687828063965e+00 3.074007108807563782e-02
5.292429199218750000e+02 5.699652099609375000e+02 6.761759519577026367e-01 4.703042984008789062e+00 -5.973339080810546875e-02 -1.778841018676757812e-01 5.467176437377929688e-02 2.037832260131835938e+00 7.635204493999481201e-02
5.248311767578125000e+02 4.123680725097656250e+02 5.524289608001708984e-01 4.403437137603759766e+00 2.554941177368164062e-01 1.080250740051269531e+00 2.523589134216308594e-01 1.687957167625427246e+00 6.235744953155517578e-01
5.644115600585937500e+02 2.485973815917968750e+02 5.585718154907226562e-01 4.303416728973388672e+00 -2.610862255096435547e-01 6.119012832641601562e-02 -4.919099807739257812e-01 1.439582109451293945e+00 1.013287186622619629e+00
1.721215667724609375e+02 5.828121948242187500e+02 1.483986377716064453e+00 6.393613338470458984e+00 3.045248985290527344e+00 3.311152458190917969e+00 1.868507862091064453e+00 1.285218596458435059e+00 4.787355959415435791e-01
5.494486694335937500e+02 5.859737548828125000e+02 5.377817153930664062e-01 4.395518302917480469e+00 1.357274055480957031e+00 3.398399353027343750e+00 7.143855094909667969e-01 1.707484126091003418e+00 3.295557200908660889e-01
5.277205200195312500e+02 3.454724426269531250e+02 5.309116840362548828e-01 4.492139339447021484e+00 5.416846275329589844e-01 2.136397361755371094e-01 -2.616751194000244141e-01 1.719396710395812988e+00 3.603016734123229980e-01
5.653692016601562500e+02 5.464042968750000000e+02 6.145605444908142090e-01 4.911794662475585938e+00 4.619860649108886719e-01 7.490968704223632812e-01 6.372237205505371094e-01 1.447783112525939941e+00 5.722280144691467285e-01
5.171947021484375000e+02 3.038323974609375000e+02 3.757977485656738281e-01 4.233367919921875000e+00 5.593729019165039062e-01 1.107692718505859375e-01 -1.434624195098876953e-01 1.386874437332153320e+00 1.089373826980590820e-01
5.472655029296875000e+02 6.567066650390625000e+02 4.748865962028503418e-01 4.262386322021484375e+00 -3.821194171905517578e-01 2.190351486206054688e-01 -5.885243415832519531e-02 1.207375884056091309e+00 2.363975346088409424e-01
1.692350616455078125e+02 6.333861083984375000e+02 1.693625211715698242e+00 7.018736839294433594e+00 3.812100887298583984e+00 5.210950374603271484e+00 2.266860008239746094e-01 1.308348655700683594e+00 9.136076271533966064e-02
5.269555053710937500e+02 4.959243774414062500e+02 4.779282212257385254e-01 4.458203315734863281e+00 1.068210601806640625e-01 -4.339385032653808594e-01 -2.112269401550292969e-01 1.686027526855468750e+00 1.800042986869812012e-01
5.325178833007812500e+02 5.641108703613281250e+01 7.725962996482849121e-01 5.464927673339843750e+00 1.097631454467773438e-01 2.358467578887939453e+00 -7.670760154724121094e-02 1.950677514076232910e+00 1.842681318521499634e-01
5.258364257812500000e+02 6.093720092773437500e+02 3.641423583030700684e-01 4.240692138671875000e+00 1.202845573425292969e-01 -4.580330848693847656e-01 -3.180193901062011719e-01 1.614266395568847656e+00 3.412353619933128357e-02
5.562406005859375000e+02 6.204032592773437500e+02 5.151674151420593262e-01 4.397272109985351562e+00 -1.999664306640625000e-01 -1.739835739135742188e-01 -3.693699836730957031e-02 1.097923398017883301e+00 1.638513952493667603e-01
5.629590454101562500e+02 5.764359741210937500e+02 6.834888458251953125e-01 4.842156410217285156e+00 1.598715782165527344e-01 3.703045845031738281e-01 4.286980628967285156e-01 9.058965444564819336e-01 1.341716051101684570e-01
1.762357788085937500e+02 5.216638793945312500e+02 1.098574399948120117e+00 5.962071895599365234e+00 8.692145347595214844e-01 1.004159450531005859e+00 7.611131668090820312e-01 1.516319513320922852e+00 1.066120386123657227e+00
5.671198120117187500e+02 4.949132080078125000e+02 5.821064114570617676e-01 4.494417190551757812e+00 -2.659440040588378906e-01 4.218339920043945312e-02 8.547544479370117188e-02 1.431892991065979004e+00 2.560413442552089691e-02
5.671198120117187500e+02 4.949132080078125000e+02 5.821064114570617676e-01 4.494417190551757812e+00 -2.659440040588378906e-01 4.218339920043945312e-02 8.547544479370117188e-02 1.431892991065979004e+00 2.560413442552089691e-02
5.479249267578125000e+02 1.749243316650390625e+02 4.685586690902709961e-01 4.171506404876708984e+00 3.612923622131347656e-01 9.311604499816894531e-01 6.892561912536621094e-01 1.216948986053466797e+00 1.082249164581298828e+00
5.673901367187500000e+02 1.781456298828125000e+02 5.163267254829406738e-01 4.258315086364746094e+00 -4.648816585540771484e-01 1.194882392883300781e-01 1.120417118072509766e+00 1.577171206474304199e+00 1.054065227508544922e-01
5.287612304687500000e+02 3.001442871093750000e+02 7.764568924903869629e-01 4.621139526367187500e+00 -3.300714492797851562e-01 -9.097826480865478516e-01 3.775358200073242188e-02 1.208284974098205566e+00 5.189479142427444458e-02
5.675881958007812500e+02 1.489895629882812500e+02 4.686900973320007324e-01 4.546434402465820312e+00 -1.005733013153076172e-01 1.027894020080566406e-01 3.880023956298828125e-01 1.295394301414489746e+00 2.387292981147766113e-01
5.555096435546875000e+02 3.597377929687500000e+02 3.559955954551696777e-01 4.277259826660156250e+00 4.333925247192382812e-01 7.607436180114746094e-01 6.168365478515625000e-02 1.188704252243041992e+00 1.120497584342956543e-01
5.534202270507812500e+02 3.167700195312500000e+02 6.908878684043884277e-01 4.747886180877685547e+00 1.079545021057128906e+00 1.526308059692382812e+00 1.870155334472656250e-01 1.022149562835693359e+00 1.146373972296714783e-01
5.406310424804687500e+02 5.021902160644531250e+02 1.039007306098937988e+00 5.478063583374023438e+00 1.596453189849853516e+00 2.140893936157226562e+00 4.960465431213378906e-01 1.303362846374511719e+00 3.977537155151367188e-01
5.231727294921875000e+02 2.950986938476562500e+02 7.770776748657226562e-01 4.607960700988769531e+00 7.036900520324707031e-01 1.012260913848876953e+00 5.233240127563476562e-01 1.018817305564880371e+00 1.962267607450485229e-01
5.581906738281250000e+02 7.775644683837890625e+01 4.115074872970581055e-01 3.823329925537109375e+00 9.131193161010742188e-02 7.636356353759765625e-01 1.019599437713623047e+00 1.409244656562805176e+00 3.819137215614318848e-01
5.468310546875000000e+02 5.317815551757812500e+02 6.500440835952758789e-01 4.739943027496337891e+00 -5.950212478637695312e-01 2.895975112915039062e-01 3.579735755920410156e-01 2.029524087905883789e+00 4.764775633811950684e-01
5.655387573242187500e+02 3.512887268066406250e+02 1.016575098037719727e+00 5.461040973663330078e+00 -4.712140560150146484e-01 -2.654099464416503906e-01 -1.506984233856201172e-01 1.273351907730102539e+00 5.173070356249809265e-02
5.210591430664062500e+02 5.260599365234375000e+02 1.619514822959899902e-01 3.926055908203125000e+00 5.798101425170898438e-02 -9.320580959320068359e-01 -2.087700366973876953e-01 1.761466026306152344e+00 1.352368831634521484e+00
5.678837280273437500e+02 5.769244995117187500e+02 4.964151978492736816e-01 4.046683788299560547e+00 3.636050224304199219e-01 7.185935974121093750e-03 7.974100112915039062e-01 9.709186553955078125e-01 2.343167066574096680e-01
5.250036010742187500e+02 2.970680847167968750e+02 4.091602563858032227e-01 3.993805885314941406e+00 5.794024467468261719e-01 5.053734779357910156e-01 -3.012740612030029297e-01 1.570030450820922852e+00 4.262842535972595215e-01
5.474495239257812500e+02 4.983535766601562500e+02 7.469636201858520508e-01 5.026955604553222656e+00 1.050186157226562500e+00 2.103471755981445312e+00 1.027579307556152344e+00 1.270034432411193848e+00 3.702937066555023193e-01
5.266847534179687500e+02 3.216742248535156250e+02 5.167880654335021973e-01 4.312952041625976562e+00 -9.688377380371093750e-02 2.277302742004394531e-01 5.557107925415039062e-01 1.551089167594909668e+00 1.704154610633850098e-01
5.556504516601562500e+02 5.402623291015625000e+02 3.031313419342041016e-01 3.977723360061645508e+00 1.016726493835449219e+00 1.238126754760742188e+00 6.562018394470214844e-01 1.483618736267089844e+00 5.695455670356750488e-01
5.580307617187500000e+02 5.002799072265625000e+02 8.179733157157897949e-01 5.229905605316162109e+00 -2.263140678405761719e-01 6.001114845275878906e-01 4.734206199645996094e-01 1.221161007881164551e+00 9.299752116203308105e-01
5.664481811523437500e+02 4.751202087402343750e+02 4.953524470329284668e-01 4.439716339111328125e+00 5.248475074768066406e-01 1.614556312561035156e+00 1.297402381896972656e-01 1.560387730598449707e+00 3.700861334800720215e-01
5.214141845703125000e+02 5.294161376953125000e+02 6.597906351089477539e-01 4.663011550903320312e+00 5.554246902465820312e-01 1.785683631896972656e-01 6.120228767395019531e-01 1.769080638885498047e+00 4.057692885398864746e-01
5.557302856445312500e+02 1.174944534301757812e+02 4.912650585174560547e-01 4.813773632049560547e+00 -8.277297019958496094e-01 -1.407669782638549805e+00 -3.827929496765136719e-01 1.583990931510925293e+00 3.935800865292549133e-02
5.552909545898437500e+02 4.306070861816406250e+02 4.870665073394775391e-01 4.242512702941894531e+00 1.031446456909179688e-01 4.713344573974609375e-01 7.838010787963867188e-02 1.315402984619140625e+00 1.037530973553657532e-01
1.741404113769531250e+02 5.910894775390625000e+02 8.674353361129760742e-01 5.150684356689453125e+00 1.038994789123535156e+00 1.262342929840087891e+00 -2.059066295623779297e-01 1.624757289886474609e+00 6.432342529296875000e-02
5.671198120117187500e+02 4.949132080078125000e+02 5.821064114570617676e-01 4.494417190551757812e+00 -2.659440040588378906e-01 4.218339920043945312e-02 8.547544479370117188e-02 1.431892991065979004e+00 2.560413442552089691e-02
5.461817016601562500e+02 5.011898193359375000e+02 4.354414343833923340e-01 4.408623218536376953e+00 -3.493380546569824219e-01 -1.219749450683593750e-02 1.234047412872314453e+00 1.217368245124816895e+00 1.231478452682495117e+00
1.600623931884765625e+02 4.949245605468750000e+02 5.951616168022155762e-01 4.780114173889160156e+00 1.112008094787597656e-01 9.896039962768554688e-02 3.172516822814941406e-01 1.289302706718444824e+00 1.744297891855239868e-01
5.665563354492187500e+02 3.579375915527343750e+02 7.915413379669189453e-01 5.084970474243164062e+00 -5.612492561340332031e-02 -1.836895942687988281e-01 -1.038180589675903320e+00 1.048978805541992188e+00 5.996424555778503418e-01
5.603040771484375000e+02 4.202768325805664062e+01 7.519209384918212891e-01 4.769146919250488281e+00 3.898143768310546875e-01 1.183192729949951172e+00 3.769588470458984375e-01 9.932380318641662598e-01 5.428777933120727539e-01
5.672055664062500000e+02 4.299558105468750000e+02 3.654047846794128418e-01 4.124090194702148438e+00 3.881907463073730469e-01 3.336620330810546875e-01 -8.832216262817382812e-02 1.683424949645996094e+00 2.822265326976776123e-01
5.210325317382812500e+02 3.308409729003906250e+02 1.890601873397827148e+00 7.470336914062500000e+00 -7.486498355865478516e-01 -7.993018627166748047e-01 4.157018661499023438e-01 2.026915311813354492e+00 1.053649932146072388e-01
5.591654052734375000e+02 5.817916259765625000e+02 6.199696660041809082e-01 4.876944541931152344e+00 9.909629821777343750e-01 2.440056800842285156e+00 3.512382507324218750e-01 1.584726095199584961e+00 1.461092382669448853e-01
5.532352905273437500e+02 3.400457763671875000e+02 6.670194864273071289e-01 4.251836299896240234e+00 3.791761398315429688e-01 5.472111701965332031e-01 -5.445694923400878906e-01 9.242460727691650391e-01 8.057616651058197021e-02
5.562406005859375000e+02 6.204032592773437500e+02 5.151674151420593262e-01 4.397272109985351562e+00 -1.999664306640625000e-01 -1.739835739135742188e-01 -3.693699836730957031e-02 1.097923398017883301e+00 1.638513952493667603e-01
5.322276611328125000e+02 3.957921447753906250e+02 8.829614520072937012e-01 5.302568912506103516e+00 -4.544270038604736328e-01 -3.073132038116455078e-01 -7.944381237030029297e-01 1.549433588981628418e+00 4.512343406677246094e-01
5.691999511718750000e+02 2.446617584228515625e+02 6.568679213523864746e-01 4.878579616546630859e+00 2.807140350341796875e-01 3.588938713073730469e-01 1.525950431823730469e-01 1.170319676399230957e+00 2.126102745532989502e-01
5.514589843750000000e+02 3.624994506835937500e+02 4.147607088088989258e-01 4.205070495605468750e+00 -2.100253105163574219e-01 2.359008789062500000e-01 -8.897018432617187500e-01 1.356944561004638672e+00 9.517168998718261719e-02
1.691316528320312500e+02 4.695571899414062500e+02 6.691876053810119629e-01 4.677037239074707031e+00 3.771734237670898438e-01 8.964800834655761719e-01 -1.349174976348876953e-01 1.841655492782592773e+00 5.879728496074676514e-02
5.567444458007812500e+02 5.468864746093750000e+02 6.787878274917602539e-01 5.038263320922851562e+00 5.398488044738769531e-01 1.742618083953857422e+00 1.694512367248535156e+00 2.442594528198242188e+00 1.619058847427368164e+00
5.259960937500000000e+02 2.276975708007812500e+02 5.560597777366638184e-01 4.578075408935546875e+00 4.302191734313964844e-01 6.866979598999023438e-01 6.939911842346191406e-01 1.124346017837524414e+00 6.296812742948532104e-02
5.448812866210937500e+02 5.336726684570312500e+02 4.078331589698791504e-01 4.131169795989990234e+00 7.871103286743164062e-01 8.724379539489746094e-01 -8.449935913085937500e-01 1.416255950927734375e+00 2.409271001815795898e-01
5.598147583007812500e+02 1.419018554687500000e+02 1.042433023452758789e+00 5.579825878143310547e+00 -7.352018356323242188e-01 -1.220515966415405273e+00 -4.455125331878662109e-01 1.230364322662353516e+00 5.006864070892333984e-01
5.261183471679687500e+02 4.106969299316406250e+02 3.975906968116760254e-01 4.149294376373291016e+00 2.191281318664550781e-01 2.111721038818359375e-01 -3.458869457244873047e-01 1.291412591934204102e+00 4.912126362323760986e-01
5.267492675781250000e+02 2.936543884277343750e+02 1.041942596435546875e+00 5.408072948455810547e+00 -3.602373600006103516e-01 -3.710985183715820312e-01 3.335976600646972656e-01 1.836344242095947266e+00 5.913314819335937500e-01
5.532977294921875000e+02 1.630090637207031250e+02 4.756510257720947266e-01 4.445313930511474609e+00 7.994270324707031250e-01 1.779460906982421875e-01 -2.565252780914306641e-01 1.018914699554443359e+00 2.197507023811340332e-01
1.786072540283203125e+02 6.435492706298828125e+01 1.914601087570190430e+00 7.046375274658203125e+00 -8.971035003662109375e+00 -1.272082710266113281e+01 -1.794774532318115234e+00 1.432237029075622559e+00 2.367350757122039795e-01
5.180890502929687500e+02 5.972212524414062500e+02 4.885485768318176270e-01 4.481352806091308594e+00 5.800008773803710938e-01 -5.321383476257324219e-02 7.357144355773925781e-01 1.528413414955139160e+00 3.245115578174591064e-01
5.358140258789062500e+02 5.731947631835937500e+02 4.139485955238342285e-01 4.010643005371093750e+00 2.769875526428222656e-01 7.211923599243164062e-01 -2.425968647003173828e-01 1.850225210189819336e+00 2.919538319110870361e-01
5.701160888671875000e+02 3.728182678222656250e+02 6.319218873977661133e-01 4.677132129669189453e+00 -1.345872879028320312e-01 2.718687057495117188e-01 -8.720040321350097656e-01 1.114333033561706543e+00 2.064350619912147522e-02
5.598400878906250000e+02 1.424646759033203125e+02 1.322588324546813965e+00 6.137250900268554688e+00 3.255677223205566406e-01 5.937266349792480469e-01 1.929783821105957031e-01 1.363623142242431641e+00 4.212616942822933197e-03
5.336805419921875000e+02 1.152050476074218750e+02 7.110336422920227051e-01 4.875035285949707031e+00 -1.859509944915771484e-01 7.568097114562988281e-01 6.278991699218750000e-01 2.002832412719726562e+00 3.793788254261016846e-01
5.619466552734375000e+02 3.387402648925781250e+02 3.894764184951782227e-01 3.918692111968994141e+00 9.769582748413085938e-01 9.776544570922851562e-01 5.076980590820312500e-01 1.033573031425476074e+00 7.842406034469604492e-01
5.662003784179687500e+02 3.899191589355468750e+02 5.935630202293395996e-01 4.831114292144775391e+00 6.867456436157226562e-01 1.431169509887695312e+00 -1.014654636383056641e+00 1.514388084411621094e+00 3.029482662677764893e-01
5.124386596679687500e+02 3.327526245117187500e+02 2.768057584762573242e-01 4.004932880401611328e+00 1.602721214294433594e-01 6.091785430908203125e-01 1.451015472412109375e-01 1.425133466720581055e+00 9.526032209396362305e-02
5.161652832031250000e+02 5.153123779296875000e+02 4.771605134010314941e-01 4.357671737670898438e+00 2.520132064819335938e-01 1.244187355041503906e-01 3.587985038757324219e-01 1.687158226966857910e+00 4.679923653602600098e-01
5.359993286132812500e+02 6.619896850585937500e+02 4.886245727539062500e-01 4.296308517456054688e+00 5.336999893188476562e-01 8.145833015441894531e-01 -4.238367080688476562e-01 1.426966786384582520e+00 1.638295650482177734e-01
5.279577026367187500e+02 3.590956420898437500e+02 8.816522359848022461e-01 5.239904403686523438e+00 -1.094150543212890625e-01 -2.400147914886474609e-01 -4.853093624114990234e-01 1.267173171043395996e+00 5.460638999938964844e-01
5.524781494140625000e+02 2.345206298828125000e+02 5.722820758819580078e-01 4.753556251525878906e+00 5.899953842163085938e-01 1.331589221954345703e+00 6.691408157348632812e-01 1.517142057418823242e+00 4.286825358867645264e-01
5.471731567382812500e+02 3.055650634765625000e+02 5.021232366561889648e-01 4.170011997222900391e+00 -6.477797031402587891e-01 -1.020119190216064453e+00 -3.285896778106689453e-01 1.033405542373657227e+00 2.618651390075683594e-01
5.598398437500000000e+02 2.984737205505371094e+01 7.622164487838745117e-01 4.902849197387695312e+00 4.357242584228515625e-01 2.138853073120117188e-01 1.975774765014648438e-01 9.208155870437622070e-01 1.204557120800018311e-01
5.135971069335937500e+02 5.536199340820312500e+02 7.164353132247924805e-01 4.778670787811279297e+00 2.830696105957031250e-01 2.447509765625000000e-01 4.736018180847167969e-01 1.945513606071472168e+00 1.056253239512443542e-01
5.286621093750000000e+02 3.713081359863281250e+02 7.900598645210266113e-01 5.145677089691162109e+00 4.275465011596679688e-01 1.162137985229492188e+00 -3.477454185485839844e-01 2.074813604354858398e+00 1.007009372115135193e-01
5.581059570312500000e+02 2.705123291015625000e+02 8.265790343284606934e-01 5.069348812103271484e+00 3.467035293579101562e-01 8.773159980773925781e-01 2.271938323974609375e-01 1.492562294006347656e+00 1.631826460361480713e-01
5.603970947265625000e+02 4.187105102539062500e+02 6.238156557083129883e-01 4.208301067352294922e+00 4.212498664855957031e-01 1.088943481445312500e+00 1.628684997558593750e-01 1.149225592613220215e+00 3.628109693527221680e-01
5.298605957031250000e+02 3.570862426757812500e+02 5.794042348861694336e-01 4.688551425933837891e+00 1.097168922424316406e+00 2.233724594116210938e+00 -1.836299896240234375e-01 1.337843060493469238e+00 1.789877414703369141e-01
5.402630615234375000e+02 2.954386901855468750e+02 6.855750083923339844e-01 4.793688297271728516e+00 -5.351924896240234375e-01 -9.290456771850585938e-02 -5.941283702850341797e-01 1.613344907760620117e+00 1.968764662742614746e-01
5.593033447265625000e+02 3.674419555664062500e+02 5.834001302719116211e-01 4.319027423858642578e+00 6.302309036254882812e-01 5.821800231933593750e-01 6.267571449279785156e-01 8.375935554504394531e-01 2.361525893211364746e-01
5.487791137695312500e+02 2.973944702148437500e+02 4.902607202529907227e-01 4.455475807189941406e+00 8.575391769409179688e-01 1.726949214935302734e+00 5.259680747985839844e-01 1.800525069236755371e+00 2.693437635898590088e-01
5.645230102539062500e+02 5.499269409179687500e+02 6.627276539802551270e-01 4.590136051177978516e+00 2.152776718139648438e-01 1.015908718109130859e+00 8.509659767150878906e-01 1.537869691848754883e+00 4.518170952796936035e-01
5.234003295898437500e+02 4.100289916992187500e+02 5.367758870124816895e-01 4.341201305389404297e+00 -7.032084465026855469e-01 -3.587496280670166016e-01 -6.991481781005859375e-01 1.322198033332824707e+00 9.582422673702239990e-02
5.671074218750000000e+02 4.117012939453125000e+02 2.872881293296813965e-01 4.050573825836181641e+00 4.174089431762695312e-01 1.276683807373046875e+00 2.640509605407714844e-01 1.566633582115173340e+00 3.641254305839538574e-01
5.622435302734375000e+02 2.749749450683593750e+02 8.562284708023071289e-01 5.012037754058837891e+00 -6.020665168762207031e-01 -1.989817619323730469e-01 3.141784667968750000e-01 1.104294657707214355e+00 7.336974143981933594e-02
5.531035156250000000e+02 7.991087646484375000e+02 1.374933958053588867e+00 6.225876808166503906e+00 2.344770431518554688e+00 2.255885601043701172e+00 -8.972883224487304688e-03 9.071172475814819336e-01 6.357972323894500732e-02
1.724770965576171875e+02 4.167137145996093750e+02 3.637370467185974121e-01 4.521359443664550781e+00 6.895875930786132812e-01 1.266045570373535156e+00 -3.808975219726562500e-02 2.331091403961181641e+00 4.932150617241859436e-02
5.272932128906250000e+02 3.038771972656250000e+02 3.009432554244995117e-01 3.966015577316284180e+00 8.178067207336425781e-01 1.276884078979492188e+00 5.853414535522460938e-02 1.693744659423828125e+00 3.509981930255889893e-01
5.614633789062500000e+02 3.075910034179687500e+02 6.196388602256774902e-01 4.890215396881103516e+00 -2.063071727752685547e-01 9.979963302612304688e-02 3.043484687805175781e-01 1.719323396682739258e+00 1.845845952630043030e-02
5.633373413085937500e+02 4.811880187988281250e+02 8.738169074058532715e-01 5.472310543060302734e+00 2.194437980651855469e+00 2.895948886871337891e+00 4.504656791687011719e-01 1.300889253616333008e+00 2.650721967220306396e-01
1.799358062744140625e+02 5.501751708984375000e+02 9.492695331573486328e-01 5.312870979309082031e+00 -3.636646270751953125e-01 -3.305768966674804688e-01 -2.399182319641113281e-01 1.945501685142517090e+00 9.840263053774833679e-03
5.252413940429687500e+02 5.629798583984375000e+02 5.502393841743469238e-01 4.631393909454345703e+00 -4.912114143371582031e-01 -2.708768844604492188e-01 -3.231060504913330078e-01 1.513069987297058105e+00 3.897873163223266602e-01
5.258984375000000000e+02 4.580762023925781250e+02 4.810392856597900391e-01 4.514143466949462891e+00 4.645490646362304688e-01 3.786802291870117188e-01 3.220129013061523438e-01 1.965444207191467285e+00 7.266677618026733398e-01
1.809786376953125000e+02 4.922215576171875000e+02 4.527142643928527832e-01 4.349348545074462891e+00 9.914827346801757812e-01 1.395235061645507812e+00 1.717925071716308594e-01 1.548493862152099609e+00 7.892683744430541992e-01
5.605202026367187500e+02 3.737565002441406250e+02 4.199928045272827148e-01 3.921620368957519531e+00 6.251215934753417969e-01 1.247820854187011719e+00 -3.445017337799072266e-01 1.157761096954345703e+00 5.713831186294555664e-01
5.524781494140625000e+02 2.345206298828125000e+02 5.722820758819580078e-01 4.753556251525878906e+00 5.899953842163085938e-01 1.331589221954345703e+00 6.691408157348632812e-01 1.517142057418823242e+00 4.286825358867645264e-01
5.640911865234375000e+02 4.702126464843750000e+02 9.950947761535644531e-01 5.412383079528808594e+00 -1.043839454650878906e+00 -8.129823207855224609e-01 -5.580914020538330078e-01 1.389593958854675293e+00 4.077284932136535645e-01
5.159956665039062500e+02 2.002235870361328125e+02 2.467417716979980469e-01 3.706844806671142578e+00 2.524447441101074219e-01 2.156424522399902344e-01 4.343461990356445312e-01 1.125899672508239746e+00 1.278968714177608490e-02
5.172292480468750000e+02 3.519507751464843750e+02 5.985179543495178223e-01 4.405648708343505859e+00 9.677100181579589844e-01 1.294112205505371094e+00 -5.938649177551269531e-02 1.424445390701293945e+00 1.420686841011047363e-01
5.343123779296875000e+02 3.343450622558593750e+02 8.287209272384643555e-01 4.951678276062011719e+00 -4.570162296295166016e-01 6.670856475830078125e-01 -6.034374237060546875e-01 1.197854518890380859e+00 5.265815258026123047e-01
5.466235351562500000e+02 2.268520812988281250e+02 8.457475900650024414e-01 4.990642547607421875e+00 9.368133544921875000e-01 5.114245414733886719e-01 9.444999694824218750e-01 7.659977674484252930e-01 4.735998511314392090e-01
5.279766845703125000e+02 5.023892822265625000e+02 3.875800967216491699e-01 4.198954105377197266e+00 1.651740074157714844e-01 6.463766098022460938e-01 5.732321739196777344e-01 1.645990610122680664e+00 4.864432811737060547e-01
5.433875122070312500e+02 6.284049072265625000e+02 4.969918727874755859e-01 4.471203327178955078e+00 1.062202453613281250e-01 3.163599967956542969e-01 -1.400172710418701172e-01 1.543443799018859863e+00 4.941063001751899719e-02
1.848377380371093750e+02 5.448836669921875000e+02 1.828251481056213379e+00 7.259997844696044922e+00 2.999446392059326172e+00 4.309110641479492188e+00 3.165316581726074219e-01 1.844881892204284668e+00 1.931110024452209473e-01
5.509139404296875000e+02 4.901520690917968750e+02 7.024666666984558105e-01 5.064357280731201172e+00 -8.390653133392333984e-01 -1.037616729736328125e+00 -1.757895946502685547e-01 1.578880667686462402e+00 9.093191623687744141e-01
5.592644042968750000e+02 3.223419494628906250e+02 5.013623833656311035e-01 4.286363124847412109e+00 2.827382087707519531e-01 6.361198425292968750e-01 -2.078521251678466797e-01 1.217041254043579102e+00 1.988860368728637695e-01
5.240191650390625000e+02 3.270712280273437500e+02 5.845585465431213379e-01 4.218952178955078125e+00 -1.986944675445556641e-01 -8.409953117370605469e-01 -1.398553848266601562e+00 1.308559775352478027e+00 6.774241924285888672e-01
1.694159240722656250e+02 4.996033630371093750e+02 5.351400375366210938e-01 4.828374385833740234e+00 -4.122805595397949219e-01 -1.058793067932128906e-01 -4.013919830322265625e-01 1.996908903121948242e+00 2.600227594375610352e-01
5.594521484375000000e+02 2.939112243652343750e+02 4.398941993713378906e-01 4.231029510498046875e+00 -2.396345138549804688e-01 3.373813629150390625e-01 -3.287875652313232422e-01 1.718396902084350586e+00 3.187162280082702637e-01
5.290314331054687500e+02 2.460881042480468750e+02 3.897783160209655762e-01 3.860892057418823242e+00 4.595279693603515625e-01 3.266000747680664062e-01 -7.474362850189208984e-01 1.181209683418273926e+00 8.278033882379531860e-02
5.650642089843750000e+02 3.276794128417968750e+02 2.054214477539062500e-01 3.574923038482666016e+00 6.376814842224121094e-01 1.108660697937011719e+00 -8.215343952178955078e-01 1.231466889381408691e+00 5.139896273612976074e-01
5.507996826171875000e+02 6.419113769531250000e+02 5.238413810729980469e-01 4.568863868713378906e+00 -2.728104591369628906e-01 2.595543861389160156e-01 -4.698097705841064453e-01 1.665087699890136719e+00 2.222567498683929443e-01
5.572290039062500000e+02 9.393586730957031250e+01 8.416050672531127930e-01 4.906185626983642578e+00 6.756067276000976562e-02 4.001069068908691406e-01 4.621028900146484375e-01 1.154439926147460938e+00 2.743953466415405273e-01
1.837830200195312500e+02 4.950655517578125000e+02 5.041420459747314453e-01 4.624098777770996094e+00 1.413445472717285156e+00 1.275177001953125000e+00 1.416397094726562500e-01 1.159220814704895020e+00 2.602497935295104980e-01
5.371253051757812500e+02 9.143051147460937500e+01 1.071024894714355469e+00 5.557494640350341797e+00 -2.103643417358398438e+00 -1.572567224502563477e+00 -4.205942153930664062e-02 1.183541059494018555e+00 8.838064223527908325e-02
5.454088745117187500e+02 3.501842651367187500e+02 4.337182641029357910e-01 4.011981487274169922e+00 3.687071800231933594e-01 1.980638504028320312e-01 -6.359028816223144531e-01 1.012826085090637207e+00 5.842126011848449707e-01
5.219846191406250000e+02 1.292882537841796875e+02 9.063652157783508301e-01 5.367688179016113281e+00 -5.499172210693359375e-01 1.788139343261718750e-02 -4.464769363403320312e-01 1.910366415977478027e+00 1.990993320941925049e-02
5.323422241210937500e+02 3.265722274780273438e+01 1.185470581054687500e+00 5.861847877502441406e+00 3.582382202148437500e-01 3.524208068847656250e-01 2.268266677856445312e-01 9.832087159156799316e-01 2.885707020759582520e-01
5.236320190429687500e+02 6.086348876953125000e+02 4.936689138412475586e-01 3.982361555099487305e+00 2.322483062744140625e-01 2.803206443786621094e-01 1.475119590759277344e-01 1.315798282623291016e+00 3.899407088756561279e-01
5.498381347656250000e+02 5.235672607421875000e+02 4.268810153007507324e-01 4.590126991271972656e+00 -7.994806766510009766e-01 -3.314101696014404297e-01 -5.556941032409667969e-01 1.404085874557495117e+00 3.859639167785644531e-01
5.643713378906250000e+02 4.545023727416992188e+01 1.201097965240478516e+00 6.012760639190673828e+00 -7.288944721221923828e-01 -9.777975082397460938e-01 2.381134033203125000e-01 1.764898419380187988e+00 1.960428208112716675e-01
5.376288452148437500e+02 6.291734008789062500e+02 8.220079541206359863e-01 5.153423786163330078e+00 -2.371704578399658203e-01 -4.575133323669433594e-02 -2.696275711059570312e-01 1.125053286552429199e+00 1.240160167217254639e-01
5.529829711914062500e+02 4.269318237304687500e+02 7.448720932006835938e-01 5.079144954681396484e+00 6.820511817932128906e-01 1.538414955139160156e+00 1.216363906860351562e-01 1.320533752441406250e+00 3.953380510210990906e-02
5.667094116210937500e+02 2.024418792724609375e+02 6.671261787414550781e-01 4.875588417053222656e+00 -1.593625545501708984e-01 4.737305641174316406e-01 6.057643890380859375e-01 1.799321174621582031e+00 8.698091506958007812e-01
5.671198120117187500e+02 4.949132080078125000e+02 5.821064114570617676e-01 4.494417190551757812e+00 -2.659440040588378906e-01 4.218339920043945312e-02 8.547544479370117188e-02 1.431892991065979004e+00 2.560413442552089691e-02
5.446804809570312500e+02 3.623541259765625000e+02 7.471859455108642578e-01 4.811257839202880859e+00 5.507326126098632812e-01 8.781552314758300781e-01 -6.540811061859130859e-01 1.209532380104064941e+00 3.322889804840087891e-01
5.466630249023437500e+02 5.470500183105468750e+01 9.823477268218994141e-01 5.408895492553710938e+00 -1.689281463623046875e+00 -1.329234838485717773e+00 5.091810226440429688e-01 1.314600229263305664e+00 1.742370277643203735e-01
5.364710083007812500e+02 3.300320739746093750e+02 5.403295159339904785e-01 4.446717739105224609e+00 5.049419403076171875e-01 1.020636558532714844e+00 2.017760276794433594e-01 1.208955645561218262e+00 4.700866341590881348e-01
5.274746093750000000e+02 2.187830505371093750e+02 7.432845234870910645e-01 4.889436721801757812e+00 4.550099372863769531e-01 2.719283103942871094e-01 -2.704739570617675781e-01 1.483391523361206055e+00 6.005805451422929764e-03
5.228198242187500000e+02 7.506468505859375000e+02 6.691786646842956543e-01 4.687645435333251953e+00 -4.721546173095703125e-01 7.474160194396972656e-01 -9.030103683471679688e-02 1.520801305770874023e+00 3.728646636009216309e-01
5.467164306640625000e+02 2.802546386718750000e+02 4.237127304077148438e-01 4.316332817077636719e+00 -4.018592834472656250e-01 1.990032196044921875e-01 -2.096867561340332031e-01 1.170481920242309570e+00 5.589138716459274292e-02
5.582149658203125000e+02 9.813845825195312500e+01 9.073710441589355469e-01 5.200638771057128906e+00 2.248361110687255859e+00 2.033815383911132812e+00 2.409849166870117188e+00 8.049061894416809082e-01 7.446665167808532715e-01
5.298798828125000000e+02 5.569368286132812500e+02 4.571568965911865234e-01 4.605056762695312500e+00 -2.186417579650878906e-02 5.206704139709472656e-01 -3.875815868377685547e-01 1.987043499946594238e+00 2.176938354969024658e-01
5.552404174804687500e+02 5.657722167968750000e+02 3.534567356109619141e-01 4.136353969573974609e+00 8.644342422485351562e-02 5.922317504882812500e-01 -7.948291301727294922e-01 1.014700889587402344e+00 2.120462805032730103e-02
5.264614868164062500e+02 2.738811340332031250e+02 8.633828163146972656e-01 5.223114490509033203e+00 1.171443462371826172e+00 1.003086566925048828e+00 6.832647323608398438e-01 1.230682253837585449e+00 9.438964724540710449e-01
5.236924438476562500e+02 4.204338989257812500e+02 5.930492281913757324e-01 4.601123809814453125e+00 -2.405989170074462891e-01 6.734943389892578125e-01 -1.065337657928466797e-01 1.744538068771362305e+00 2.864166796207427979e-01
5.485901489257812500e+02 5.051928100585937500e+02 7.807543873786926270e-01 4.683478832244873047e+00 -3.703963756561279297e-01 -1.119530200958251953e-01 -8.836984634399414062e-03 1.043858885765075684e+00 3.967145085334777832e-01
5.471958007812500000e+02 3.323781433105468750e+02 4.195502400398254395e-01 4.374619483947753906e+00 -1.358604431152343750e-01 7.869100570678710938e-01 -4.007041454315185547e-01 1.624172210693359375e+00 5.603777170181274414e-01
5.240756225585937500e+02 3.435646667480468750e+02 3.285893797874450684e-01 3.843002319335937500e+00 3.012657165527343750e-01 2.344751358032226562e-01 1.556229591369628906e-01 1.451558470726013184e+00 5.308030247688293457e-01
5.225665283203125000e+02 3.075243835449218750e+02 3.804126381874084473e-01 4.037176132202148438e+00 -1.608991622924804688e-01 -4.917383193969726562e-03 3.301119804382324219e-01 1.108053326606750488e+00 7.410173118114471436e-02
5.555986938476562500e+02 6.609840393066406250e+01 9.589996933937072754e-01 5.554680824279785156e+00 1.133453845977783203e+00 1.568491458892822266e+00 -1.947379112243652344e-01 1.748778104782104492e+00 1.292243599891662598e-01
5.355028686523437500e+02 2.936174926757812500e+02 7.227349281311035156e-01 4.730090618133544922e+00 8.653974533081054688e-01 1.460285186767578125e+00 -3.535699844360351562e-01 1.237893819808959961e+00 1.473985463380813599e-01
5.755278320312500000e+02 4.863188171386718750e+01 5.180767178535461426e-01 4.270533084869384766e+00 5.146002769470214844e-01 3.797602653503417969e-01 2.676010131835937500e-01 1.018545985221862793e+00 2.340512722730636597e-01
5.419314575195312500e+02 5.220678100585937500e+02 4.812335968017578125e-01 4.314588546752929688e+00 1.518726348876953125e-01 7.636356353759765625e-01 6.535053253173828125e-01 1.880458116531372070e+00 4.624892771244049072e-01
5.424936523437500000e+02 9.085360717773437500e+01 9.219253063201904297e-01 5.544552803039550781e+00 -4.674720764160156250e-01 -2.791631221771240234e-01 -2.553498744964599609e-01 1.266488432884216309e+00 1.190074682235717773e-01
5.228848876953125000e+02 7.568136596679687500e+02 1.659120321273803711e+00 6.751515865325927734e+00 -2.145373821258544922e-01 -3.097355365753173828e-01 -8.343505859375000000e-01 1.863224625587463379e+00 7.303956151008605957e-02
5.647821655273437500e+02 5.631524276733398438e+01 1.332330465316772461e+00 6.016585826873779297e+00 -1.561647653579711914e+00 -1.134417057037353516e+00 -2.014744281768798828e-01 1.442905902862548828e+00 1.992236077785491943e-01
5.591654052734375000e+02 5.817916259765625000e+02 6.199696660041809082e-01 4.876944541931152344e+00 9.909629821777343750e-01 2.440056800842285156e+00 3.512382507324218750e-01 1.584726095199584961e+00 1.461092382669448853e-01
5.258365478515625000e+02 2.502757263183593750e+02 4.945489764213562012e-01 4.602994918823242188e+00 8.720707893371582031e-01 1.156401634216308594e+00 -4.200267791748046875e-01 1.401687741279602051e+00 2.090073749423027039e-02
5.131390380859375000e+02 3.271323776245117188e+01 7.175970077514648438e-01 4.609194278717041016e+00 -5.168330669403076172e-01 7.201075553894042969e-01 -3.258812427520751953e-01 1.457878470420837402e+00 8.463485240936279297e-01
5.429826660156250000e+02 3.086357727050781250e+02 9.955084323883056641e-01 5.422945499420166016e+00 4.580807685852050781e-01 1.358819007873535156e+00 -4.482686519622802734e-01 1.636165976524353027e+00 4.207645356655120850e-01
5.661657104492187500e+02 5.348406982421875000e+02 4.378497600555419922e-01 4.432501316070556641e+00 -5.941152572631835938e-02 9.971022605895996094e-01 4.431390762329101562e-01 1.380146741867065430e+00 7.156939506530761719e-01
5.671522216796875000e+02 2.853779907226562500e+02 7.624533772468566895e-01 4.744217872619628906e+00 -6.668162345886230469e-01 -7.739055156707763672e-01 4.193782806396484375e-02 1.192272305488586426e+00 4.628428220748901367e-01
5.655776367187500000e+02 5.317083740234375000e+02 4.293334484100341797e-01 4.183415412902832031e+00 3.195428848266601562e-01 1.009278297424316406e+00 1.787803173065185547e+00 1.382173776626586914e+00 7.577210068702697754e-01
5.526930541992187500e+02 4.904603195190429688e+01 7.194101810455322266e-01 4.984770774841308594e+00 4.415416717529296875e-01 4.857540130615234375e-01 3.075814247131347656e-01 1.233857989311218262e+00 3.698968887329101562e-02
5.482584838867187500e+02 5.756226806640625000e+02 7.375338673591613770e-01 5.119720458984375000e+00 9.320735931396484375e-02 1.201293468475341797e+00 -4.500401020050048828e-01 1.679899215698242188e+00 1.976848989725112915e-01
5.628779296875000000e+02 2.042157440185546875e+02 3.431552648544311523e-01 3.810944080352783203e+00 -1.659989356994628906e-02 1.692581176757812500e-01 -1.875686645507812500e-01 1.504253625869750977e+00 3.816790506243705750e-02
5.262272949218750000e+02 2.949746398925781250e+02 2.354651689529418945e-01 3.962177991867065430e+00 8.169674873352050781e-01 2.660036087036132812e-01 2.561593055725097656e-01 1.396109819412231445e+00 5.944594144821166992e-01
5.591552734375000000e+02 5.172205200195312500e+02 5.966261029243469238e-01 4.404512405395507812e+00 -1.001477241516113281e-01 2.917265892028808594e-01 6.130838394165039062e-01 1.359831690788269043e+00 1.660459518432617188e+00
5.488234863281250000e+02 3.276659545898437500e+02 7.269027829170227051e-01 5.200990200042724609e+00 -1.116769313812255859e+00 -1.227761507034301758e+00 -2.398490905761718750e-03 2.241634607315063477e+00 5.229937378317117691e-03
5.241054077148437500e+02 3.458999023437500000e+02 4.411303997039794922e-01 4.356554985046386719e+00 1.140713691711425781e-01 8.573722839355468750e-01 6.475520133972167969e-01 1.553596973419189453e+00 3.925928175449371338e-01
5.671555786132812500e+02 5.906477661132812500e+02 7.493388652801513672e-01 4.996401309967041016e+00 1.385109424591064453e+00 3.436737060546875000e+00 -2.174544334411621094e-01 1.637861490249633789e+00 3.675953149795532227e-01
1.806504211425781250e+02 6.547695312500000000e+02 1.222547054290771484e+00 6.092219829559326172e+00 3.704504966735839844e+00 5.278475284576416016e+00 4.687023162841796875e-01 1.556730866432189941e+00 2.398025393486022949e-01
5.642597656250000000e+02 5.908751220703125000e+02 7.731115818023681641e-01 4.822549819946289062e+00 4.824876785278320312e-02 7.620573043823242188e-01 4.139184951782226562e-02 1.052731871604919434e+00 2.964209020137786865e-01
5.183699340820312500e+02 2.073718109130859375e+02 6.393477320671081543e-01 4.363852024078369141e+00 3.123331069946289062e-01 5.458831787109375000e-02 -3.575611114501953125e-01 1.158122777938842773e+00 1.528624743223190308e-01
5.625249023437500000e+02 5.949783325195312500e+02 6.522145867347717285e-01 4.967659950256347656e+00 -6.412076950073242188e-01 -3.532934188842773438e-01 -4.116606712341308594e-01 1.501998186111450195e+00 1.599942147731781006e-01
5.460852050781250000e+02 2.831773071289062500e+02 4.736810922622680664e-01 4.215394020080566406e+00 -6.874084472656250000e-02 1.288874149322509766e+00 4.179978370666503906e-01 1.698232650756835938e+00 7.521731406450271606e-02
5.493374023437500000e+02 5.123955078125000000e+02 9.975546598434448242e-01 5.349612236022949219e+00 9.861946105957031250e-02 2.475738525390625000e-01 8.906602859497070312e-02 8.878674507141113281e-01 3.802905976772308350e-01
5.588758544921875000e+02 5.345529785156250000e+02 7.975319027900695801e-01 5.075503349304199219e+00 -1.546621322631835938e-02 6.903386116027832031e-01 1.085581779479980469e+00 1.174630761146545410e+00 1.665919721126556396e-01
5.747097778320312500e+02 3.546398315429687500e+02 8.260163664817810059e-01 5.061296463012695312e+00 -5.684912204742431641e-01 -4.213893413543701172e-01 -9.692072868347167969e-02 1.242947101593017578e+00 2.554579377174377441e-01
5.576156005859375000e+02 9.512857055664062500e+01 9.357389807701110840e-01 5.229149341583251953e+00 1.551895141601562500e+00 1.369221210479736328e+00 4.206895828247070312e-02 9.834975004196166992e-01 2.556475251913070679e-02
5.317917480468750000e+02 3.258017883300781250e+02 5.664277076721191406e-01 4.702899456024169922e+00 2.989029884338378906e-01 1.747043132781982422e+00 -6.229996681213378906e-01 1.508190870285034180e+00 1.653077453374862671e-01
5.301961669921875000e+02 2.802877807617187500e+02 2.958688139915466309e-01 4.109130382537841797e+00 5.283045768737792969e-01 1.296677589416503906e+00 1.551270484924316406e-01 1.734360218048095703e+00 1.519466638565063477e-01
5.608634643554687500e+02 3.530217895507812500e+02 6.347566843032836914e-01 4.810332775115966797e+00 3.789925575256347656e-01 9.048461914062500000e-01 -4.296422004699707031e-02 1.480482339859008789e+00 8.660114556550979614e-02
5.177870483398437500e+02 5.896591796875000000e+02 4.125326871871948242e-01 4.368824958801269531e+00 4.949593544006347656e-01 8.614253997802734375e-01 -1.634633541107177734e-01 1.814649581909179688e+00 9.592461585998535156e-02
1.639952239990234375e+02 4.653526306152343750e+02 8.088862895965576172e-01 5.061761379241943359e+00 -1.739871501922607422e-01 3.396654129028320312e-01 2.701687812805175781e-01 1.744576573371887207e+00 3.608061373233795166e-01
5.583566894531250000e+02 3.744557571411132812e+01 9.537810087203979492e-01 5.329132556915283203e+00 -9.624600410461425781e-02 -1.909708976745605469e-01 -8.013486862182617188e-02 1.006885528564453125e+00 3.227833509445190430e-01
1.804862823486328125e+02 1.106220932006835938e+02 1.857789754867553711e+00 7.438428878784179688e+00 -7.758193016052246094e+00 -1.238978290557861328e+01 -6.973099708557128906e-01 1.484342575073242188e+00 1.677296124398708344e-02
5.226505737304687500e+02 3.516595764160156250e+02 2.724146842956542969e-01 3.964771509170532227e+00 5.593323707580566406e-01 9.602999687194824219e-01 -8.090400695800781250e-01 1.277050375938415527e+00 9.746189415454864502e-02
5.241503906250000000e+02 5.189974365234375000e+02 7.005771994590759277e-01 4.868545055389404297e+00 -7.407128810882568359e-01 -9.390544891357421875e-01 -6.325244903564453125e-02 1.352250456809997559e+00 2.608176767826080322e-01
5.249792480468750000e+02 3.957868652343750000e+02 7.637691497802734375e-01 5.225105285644531250e+00 5.135059356689453125e-01 1.978659629821777344e-01 -2.894437313079833984e-01 1.507685661315917969e+00 9.234853088855743408e-03
5.171842651367187500e+02 5.514892578125000000e+02 3.050717711448669434e-01 3.907666683197021484e+00 -1.733100414276123047e-01 -2.038228511810302734e-01 -2.261638641357421875e-02 1.406326055526733398e+00 1.147647053003311157e-01
5.595113525390625000e+02 3.456438903808593750e+02 6.974795460700988770e-01 4.719733238220214844e+00 -3.515470027923583984e-01 -2.643823623657226562e-01 -7.674503326416015625e-01 1.539036989212036133e+00 2.509472370147705078e-01
5.445265502929687500e+02 5.774492187500000000e+02 5.009511113166809082e-01 4.736135482788085938e+00 6.958079338073730469e-01 2.335941791534423828e+00 9.143900871276855469e-01 1.860127210617065430e+00 1.248923689126968384e-02
5.671231079101562500e+02 6.512017822265625000e+02 4.578036069869995117e-01 4.514541625976562500e+00 8.039951324462890625e-02 2.612781524658203125e-01 2.535295486450195312e-01 1.200708031654357910e+00 9.770081937313079834e-02
5.155735473632812500e+02 5.487750854492187500e+02 5.748668313026428223e-01 4.079252243041992188e+00 1.410961151123046875e+00 6.239843368530273438e-01 -1.034075021743774414e+00 9.955629706382751465e-01 5.833181738853454590e-02
5.608998413085937500e+02 3.940438842773437500e+02 5.782830715179443359e-01 4.274787425994873047e+00 1.049585342407226562e+00 1.549937725067138672e+00 4.044795036315917969e-01 1.384222269058227539e+00 4.527430534362792969e-01
5.241904296875000000e+02 5.350463867187500000e+02 4.264202713966369629e-01 4.408649444580078125e+00 1.099944114685058594e-01 4.663991928100585938e-01 9.980130195617675781e-01 1.631027340888977051e+00 4.547016024589538574e-01
5.339739990234375000e+02 2.131547698974609375e+02 3.620401024818420410e-01 3.800990581512451172e+00 3.093433380126953125e-01 6.634664535522460938e-01 7.755994796752929688e-01 1.056340694427490234e+00 5.975380539894104004e-02
5.280076293945312500e+02 5.067514953613281250e+02 2.820837497711181641e-01 4.154928207397460938e+00 9.472608566284179688e-02 9.419989585876464844e-01 1.876883506774902344e+00 1.667556285858154297e+00 2.126603364944458008e+00
5.234062500000000000e+02 3.628473510742187500e+02 6.744623184204101562e-01 4.824846744537353516e+00 2.690601348876953125e-01 1.385776996612548828e+00 -1.928687095642089844e-01 1.876100301742553711e+00 3.642342612147331238e-02
5.495429687500000000e+02 3.464242553710937500e+02 5.842202901840209961e-01 4.111721038818359375e+00 4.603338241577148438e-01 6.651091575622558594e-01 9.453773498535156250e-02 1.280272006988525391e+00 1.181895956397056580e-01
5.671930541992187500e+02 3.365691833496093750e+02 8.046439290046691895e-01 4.688271522521972656e+00 -2.241122722625732422e-01 9.668588638305664062e-02 4.179477691650390625e-01 1.166981935501098633e+00 2.190458774566650391e-01
5.560556640625000000e+02 2.298816375732421875e+02 9.188303351402282715e-01 5.091135025024414062e+00 1.458036899566650391e+00 2.627213001251220703e+00 -1.720809936523437500e-01 1.645233750343322754e+00 2.150159329175949097e-01
5.302783203125000000e+02 3.515563049316406250e+02 4.456770420074462891e-01 4.182869434356689453e+00 8.446550369262695312e-01 1.528520584106445312e+00 -2.208960056304931641e-01 1.437862157821655273e+00 1.017503812909126282e-01
5.493514404296875000e+02 5.087059936523437500e+02 6.760036945343017578e-01 4.500416755676269531e+00 6.162166595458984375e-01 1.042187213897705078e+00 -2.112865447998046875e-02 1.330479383468627930e+00 9.429920464754104614e-02
1.716488952636718750e+02 6.418722534179687500e+02 1.339452862739562988e+00 6.401646614074707031e+00 2.023756504058837891e+00 3.532135486602783203e+00 3.146648406982421875e-02 1.949646711349487305e+00 3.370223641395568848e-01
5.164020996093750000e+02 1.647121124267578125e+02 6.066414713859558105e-01 4.761470317840576172e+00 3.717637062072753906e-01 9.188008308410644531e-01 4.992127418518066406e-01 1.567511796951293945e+00 1.345702856779098511e-01
1.635194854736328125e+02 7.575322723388671875e+01 1.028218507766723633e+00 5.673622131347656250e+00 8.223342895507812500e-01 2.225708961486816406e+00 5.658912658691406250e-01 2.470311641693115234e+00 1.084570884704589844e-01
5.422562866210937500e+02 2.332302093505859375e+02 9.388789534568786621e-01 5.209078788757324219e+00 -1.679778099060058594e-01 -2.112197875976562500e-01 1.946043968200683594e-01 1.044089436531066895e+00 5.483036637306213379e-01
5.654833984375000000e+02 5.696146240234375000e+02 4.847696423530578613e-01 4.581334114074707031e+00 6.539106369018554688e-01 8.943486213684082031e-01 5.368804931640625000e-01 1.421504974365234375e+00 9.196543693542480469e-01
5.247520141601562500e+02 6.111159667968750000e+02 9.370517730712890625e-01 4.863340377807617188e+00 -2.199232578277587891e-01 -2.707231044769287109e-01 3.158688545227050781e-01 1.173687219619750977e+00 2.456455230712890625e-01
5.203026123046875000e+02 6.103488159179687500e+02 2.961087226867675781e-01 3.956238269805908203e+00 5.709576606750488281e-01 -1.664018630981445312e-01 1.757431030273437500e-01 1.461180448532104492e+00 7.274599075317382812e-01
5.525374145507812500e+02 4.634746093750000000e+02 4.540219902992248535e-01 4.241581439971923828e+00 -5.511534214019775391e-01 -3.251552581787109375e-01 -7.998502254486083984e-01 1.468540191650390625e+00 1.014736533164978027e+00
5.494588623046875000e+02 5.001602783203125000e+02 6.961387395858764648e-01 4.785262107849121094e+00 4.128909111022949219e-01 9.690237045288085938e-01 -5.896365642547607422e-01 1.020504713058471680e+00 2.769965827465057373e-01
5.219690551757812500e+02 2.975758361816406250e+02 5.401626229286193848e-01 4.654645442962646484e+00 -1.718103885650634766e-01 -4.165935516357421875e-01 -4.583942890167236328e-01 2.194308280944824219e+00 5.407066345214843750e-01
5.369818115234375000e+02 4.963249816894531250e+02 2.399015426635742188e-01 4.067111968994140625e+00 9.548425674438476562e-02 1.125493049621582031e+00 8.953213691711425781e-01 1.268282651901245117e+00 6.328783035278320312e-01
5.708067016601562500e+02 9.702464294433593750e+01 1.164664268493652344e+00 5.706927299499511719e+00 1.631498336791992188e-02 2.565693855285644531e-01 1.257050037384033203e+00 1.001061916351318359e+00 5.710718035697937012e-01
5.570950317382812500e+02 1.504800720214843750e+02 4.554823040962219238e-01 3.824728488922119141e+00 6.529784202575683594e-01 1.192529201507568359e+00 3.234696388244628906e-01 1.144357800483703613e+00 4.518389105796813965e-01
5.554165039062500000e+02 4.519163513183593750e+02 4.648277163505554199e-01 4.189730167388916016e+00 -2.907395362854003906e-02 7.488989830017089844e-01 -1.444303989410400391e-01 1.465343713760375977e+00 5.010138750076293945e-01
5.525930786132812500e+02 2.993006591796875000e+02 6.189599633216857910e-01 4.536107063293457031e+00 9.609413146972656250e-01 2.327311038970947266e+00 2.649974822998046875e-01 1.612933397293090820e+00 4.169940650463104248e-01
5.486637573242187500e+02 5.243373413085937500e+02 7.993593811988830566e-01 4.913136005401611328e+00 -3.679490089416503906e-01 1.126790046691894531e-01 1.573872566223144531e-01 1.786819934844970703e+00 7.799738645553588867e-01
1.873421478271484375e+02 4.629858093261718750e+02 4.707440733909606934e-01 4.566565990447998047e+00 1.031680107116699219e+00 2.753281593322753906e-01 5.006790161132812500e-05 1.733178853988647461e+00 1.508679389953613281e-01
5.624327392578125000e+02 5.344010620117187500e+02 7.540071010589599609e-01 4.931398868560791016e+00 -1.644861698150634766e-01 4.700875282287597656e-01 4.476666450500488281e-01 1.484451174736022949e+00 6.450332403182983398e-01
5.685914306640625000e+02 2.575781250000000000e+02 7.647258043289184570e-01 4.871826648712158203e+00 -2.085685729980468750e-02 1.051886081695556641e+00 -1.335787773132324219e-01 1.829205155372619629e+00 4.076833724975585938e-01
5.484494018554687500e+02 4.135752258300781250e+02 7.817345857620239258e-01 5.312860488891601562e+00 1.284050941467285156e-01 1.782774925231933594e-01 -9.006023406982421875e-02 1.214502215385437012e+00 3.542646467685699463e-01
5.260629882812500000e+02 3.097443847656250000e+02 2.046409249305725098e-01 4.268801212310791016e+00 5.719494819641113281e-01 1.182181835174560547e+00 6.304597854614257812e-01 1.950744152069091797e+00 2.079090625047683716e-01
5.233999023437500000e+02 3.846573181152343750e+02 4.040071368217468262e-01 4.088605403900146484e+00 1.410102844238281250e-01 -2.785921096801757812e-03 -2.930140495300292969e-01 1.738852977752685547e+00 2.396288560703396797e-03
5.357092285156250000e+02 5.401740722656250000e+02 7.050004601478576660e-01 4.926196575164794922e+00 5.027866363525390625e-01 1.016960144042968750e+00 3.098487854003906250e-02 1.598879098892211914e+00 8.608782291412353516e-02
5.534326782226562500e+02 5.328345947265625000e+02 5.389001965522766113e-01 4.362943172454833984e+00 6.448721885681152344e-01 1.558439731597900391e+00 7.173061370849609375e-01 1.568247795104980469e+00 2.908347845077514648e-01
5.361477661132812500e+02 3.951578063964843750e+02 7.431957125663757324e-01 4.656687736511230469e+00 1.620030403137207031e-01 7.155942916870117188e-01 -9.152054786682128906e-02 9.863358736038208008e-01 2.828866839408874512e-01
5.613624267578125000e+02 5.710356445312500000e+02 6.851688027381896973e-01 4.771145820617675781e+00 1.288509368896484375e+00 1.758713722229003906e+00 9.465193748474121094e-01 1.110801100730895996e+00 3.831574320793151855e-01
5.599620361328125000e+02 5.265020751953125000e+02 9.403187036514282227e-01 5.490375995635986328e+00 7.459068298339843750e-01 1.190717220306396484e+00 -1.502549648284912109e-01 1.344540596008300781e+00 5.849457979202270508e-01
5.495377197265625000e+02 2.787415161132812500e+02 2.569821476936340332e-01 4.305392742156982422e+00 2.641916275024414062e-02 2.885556221008300781e-01 -1.484155654907226562e-03 1.659778118133544922e+00 2.678942382335662842e-01
5.180506591796875000e+02 5.325490722656250000e+02 3.169143199920654297e-01 4.380742549896240234e+00 -1.034682989120483398e+00 -1.399372816085815430e+00 -5.555009841918945312e-01 2.357323884963989258e+00 5.398697257041931152e-01
5.264542846679687500e+02 4.547275085449218750e+02 5.854997038841247559e-01 4.642467498779296875e+00 1.491374969482421875e+00 1.699817180633544922e+00 8.058929443359375000e-01 1.336676836013793945e+00 6.902661323547363281e-01
5.530273437500000000e+02 3.608230590820312500e+02 9.383842349052429199e-01 5.450764656066894531e+00 -5.815780162811279297e-01 -3.800451755523681641e-01 -2.182412147521972656e-01 1.530264616012573242e+00 1.294562816619873047e-01
5.592003173828125000e+02 4.607652587890625000e+02 1.749412775039672852e+00 6.843846321105957031e+00 -1.973729133605957031e+00 -2.430096864700317383e+00 -1.555843353271484375e+00 1.323179721832275391e+00 6.537848711013793945e-01
5.266683959960937500e+02 3.324366455078125000e+02 1.022512316703796387e+00 5.678675174713134766e+00 3.698801994323730469e-01 1.366713047027587891e+00 1.382899284362792969e-01 1.520542621612548828e+00 2.198417186737060547e-01
5.234367675781250000e+02 2.138547210693359375e+02 5.481493473052978516e-01 4.514087677001953125e+00 2.387762069702148438e-01 -3.067100048065185547e-01 6.796240806579589844e-01 1.905246257781982422e+00 9.636797010898590088e-02
1.628148193359375000e+02 3.973255615234375000e+02 8.585348725318908691e-01 4.931723117828369141e+00 -2.106094360351562500e-01 3.805017471313476562e-01 8.495283126831054688e-01 1.177620649337768555e+00 5.551111698150634766e-02
5.162842407226562500e+02 3.592155151367187500e+02 4.399079084396362305e-01 4.297488212585449219e+00 1.105465888977050781e+00 1.476175785064697266e+00 -4.062294960021972656e-02 1.187044978141784668e+00 1.185401678085327148e-01
5.218599853515625000e+02 4.940292358398437500e+02 3.101149201393127441e-01 4.057417392730712891e+00 -8.660197257995605469e-02 -9.944534301757812500e-01 2.292728424072265625e-01 1.838455677032470703e+00 1.444658339023590088e-01
5.156351318359375000e+02 5.576043701171875000e+02 3.137767314910888672e-01 3.928647756576538086e+00 3.471374511718750000e-01 1.057529449462890625e-01 -4.053854942321777344e-01 8.490943312644958496e-01 1.018009260296821594e-01
5.661522827148437500e+02 4.718890686035156250e+02 5.307874083518981934e-01 4.616479873657226562e+00 1.253216266632080078e+00 2.645189762115478516e+00 1.828310489654541016e+00 1.281013965606689453e+00 1.658577024936676025e-01
1.836641235351562500e+02 4.462952575683593750e+02 6.283533573150634766e-01 4.750188350677490234e+00 5.641222000122070312e-02 -1.762831211090087891e-01 -2.380871772766113281e-01 1.359441876411437988e+00 2.327559702098369598e-02
5.594486083984375000e+02 5.250121459960937500e+02 5.034202337265014648e-01 4.453667163848876953e+00 2.134299278259277344e-01 5.618715286254882812e-01 1.322782039642333984e+00 1.559766292572021484e+00 8.889330029487609863e-01
5.664746704101562500e+02 3.412486267089843750e+02 8.718928694725036621e-01 5.071975708007812500e+00 2.083373069763183594e-01 1.137328147888183594e+00 -2.538144588470458984e-01 1.179002642631530762e+00 6.035341620445251465e-01
5.263492431640625000e+02 2.983226928710937500e+02 4.592034220695495605e-01 4.338668346405029297e+00 6.334352493286132812e-01 4.419565200805664062e-01 -3.821849822998046875e-03 1.791476488113403320e+00 4.155867993831634521e-01
5.243947753906250000e+02 3.687833251953125000e+02 4.086190462112426758e-01 4.173754215240478516e+00 2.544331550598144531e-01 9.382247924804687500e-02 -2.378618717193603516e-01 1.586069345474243164e+00 1.685977727174758911e-01
5.242006225585937500e+02 2.134916839599609375e+02 3.600594401359558105e-01 4.354232311248779297e+00 1.150906085968017578e+00 1.942484378814697266e+00 3.811073303222656250e-01 1.677774786949157715e+00 3.747799396514892578e-01
5.236924438476562500e+02 4.204338989257812500e+02 5.930492281913757324e-01 4.601123809814453125e+00 -2.405989170074462891e-01 6.734943389892578125e-01 -1.065337657928466797e-01 1.744538068771362305e+00 2.864166796207427979e-01
5.634376220703125000e+02 3.451157836914062500e+02 5.197784304618835449e-01 4.171728134155273438e+00 3.315806388854980469e-01 8.512401580810546875e-01 -3.217208385467529297e-01 1.398267030715942383e+00 2.733933031558990479e-01
5.195777587890625000e+02 3.335304260253906250e+02 5.057406425476074219e-01 4.477634906768798828e+00 5.573463439941406250e-01 1.135544776916503906e+00 5.549669265747070312e-01 1.564535140991210938e+00 1.163052916526794434e-01
5.521959838867187500e+02 4.125084533691406250e+02 5.281099677085876465e-01 4.383577823638916016e+00 9.687042236328125000e-01 1.315023899078369141e+00 4.314470291137695312e-01 1.122854948043823242e+00 5.365592837333679199e-01
5.431729736328125000e+02 3.795687561035156250e+02 6.236976385116577148e-01 4.442576885223388672e+00 1.862359046936035156e-01 1.237819194793701172e+00 -6.215584278106689453e-01 1.145831823348999023e+00 1.531477421522140503e-01
5.495853271484375000e+02 5.546646881103515625e+01 5.287250876426696777e-01 4.830593109130859375e+00 9.824991226196289062e-02 7.378029823303222656e-01 -5.114459991455078125e-01 1.856875419616699219e+00 1.663100719451904297e-02
5.223292846679687500e+02 3.434240112304687500e+02 6.869474053382873535e-01 4.608230590820312500e+00 -1.068190336227416992e+00 -2.496106624603271484e+00 -2.939581871032714844e-01 1.790465593338012695e+00 3.509053289890289307e-01
5.288646240234375000e+02 1.690636138916015625e+02 1.079041957855224609e+00 5.872615337371826172e+00 -1.690480709075927734e+00 -2.842227220535278320e+00 -7.144451141357421875e-02 1.521673917770385742e+00 8.774423971772193909e-03
5.656676025390625000e+02 2.810980224609375000e+02 7.308620214462280273e-01 4.741760253906250000e+00 -7.762467861175537109e-01 -1.017093658447265625e-01 4.945516586303710938e-02 1.217044711112976074e+00 6.961460411548614502e-02
1.741024169921875000e+02 5.784322509765625000e+02 1.068715095520019531e+00 5.574814796447753906e+00 2.922465801239013672e+00 4.522204399108886719e+00 -6.691575050354003906e-02 1.578304052352905273e+00 3.406754136085510254e-01
1.866089019775390625e+02 5.958028564453125000e+02 9.170535206794738770e-01 5.791200637817382812e+00 4.585790634155273438e-01 -1.893484592437744141e-01 1.326799392700195312e-01 1.757891774177551270e+00 7.539996504783630371e-01
5.139484863281250000e+02 6.744400787353515625e+01 1.019420027732849121e+00 5.382028102874755859e+00 -1.268336772918701172e+00 -1.781053543090820312e+00 -6.993293762207031250e-01 1.410056591033935547e+00 6.028732061386108398e-01
5.472655029296875000e+02 6.567066650390625000e+02 4.748865962028503418e-01 4.262386322021484375e+00 -3.821194171905517578e-01 2.190351486206054688e-01 -5.885243415832519531e-02 1.207375884056091309e+00 2.363975346088409424e-01
1.687191772460937500e+02 2.589078369140625000e+02 3.048598766326904297e-01 4.539057731628417969e+00 3.686285018920898438e-01 4.557585716247558594e-01 2.962541580200195312e-01 1.540927648544311523e+00 4.046861529350280762e-01
5.312960815429687500e+02 3.029578552246093750e+02 3.205922245979309082e-01 4.011519908905029297e+00 5.072903633117675781e-01 2.114024162292480469e+00 -8.799874782562255859e-01 1.537298917770385742e+00 6.920915842056274414e-01
5.164962768554687500e+02 5.190372924804687500e+02 3.329795598983764648e-01 4.390792846679687500e+00 1.224040985107421875e-02 4.306411743164062500e-01 6.055641174316406250e-01 2.571026325225830078e+00 1.213772892951965332e+00
5.700499267578125000e+02 1.924614410400390625e+02 6.776997447013854980e-01 4.803434371948242188e+00 3.163719177246093750e-01 9.349989891052246094e-01 -7.890462875366210938e-03 1.681719541549682617e+00 2.034446001052856445e-01
5.649993896484375000e+02 5.118474121093750000e+02 3.226467967033386230e-01 4.143446922302246094e+00 6.130576133728027344e-01 1.896665096282958984e+00 -3.095722198486328125e-01 1.623854875564575195e+00 1.215679869055747986e-01
5.652946166992187500e+02 4.728692016601562500e+02 6.068998575210571289e-01 4.437775611877441406e+00 -1.872777938842773438e-01 8.560752868652343750e-01 -2.335238456726074219e-01 1.417811036109924316e+00 4.491448402404785156e-01
5.179053344726562500e+02 3.383598937988281250e+02 6.701257824897766113e-01 4.709515571594238281e+00 7.037162780761718750e-01 1.017463207244873047e+00 -8.547306060791015625e-02 1.240582346916198730e+00 2.263409644365310669e-01
5.585200805664062500e+02 3.620976562500000000e+02 9.088397026062011719e-01 5.018491268157958984e+00 1.499633789062500000e+00 2.013256549835205078e+00 2.779150009155273438e-01 1.183692455291748047e+00 2.953469939529895782e-02
5.677058715820312500e+02 2.451915740966796875e+02 7.255589962005615234e-01 4.782304763793945312e+00 4.528689384460449219e-01 1.031181812286376953e+00 -6.148421764373779297e-01 1.400026321411132812e+00 9.776290506124496460e-02
5.596312866210937500e+02 3.669419860839843750e+02 1.083016633987426758e+00 5.501570224761962891e+00 1.099658012390136719e+00 1.347584724426269531e+00 4.343628883361816406e-01 1.104233503341674805e+00 1.430799514055252075e-01
5.288737182617187500e+02 4.693204345703125000e+02 3.800424933433532715e-01 4.295603275299072266e+00 -4.216849803924560547e-01 -4.455113410949707031e-01 1.125979423522949219e-01 1.782313585281372070e+00 1.051488637924194336e+00
5.566321411132812500e+02 2.859687500000000000e+02 3.399705886840820312e-01 4.090552330017089844e+00 7.475948333740234375e-01 1.290001869201660156e+00 6.197190284729003906e-01 1.378896236419677734e+00 7.563965320587158203e-01
5.471373291015625000e+02 2.893807983398437500e+02 8.176669478416442871e-01 4.859909057617187500e+00 1.015052795410156250e+00 1.371557712554931641e+00 8.132958412170410156e-01 1.119385719299316406e+00 3.827677667140960693e-02
5.671198120117187500e+02 4.949132080078125000e+02 5.821064114570617676e-01 4.494417190551757812e+00 -2.659440040588378906e-01 4.218339920043945312e-02 8.547544479370117188e-02 1.431892991065979004e+00 2.560413442552089691e-02
5.647974243164062500e+02 7.560758666992187500e+02 1.334146261215209961e+00 6.063080310821533203e+00 8.067011833190917969e-01 1.528670787811279297e+00 8.233547210693359375e-02 1.437639713287353516e+00 2.580593228340148926e-01
5.495462036132812500e+02 4.095147705078125000e+02 4.454064369201660156e-01 4.345112800598144531e+00 8.450770378112792969e-01 6.167817115783691406e-01 -8.955514430999755859e-01 1.183416008949279785e+00 2.572250366210937500e-01
5.544384155273437500e+02 5.402043457031250000e+02 4.982018470764160156e-01 4.348194599151611328e+00 4.323554039001464844e-01 7.181382179260253906e-01 5.379867553710937500e-01 1.146664977073669434e+00 3.107056915760040283e-01
5.374254150390625000e+02 7.568785400390625000e+02 4.789143800735473633e-01 4.473758220672607422e+00 -4.443764686584472656e-02 6.423854827880859375e-01 -2.744519710540771484e-01 1.516527056694030762e+00 2.018961906433105469e-01
5.557539062500000000e+02 3.880358581542968750e+02 4.610481858253479004e-01 4.015350341796875000e+00 9.768366813659667969e-01 1.316390037536621094e+00 5.503654479980468750e-02 1.176185846328735352e+00 1.695976853370666504e-01
5.289174804687500000e+02 3.308569030761718750e+02 5.513602495193481445e-01 4.132103919982910156e+00 5.427169799804687500e-01 1.170129776000976562e+00 -8.839130401611328125e-02 1.123098731040954590e+00 2.151723355054855347e-01
5.442542724609375000e+02 3.380947265625000000e+02 8.741372823715209961e-01 5.367285251617431641e+00 -3.442883491516113281e-02 6.299281120300292969e-01 3.635263442993164062e-01 1.580203056335449219e+00 1.096623018383979797e-01
5.153838500976562500e+02 3.409901428222656250e+02 5.577328801155090332e-01 4.439800262451171875e+00 -6.185770034790039062e-02 2.648782730102539062e-01 9.891986846923828125e-03 1.716550111770629883e+00 3.323191404342651367e-01
5.228359985351562500e+02 4.880661621093750000e+02 6.354737281799316406e-01 4.828258514404296875e+00 7.285571098327636719e-01 1.397581100463867188e+00 2.657413482666015625e-01 1.462728023529052734e+00 3.246236145496368408e-01
5.264514160156250000e+02 6.917150268554687500e+02 6.183597445487976074e-01 4.517529010772705078e+00 8.164429664611816406e-01 9.068655967712402344e-01 -4.918313026428222656e-01 1.352809429168701172e+00 1.103125810623168945e-01
5.518156738281250000e+02 4.076460876464843750e+02 5.095630884170532227e-01 4.663710594177246094e+00 4.956912994384765625e-01 9.620094299316406250e-01 -8.417928218841552734e-01 1.792776107788085938e+00 2.475890666246414185e-01
5.642384033203125000e+02 3.371335144042968750e+02 5.182147026062011719e-01 4.571777343750000000e+00 3.631186485290527344e-01 1.031684875488281250e+00 7.369017601013183594e-01 1.692486763000488281e+00 3.407931625843048096e-01
5.227506103515625000e+02 5.954115600585937500e+02 3.536492586135864258e-01 4.305220603942871094e+00 6.955194473266601562e-01 1.118602752685546875e+00 6.093978881835937500e-01 1.688626289367675781e+00 4.457087516784667969e-01
5.507996826171875000e+02 6.419113769531250000e+02 5.238413810729980469e-01 4.568863868713378906e+00 -2.728104591369628906e-01 2.595543861389160156e-01 -4.698097705841064453e-01 1.665087699890136719e+00 2.222567498683929443e-01
1.767443237304687500e+02 7.305868530273437500e+02 8.255270123481750488e-01 5.111666679382324219e+00 9.344720840454101562e-01 5.162334442138671875e-01 8.853960037231445312e-01 1.117303490638732910e+00 2.532832622528076172e-01
5.174381103515625000e+02 2.384136657714843750e+02 4.579600691795349121e-01 4.113439559936523438e+00 3.394651412963867188e-01 7.095885276794433594e-01 1.484966278076171875e-01 1.317526578903198242e+00 1.762910336256027222e-01
5.265922851562500000e+02 5.918451538085937500e+02 4.807630181312561035e-01 4.042450428009033203e+00 4.043579101562500000e-01 4.354691505432128906e-01 3.066682815551757812e-01 1.552844524383544922e+00 2.154441922903060913e-02
1.608628540039062500e+02 6.060097045898437500e+02 6.344595551490783691e-01 4.819646358489990234e+00 1.113305091857910156e+00 6.235456466674804688e-01 2.141642570495605469e-01 1.343732476234436035e+00 6.610387563705444336e-01
5.184606323242187500e+02 4.089213867187500000e+02 6.716680526733398438e-01 4.642290592193603516e+00 4.335212707519531250e-01 2.023696899414062500e-02 -6.529402732849121094e-01 1.550121545791625977e+00 2.225315272808074951e-01
