5.906280517578125000e+02 2.896125316619873047e+00 1.137188529968261719e+01 3.143301010131835938e+00 -3.989458084106445312e-02 3.862635791301727295e-02
2.112966766357421875e+02 7.689527273178100586e-01 6.996641159057617188e+00 1.097621917724609375e+00 1.771903038024902344e-01 5.759087204933166504e-02
8.099184036254882812e+00 1.257175922393798828e+00 7.998704910278320312e+00 -1.431369781494140625e+00 -8.891892433166503906e-01 3.205192089080810547e-01
7.767046508789062500e+02 1.101808071136474609e+00 7.768023490905761719e+00 -1.272162199020385742e+00 -1.784939765930175781e+00 3.963331878185272217e-01
6.284061670303344727e-01 7.500601410865783691e-01 7.011434555053710938e+00 6.221008300781250000e-01 1.340246200561523438e-01 5.712863206863403320e-01
3.284606018066406250e+02 6.256569623947143555e-01 6.578828811645507812e+00 7.624197006225585938e-01 -2.553761005401611328e-01 1.187079250812530518e-01
7.150869750976562500e+02 5.063444375991821289e-01 6.444340705871582031e+00 7.017064094543457031e-01 4.919910430908203125e-01 5.573533102869987488e-02
7.803319702148437500e+02 3.438946604728698730e-01 6.276082992553710938e+00 8.847236633300781250e-02 -5.012273788452148438e-02 7.253999710083007812e-01
1.345920410156250000e+02 3.361354827880859375e+00 1.246409511566162109e+01 1.082601547241210938e+01 1.132499217987060547e+01 1.026100635528564453e+00
5.175737304687500000e+02 3.318308353424072266e+00 1.212483501434326172e+01 1.704132461547851562e+01 9.990715980529785156e-01 4.684970527887344360e-02
4.294100341796875000e+02 1.544762730598449707e+00 8.698303222656250000e+00 -6.850933074951171875e+00 -7.613273620605468750e+00 1.069110989570617676e+00
1.477855682373046875e+02 2.935087680816650391e+00 1.140792369842529297e+01 -2.328592538833618164e+00 -1.447904109954833984e-01 1.573913916945457458e-02
5.859786376953125000e+02 1.974610328674316406e+00 9.358610153198242188e+00 -6.335245132446289062e+00 -2.917976379394531250e+00 4.398742616176605225e-01
1.817970581054687500e+02 4.915230870246887207e-01 6.531473636627197266e+00 1.210408210754394531e+00 -2.867698669433593750e-02 3.258407413959503174e-01
7.691717529296875000e+02 4.649280905723571777e-01 6.317387580871582031e+00 -9.890556335449218750e-02 -2.705693244934082031e-01 4.142496287822723389e-01
5.596064758300781250e+01 2.368902564048767090e-01 5.748275756835937500e+00 -7.285714149475097656e-02 -3.000092506408691406e-01 1.904340833425521851e-01
1.265729522705078125e+02 1.079035758972167969e+00 7.919060230255126953e+00 4.269340038299560547e+00 1.078016757965087891e+00 4.256701171398162842e-01
3.894126586914062500e+02 3.800217628479003906e+00 1.313801574707031250e+01 1.952183532714843750e+01 7.771260738372802734e+00 3.991482257843017578e-01
3.781392211914062500e+02 2.770173549652099609e-01 5.870403289794921875e+00 6.192326545715332031e-01 1.733756065368652344e-01 1.595438420772552490e-01
1.510118103027343750e+02 9.296715855598449707e-01 7.409880638122558594e+00 3.819725513458251953e+00 -3.588128089904785156e-01 1.027950271964073181e-01
6.705233154296875000e+02 1.966461062431335449e+00 9.220648765563964844e+00 -1.107501983642578125e+00 -6.286752223968505859e-01 2.101583033800125122e-01
1.372576751708984375e+02 2.722536087036132812e+00 1.101015377044677734e+01 1.189933013916015625e+01 3.752160072326660156e-01 3.140010312199592590e-02
2.360410766601562500e+02 1.320705652236938477e+00 8.081546783447265625e+00 -6.317293643951416016e-01 -1.187491416931152344e-01 6.348700821399688721e-02
5.285268783569335938e+00 1.118363380432128906e+00 7.922867298126220703e+00 -6.591439247131347656e-02 -7.416594028472900391e-01 7.620654106140136719e-01
6.934318237304687500e+02 3.279141902923583984e+00 1.223395919799804688e+01 7.007305622100830078e+00 5.210108757019042969e+00 9.696850180625915527e-01
7.243317871093750000e+02 2.640109658241271973e-01 6.131892681121826172e+00 5.240321159362792969e-01 7.182264328002929688e-01 8.407902121543884277e-01
1.321276550292968750e+02 1.637536764144897461e+00 9.075960159301757812e+00 -1.838421821594238281e+00 -1.434333324432373047e+00 2.886951267719268799e-01
2.103125610351562500e+02 3.461343050003051758e-01 6.294842720031738281e+00 3.341722488403320312e-01 5.815410614013671875e-01 2.772819250822067261e-02
6.729840087890625000e+02 7.046399712562561035e-01 7.351800441741943359e+00 -8.084034919738769531e-01 -4.142069816589355469e-01 2.159787714481353760e-01
4.161795959472656250e+02 2.975018501281738281e+00 1.150482559204101562e+01 1.545715808868408203e+01 7.633614540100097656e-01 3.884795308113098145e-02
3.341492919921875000e+02 6.724355816841125488e-01 6.937834739685058594e+00 -5.223286151885986328e-01 -2.019798755645751953e-01 2.703464329242706299e-01
1.008988738059997559e+00 1.152119159698486328e+00 7.539086341857910156e+00 -6.440401077270507812e-01 -8.898317813873291016e-01 1.281993389129638672e+00
7.632890014648437500e+02 3.998796939849853516e-01 6.275077342987060547e+00 -2.230679988861083984e-01 4.132390022277832031e-01 3.542671203613281250e-01
7.968247070312500000e+02 2.344059944152832031e+00 1.033450698852539062e+01 -3.451871871948242188e-01 -9.340870380401611328e-01 9.637391567230224609e-02
6.413990020751953125e+01 1.829589009284973145e-01 5.865603446960449219e+00 -2.520740032196044922e-01 -3.327322006225585938e-01 7.296873331069946289e-01
3.245674743652343750e+02 9.984575510025024414e-01 7.549623966217041016e+00 1.370489597320556641e+00 -4.967975616455078125e-01 3.147353231906890869e-01
4.682198181152343750e+02 3.270743370056152344e+00 1.232902908325195312e+01 1.924501228332519531e+01 7.720916271209716797e+00 4.380686283111572266e-01
7.412568969726562500e+02 8.870221376419067383e-01 7.306915283203125000e+00 -3.640726804733276367e+00 -2.638417482376098633e+00 5.455856323242187500e-01
5.240124511718750000e+02 1.440112590789794922e+00 8.522981643676757812e+00 -5.243054389953613281e+00 -4.323457717895507812e+00 6.028209924697875977e-01
6.479564819335937500e+02 1.911889553070068359e+00 9.372068405151367188e+00 1.281855106353759766e+00 8.404850959777832031e-01 6.390295028686523438e-01
5.593671264648437500e+02 4.299998283386230469e-03 5.599367618560791016e+00 1.915907859802246094e-01 -2.026216983795166016e+00 1.756667613983154297e+00
6.479663085937500000e+02 1.548449516296386719e+00 8.666442871093750000e+00 -2.900968790054321289e+00 -1.908339262008666992e+00 2.096791416406631470e-01
7.772551879882812500e+02 3.319672346115112305e-01 6.234920501708984375e+00 7.582044601440429688e-01 -1.595759391784667969e-01 3.121200799942016602e-01
7.900924072265625000e+02 -2.248169779777526855e-01 5.052672386169433594e+00 1.976871490478515625e-01 -6.951379776000976562e-01 3.325225114822387695e-01
1.603675994873046875e+02 1.583702683448791504e+00 8.476646423339843750e+00 5.826842784881591797e+00 7.014584541320800781e-01 2.419775128364562988e-01
1.594501953125000000e+02 2.722054958343505859e+00 1.089889907836914062e+01 -5.830493927001953125e+00 -1.061993837356567383e+00 7.599911093711853027e-02
1.342223405838012695e+00 1.462761163711547852e+00 8.263584136962890625e+00 -2.950084209442138672e+00 -2.920445203781127930e+00 8.455430269241333008e-01
2.614825744628906250e+02 2.434589862823486328e+00 1.024131870269775391e+01 -6.095179557800292969e+00 5.195617675781250000e-02 9.208746999502182007e-02
4.313299560546875000e+02 1.921868801116943359e+00 9.250788688659667969e+00 -7.153191566467285156e+00 -3.432645797729492188e+00 5.235733985900878906e-01
3.315999984741210938e+01 3.090774536132812500e+00 1.186254310607910156e+01 -2.149380445480346680e+00 -3.039885759353637695e+00 1.451043367385864258e+00
9.279494476318359375e+01 5.639151930809020996e-01 6.534261703491210938e+00 1.505944728851318359e+00 1.852841377258300781e+00 1.272477149963378906e+00
7.569220581054687500e+02 1.009728908538818359e-01 5.543980598449707031e+00 2.371025085449218750e-01 -9.448421001434326172e-01 1.673332691192626953e+00
6.079854125976562500e+02 3.610522150993347168e-01 6.176398754119873047e+00 6.831002235412597656e-01 -5.716276168823242188e-01 1.899259686470031738e-01
6.548028564453125000e+02 1.779758930206298828e-02 5.472093582153320312e+00 3.449845314025878906e-01 -1.156723499298095703e+00 6.959059834480285645e-01
5.157316894531250000e+02 1.913384437561035156e+00 9.420254707336425781e+00 1.342332077026367188e+01 5.385663509368896484e+00 4.324174225330352783e-01
5.371173095703125000e+02 -1.115188598632812500e-01 5.375041961669921875e+00 4.689979553222656250e-01 7.238984107971191406e-01 3.099999129772186279e-01
6.318783569335937500e+02 3.885697126388549805e-01 6.435665607452392578e+00 6.274724006652832031e-01 1.010479927062988281e+00 8.353325724601745605e-01
6.559930419921875000e+02 6.633414626121520996e-01 6.974324226379394531e+00 -1.168972253799438477e+00 -1.347184181213378906e-02 1.121795326471328735e-01
7.343988647460937500e+02 4.239596724510192871e-01 6.575315952301025391e+00 1.434826850891113281e-01 -1.187769174575805664e+00 1.412324666976928711e+00
6.225046386718750000e+02 3.331073522567749023e-01 6.470225811004638672e+00 4.935216903686523438e-01 -5.894041061401367188e-01 2.269141674041748047e-01
3.827644348144531250e+01 2.241584777832031250e+00 9.737422943115234375e+00 1.376951217651367188e+01 1.371635627746582031e+01 1.060066461563110352e+00
5.576220092773437500e+02 4.117030501365661621e-01 6.240032672882080078e+00 2.315211296081542969e-01 -6.343734264373779297e-01 1.301721453666687012e+00
6.914879150390625000e+02 6.322392821311950684e-01 6.869687557220458984e+00 1.126012802124023438e+00 6.001234054565429688e-01 3.118865489959716797e-01
7.401359863281250000e+02 7.320736050605773926e-01 6.769142627716064453e+00 -2.002130746841430664e+00 -8.292305469512939453e-01 5.832864046096801758e-01
4.281367797851562500e+02 1.480989456176757812e-01 5.635455131530761719e+00 6.203675270080566406e-01 -8.527290821075439453e-01 7.716823220252990723e-01
4.739881896972656250e+02 3.863664627075195312e+00 1.304688167572021484e+01 -1.517968654632568359e+01 -1.685616302490234375e+01 1.090625405311584473e+00
7.393892822265625000e+02 -3.183634877204895020e-01 5.192418575286865234e+00 3.753519058227539062e-01 -6.394600868225097656e-01 1.496070742607116699e+00
7.916297607421875000e+02 -1.876828670501708984e-01 4.931855201721191406e+00 -4.113185405731201172e-01 -6.801784038543701172e-01 2.425024062395095825e-01
7.358270874023437500e+02 2.241407394409179688e+00 1.000683784484863281e+01 -3.434514999389648438e+00 -4.259490013122558594e+00 1.164904713630676270e+00
3.880537414550781250e+02 5.478222966194152832e-01 6.516026496887207031e+00 -5.440139770507812500e-01 3.069782257080078125e-01 2.097057998180389404e-01
6.751612548828125000e+02 3.658079504966735840e-01 6.148249149322509766e+00 9.457349777221679688e-02 3.294777870178222656e-01 3.072322905063629150e-01
1.388069763183593750e+02 8.082529902458190918e-01 6.970849037170410156e+00 -1.286882162094116211e+00 -3.368997573852539062e-01 4.772899672389030457e-02
4.374364852905273438e+01 8.146765232086181641e-01 6.896596908569335938e+00 2.413372993469238281e+00 -1.356458663940429688e-01 5.367767065763473511e-02
7.108183593750000000e+02 3.645520210266113281e+00 1.298621082305908203e+01 1.212295532226562500e+01 5.902724266052246094e+00 5.668802261352539062e-01
1.124616394042968750e+02 3.003363609313964844e+00 1.159094429016113281e+01 1.276523399353027344e+01 4.545426368713378906e+00 3.408719897270202637e-01
5.272209472656250000e+02 2.177464962005615234e+00 9.768510818481445312e+00 5.918605327606201172e+00 6.794714927673339844e-01 1.148256212472915649e-01
7.104207153320312500e+02 4.558565020561218262e-01 6.453470706939697266e+00 -9.832382202148437500e-02 -5.172586441040039062e-01 5.629217028617858887e-01
7.316989135742187500e+02 1.322671532630920410e+00 8.125913619995117188e+00 3.982839584350585938e+00 4.047679901123046875e+00 1.088753461837768555e+00
2.023340454101562500e+02 2.731377124786376953e+00 1.113173484802246094e+01 -6.524908542633056641e+00 -1.166100502014160156e+00 6.914393603801727295e-02
2.597911376953125000e+02 6.316642165184020996e-01 6.750766754150390625e+00 -7.283091545104980469e-02 -6.641817092895507812e-01 3.953908681869506836e-01
5.649693603515625000e+02 -1.330634355545043945e-01 4.979905128479003906e+00 -4.037988185882568359e-01 -1.716912984848022461e+00 1.874646544456481934e+00
6.950578613281250000e+02 8.509217500686645508e-01 7.091311454772949219e+00 -2.410502433776855469e+00 -6.701910495758056641e-01 9.008422493934631348e-02
6.574049682617187500e+02 1.199017047882080078e+00 7.974696159362792969e+00 8.339715003967285156e-01 -9.474515914916992188e-01 2.520080804824829102e-01
3.692635192871093750e+02 1.154964447021484375e+00 8.068824768066406250e+00 1.317946910858154297e+00 5.205845832824707031e-01 1.283904612064361572e-01
7.613452148437500000e+02 -4.901856184005737305e-02 5.513358116149902344e+00 7.233905792236328125e-01 9.052062034606933594e-01 6.792593002319335938e-01
7.362630615234375000e+02 2.192978262901306152e-01 6.106673240661621094e+00 -1.707196235656738281e-02 -5.740451812744140625e-01 3.889914155006408691e-01
6.570394287109375000e+02 4.241406321525573730e-01 6.553446292877197266e+00 1.057410240173339844e+00 6.043195724487304688e-02 1.926894336938858032e-01
1.505881805419921875e+02 2.758244872093200684e-01 6.030533790588378906e+00 1.019225120544433594e+00 6.361818313598632812e-01 6.650466322898864746e-01
7.585546264648437500e+02 1.666666269302368164e-01 5.822137355804443359e+00 4.579615592956542969e-01 -1.818501949310302734e-01 5.446097254753112793e-01
3.709883117675781250e+02 3.342489004135131836e-01 6.048306941986083984e+00 -4.414236545562744141e-01 -2.489399909973144531e-01 6.911512613296508789e-01
1.834431648254394531e+01 2.062059640884399414e+00 9.646608352661132812e+00 1.306343078613281250e-01 6.939101219177246094e-01 3.527472019195556641e-01
1.909242095947265625e+02 6.349842548370361328e-01 6.524781703948974609e+00 6.184864044189453125e-01 2.511572837829589844e-01 2.440908849239349365e-01
6.593255615234375000e+02 3.103674054145812988e-01 6.202784538269042969e+00 -1.049530506134033203e+00 -1.957031488418579102e+00 1.054027318954467773e+00
6.764386749267578125e+01 -8.508014678955078125e-02 5.652755737304687500e+00 -7.138586044311523438e-01 -3.834605216979980469e-02 5.126088112592697144e-02
6.836511840820312500e+02 -4.245340824127197266e-02 5.131292343139648438e+00 -1.473176479339599609e-01 -4.869353771209716797e-01 6.225372552871704102e-01
7.953173828125000000e+02 8.681651353836059570e-01 7.274136543273925781e+00 1.764183044433593750e+00 2.014164924621582031e+00 1.546834111213684082e+00
7.235311279296875000e+02 2.007472038269042969e+00 9.671660423278808594e+00 -7.860779762268066406e-02 -6.828236579895019531e-01 4.020882248878479004e-01
7.606890258789062500e+02 7.897115945816040039e-01 7.052368164062500000e+00 3.137826919555664062e-01 -1.697456836700439453e-01 7.390302419662475586e-01
5.155950317382812500e+02 3.294850111007690430e+00 1.199323177337646484e+01 1.683600616455078125e+01 1.072912216186523438e+00 6.721515208482742310e-02
2.440980377197265625e+02 3.209630489349365234e+00 1.202331924438476562e+01 1.313249588012695312e+01 3.298175334930419922e+00 2.489043623208999634e-01
5.816071166992187500e+02 4.542666673660278320e-01 6.419165611267089844e+00 1.447916030883789062e-02 -1.184715032577514648e+00 7.908464670181274414e-01
2.144029083251953125e+02 1.219376087188720703e+00 7.959331512451171875e+00 6.759881973266601562e-02 -2.035450935363769531e-01 3.529886528849601746e-02
2.844010925292968750e+02 2.027773141860961914e+00 9.781909942626953125e+00 -1.530260181427001953e+01 -2.056173086166381836e+00 1.028947159647941589e-01
6.767437744140625000e+01 1.897580862045288086e+00 9.534185409545898438e+00 4.969146251678466797e+00 6.796598434448242188e-01 2.885394990444183350e-01
6.573877563476562500e+02 3.555270195007324219e+00 1.244334602355957031e+01 -1.473785781860351562e+01 -1.078950977325439453e+01 6.910449862480163574e-01
4.198599243164062500e+02 2.337185621261596680e+00 1.033337688446044922e+01 5.691475868225097656e+00 4.628691673278808594e+00 7.011849880218505859e-01
6.099050292968750000e+02 3.795687556266784668e-01 6.157353401184082031e+00 4.212856292724609375e-02 -1.222271919250488281e+00 1.821018218994140625e+00
3.069008789062500000e+02 2.251905918121337891e+00 9.740971565246582031e+00 -7.665181159973144531e+00 -2.784912586212158203e+00 2.851785421371459961e-01
1.598808884620666504e+00 1.075470924377441406e+00 7.716857910156250000e+00 2.951741218566894531e+00 1.009018421173095703e+00 5.525624155998229980e-01
8.360506057739257812e+00 1.286595106124877930e+00 8.032602310180664062e+00 -1.574611663818359375e-01 3.398513793945312500e-01 8.080890774726867676e-01
8.622715759277343750e+01 7.778528332710266113e-01 7.044811248779296875e+00 7.526159286499023438e-02 2.499747276306152344e-01 1.094089388847351074e+00
3.918736572265625000e+02 2.981203556060791016e+00 1.162683677673339844e+01 5.478727817535400391e+00 2.654170989990234375e-01 1.340523213148117065e-01
3.689055786132812500e+02 3.611751317977905273e+00 1.287798118591308594e+01 -1.512615489959716797e+01 -8.039367198944091797e-01 3.536914661526679993e-02
1.159744358062744141e+01 1.377499461174011230e+00 8.344898223876953125e+00 -4.398798942565917969e-01 -8.586168289184570312e-01 1.522535800933837891e+00
7.849669189453125000e+02 2.443451881408691406e-01 6.189867019653320312e+00 1.014990806579589844e+00 -2.530491352081298828e-01 1.357183694839477539e+00
7.479722900390625000e+02 7.204446196556091309e-01 6.797392368316650391e+00 5.925083160400390625e-01 -2.343583106994628906e-01 3.241584897041320801e-01
5.841041870117187500e+02 1.740981340408325195e+00 8.831798553466796875e+00 -3.972104787826538086e+00 -1.456664800643920898e+00 2.679084241390228271e-01
4.437051391601562500e+01 1.339186429977416992e+00 8.389836311340332031e+00 3.302819728851318359e+00 2.471137046813964844e-01 4.267844930291175842e-02
7.833388061523437500e+02 1.339654922485351562e-01 5.588645935058593750e+00 6.733536720275878906e-01 -1.370823383331298828e-01 2.200546264648437500e-01
1.108335399627685547e+01 9.187676906585693359e-01 7.614636421203613281e+00 1.681499481201171875e+00 5.494093894958496094e-01 4.980477690696716309e-01
4.145338439941406250e+02 2.658944606781005859e+00 1.076660346984863281e+01 1.673877239227294922e+00 6.283092498779296875e-01 4.152351915836334229e-01
4.761769714355468750e+02 2.137885332107543945e+00 1.001962852478027344e+01 2.041413784027099609e+00 -1.793515682220458984e-01 9.651856496930122375e-03
2.889608764648437500e+02 -4.297751188278198242e-02 5.778065681457519531e+00 7.179307937622070312e-01 1.127409934997558594e-01 7.911517284810543060e-03
3.094308471679687500e+02 4.957017898559570312e-01 6.199142456054687500e+00 6.570553779602050781e-01 3.151965141296386719e-01 1.754776239395141602e-01
2.835739898681640625e+01 1.426952600479125977e+00 8.601903915405273438e+00 -3.275040388107299805e+00 -1.008894443511962891e+00 3.869448304176330566e-01
8.262938690185546875e+01 1.605573058128356934e+00 8.538676261901855469e+00 -2.159767150878906250e+00 -1.656680107116699219e+00 4.276072680950164795e-01
1.721249847412109375e+02 8.243525028228759766e-02 5.815968990325927734e+00 -6.384432315826416016e-01 -5.265128612518310547e-01 1.974004358053207397e-01
6.583535766601562500e+01 3.564526557922363281e+00 1.259431838989257812e+01 -1.553801298141479492e+00 -1.237604618072509766e+00 1.375316262245178223e+00
3.927327880859375000e+02 3.439023494720458984e-01 6.206887245178222656e+00 -2.082085609436035156e-01 -3.225326538085937500e-01 7.350829988718032837e-02
6.718657836914062500e+02 4.962094426155090332e-01 6.466564178466796875e+00 -1.978123188018798828e-01 -8.626627922058105469e-01 2.050030976533889771e-01
7.371348571777343750e+01 2.711459994316101074e-01 6.186235427856445312e+00 5.707550048828125000e-01 -1.845622062683105469e-01 2.008730322122573853e-01
6.700028686523437500e+02 1.912924885749816895e+00 9.710727691650390625e+00 -1.456689071655273438e+01 -6.423777580261230469e+00 4.036790430545806885e-01
6.547446289062500000e+02 1.012148976325988770e+00 7.664066314697265625e+00 -9.499692916870117188e-01 4.100942611694335938e-01 1.585100889205932617e-01
1.402925720214843750e+02 1.356959819793701172e+00 8.052672386169433594e+00 -5.892363548278808594e+00 -1.117688417434692383e+00 1.864321380853652954e-01
6.273568725585937500e+02 5.683428049087524414e-01 6.516777515411376953e+00 5.842685699462890625e-02 -6.936407089233398438e-01 1.029980659484863281e+00
3.269317016601562500e+02 9.860714673995971680e-01 7.606178283691406250e+00 -2.990388870239257812e-01 1.008670330047607422e+00 4.032910242676734924e-02
4.680353088378906250e+02 1.777754426002502441e+00 9.106206893920898438e+00 -6.099220275878906250e+00 -3.903955221176147461e+00 5.718087553977966309e-01
1.114452362060546875e+01 1.651498198509216309e+00 8.813181877136230469e+00 -1.194504499435424805e+00 -6.250166893005371094e-01 3.538030385971069336e-01
3.928730010986328125e+00 1.367839574813842773e+00 8.067246437072753906e+00 -4.715442657470703125e-01 -8.167076110839843750e-01 9.961908459663391113e-01
4.810045242309570312e+01 1.846053123474121094e+00 9.177837371826171875e+00 -1.981739997863769531e+00 -5.191016197204589844e-01 9.160167723894119263e-02
1.175925140380859375e+02 2.724542140960693359e+00 1.097832202911376953e+01 9.794392585754394531e+00 2.218172550201416016e+00 1.409797370433807373e-01
6.705241699218750000e+02 9.428492784500122070e-01 7.345066070556640625e+00 2.164726257324218750e+00 1.690697669982910156e+00 5.544645786285400391e-01
7.580393066406250000e+02 -1.599152088165283203e-01 5.310243606567382812e+00 3.745698928833007812e-01 -7.925748825073242188e-01 2.214420795440673828e+00
6.716600341796875000e+02 8.887861371040344238e-01 7.268039703369140625e+00 -1.703052520751953125e+00 -2.701334953308105469e+00 1.181058764457702637e+00
5.862227172851562500e+02 1.287814259529113770e+00 7.956763744354248047e+00 2.636265754699707031e-01 5.150198936462402344e-01 1.321823298931121826e-01
3.912348937988281250e+02 3.282098531723022461e+00 1.207395839691162109e+01 1.656448364257812500e+01 6.158859729766845703e+00 3.581676483154296875e-01
7.407002563476562500e+02 9.957824945449829102e-01 7.456233024597167969e+00 4.976272583007812500e-01 -9.223055839538574219e-01 8.796041607856750488e-01
1.896913528442382812e+01 1.748376727104187012e+00 8.841805458068847656e+00 -2.055943012237548828e+00 -2.225209474563598633e+00 9.249209165573120117e-01
6.660391845703125000e+02 5.769289135932922363e-01 6.779331207275390625e+00 5.611038208007812500e-01 8.406162261962890625e-02 8.218799829483032227e-01
3.267331237792968750e+02 1.687276721000671387e+00 8.938910484313964844e+00 -4.957967758178710938e+00 -1.325737237930297852e+00 1.055433526635169983e-01
2.897377967834472656e+00 1.385166287422180176e+00 8.426645278930664062e+00 1.281044483184814453e+00 8.427715301513671875e-01 4.200368821620941162e-01
3.707280273437500000e+02 1.021570324897766113e+00 7.518311977386474609e+00 -2.939553260803222656e+00 -4.158735275268554688e-02 2.141382992267608643e-01
4.313257141113281250e+02 2.505133390426635742e+00 1.031905269622802734e+01 2.463619709014892578e+00 1.628665924072265625e+00 3.055045604705810547e-01
7.928216552734375000e+02 -8.182269334793090820e-02 5.237373828887939453e+00 4.541373252868652344e-01 -6.101608276367187500e-02 1.974137067794799805e+00
7.037139892578125000e+02 2.559583187103271484e+00 1.100845432281494141e+01 1.506724357604980469e+01 4.208545684814453125e+00 2.838792204856872559e-01
7.692268066406250000e+02 -6.779903173446655273e-02 5.399327754974365234e+00 3.471827507019042969e-01 -1.179459095001220703e+00 2.188194274902343750e+00
6.821964111328125000e+02 2.387837171554565430e+00 1.023580932617187500e+01 -3.583925962448120117e+00 -3.244735002517700195e+00 8.350389599800109863e-01
7.303359985351562500e+02 1.948443055152893066e-01 5.827544689178466797e+00 4.446530342102050781e-01 -4.854977130889892578e-01 2.413730472326278687e-01
6.414013061523437500e+02 5.703848600387573242e-02 5.878069877624511719e+00 7.501339912414550781e-01 6.985831260681152344e-01 1.195708870887756348e+00
6.335415649414062500e+02 3.921220302581787109e-01 6.119518756866455078e+00 -5.345654487609863281e-01 -8.927690982818603516e-01 1.333057761192321777e+00
1.620578765869140625e+00 1.070086121559143066e+00 7.317687034606933594e+00 1.846203804016113281e+00 2.020277976989746094e+00 1.371809959411621094e+00
7.699073486328125000e+02 2.795203924179077148e-01 6.056314468383789062e+00 -9.953498840332031250e-02 -3.406465053558349609e-01 6.241617202758789062e-01
7.555254516601562500e+02 3.973044157028198242e-01 6.511300086975097656e+00 1.430273056030273438e-01 -6.554079055786132812e-01 5.140013694763183594e-01
5.624600219726562500e+02 2.602005958557128906e+00 1.084477138519287109e+01 -9.901866912841796875e+00 -4.337294101715087891e+00 4.234178662300109863e-01
7.831085205078125000e+02 3.085511922836303711e-02 5.507595539093017578e+00 7.293224334716796875e-01 -6.880939006805419922e-01 1.751771092414855957e+00
1.423285293579101562e+01 1.661535024642944336e+00 8.680772781372070312e+00 2.758283615112304688e+00 4.298059940338134766e+00 1.652440905570983887e+00
6.931602783203125000e+02 1.357258796691894531e+00 8.301915168762207031e+00 -7.368538379669189453e+00 -2.902312278747558594e+00 3.140173852443695068e-01
6.570155029296875000e+02 2.916536808013916016e+00 1.142520332336425781e+01 -8.452709197998046875e+00 -3.009346723556518555e+00 3.286967277526855469e-01
3.729057312011718750e+02 1.444183826446533203e+00 8.619601249694824219e+00 -9.451961517333984375e-01 -1.274200677871704102e+00 1.378312110900878906e-01
3.286201477050781250e+01 5.644677281379699707e-01 6.818064689636230469e+00 8.368897438049316406e-01 2.764153480529785156e-01 2.510041594505310059e-01
6.010004882812500000e+02 8.971582055091857910e-01 7.435112953186035156e+00 1.084451675415039062e+00 -9.076714515686035156e-02 1.698342561721801758e-01
2.522119293212890625e+02 3.062178611755371094e+00 1.172026062011718750e+01 -4.369424819946289062e+00 -1.484346389770507812e-01 1.307235062122344971e-01
7.185788574218750000e+02 4.200343489646911621e-01 6.217351913452148438e+00 1.232824325561523438e+00 8.224248886108398438e-02 4.516159296035766602e-01
7.650786743164062500e+02 8.804838061332702637e-01 7.595341205596923828e+00 5.727791786193847656e-01 -1.070237159729003906e-01 1.842046082019805908e-01
3.692770690917968750e+02 1.844587922096252441e+00 9.322159767150878906e+00 9.494560241699218750e+00 5.980272293090820312e+00 6.973573565483093262e-01
7.389981079101562500e+02 2.664415359497070312e+00 1.069863796234130859e+01 -6.689102649688720703e+00 -4.539036750793457031e-01 1.621276140213012695e-01
6.583811035156250000e+02 1.148007154464721680e+00 7.937442779541015625e+00 -7.779777050018310547e-01 -8.688223361968994141e-01 4.678058326244354248e-01
4.987911682128906250e+02 2.966805934906005859e+00 1.139107799530029297e+01 1.947082710266113281e+01 7.329769134521484375e+00 3.732326328754425049e-01
5.164794921875000000e+02 1.316888689994812012e+00 8.381884574890136719e+00 5.130472183227539062e+00 2.083873748779296875e-01 7.579968869686126709e-02
2.684539031982421875e+01 1.427207231521606445e+00 8.600766181945800781e+00 1.549997329711914062e+00 2.897620201110839844e-01 4.283550083637237549e-01
7.669407958984375000e+02 2.561778426170349121e-01 6.097437381744384766e+00 1.241750717163085938e+00 -1.774239540100097656e-01 6.918942332267761230e-01
7.463707275390625000e+02 4.712507724761962891e-01 6.429875373840332031e+00 -7.514536380767822266e-01 1.502919197082519531e-01 9.115465730428695679e-02
1.050263137817382812e+02 2.643556833267211914e+00 1.095586204528808594e+01 -4.300843238830566406e+00 -8.909225463867187500e-01 3.538441658020019531e-01
7.325733032226562500e+02 8.903439640998840332e-01 7.106104850769042969e+00 -1.016361713409423828e+00 -5.270457267761230469e-01 6.579934954643249512e-01
3.487337341308593750e+02 4.284441471099853516e-01 6.534200668334960938e+00 -5.501818656921386719e-01 5.441331863403320312e-01 2.171250991523265839e-02
7.695742797851562500e+02 1.259130001068115234e+00 8.017142295837402344e+00 1.068792343139648438e+00 1.411008834838867188e+00 7.061771154403686523e-01
4.598259582519531250e+02 2.839676737785339355e-01 6.189589500427246094e+00 -1.424932479858398438e+00 -2.529546022415161133e+00 6.761230230331420898e-01
5.551575927734375000e+02 3.556135892868041992e+00 1.261765098571777344e+01 1.176097393035888672e+01 3.036475181579589844e-01 1.284713149070739746e-01
7.107750854492187500e+02 5.813668966293334961e-01 6.895454406738281250e+00 2.089195251464843750e+00 1.941304206848144531e+00 6.077659130096435547e-01
6.140939331054687500e+02 9.022125601768493652e-01 7.253953456878662109e+00 -7.276797294616699219e-01 -7.694029808044433594e-01 1.016206502914428711e+00
6.022061157226562500e+02 2.415765047073364258e+00 1.045494270324707031e+01 3.329043388366699219e+00 9.529829025268554688e-01 5.788249969482421875e-01
7.400263671875000000e+02 -1.829051375389099121e-01 5.105303287506103516e+00 2.207708358764648438e-01 6.946706771850585938e-01 2.711648941040039062e-01
6.452928466796875000e+02 5.067619681358337402e-01 6.471539497375488281e+00 7.944107055664062500e-01 -2.412378787994384766e-01 6.262949705123901367e-01
7.098199462890625000e+01 3.690099000930786133e+00 1.292280006408691406e+01 -1.603936576843261719e+01 -1.087635517120361328e+01 6.741979122161865234e-01
3.558550119400024414e+00 2.008223533630371094e+00 9.523739814758300781e+00 -3.159081935882568359e-01 8.330583572387695312e-02 7.255517840385437012e-01
4.455372924804687500e+02 2.062988758087158203e+00 9.538894653320312500e+00 7.646822929382324219e-01 1.194782257080078125e+00 9.185746312141418457e-01
7.631402587890625000e+01 3.226659059524536133e+00 1.216490459442138672e+01 -3.350712060928344727e+00 -8.333063125610351562e-01 1.576126515865325928e-01
6.841810913085937500e+02 2.505963087081909180e+00 1.049508857727050781e+01 -9.565525054931640625e+00 -1.236129951477050781e+01 1.184511065483093262e+00
5.780866088867187500e+02 2.115292549133300781e+00 9.587985038757324219e+00 -3.087292909622192383e+00 -1.087251901626586914e+00 3.190068006515502930e-01
1.353323516845703125e+02 8.956831693649291992e-02 5.489344596862792969e+00 1.468873023986816406e-01 7.561349868774414062e-01 3.276625573635101318e-01
2.457794647216796875e+02 2.413523197174072266e+00 1.039203548431396484e+01 6.490168571472167969e+00 1.072711944580078125e+00 9.736003354191780090e-03
7.867255859375000000e+02 1.233425498008728027e+00 7.806115627288818359e+00 2.072470188140869141e+00 1.449005603790283203e+00 1.337830066680908203e+00
3.339363708496093750e+02 2.684739828109741211e-01 6.027525901794433594e+00 -2.144956588745117188e-01 -3.134751319885253906e-01 5.921373367309570312e-01
2.839421691894531250e+02 3.764473795890808105e-01 6.028575420379638672e+00 -2.619528770446777344e-01 -1.823043823242187500e-01 3.958038985729217529e-02
3.662595214843750000e+02 1.339876651763916016e-01 5.700458526611328125e+00 1.077442169189453125e+00 -1.552617549896240234e-01 1.352076977491378784e-01
7.998853759765625000e+02 4.275699257850646973e-01 6.362125396728515625e+00 -1.060202121734619141e+00 -2.203356027603149414e+00 1.733889698982238770e+00
6.573877563476562500e+02 3.555270195007324219e+00 1.244334602355957031e+01 -1.473785781860351562e+01 -1.078950977325439453e+01 6.910449862480163574e-01
1.299574565887451172e+01 1.472695708274841309e+00 8.206065177917480469e+00 -1.420615911483764648e+00 -6.270408630371093750e-04 1.505825072526931763e-01
1.784016265869140625e+02 3.074327468872070312e+00 1.173959732055664062e+01 -3.923245668411254883e+00 -4.418039321899414062e-01 1.319551765918731689e-01
1.250348358154296875e+02 8.789426088333129883e-01 7.163687229156494141e+00 7.010412216186523438e-01 -3.292357921600341797e-01 8.233138918876647949e-02
6.995027465820312500e+02 7.982921600341796875e-02 5.526163578033447266e+00 2.086710929870605469e-01 -2.363717555999755859e-01 3.699061572551727295e-01
1.052695631980895996e+00 1.760742425918579102e+00 9.065391540527343750e+00 -1.806987524032592773e+00 -1.190640926361083984e+00 8.942953348159790039e-01
3.467659759521484375e+01 1.058829069137573242e+00 7.907509326934814453e+00 -3.788254261016845703e+00 -1.946282386779785156e+00 7.262743711471557617e-01
5.953850097656250000e+02 1.040284991264343262e+00 7.567501068115234375e+00 5.516409873962402344e-01 4.941987991333007812e-01 7.461202144622802734e-01
1.759942321777343750e+02 2.310135364532470703e-01 5.977642059326171875e+00 5.325937271118164062e-01 2.950835227966308594e-01 4.279534891247749329e-02
1.062942657470703125e+02 1.529040694236755371e+00 9.150665283203125000e+00 -3.512164354324340820e+00 -2.901481389999389648e+00 9.265959858894348145e-01
6.661837768554687500e+02 1.113607287406921387e+00 7.725943088531494141e+00 1.442115306854248047e+00 3.285241127014160156e-01 1.453844308853149414e-01
1.816683349609375000e+02 8.481587171554565430e-01 7.280119895935058594e+00 9.246063232421875000e-01 4.988479614257812500e-01 5.244690775871276855e-01
7.924757690429687500e+02 2.837961912155151367e-01 5.856331825256347656e+00 -4.109239578247070312e-01 7.039785385131835938e-02 2.889744639396667480e-01
1.831230926513671875e+02 2.970627546310424805e-01 5.875791549682617188e+00 1.119945049285888672e+00 -4.551053047180175781e-01 4.392649978399276733e-02
4.596644401550292969e+00 1.658247709274291992e+00 8.585604667663574219e+00 2.476322650909423828e+00 2.251422405242919922e+00 7.452684044837951660e-01
1.766744079589843750e+02 8.083128929138183594e-01 7.085349082946777344e+00 1.301062107086181641e+00 -6.280541419982910156e-02 9.038325399160385132e-02
6.067754516601562500e+02 5.414491891860961914e-01 6.744139194488525391e+00 -1.008770465850830078e+00 -4.122173786163330078e-01 6.344544291496276855e-01
7.082018432617187500e+02 5.427371859550476074e-01 6.472142219543457031e+00 1.098711490631103516e+00 1.187839508056640625e+00 5.254586935043334961e-01
3.063299865722656250e+02 8.584585785865783691e-01 7.514970779418945312e+00 1.203582286834716797e+00 2.971267700195312500e-01 3.901379555463790894e-02
8.790338897705078125e+01 7.834742069244384766e-01 6.999744415283203125e+00 -7.042217254638671875e-01 -1.887094974517822266e-01 1.878883317112922668e-02
1.353257598876953125e+02 2.847472190856933594e+00 1.109176063537597656e+01 1.456685543060302734e+01 1.756310462951660156e+00 9.216050803661346436e-02
5.373873291015625000e+02 2.167657375335693359e+00 9.924474716186523438e+00 1.125277709960937500e+01 1.735336780548095703e+00 1.875013709068298340e-01
7.714138793945312500e+02 2.500677585601806641e+00 1.028945159912109375e+01 -8.644695281982421875e+00 -4.872122764587402344e+00 5.422974824905395508e-01
6.569689331054687500e+02 5.329669713973999023e-01 6.847309112548828125e+00 1.754772663116455078e+00 1.128215789794921875e+00 9.650572538375854492e-01
4.300411987304687500e+01 1.732196927070617676e+00 8.923514366149902344e+00 5.954265594482421875e-02 -1.109671592712402344e-01 8.570086956024169922e-01
6.654829711914062500e+02 5.398219823837280273e-01 6.602368831634521484e+00 -1.930637359619140625e+00 -1.658984422683715820e+00 8.493211865425109863e-01
4.653344116210937500e+02 6.622707247734069824e-01 7.036411762237548828e+00 -1.336244344711303711e+00 -2.497122287750244141e+00 1.186244964599609375e+00
3.355631103515625000e+02 8.652721047401428223e-01 7.471593856811523438e+00 1.589243412017822266e+00 -3.004884719848632812e-01 1.619259640574455261e-02
5.966406860351562500e+02 1.707719802856445312e+00 8.765668869018554688e+00 2.885730266571044922e+00 1.388723850250244141e+00 4.156170487403869629e-01
6.808772277832031250e+01 2.729583263397216797e+00 1.108803176879882812e+01 1.145278167724609375e+01 1.220991611480712891e+00 8.506079018115997314e-02
4.454411010742187500e+02 1.995029807090759277e+00 9.553065299987792969e+00 8.051631927490234375e+00 2.459263801574707031e+00 3.462895154953002930e-01
1.446329498291015625e+01 1.518910527229309082e+00 8.475964546203613281e+00 2.056086063385009766e+00 3.172636032104492188e-01 4.381697997450828552e-02
3.272290649414062500e+02 3.522814273834228516e+00 1.280228805541992188e+01 1.485608100891113281e+01 2.157192230224609375e+00 1.521932482719421387e-01
6.570101318359375000e+02 4.665755033493041992e-01 6.382781982421875000e+00 -1.475908756256103516e+00 -5.341029167175292969e-01 2.875551581382751465e-01
2.176203460693359375e+02 2.812188386917114258e+00 1.093392848968505859e+01 -8.828372955322265625e+00 -1.975020170211791992e+00 2.007189691066741943e-01
3.217923278808593750e+02 6.260832548141479492e-01 6.755856990814208984e+00 3.074574470520019531e-01 -5.354118347167968750e-01 1.842781156301498413e-01
6.587405395507812500e+02 2.417894005775451660e-01 5.925445556640625000e+00 1.002359390258789062e+00 4.026103019714355469e-01 9.052416682243347168e-01
6.018070068359375000e+02 3.559002280235290527e-01 6.198378086090087891e+00 1.338188648223876953e+00 3.743219375610351562e-01 1.323229074478149414e-02
6.657007598876953125e+01 1.368627071380615234e+00 8.380190849304199219e+00 1.715753078460693359e+00 1.208992004394531250e+00 3.614874482154846191e-01
1.549803619384765625e+02 7.972709536552429199e-01 7.126181602478027344e+00 2.708411216735839844e-01 2.648353576660156250e-01 1.583198644220829010e-02
7.664011230468750000e+02 3.071235418319702148e-01 5.983022212982177734e+00 -6.475722789764404297e-01 1.339864730834960938e+00 2.292092889547348022e-02
5.142707519531250000e+02 -2.744725346565246582e-01 5.118125438690185547e+00 4.450607299804687500e-01 -7.815647125244140625e-01 9.742828607559204102e-01
6.831008911132812500e+02 4.870557785034179688e-02 5.448051929473876953e+00 6.868362426757812500e-01 -2.442431449890136719e-01 1.038674354553222656e+00
4.066448669433593750e+02 1.671206355094909668e+00 8.617446899414062500e+00 8.904933929443359375e-03 -7.375478744506835938e-02 5.307358503341674805e-01
6.274473266601562500e+02 5.145233869552612305e-01 6.802826881408691406e+00 -1.305066347122192383e+00 -5.047583580017089844e-01 1.707022637128829956e-01
7.116126708984375000e+02 2.444495201110839844e+00 1.032711791992187500e+01 -9.894897460937500000e+00 -8.680318832397460938e+00 7.472208738327026367e-01
6.493594360351562500e+02 2.638526439666748047e+00 1.111100482940673828e+01 -8.234544754028320312e+00 -1.104217815399169922e+01 1.148304700851440430e+00
5.209369506835937500e+02 5.495685935020446777e-01 6.834512710571289062e+00 2.573251724243164062e-01 -3.012776374816894531e-01 7.795664668083190918e-01
6.856228637695312500e+02 5.082330703735351562e-01 6.281260967254638672e+00 1.184749603271484375e-01 5.669593811035156250e-02 8.870103955268859863e-01
7.222520141601562500e+02 -4.487633705139160156e-03 5.713385581970214844e+00 7.203388214111328125e-01 -7.470369338989257812e-01 2.487781494855880737e-01
1.426495513916015625e+02 6.197147965431213379e-01 6.592759132385253906e+00 6.730604171752929688e-01 -1.464021205902099609e-01 2.720695734024047852e-01
3.217923278808593750e+02 6.260832548141479492e-01 6.755856990814208984e+00 3.074574470520019531e-01 -5.354118347167968750e-01 1.842781156301498413e-01
6.850137329101562500e+02 4.016063213348388672e-01 6.164172172546386719e+00 4.016995429992675781e-01 3.059816360473632812e-01 1.436131119728088379e+00
5.521723022460937500e+02 3.209614753723144531e+00 1.193019771575927734e+01 -7.064656257629394531e+00 -2.830895185470581055e+00 3.036145269870758057e-01
2.344120788574218750e+02 1.984368920326232910e+00 9.606173515319824219e+00 -7.399947643280029297e+00 -1.577458381652832031e+00 1.416452974081039429e-01
6.241383056640625000e+02 1.617717742919921875e-01 5.796475410461425781e+00 4.099893569946289062e-01 -2.796864509582519531e-01 8.896468877792358398e-01
6.972432250976562500e+02 2.586969852447509766e+00 1.093457221984863281e+01 -1.315042400360107422e+01 -9.734863281250000000e+00 7.203186750411987305e-01
7.522542724609375000e+02 5.459848046302795410e-01 6.662891387939453125e+00 2.065267562866210938e+00 1.249170303344726562e-01 1.392943412065505981e-01
6.623921508789062500e+02 2.982521057128906250e+00 1.152931690216064453e+01 -1.953311920166015625e+01 -8.214873313903808594e+00 4.159474074840545654e-01
7.039166870117187500e+02 4.867739677429199219e-01 6.442874908447265625e+00 1.709222793579101562e-02 -1.077650785446166992e+00 2.160914093255996704e-01
4.080943603515625000e+02 2.420246601104736328e+00 1.055720806121826172e+01 1.826634216308593750e+01 9.487404823303222656e+00 5.686895847320556641e-01
6.767084960937500000e+02 7.205324172973632812e-01 7.081104278564453125e+00 -3.232598304748535156e-01 -6.133103370666503906e-01 1.491629928350448608e-01
7.458782958984375000e+02 1.482255816459655762e+00 8.363834381103515625e+00 2.560074329376220703e+00 1.838459968566894531e+00 1.344717502593994141e+00
5.765018920898437500e+02 3.880674242973327637e-01 6.096461772918701172e+00 -3.191328048706054688e-01 -1.223111152648925781e-01 2.027074843645095825e-01
6.755556640625000000e+02 2.411521434783935547e+00 1.022562694549560547e+01 1.170651912689208984e+01 3.302252292633056641e+00 2.892457246780395508e-01
1.377405643463134766e+01 2.784034729003906250e+00 1.124806976318359375e+01 1.870907211303710938e+01 1.547323417663574219e+01 8.969262242317199707e-01
2.122576446533203125e+02 7.950831651687622070e-01 7.117444038391113281e+00 1.115353107452392578e+00 -2.631676197052001953e-01 6.354618072509765625e-02
4.720627746582031250e+02 1.870553135871887207e+00 9.429457664489746094e+00 4.250807762145996094e+00 1.419563293457031250e+00 4.423061609268188477e-01
7.695619506835937500e+02 5.811637639999389648e-02 5.513724803924560547e+00 -8.926594257354736328e-01 -1.201920509338378906e+00 1.080947041511535645e+00
7.200656738281250000e+02 2.424310684204101562e+00 1.026655197143554688e+01 1.920461654663085938e-01 5.298161506652832031e-01 7.922545075416564941e-02
1.567703704833984375e+02 7.937760353088378906e-01 7.437277317047119141e+00 1.754539012908935547e+00 1.249830722808837891e+00 6.702837347984313965e-01
4.353731155395507812e+01 1.010632276535034180e+00 7.619151115417480469e+00 8.205962181091308594e-01 5.094361305236816406e-01 1.695168614387512207e-01
4.790337219238281250e+02 1.299443244934082031e+00 7.913688659667968750e+00 5.517365932464599609e+00 1.099696636199951172e+01 1.887423396110534668e+00
1.982706604003906250e+02 8.188856244087219238e-01 7.097733974456787109e+00 -9.683859348297119141e-01 -1.730382442474365234e-01 5.105031281709671021e-02
6.076467514038085938e+01 1.831058502197265625e+00 9.006380081176757812e+00 -9.393608570098876953e-01 -3.425765037536621094e-01 5.289689302444458008e-01
3.711503601074218750e+02 2.677907943725585938e+00 1.116545486450195312e+01 7.428503036499023438e-01 2.635478973388671875e-02 9.220174700021743774e-02
8.743481636047363281e+00 1.376691937446594238e+00 8.437912940979003906e+00 1.780152320861816406e-01 -2.890229225158691406e-01 3.764672875404357910e-01
1.142956352233886719e+01 1.376930832862854004e+00 8.298256874084472656e+00 -1.832951307296752930e+00 -2.131102085113525391e+00 1.091034650802612305e+00
1.920628967285156250e+02 2.446145534515380859e+00 1.042111015319824219e+01 -3.163164854049682617e+00 -2.310718297958374023e+00 3.755115270614624023e-01
5.460935668945312500e+02 1.429795026779174805e-01 5.564772605895996094e+00 1.165294647216796875e+00 8.777880668640136719e-01 1.071339607238769531e+00
6.373984146118164062e+01 1.883257865905761719e+00 9.154842376708984375e+00 -1.654771566390991211e+00 -1.158968210220336914e+00 3.689036071300506592e-01
6.240673217773437500e+02 6.444154381752014160e-01 6.628509044647216797e+00 6.570315361022949219e-01 2.047967910766601562e-01 1.511286012828350067e-02
3.558944396972656250e+02 6.244469285011291504e-01 6.755481719970703125e+00 3.336811065673828125e-01 1.140832901000976562e-02 2.874744534492492676e-01
1.091131820678710938e+02 2.570469141006469727e+00 1.093053722381591797e+01 1.352176475524902344e+01 9.774501800537109375e+00 6.977432966232299805e-01
3.821460571289062500e+02 1.936201095581054688e+00 9.013784408569335938e+00 5.613625049591064453e+00 1.817412376403808594e+00 4.629508852958679199e-01
7.942901000976562500e+02 3.143005609512329102e+00 1.181332206726074219e+01 1.267318725585937500e+01 1.157036781311035156e+01 9.465316534042358398e-01
1.502267761230468750e+02 3.868429660797119141e+00 1.316166400909423828e+01 -1.744035720825195312e+01 -1.230579948425292969e+01 6.702064275741577148e-01
7.859503936767578125e+01 3.883299350738525391e+00 1.320305442810058594e+01 1.962680435180664062e+01 1.456440162658691406e+01 7.438348531723022461e-01
7.110963134765625000e+02 8.833054900169372559e-01 6.829073905944824219e+00 6.377458572387695312e-01 1.019918918609619141e+00 1.390480756759643555e+00
2.827062988281250000e+02 1.408987522125244141e+00 8.306196212768554688e+00 7.906415462493896484e+00 2.092313766479492188e-01 1.301555987447500229e-02
2.138125228881835938e+01 1.801069974899291992e+00 9.073192596435546875e+00 -5.480017662048339844e+00 -6.131315231323242188e+00 1.096722364425659180e+00
6.783001708984375000e+01 1.160177230834960938e+00 8.007561683654785156e+00 -7.855784893035888672e-01 7.293224334716796875e-02 3.946235775947570801e-01
7.281235351562500000e+02 1.610727906227111816e+00 8.714693069458007812e+00 -2.452985048294067383e+00 -2.771228551864624023e+00 1.013385772705078125e+00
3.894052505493164062e+01 9.894742965698242188e-01 7.746922016143798828e+00 6.004524230957031250e-01 5.183029174804687500e-01 3.253407478332519531e-01
3.721063995361328125e+01 1.187142014503479004e+00 7.958507537841796875e+00 1.467149257659912109e+00 4.544281959533691406e-01 4.014457762241363525e-01
6.996361694335937500e+02 1.727015972137451172e-01 5.962067604064941406e+00 2.389645576477050781e-01 -1.179456710815429688e-01 2.888292074203491211e-01
7.840228271484375000e+02 4.922209978103637695e-01 6.468563079833984375e+00 4.194474220275878906e-01 -7.448518276214599609e-01 8.985440731048583984e-01
7.529619750976562500e+02 2.120941162109375000e+00 9.888922691345214844e+00 -1.961975097656250000e+00 -1.533861160278320312e+00 6.064992547035217285e-01
3.441105957031250000e+02 9.490237236022949219e-01 7.586216926574707031e+00 5.988335609436035156e-01 4.625082015991210938e-01 4.390012472867965698e-02
7.368007202148437500e+02 1.758054494857788086e-01 5.908416271209716797e+00 -2.838420867919921875e-01 -2.151087522506713867e+00 9.645407795906066895e-01
6.024099731445312500e+01 1.365073680877685547e+00 8.189454078674316406e+00 2.478091716766357422e+00 -4.861092567443847656e-01 9.664330631494522095e-03
5.576220092773437500e+02 4.117030501365661621e-01 6.240032672882080078e+00 2.315211296081542969e-01 -6.343734264373779297e-01 1.301721453666687012e+00
7.375599975585937500e+02 1.460573911666870117e+00 8.475441932678222656e+00 -2.833329439163208008e+00 -3.565549850463867188e-02 2.206746637821197510e-01
5.514411621093750000e+02 4.834741353988647461e-01 6.594592571258544922e+00 2.111434936523437500e-02 5.694746971130371094e-01 6.510715484619140625e-01
2.148730316162109375e+02 1.017103195190429688e+00 7.738633155822753906e+00 -2.219283580780029297e-01 -3.609776496887207031e-01 1.176696829497814178e-02
6.274826049804687500e+02 7.408079504966735840e-01 7.185772895812988281e+00 -6.950569152832031250e-01 -5.521416664123535156e-02 5.396335124969482422e-01
1.906294403076171875e+02 3.423963785171508789e-01 6.159094810485839844e+00 -4.193425178527832031e-02 -2.714049816131591797e-01 6.157534122467041016e-01
5.266868896484375000e+02 2.893362998962402344e+00 1.142286109924316406e+01 2.741143703460693359e+00 6.534051895141601562e-01 3.842282295227050781e-01
5.464126586914062500e+02 3.254367828369140625e+00 1.211846923828125000e+01 -1.107608509063720703e+01 -4.011502265930175781e+00 2.794803082942962646e-01
7.192568359375000000e+02 6.516144871711730957e-01 6.999230384826660156e+00 1.531124114990234375e-02 5.606961250305175781e-01 7.844192385673522949e-01
6.516446533203125000e+02 3.232092857360839844e-01 6.446127891540527344e+00 -6.896328926086425781e-01 1.299095153808593750e-01 1.396692097187042236e-01
7.789292602539062500e+02 8.133404254913330078e-01 7.048505783081054688e+00 8.560609817504882812e-01 2.694678306579589844e-01 6.259417533874511719e-01
7.537859497070312500e+02 2.137777805328369141e+00 9.684656143188476562e+00 4.746265411376953125e+00 1.310873031616210938e-01 3.392733633518218994e-01
4.816619873046875000e+01 2.920967578887939453e+00 1.146216583251953125e+01 -3.025166988372802734e+00 -5.216181278228759766e-01 2.150755226612091064e-01
3.640109558105468750e+02 8.172686100006103516e-01 7.097240447998046875e+00 2.143726348876953125e+00 -4.326653480529785156e-01 3.803300112485885620e-02
5.572893066406250000e+02 4.448372721672058105e-01 6.363432884216308594e+00 -1.670837402343750000e-02 -6.868839263916015625e-03 4.393514394760131836e-01
4.066448669433593750e+02 1.671206355094909668e+00 8.617446899414062500e+00 8.904933929443359375e-03 -7.375478744506835938e-02 5.307358503341674805e-01
6.967475585937500000e+02 7.591737508773803711e-01 6.878232002258300781e+00 1.279058456420898438e+00 7.238268852233886719e-01 1.131737709045410156e+00
7.865823364257812500e+02 2.559773921966552734e-01 6.009395122528076172e+00 -1.138024330139160156e+00 -7.175529003143310547e-01 2.773287594318389893e-01
6.093268432617187500e+02 5.005660653114318848e-01 6.512458324432373047e+00 -2.061605453491210938e-01 -8.446586132049560547e-01 1.201408624649047852e+00
6.971848754882812500e+02 3.755565285682678223e-01 6.126155853271484375e+00 -1.387673616409301758e+00 -1.178903579711914062e+00 1.966135054826736450e-01
1.549945526123046875e+02 1.130027770996093750e-01 5.902612686157226562e+00 5.195236206054687500e-01 -2.824640274047851562e-01 1.075127005577087402e+00
1.909487915039062500e+02 4.395615458488464355e-01 6.580162525177001953e+00 -5.785584449768066406e-02 -1.848471164703369141e-01 3.533636331558227539e-01
1.484192466735839844e+01 1.735788226127624512e+00 9.046051979064941406e+00 -5.083894729614257812e+00 -1.810017824172973633e+00 3.753703832626342773e-01
3.280004978179931641e+00 1.576037287712097168e+00 8.602452278137207031e+00 -3.239095211029052734e-01 7.247924804687500000e-04 9.063073396682739258e-01
2.669789428710937500e+02 6.035673618316650391e-01 6.561478614807128906e+00 9.617805480957031250e-01 1.223111152648925781e-01 3.865457698702812195e-02
6.207285156250000000e+02 5.158492922782897949e-01 6.665780067443847656e+00 2.058625221252441406e-01 2.126502990722656250e-01 4.301818013191223145e-01
7.570896606445312500e+02 3.509233474731445312e+00 1.228012943267822266e+01 1.694685173034667969e+01 9.891901016235351562e+00 6.305986046791076660e-01
7.178034057617187500e+02 1.833619475364685059e-01 5.881695747375488281e+00 5.757427215576171875e-01 2.104210853576660156e-01 5.488640666007995605e-01
4.314720535278320312e+01 1.677243828773498535e+00 8.728467941284179688e+00 -4.460966587066650391e+00 -5.773746967315673828e-01 8.369245380163192749e-02
2.664570617675781250e+02 1.516369581222534180e+00 8.578095436096191406e+00 -3.750321865081787109e+00 -1.042858362197875977e+00 6.694359332323074341e-02
1.199478759765625000e+02 1.652551054954528809e+00 8.897935867309570312e+00 6.939251422882080078e+00 6.649010181427001953e+00 9.615737795829772949e-01
1.390276489257812500e+02 2.874557018280029297e+00 1.123901748657226562e+01 9.336250305175781250e+00 1.498174667358398438e+00 1.736932098865509033e-01
3.399037170410156250e+02 2.838465452194213867e+00 1.114691543579101562e+01 -6.821429729461669922e+00 -3.040907382965087891e+00 4.051242470741271973e-01
1.588697967529296875e+02 3.509667158126831055e+00 1.252603244781494141e+01 4.151532649993896484e+00 3.324437141418457031e-01 1.565361022949218750e-01
6.889102172851562500e+02 8.191958665847778320e-01 6.849221229553222656e+00 -4.577159881591796875e-01 -7.876932621002197266e-01 9.831473231315612793e-01
7.693668365478515625e+01 9.004678726196289062e-01 7.426196098327636719e+00 -8.172571659088134766e-01 -6.517803668975830078e-01 6.031863689422607422e-01
4.143387451171875000e+02 1.788259387016296387e+00 9.047828674316406250e+00 -7.739568710327148438e+00 -6.756832599639892578e+00 8.250354528427124023e-01
6.513623046875000000e+01 5.458135008811950684e-01 6.663721084594726562e+00 -7.038152217864990234e-01 -1.010370254516601562e+00 3.147988021373748779e-01
1.725689697265625000e+02 8.325473666191101074e-01 7.322886943817138672e+00 1.551647186279296875e+00 -3.189325332641601562e-02 2.188202179968357086e-02
6.749238891601562500e+02 1.856001973152160645e+00 9.343047142028808594e+00 1.958889770507812500e+01 2.699308395385742188e+00 1.898761093616485596e-01
1.578716583251953125e+02 2.698522567749023438e+00 1.088966560363769531e+01 1.276837158203125000e+01 3.465816974639892578e+00 3.212654292583465576e-01
3.533543701171875000e+02 9.711744785308837891e-01 7.320291996002197266e+00 3.334302902221679688e+00 1.561517715454101562e+00 3.719766139984130859e-01
7.252491455078125000e+02 1.816819906234741211e-01 6.106249809265136719e+00 4.756140708923339844e-01 -7.812809944152832031e-01 1.567085981369018555e+00
5.556208419799804688e+01 1.338869929313659668e+00 8.137666702270507812e+00 7.864618301391601562e-01 1.546239852905273438e-01 4.728928506374359131e-01
7.072556152343750000e+02 1.272360444068908691e+00 8.130219459533691406e+00 -5.913555622100830078e-01 -1.372783184051513672e+00 8.742192983627319336e-01
6.488131713867187500e+02 9.112523198127746582e-01 7.536729812622070312e+00 -7.082855701446533203e-01 9.713172912597656250e-03 5.163145661354064941e-01
4.904677429199218750e+02 1.675109148025512695e+00 8.839066505432128906e+00 4.136073589324951172e+00 1.225416374206542969e+01 3.493781089782714844e+00
3.322496337890625000e+02 3.673737049102783203e+00 1.272403335571289062e+01 1.699928092956542969e+01 2.467775344848632812e+00 1.501882970333099365e-01
5.910537719726562500e+02 2.335981845855712891e+00 1.036891078948974609e+01 -7.813038825988769531e+00 -7.549213409423828125e+00 9.888399243354797363e-01
7.339068603515625000e+02 4.619501233100891113e-01 6.248753070831298828e+00 6.284379959106445312e-01 -1.614403724670410156e-01 9.058213233947753906e-02
6.294087524414062500e+02 3.503537416458129883e+00 1.246472835540771484e+01 -8.058767318725585938e+00 -1.118060970306396484e+01 1.305118083953857422e+00
3.141875267028808594e+01 1.704112052917480469e+00 9.012657165527343750e+00 -2.191087007522583008e+00 -1.427018642425537109e+00 7.284319996833801270e-01
7.427600708007812500e+02 -4.223167896270751953e-03 5.357600212097167969e+00 5.144214630126953125e-01 -1.475725173950195312e+00 1.822102665901184082e+00
5.544361495971679688e+01 1.822477936744689941e+00 9.172208786010742188e+00 -2.744303941726684570e+00 -2.771686315536499023e+00 1.039719939231872559e+00
2.757541503906250000e+02 3.865076303482055664e-01 6.391822814941406250e+00 -1.735066175460815430e+00 1.518177986145019531e-01 1.417184919118881226e-01
7.406350097656250000e+02 8.321403861045837402e-01 7.282656669616699219e+00 -1.519339084625244141e+00 -1.426293849945068359e+00 3.055204451084136963e-01
4.551062011718750000e+02 3.809587478637695312e+00 1.284017467498779297e+01 1.240691661834716797e+01 3.916156291961669922e+00 3.172895312309265137e-01
7.761108398437500000e+02 2.477569580078125000e-01 5.898878097534179688e+00 9.344744682312011719e-01 9.680509567260742188e-02 6.075724363327026367e-01
5.456404209136962891e+00 2.310254096984863281e+00 1.025434303283691406e+01 6.152253150939941406e+00 1.348559856414794922e+00 1.672121286392211914e-01
7.128916740417480469e+00 1.216610550880432129e+00 7.996521949768066406e+00 -3.016328811645507812e+00 -1.558731794357299805e+00 8.391237854957580566e-01
7.322820434570312500e+02 1.940478682518005371e-01 5.835140228271484375e+00 6.801605224609375000e-02 -8.116042613983154297e-01 1.680923700332641602e+00
1.237613906860351562e+02 2.702824354171752930e+00 1.096130371093750000e+01 1.273519039154052734e+01 3.923258781433105469e+00 3.342209458351135254e-01
1.557634925842285156e+01 1.436304569244384766e+00 8.288542747497558594e+00 4.767103195190429688e+00 2.147173881530761719e+00 4.924536347389221191e-01
3.742027893066406250e+02 3.446441411972045898e+00 1.205884647369384766e+01 1.317112445831298828e+00 -2.125394344329833984e-01 1.263996958732604980e-01
3.997009277343750000e+02 2.415496349334716797e+00 1.010575485229492188e+01 1.340541839599609375e+01 1.308715057373046875e+01 1.001031637191772461e+00
7.267117309570312500e+02 4.872031211853027344e-01 6.482088565826416016e+00 2.647566795349121094e-01 -6.883978843688964844e-02 7.423948049545288086e-01
4.256649017333984375e+01 1.546581983566284180e+00 8.502177238464355469e+00 -4.968262672424316406e+00 -2.924237251281738281e+00 3.890600204467773438e-01
2.764889526367187500e+02 7.172207832336425781e-01 7.127707004547119141e+00 1.804769039154052734e+00 5.233287811279296875e-01 1.710011959075927734e-01
5.368317260742187500e+02 1.323432922363281250e+00 8.192993164062500000e+00 -7.458651065826416016e-01 3.138446807861328125e-01 2.302694134414196014e-02
7.700488281250000000e+02 3.385641574859619141e+00 1.219330978393554688e+01 1.295153427124023438e+01 1.049418926239013672e+01 8.525944352149963379e-01
4.992545166015625000e+02 1.504292845726013184e+00 8.772013664245605469e+00 -2.439671754837036133e+00 -3.583059310913085938e+00 1.456749200820922852e+00
6.572955322265625000e+02 8.638199567794799805e-01 7.215017318725585938e+00 -1.721433401107788086e+00 -1.897624731063842773e+00 3.997577428817749023e-01
1.162899856567382812e+02 5.465328693389892578e-01 6.870293617248535156e+00 2.144265174865722656e-01 -3.371834754943847656e-02 3.778145462274551392e-02
5.027648925781250000e+00 8.207080960273742676e-01 6.922966957092285156e+00 -2.202999591827392578e-01 -8.472418785095214844e-01 1.733884572982788086e+00
7.430435791015625000e+02 4.083084464073181152e-01 6.222084999084472656e+00 1.122393608093261719e+00 3.342652320861816406e-01 1.474772766232490540e-02
3.488567810058593750e+02 8.676632046699523926e-01 7.274436950683593750e+00 -4.027736186981201172e-01 1.199674606323242188e-01 1.553514599800109863e-01
6.483162403106689453e+00 9.250437021255493164e-01 7.570009708404541016e+00 -2.149716615676879883e+00 2.508354187011718750e-01 5.189419388771057129e-01
7.951970825195312500e+02 3.600521087646484375e-01 6.262447834014892578e+00 -3.299367427825927734e-01 -9.828639030456542969e-01 8.496046662330627441e-01
1.810755310058593750e+02 7.796052098274230957e-01 7.223272323608398438e+00 1.097178459167480469e-01 -3.773260116577148438e-01 1.919826678931713104e-02
4.428679809570312500e+02 3.082552909851074219e+00 1.145150947570800781e+01 -2.433103322982788086e+00 4.472541809082031250e-01 1.636307686567306519e-02
7.330429687500000000e+02 1.085764169692993164e+00 7.855338573455810547e+00 9.014105796813964844e-01 5.738282203674316406e-01 5.434736013412475586e-01
7.452720947265625000e+02 5.399888157844543457e-01 6.465710639953613281e+00 7.456111907958984375e-01 4.047083854675292969e-01 1.366229951381683350e-01
6.716527709960937500e+02 2.444278001785278320e-01 6.374581813812255859e+00 4.993200302124023438e-02 -1.273382902145385742e+00 5.084035992622375488e-01
3.933782348632812500e+02 3.001472473144531250e+00 1.144230175018310547e+01 -4.559549331665039062e+00 -7.850635051727294922e-01 1.809508949518203735e-01
6.605406494140625000e+02 3.645156621932983398e-01 6.394362449645996094e+00 1.046180725097656250e+00 2.367949485778808594e-01 1.982488334178924561e-01
6.303551635742187500e+02 -8.930480480194091797e-02 5.046695232391357422e+00 1.756358146667480469e-01 5.072236061096191406e-01 2.167174220085144043e-01
4.986207962036132812e+01 2.878238677978515625e+00 1.119519996643066406e+01 -1.837005996704101562e+01 -1.590435791015625000e+01 8.214440941810607910e-01
7.035654296875000000e+02 1.962567210197448730e+00 9.335883140563964844e+00 2.679450511932373047e+00 1.641173362731933594e+00 7.212615609169006348e-01
6.355201416015625000e+02 1.823436021804809570e-01 5.961379051208496094e+00 -1.135146617889404297e-01 -8.834552764892578125e-01 6.653034090995788574e-01
4.451969909667968750e+01 1.419775724411010742e+00 8.411445617675781250e+00 -2.023674249649047852e+00 -3.510391712188720703e-01 3.492170572280883789e-01
2.859497070312500000e+02 1.410791397094726562e+00 8.357934951782226562e+00 4.340343475341796875e+00 4.099154472351074219e-01 1.410702466964721680e-01
6.459901123046875000e+02 3.421421051025390625e-01 6.088659763336181641e+00 1.446866989135742188e-01 1.110899448394775391e+00 2.164895087480545044e-01
7.072137451171875000e+02 5.182285904884338379e-01 6.556360244750976562e+00 -9.056246280670166016e-01 -7.988345623016357422e-01 7.838515043258666992e-01
6.553021240234375000e+02 3.366623520851135254e-01 6.592446804046630859e+00 8.263301849365234375e-01 -3.520846366882324219e-01 5.375028848648071289e-01
1.175693359375000000e+02 2.613758563995361328e+00 1.062776470184326172e+01 1.556756782531738281e+01 7.005269527435302734e+00 4.475572705268859863e-01
7.040430297851562500e+02 7.493734955787658691e-01 6.839890480041503906e+00 -5.793237686157226562e-01 -1.885873079299926758e+00 1.045908927917480469e+00
5.373543548583984375e+01 2.683826446533203125e+00 1.061381149291992188e+01 1.058959960937500000e+00 1.522972583770751953e+00 6.035629510879516602e-01
3.952059936523437500e+02 1.733114242553710938e+00 9.207701683044433594e+00 7.892162799835205078e+00 9.274477958679199219e+00 1.266593456268310547e+00
5.107078552246093750e+02 3.909729719161987305e-01 6.364694118499755859e+00 7.150888442993164062e-01 1.206266880035400391e+00 7.572769522666931152e-01
1.124605178833007812e+02 2.745509386062622070e+00 1.114951515197753906e+01 -1.834331750869750977e+00 -1.359927654266357422e-01 2.513704001903533936e-01
1.621789855957031250e+02 7.421392202377319336e-01 7.199056148529052734e+00 7.128238677978515625e-01 8.648872375488281250e-02 6.073679774999618530e-02
5.746408081054687500e+02 1.754081606864929199e+00 9.372632980346679688e+00 -2.609790563583374023e+00 -4.376757144927978516e-01 3.336019814014434814e-01
8.289404296875000000e+01 1.053232192993164062e+00 7.690336227416992188e+00 -2.538135051727294922e+00 -2.398188114166259766e+00 1.069735765457153320e+00
6.419018554687500000e+01 1.139485597610473633e+00 7.802926063537597656e+00 3.971214294433593750e+00 1.756145954132080078e+00 5.158163309097290039e-01
4.200361251831054688e+01 1.907039046287536621e+00 9.501480102539062500e+00 -4.753908157348632812e+00 -2.669087648391723633e+00 3.428872227668762207e-01
3.428374328613281250e+02 6.509838104248046875e-01 6.951275348663330078e+00 4.009914398193359375e-01 -2.383327484130859375e-01 8.919648081064224243e-02
1.762013397216796875e+02 8.674949407577514648e-01 7.319488525390625000e+00 -3.974914550781250000e-02 3.538751602172851562e-01 8.673184365034103394e-02
3.799704742431640625e+01 3.935111045837402344e+00 1.368316268920898438e+01 -9.217938423156738281e+00 -8.847426414489746094e+00 9.268155097961425781e-01
1.642179489135742188e+01 2.884544372558593750e+00 1.142463874816894531e+01 1.593462181091308594e+01 6.697862148284912109e+00 4.170537590980529785e-01
2.486787319183349609e+00 1.504203081130981445e+00 8.500952720642089844e+00 -7.461929321289062500e-01 -1.016354560852050781e-01 4.181874096393585205e-01
7.074298095703125000e+02 3.885307312011718750e-01 6.084923267364501953e+00 -2.065670490264892578e-01 -8.402287960052490234e-01 7.039752006530761719e-01
1.695372619628906250e+02 2.551340341567993164e+00 1.046075916290283203e+01 1.069741249084472656e+01 7.427561283111572266e+00 7.063326239585876465e-01
4.144767150878906250e+02 2.752330303192138672e+00 1.086890411376953125e+01 8.296723365783691406e+00 4.635119438171386719e+00 4.956889748573303223e-01
4.803262329101562500e+02 3.893786668777465820e-02 5.504270553588867188e+00 1.523351669311523438e-01 4.356813430786132812e-01 2.152561664581298828e+00
2.615384674072265625e+01 8.881329298019409180e-01 7.434669971466064453e+00 1.732628345489501953e+00 1.388146877288818359e+00 1.009135246276855469e+00
7.298470458984375000e+02 2.576729297637939453e+00 1.068325424194335938e+01 -1.576691150665283203e+01 -9.599495887756347656e+00 6.118799448013305664e-01
7.669407958984375000e+02 2.561778426170349121e-01 6.097437381744384766e+00 1.241750717163085938e+00 -1.774239540100097656e-01 6.918942332267761230e-01
1.953874816894531250e+02 5.999063253402709961e-01 6.615282535552978516e+00 -1.360670328140258789e+00 9.315729141235351562e-02 1.067950502038002014e-01
7.989660034179687500e+02 6.981617212295532227e-02 5.537833690643310547e+00 8.027243614196777344e-01 1.140890121459960938e+00 1.482629656791687012e+00
7.701791381835937500e+02 4.238196611404418945e-01 6.530318260192871094e+00 -1.251084804534912109e+00 2.027726173400878906e-01 6.880624592304229736e-02
7.408773803710937500e+02 2.508729696273803711e-01 5.995733261108398438e+00 2.189421653747558594e+00 4.521822929382324219e-01 4.586073756217956543e-01
7.191673583984375000e+02 3.447497487068176270e-01 6.007548332214355469e+00 -3.082692623138427734e-01 -1.017844676971435547e+00 4.528667330741882324e-01
6.794646606445312500e+02 -1.247192621231079102e-01 5.030583381652832031e+00 2.214789390563964844e-01 -3.478884696960449219e-01 6.882212162017822266e-01
8.795982360839843750e+01 3.669472455978393555e+00 1.286425113677978516e+01 3.694791793823242188e+00 5.333964824676513672e+00 1.361889839172363281e+00
7.510338134765625000e+02 5.515137314796447754e-01 6.595356941223144531e+00 -3.662240505218505859e-01 -3.115010261535644531e-01 5.290718078613281250e-01
6.494735107421875000e+02 8.216672539710998535e-01 7.209871768951416016e+00 1.760988235473632812e+00 -8.264267444610595703e-01 3.209966719150543213e-01
4.445378723144531250e+02 2.493354320526123047e+00 1.029498386383056641e+01 3.151950836181640625e+00 8.902311325073242188e-02 4.909624159336090088e-02
5.252706527709960938e+01 3.008154392242431641e+00 1.126229476928710938e+01 -1.807368850708007812e+01 -1.217393970489501953e+01 6.325128078460693359e-01
6.193333740234375000e+02 5.087244510650634766e-01 6.515883922576904297e+00 -1.988708972930908203e-01 -9.626948833465576172e-01 9.391418099403381348e-02
6.844444580078125000e+02 2.124887704849243164e-01 5.781081676483154297e+00 3.200531005859375000e-01 -1.169373989105224609e+00 7.077417373657226562e-01
1.502225646972656250e+02 1.160671472549438477e+00 8.048107147216796875e+00 1.813218593597412109e+00 -2.589404582977294922e-01 7.768095284700393677e-02
7.604987182617187500e+02 3.826518654823303223e-01 6.222963333129882812e+00 -4.986870288848876953e-01 -7.050812244415283203e-01 2.843138277530670166e-01
6.188462524414062500e+02 3.930128812789916992e-01 6.329881191253662109e+00 1.147823333740234375e+00 4.435038566589355469e-01 1.272166371345520020e-01
8.368918609619140625e+01 1.033630967140197754e+00 7.777344703674316406e+00 3.779959678649902344e+00 3.196630477905273438e+00 7.685059309005737305e-01
1.189608001708984375e+02 1.921594500541687012e+00 9.297718048095703125e+00 -5.013695716857910156e+00 -4.239830970764160156e+00 7.305591702461242676e-01
5.951792602539062500e+02 1.382019519805908203e+00 8.243457794189453125e+00 -2.730592489242553711e+00 -2.188695669174194336e+00 6.728082299232482910e-01
7.322849731445312500e+02 6.233960390090942383e-02 5.624190330505371094e+00 1.302576065063476562e-01 4.847431182861328125e-01 7.012661695480346680e-01
5.810530853271484375e+01 7.564582824707031250e-01 7.231341838836669922e+00 -8.104825019836425781e-01 -1.079782247543334961e+00 6.764402389526367188e-01
8.301543426513671875e+01 3.734452724456787109e+00 1.314946460723876953e+01 1.363864898681640625e+01 1.155071067810058594e+01 8.621562123298645020e-01
5.703092041015625000e+02 3.382664918899536133e+00 1.248591804504394531e+01 7.193324565887451172e+00 4.193751811981201172e+00 5.618893504142761230e-01
2.644346313476562500e+02 2.185890197753906250e+00 9.814485549926757812e+00 -8.196100234985351562e+00 -1.714493036270141602e+00 1.700038462877273560e-01
1.147452621459960938e+02 2.358400821685791016e+00 1.025929355621337891e+01 -2.952743768692016602e+00 3.312349319458007812e-01 1.539854705333709717e-01
2.344287681579589844e+01 1.474766731262207031e+00 8.302955627441406250e+00 7.640719413757324219e-01 -1.235902309417724609e-01 2.435520589351654053e-01
5.441198120117187500e+02 2.215764522552490234e+00 1.001176452636718750e+01 5.573236942291259766e+00 3.289525508880615234e+00 7.729039192199707031e-01
3.365800170898437500e+02 2.847751617431640625e+00 1.136069297790527344e+01 -5.197675228118896484e+00 -7.787430286407470703e-01 5.056223273277282715e-02
2.005296630859375000e+02 1.329979300498962402e-01 5.543282985687255859e+00 -2.470946311950683594e-01 1.058650016784667969e-01 7.269018888473510742e-02
1.000789031982421875e+02 1.565828800201416016e+00 8.816762924194335938e+00 -5.370210647583007812e+00 -2.436144351959228516e+00 3.148611783981323242e-01
6.192837524414062500e+02 2.022694110870361328e+00 9.439640045166015625e+00 1.258002471923828125e+01 5.809066295623779297e+00 5.210959315299987793e-01
6.913051757812500000e+02 9.472312927246093750e-01 7.516600131988525391e+00 2.788782119750976562e-01 8.034324645996093750e-01 4.900795519351959229e-01
7.621211547851562500e+02 7.826766967773437500e-01 6.927565097808837891e+00 5.262827873229980469e-01 -4.489207267761230469e-01 5.445279553532600403e-02
6.807391357421875000e+02 7.306788563728332520e-01 6.706663608551025391e+00 1.709568500518798828e+00 8.723902702331542969e-01 7.264986634254455566e-01
1.850594329833984375e+02 3.455811977386474609e+00 1.247846603393554688e+01 -9.451129913330078125e+00 -1.095390224456787109e+01 1.124799251556396484e+00
7.591952514648437500e+02 1.025362968444824219e+00 7.439985752105712891e+00 -1.715843677520751953e+00 -2.882534265518188477e+00 8.275145292282104492e-01
2.546831359863281250e+02 1.195726156234741211e+00 7.758132457733154297e+00 -2.141952514648437500e+00 2.538681030273437500e-01 1.189585626125335693e-01
6.532409667968750000e+02 4.198371171951293945e-01 6.508599281311035156e+00 5.476117134094238281e-01 -7.946062088012695312e-01 5.656362175941467285e-01
5.081155395507812500e+01 2.606448650360107422e+00 1.057779693603515625e+01 8.813242912292480469e+00 4.531311988830566406e+00 5.905198454856872559e-01
3.315999984741210938e+01 3.090774536132812500e+00 1.186254310607910156e+01 -2.149380445480346680e+00 -3.039885759353637695e+00 1.451043367385864258e+00
4.164174499511718750e+02 2.788315296173095703e+00 1.109033489227294922e+01 6.581974029541015625e-01 1.564002037048339844e-01 3.417056202888488770e-01
7.968247070312500000e+02 2.344059944152832031e+00 1.033450698852539062e+01 -3.451871871948242188e-01 -9.340870380401611328e-01 9.637391567230224609e-02
3.361888122558593750e+01 2.343577146530151367e+00 1.012336921691894531e+01 -3.158664703369140625e+00 -2.750158309936523438e-02 8.185393363237380981e-02
7.334077148437500000e+02 1.929967641830444336e+00 9.745225906372070312e+00 3.888249397277832031e+00 1.719419956207275391e+00 4.399402439594268799e-01
3.115238037109375000e+02 1.944343209266662598e+00 9.483179092407226562e+00 -1.186168193817138672e-01 -1.033149957656860352e+00 2.951540350914001465e-01
4.273787841796875000e+02 6.684836149215698242e-01 6.761321067810058594e+00 9.719920158386230469e-01 -1.898097991943359375e-01 1.768915057182312012e-01
4.077781066894531250e+02 1.782130360603332520e+00 8.968166351318359375e+00 3.872482776641845703e+00 1.927335262298583984e+00 5.282661914825439453e-01
5.760632324218750000e+02 1.519454121589660645e+00 8.269231796264648438e+00 -5.274444580078125000e+00 -2.266221046447753906e+00 2.878314256668090820e-01
4.593157653808593750e+02 3.190835952758789062e+00 1.165527725219726562e+01 -8.195237159729003906e+00 -5.480620861053466797e+00 6.733122467994689941e-01
5.931891632080078125e+01 1.952980637550354004e+00 9.244855880737304688e+00 -5.285894870758056641e+00 -9.705603122711181641e-01 1.680247783660888672e-01
6.486337890625000000e+02 8.717192411422729492e-01 6.987442016601562500e+00 -1.594464778900146484e+00 -7.717108726501464844e-01 2.487196326255798340e-01
5.127080688476562500e+02 2.809826850891113281e+00 1.100031661987304688e+01 -7.771873474121093750e+00 -1.012915420532226562e+01 1.291376829147338867e+00
7.132791137695312500e+02 2.566847801208496094e+00 1.073843860626220703e+01 1.712012290954589844e-01 1.124930381774902344e-01 1.685170531272888184e+00
3.152627868652343750e+02 7.761360406875610352e-01 6.990295410156250000e+00 -1.926708221435546875e-01 2.058362960815429688e-01 5.992360413074493408e-02
2.916444396972656250e+02 3.338272571563720703e+00 1.244979667663574219e+01 1.533782005310058594e+01 4.051835536956787109e+00 2.139948904514312744e-01
4.909122467041015625e+01 8.256762623786926270e-01 6.811038494110107422e+00 4.267787933349609375e-01 -3.340482711791992188e-02 1.697149244137108326e-03
1.855333900451660156e+01 8.426927328109741211e-01 7.116857528686523438e+00 2.013781070709228516e+00 7.821774482727050781e-01 2.933685779571533203e-01
6.549016113281250000e+02 2.342509627342224121e-01 6.376633644104003906e+00 3.168439865112304688e-01 -1.975131034851074219e-01 3.987147212028503418e-01
6.733489990234375000e+02 2.009642124176025391e-02 5.636570930480957031e+00 -3.926968574523925781e-01 -7.615971565246582031e-01 4.967245757579803467e-01
6.474191894531250000e+02 2.059760808944702148e+00 9.515760421752929688e+00 -1.482561492919921875e+01 -1.399478054046630859e+01 8.980994224548339844e-01
5.314452514648437500e+02 2.231270551681518555e+00 1.003048324584960938e+01 6.653118133544921875e-01 4.235196113586425781e-01 5.299553871154785156e-01
6.816161499023437500e+02 1.098704576492309570e+00 7.868916988372802734e+00 -5.135392189025878906e+00 -1.715552806854248047e-01 8.707094192504882812e-02
7.169238281250000000e+02 3.845833778381347656e+00 1.314919853210449219e+01 1.554871082305908203e+01 1.009500503540039062e+01 6.278902292251586914e-01
6.159393310546875000e+02 1.087888836860656738e+00 7.547550678253173828e+00 -8.564960956573486328e-01 1.356554031372070312e-01 3.925941884517669678e-01
3.081645202636718750e+02 5.412986278533935547e-01 6.469814777374267578e+00 -1.801705360412597656e-01 5.886507034301757812e-01 1.893056323751807213e-03
7.113684082031250000e+02 -9.063410758972167969e-02 4.903556346893310547e+00 3.024578094482421875e-02 -2.976775169372558594e-02 3.995893895626068115e-01
7.451087646484375000e+02 1.964242339134216309e+00 9.305854797363281250e+00 -1.780992746353149414e+00 -3.556289672851562500e+00 1.482875585556030273e+00
3.505546875000000000e+02 4.142016172409057617e-02 5.347304344177246094e+00 2.287054061889648438e-01 -3.788912296295166016e-01 1.501194387674331665e-01
2.261821441650390625e+02 9.425658583641052246e-01 7.377700328826904297e+00 7.000374794006347656e-01 2.507686614990234375e-02 2.526564896106719971e-02
1.173423919677734375e+02 9.623138904571533203e-01 7.491892814636230469e+00 -3.090562820434570312e+00 -1.025910377502441406e+00 2.321403622627258301e-01
2.885011672973632812e+01 1.463032603263854980e+00 8.565013885498046875e+00 -2.619233131408691406e+00 -3.883171081542968750e+00 1.182632327079772949e+00
3.406544189453125000e+02 5.170852541923522949e-01 6.373793601989746094e+00 1.876306533813476562e-01 -1.458346843719482422e-01 4.323618486523628235e-02
4.261663513183593750e+02 3.864675045013427734e+00 1.325177860260009766e+01 -4.060356616973876953e+00 -1.081575155258178711e+00 4.135063886642456055e-01
7.427011718750000000e+02 -2.817525863647460938e-01 4.929770469665527344e+00 2.951693534851074219e-01 -3.485023975372314453e-01 5.000672340393066406e-01
6.573877563476562500e+02 3.555270195007324219e+00 1.244334602355957031e+01 -1.473785781860351562e+01 -1.078950977325439453e+01 6.910449862480163574e-01
3.867413635253906250e+02 5.196095705032348633e-01 6.524693012237548828e+00 -3.668582439422607422e-01 -6.509768962860107422e-01 2.699719071388244629e-01
7.667060546875000000e+02 8.817051053047180176e-01 7.449963569641113281e+00 -1.668716669082641602e+00 -1.351655721664428711e+00 9.747909903526306152e-01
7.633295898437500000e+02 9.579876661300659180e-01 7.572585582733154297e+00 -3.673804998397827148e+00 -1.826895475387573242e+00 3.249834477901458740e-01
7.612704467773437500e+01 1.564028143882751465e+00 8.666833877563476562e+00 5.150628089904785156e-01 1.918849945068359375e+00 2.606425523757934570e+00
7.639111328125000000e+02 6.958112120628356934e-01 6.789691925048828125e+00 -1.725536584854125977e+00 -1.196478605270385742e+00 6.677213907241821289e-01
4.761801147460937500e+02 3.038583993911743164e-01 6.227763175964355469e+00 1.498708724975585938e+00 1.088228225708007812e+00 5.092102885246276855e-01
1.464050598144531250e+02 2.115311861038208008e+00 9.671337127685546875e+00 3.609609603881835938e-01 1.049032211303710938e+00 4.231850802898406982e-01
7.300614013671875000e+02 4.142368435859680176e-01 6.217155456542968750e+00 1.535372734069824219e+00 8.563923835754394531e-01 8.914430141448974609e-01
5.741889648437500000e+02 3.257433414459228516e+00 1.212361145019531250e+01 -1.381682157516479492e+00 3.207349777221679688e-01 8.561028167605400085e-03
7.796162366867065430e-01 3.851483583450317383e+00 1.315483856201171875e+01 -1.655331611633300781e+01 -1.239948654174804688e+01 7.468643784523010254e-01
5.842985229492187500e+02 1.895344257354736328e+00 9.430956840515136719e+00 1.517056465148925781e+01 3.981232643127441406e+00 2.801196575164794922e-01
3.973943481445312500e+02 3.696997165679931641e+00 1.312459754943847656e+01 -1.552850055694580078e+01 -2.053189277648925781e-01 9.106447920203208923e-03
1.507754058837890625e+02 1.576245427131652832e+00 8.595279693603515625e+00 -1.639336347579956055e+00 -6.964898109436035156e-01 3.468518257141113281e-01
6.145057373046875000e+02 7.554483413696289062e-01 7.029260635375976562e+00 -2.570914030075073242e+00 -3.107731342315673828e+00 9.652582406997680664e-01
5.941510009765625000e+02 3.175087928771972656e+00 1.191876506805419922e+01 -1.443990898132324219e+01 -3.800058364868164062e-01 8.939875662326812744e-02
6.391306152343750000e+02 2.102027416229248047e+00 9.739600181579589844e+00 -3.968328237533569336e+00 -6.715965270996093750e-01 2.209700644016265869e-01
7.639738769531250000e+02 8.518095612525939941e-01 7.453932762145996094e+00 2.427113056182861328e+00 1.980307102203369141e+00 1.432994604110717773e+00
1.020802001953125000e+02 3.285999894142150879e-01 6.264542102813720703e+00 1.747694015502929688e+00 8.252382278442382812e-01 1.144133135676383972e-01
2.473286437988281250e+02 8.597674965858459473e-01 7.031187057495117188e+00 -6.410598754882812500e-02 -6.828308105468750000e-01 3.814203739166259766e-01
7.218486328125000000e+02 3.572939038276672363e-01 6.085896492004394531e+00 1.602935791015625000e-01 -6.770849227905273438e-02 1.057872056961059570e+00
7.638496093750000000e+02 6.648427844047546387e-01 6.852089881896972656e+00 1.614937782287597656e+00 9.550404548645019531e-01 5.246860384941101074e-01
6.367105712890625000e+02 3.957034945487976074e-01 6.273994445800781250e+00 -1.083385944366455078e+00 -5.042815208435058594e-01 4.808220267295837402e-02
3.493829040527343750e+02 3.630933284759521484e+00 1.265123653411865234e+01 8.881093978881835938e+00 4.982898235321044922e+00 5.447598695755004883e-01
2.184170913696289062e+01 1.408427119255065918e+00 8.059035301208496094e+00 -3.026525974273681641e+00 -1.365575790405273438e+00 4.839315712451934814e-01
2.175004272460937500e+02 1.053211092948913574e-01 5.692319869995117188e+00 5.036330223083496094e-01 4.228425025939941406e-01 1.804718673229217529e-01
6.181039428710937500e+02 -1.880442500114440918e-01 5.234401702880859375e+00 4.667925834655761719e-01 8.719205856323242188e-01 1.896649599075317383e-01
1.656574401855468750e+02 5.588801503181457520e-01 6.620337486267089844e+00 1.254575252532958984e+00 7.551598548889160156e-01 2.653689384460449219e-01
2.447887725830078125e+02 1.863807201385498047e+00 9.388442993164062500e+00 -3.132476806640625000e+00 -1.037716865539550781e-01 1.081783398985862732e-01
8.818542480468750000e+01 7.170351743698120117e-01 6.970253944396972656e+00 1.157634258270263672e+00 4.589819908142089844e-01 7.419533729553222656e-01
4.420838012695312500e+02 2.176140069961547852e+00 9.886982917785644531e+00 8.612749099731445312e+00 8.445560455322265625e+00 9.766883850097656250e-01
7.160376586914062500e+02 3.403587937355041504e-01 6.253683090209960938e+00 -1.738953590393066406e-01 3.579354286193847656e-01 1.097977459430694580e-01
6.345292358398437500e+02 3.308253288269042969e-01 6.305189132690429688e+00 1.027898788452148438e+00 5.789518356323242188e-02 3.885286450386047363e-01
5.123034667968750000e+02 2.879241466522216797e+00 1.140097045898437500e+01 5.032029151916503906e+00 6.156346797943115234e+00 1.251844406127929688e+00
1.427762451171875000e+02 1.281161665916442871e+00 8.197567939758300781e+00 -2.809202671051025391e-01 -6.256222724914550781e-02 7.543393969535827637e-02
4.684000854492187500e+02 2.918338060379028320e+00 1.140711688995361328e+01 1.779294586181640625e+01 7.661058902740478516e+00 4.454705119132995605e-01
6.451901245117187500e+02 3.829933643341064453e+00 1.301194858551025391e+01 3.159229755401611328e+00 6.750917434692382812e-01 3.188329935073852539e-01
6.225046386718750000e+02 3.331073522567749023e-01 6.470225811004638672e+00 4.935216903686523438e-01 -5.894041061401367188e-01 2.269141674041748047e-01
9.487859344482421875e+01 3.279281854629516602e+00 1.195681858062744141e+01 1.575480651855468750e+01 7.259850502014160156e+00 4.672200083732604980e-01
6.693044433593750000e+02 1.653827428817749023e+00 8.803372383117675781e+00 5.111932754516601562e-01 1.628065109252929688e-01 1.784104824066162109e+00
2.846800231933593750e+02 1.130496263504028320e+00 7.498025417327880859e+00 1.981732845306396484e+00 -5.840897560119628906e-02 7.327030599117279053e-02
7.045087890625000000e+02 7.589977979660034180e-01 7.241694450378417969e+00 1.487543582916259766e+00 6.180953979492187500e-01 6.013877987861633301e-01
5.584206008911132812e+01 3.759945154190063477e+00 1.308739948272705078e+01 -1.829003524780273438e+01 -9.518427848815917969e+00 5.399729013442993164e-01
7.796328735351562500e+02 3.769122958183288574e-01 6.194292068481445312e+00 5.904150009155273438e-01 7.214140892028808594e-01 1.422140359878540039e+00
6.908792877197265625e+01 1.278436541557312012e+00 8.290027618408203125e+00 -5.358563423156738281e+00 -3.458758592605590820e+00 6.009272336959838867e-01
5.768028564453125000e+02 3.881589770317077637e-01 6.169589042663574219e+00 2.237501144409179688e+00 9.115266799926757812e-01 2.333931773900985718e-01
4.661327514648437500e+02 1.357549190521240234e+00 8.317924499511718750e+00 -4.214179515838623047e+00 -4.448079109191894531e+00 9.993838071823120117e-01
6.867230224609375000e+02 2.487953305244445801e-01 5.866382122039794922e+00 1.273872852325439453e+00 4.635071754455566406e-01 9.252465367317199707e-01
6.632139892578125000e+02 1.711662292480468750e+00 9.167112350463867188e+00 -8.830794334411621094e+00 -2.277389764785766602e+00 2.573802471160888672e-01
4.310991821289062500e+02 1.822978615760803223e+00 9.251241683959960938e+00 9.343047142028808594e+00 1.291198730468750000e+01 1.527496695518493652e+00
4.753797912597656250e+01 1.726607918739318848e+00 9.049886703491210938e+00 7.474422454833984375e-01 9.127616882324218750e-01 1.474077463150024414e+00
4.238509216308593750e+02 8.792748451232910156e-01 7.299647808074951172e+00 7.932066917419433594e-01 -1.003730297088623047e-01 7.302674651145935059e-01
7.505967407226562500e+02 5.922280550003051758e-01 6.682194232940673828e+00 1.556713581085205078e+00 2.775144577026367188e-01 1.176407217979431152e+00
5.559898681640625000e+02 1.066613197326660156e-02 5.640647888183593750e+00 4.106760025024414062e-01 8.932828903198242188e-02 9.454414248466491699e-01
7.133996582031250000e+02 3.633712530136108398e+00 1.270086765289306641e+01 -6.712691783905029297e+00 -8.597887992858886719e+00 1.106135368347167969e+00
6.430541992187500000e+02 8.750838041305541992e-02 5.676655769348144531e+00 1.959347724914550781e-01 -1.695752143859863281e-01 6.088058948516845703e-01
6.812886047363281250e+01 3.931188106536865234e+00 1.359775638580322266e+01 -1.483300113677978516e+01 -1.202797412872314453e+01 8.183019161224365234e-01
7.467684326171875000e+02 6.983197927474975586e-01 7.062820911407470703e+00 -2.133662700653076172e+00 -1.916974782943725586e+00 6.338267326354980469e-01
1.071361923217773438e+02 1.810215592384338379e+00 9.102854728698730469e+00 -5.532290935516357422e+00 -2.222219705581665039e+00 4.061176180839538574e-01
7.179197998046875000e+02 -2.407280206680297852e-01 5.041243553161621094e+00 -1.261699199676513672e-01 -2.503061294555664062e-01 3.159312605857849121e-01
5.513789672851562500e+02 1.261556148529052734e+00 8.032872200012207031e+00 2.499055862426757812e+00 1.354844570159912109e+00 5.943672657012939453e-01
1.460231475830078125e+02 5.254782438278198242e-01 6.522901058197021484e+00 -3.729665279388427734e-01 4.495191574096679688e-01 2.200485393404960632e-02
7.455029296875000000e+02 1.855067133903503418e+00 9.275816917419433594e+00 -1.333248615264892578e+00 6.234884262084960938e-01 4.146734625101089478e-02
4.964039306640625000e+02 3.527813434600830078e+00 1.266738700866699219e+01 3.930222988128662109e+00 7.410721778869628906e+00 2.142451286315917969e+00
5.349475097656250000e+02 3.735461235046386719e+00 1.295973205566406250e+01 9.206542968750000000e+00 3.301520347595214844e+00 3.809402585029602051e-01
7.481759643554687500e+02 3.727833032608032227e-01 6.367512702941894531e+00 -1.458175182342529297e+00 5.939316749572753906e-01 1.328034847974777222e-01
4.817762756347656250e+02 2.438658952713012695e+00 1.020827960968017578e+01 -6.600410938262939453e+00 7.371759414672851562e-01 2.263362705707550049e-02
9.062773132324218750e+01 1.297599673271179199e+00 8.290720939636230469e+00 -7.902634143829345703e-01 -2.345061302185058594e-01 5.460436642169952393e-02
6.708049926757812500e+02 1.976289749145507812e+00 9.788714408874511719e+00 -1.007513427734375000e+01 -6.330312728881835938e+00 6.039060354232788086e-01
8.520555114746093750e+01 1.562137722969055176e+00 8.557792663574218750e+00 2.864403724670410156e+00 8.485794067382812500e-01 5.446504335850477219e-03
3.725668945312500000e+02 5.564302206039428711e-01 6.759541511535644531e+00 1.344006061553955078e+00 6.901192665100097656e-01 2.406423687934875488e-01
2.174472503662109375e+02 3.853260278701782227e-01 6.207252979278564453e+00 1.601819992065429688e+00 5.300378799438476562e-01 2.599102854728698730e-01
2.298533020019531250e+02 6.420164704322814941e-01 6.672998428344726562e+00 -5.368483066558837891e-01 -9.841680526733398438e-02 5.101712346076965332e-01
2.396539611816406250e+02 1.876399278640747070e+00 9.391028404235839844e+00 3.739430904388427734e+00 1.208496093750000000e+00 1.665671020746231079e-01
6.926700439453125000e+02 1.432876706123352051e+00 8.715209960937500000e+00 1.715881824493408203e+00 -3.307604789733886719e-01 2.008366435766220093e-01
2.420052795410156250e+02 2.659890651702880859e+00 1.069492244720458984e+01 8.969707489013671875e+00 2.117106914520263672e+00 1.747345179319381714e-01
5.918267726898193359e+00 9.926237463951110840e-01 7.410513877868652344e+00 3.631358146667480469e+00 1.966092586517333984e+00 4.908878207206726074e-01
1.641746063232421875e+02 1.616664528846740723e+00 8.744288444519042969e+00 8.716535568237304688e-01 5.915641784667968750e-02 3.244616091251373291e-01
6.718487548828125000e+02 5.995603203773498535e-01 6.601571083068847656e+00 2.048802375793457031e-01 -3.572010993957519531e-01 1.026840686798095703e+00
6.783001708984375000e+01 1.160177230834960938e+00 8.007561683654785156e+00 -7.855784893035888672e-01 7.293224334716796875e-02 3.946235775947570801e-01
2.183324279785156250e+02 7.923094034194946289e-01 7.100739479064941406e+00 9.968686103820800781e-01 -7.143425941467285156e-01 4.084270074963569641e-02
7.511480102539062500e+02 8.407175540924072266e-01 7.080199718475341797e+00 1.251022815704345703e+00 -7.351922988891601562e-01 4.493502527475357056e-02
4.723262405395507812e+01 1.191266894340515137e+00 8.148405075073242188e+00 -1.945210695266723633e+00 -1.504344940185546875e+00 5.647366642951965332e-01
7.393018798828125000e+02 7.109864354133605957e-01 6.785317420959472656e+00 5.747795104980468750e-02 -8.958446979522705078e-01 5.975905060768127441e-01
6.766084594726562500e+02 8.563024401664733887e-01 7.224387168884277344e+00 2.736513614654541016e+00 -5.689561367034912109e-01 1.228831335902214050e-01
2.791660156250000000e+02 3.958717584609985352e+00 1.331093406677246094e+01 1.943420791625976562e+01 6.325178146362304688e+00 3.578695654869079590e-01
6.280603637695312500e+02 3.639913797378540039e-01 6.337644577026367188e+00 -9.010064601898193359e-01 -1.090283393859863281e+00 7.612311244010925293e-01
7.058519897460937500e+02 4.094278216361999512e-01 6.487263202667236328e+00 -6.825625896453857422e-01 -9.361672401428222656e-01 3.405877947807312012e-01
2.586701202392578125e+01 1.350934147834777832e+00 8.109361648559570312e+00 -1.399935483932495117e+00 -5.858123302459716797e-01 4.782872796058654785e-01
7.896734619140625000e+02 5.035996437072753906e-02 5.505577564239501953e+00 -2.635920047760009766e-01 -2.308201789855957031e-01 4.570127129554748535e-01
3.377956237792968750e+02 1.845360398292541504e-01 5.657706260681152344e+00 1.410961151123046875e-01 4.349470138549804688e-01 2.504440844058990479e-01
6.755791015625000000e+02 4.361166954040527344e-01 6.576798439025878906e+00 9.321069717407226562e-01 3.154039382934570312e-01 1.081612110137939453e+00
7.028754882812500000e+02 2.621639251708984375e+00 1.071411895751953125e+01 1.264033317565917969e+01 6.063189506530761719e+00 5.029027462005615234e-01
7.839547729492187500e+02 2.484681010246276855e-01 5.987410545349121094e+00 1.386642456054687500e+00 1.839146614074707031e+00 1.405897855758666992e+00
1.107590179443359375e+02 4.261000752449035645e-01 6.564506530761718750e+00 2.077865600585937500e-01 -2.632617950439453125e-02 7.528559118509292603e-02
6.428001708984375000e+02 7.757896780967712402e-01 7.134898662567138672e+00 -2.098449468612670898e+00 -1.274768114089965820e+00 4.452276527881622314e-01
4.359217453002929688e+01 1.287659764289855957e+00 8.160232543945312500e+00 2.013318538665771484e+00 2.481675148010253906e-01 4.044617712497711182e-02
5.525483398437500000e+02 7.125303149223327637e-01 6.978556632995605469e+00 -4.118108749389648438e-01 -3.988254070281982422e-01 5.563250780105590820e-01
4.068118896484375000e+02 2.694516658782958984e+00 1.061607551574707031e+01 -5.713624954223632812e+00 -3.231751918792724609e+00 6.137549281120300293e-01
7.986517944335937500e+02 1.768724322319030762e-01 5.923619270324707031e+00 9.410834312438964844e-01 1.236901283264160156e+00 2.624211549758911133e+00
6.605545043945312500e+01 1.542271852493286133e+00 8.668806076049804688e+00 4.574005603790283203e+00 2.074706554412841797e+00 5.166900753974914551e-01
7.743720092773437500e+02 2.701035141944885254e-01 6.047794818878173828e+00 -1.492309570312500000e-01 -4.131829738616943359e-01 4.263228476047515869e-01
