0.000000000000000000e+00 -2.287733078002929688e+00 2.954114973545074463e-01 0.000000000000000000e+00
3.121093750000000000e+00 -1.264447569847106934e+00 3.529211580753326416e-01 0.000000000000000000e+00
7.000000000000000000e+00 -2.189894914627075195e+00 2.991217076778411865e-01 0.000000000000000000e+00
1.301171875000000000e+01 -2.496319293975830078e+00 2.944571375846862793e-01 0.000000000000000000e+00
2.104687500000000000e+01 -1.564157605171203613e+00 4.631491005420684814e-01 0.000000000000000000e+00
2.705859375000000000e+01 -1.745936870574951172e+00 5.388056635856628418e-01 0.000000000000000000e+00
4.300781250000000000e+01 -2.424584865570068359e+00 3.500578105449676514e-01 0.000000000000000000e+00
6.299218750000000000e+01 -5.419911861419677734e+00 9.391286373138427734e-01 0.000000000000000000e+00
2.561601562500000000e+02 -5.596444010734558105e-01 2.112512886524200439e-01 0.000000000000000000e+00
2.701132812500000000e+02 3.327910304069519043e-01 3.066385388374328613e-01 0.000000000000000000e+00
2.741171875000000000e+02 6.278696060180664062e-01 3.447747230529785156e-01 0.000000000000000000e+00
2.830390625000000000e+02 1.310419082641601562e+00 4.968906641006469727e-01 0.000000000000000000e+00
2.940078125000000000e+02 -2.799417972564697266e-01 2.982156574726104736e-01 0.000000000000000000e+00
2.989921875000000000e+02 4.405592754483222961e-02 3.818122744560241699e-01 0.000000000000000000e+00
3.030390625000000000e+02 5.253742337226867676e-01 2.464256882667541504e-01 0.000000000000000000e+00
3.109843750000000000e+02 -3.110893964767456055e-01 3.475641310214996338e-01 0.000000000000000000e+00
3.149570312500000000e+02 7.631130218505859375e-01 5.929028987884521484e-01 0.000000000000000000e+00
3.280312500000000000e+02 -2.137953042984008789e-01 1.601651459932327271e-01 0.000000000000000000e+00
3.299843750000000000e+02 -2.056859731674194336e-01 2.859129607677459717e-01 0.000000000000000000e+00
3.379843750000000000e+02 -3.222520053386688232e-01 2.403500527143478394e-01 0.000000000000000000e+00
3.449960937500000000e+02 -5.126513838768005371e-01 4.591615796089172363e-01 0.000000000000000000e+00
3.510390625000000000e+02 -8.494043350219726562e-01 4.539406597614288330e-01 0.000000000000000000e+00
3.640039062500000000e+02 -3.862392902374267578e-01 1.730164587497711182e-01 0.000000000000000000e+00
3.691132812500000000e+02 3.714534044265747070e-01 1.374619826674461365e-02 0.000000000000000000e+00
3.710546875000000000e+02 -1.052827164530754089e-01 2.690436244010925293e-01 0.000000000000000000e+00
3.810781250000000000e+02 -1.521505415439605713e-01 5.166926383972167969e-01 0.000000000000000000e+00
3.860039062500000000e+02 3.652037382125854492e-01 1.554233729839324951e-01 0.000000000000000000e+00
3.930156250000000000e+02 4.138418436050415039e-01 1.611322015523910522e-01 0.000000000000000000e+00
4.030156250000000000e+02 -1.563533902168273926e+00 3.871154785156250000e-01 0.000000000000000000e+00
4.110273437500000000e+02 -2.231228202581405640e-01 4.678989350795745850e-01 0.000000000000000000e+00
4.180234375000000000e+02 -1.063632130622863770e+00 1.326002776622772217e-01 0.000000000000000000e+00
4.260078125000000000e+02 -1.095192193984985352e+00 1.503425687551498413e-01 0.000000000000000000e+00
4.330078125000000000e+02 7.099464535713195801e-02 3.630135059356689453e-01 0.000000000000000000e+00
6.131367187500000000e+02 3.144748449325561523e+00 5.389706492424011230e-01 0.000000000000000000e+00
6.211679687500000000e+02 5.430904626846313477e-01 2.485700100660324097e-01 0.000000000000000000e+00
6.261757812500000000e+02 4.805247783660888672e-01 2.652754187583923340e-01 0.000000000000000000e+00
6.390625000000000000e+02 2.257769107818603516e+00 6.991930603981018066e-01 0.000000000000000000e+00
6.480390625000000000e+02 1.229486703872680664e+00 3.170173764228820801e-01 0.000000000000000000e+00
6.560195312500000000e+02 1.328933358192443848e+00 2.109935730695724487e-01 0.000000000000000000e+00
6.660703125000000000e+02 7.874656319618225098e-01 2.046464979648590088e-01 0.000000000000000000e+00
6.789609375000000000e+02 1.495845168828964233e-01 2.541581392288208008e-01 0.000000000000000000e+00
6.849726562500000000e+02 4.056676849722862244e-02 6.355544179677963257e-02 0.000000000000000000e+00
6.889882812500000000e+02 -1.380217969417572021e-01 1.691263765096664429e-01 0.000000000000000000e+00
6.929609375000000000e+02 -1.148426979780197144e-01 3.913868665695190430e-01 0.000000000000000000e+00
7.159804687500000000e+02 1.496336907148361206e-01 1.490498781204223633e-01 0.000000000000000000e+00
7.229843750000000000e+02 3.719384223222732544e-02 2.017617225646972656e-01 0.000000000000000000e+00
7.279882812500000000e+02 -9.342438578605651855e-01 3.104453980922698975e-01 0.000000000000000000e+00
7.379921875000000000e+02 8.468595743179321289e-01 2.813494801521301270e-01 0.000000000000000000e+00
7.470000000000000000e+02 3.067419230937957764e-01 2.219659239053726196e-01 0.000000000000000000e+00
7.520625000000000000e+02 8.610218167304992676e-01 1.284086555242538452e-01 0.000000000000000000e+00
7.610000000000000000e+02 8.910808563232421875e-01 5.101745724678039551e-01 0.000000000000000000e+00
7.660000000000000000e+02 8.580512553453445435e-02 3.071699440479278564e-01 0.000000000000000000e+00
7.730156250000000000e+02 5.669110417366027832e-01 1.661513596773147583e-01 0.000000000000000000e+00
7.800000000000000000e+02 1.173313736915588379e+00 2.404193580150604248e-01 0.000000000000000000e+00
7.869921875000000000e+02 7.983443737030029297e-01 3.578995764255523682e-01 0.000000000000000000e+00
9.881875000000000000e+02 -1.364551305770874023e+00 2.081030309200286865e-01 0.000000000000000000e+00
9.931679687500000000e+02 -2.342151403427124023e+00 3.421316742897033691e-01 0.000000000000000000e+00
1.001167968750000000e+03 1.491151303052902222e-01 7.111860513687133789e-01 0.000000000000000000e+00
1.009050781250000000e+03 6.389450430870056152e-01 4.565476179122924805e-01 0.000000000000000000e+00
1.032988281250000000e+03 -2.236876726150512695e+00 3.599215745925903320e-01 0.000000000000000000e+00
1.036988281250000000e+03 -2.334369659423828125e+00 8.398045897483825684e-01 0.000000000000000000e+00
1.046964843750000000e+03 -2.924805164337158203e+00 2.849994301795959473e-01 0.000000000000000000e+00
1.051105468750000000e+03 -2.244582414627075195e+00 4.152374565601348877e-01 0.000000000000000000e+00
1.051960937500000000e+03 -2.815055370330810547e+00 5.018387436866760254e-01 0.000000000000000000e+00
1.060980468750000000e+03 -3.596365213394165039e+00 2.143782973289489746e-01 0.000000000000000000e+00
1.064972656250000000e+03 -3.281373262405395508e+00 2.501481771469116211e-01 0.000000000000000000e+00
1.074976562500000000e+03 -2.773197650909423828e+00 3.054950237274169922e-01 0.000000000000000000e+00
1.091097656250000000e+03 -2.881453275680541992e+00 3.743143081665039062e-01 0.000000000000000000e+00
1.100992187500000000e+03 -2.570216417312622070e+00 2.270572632551193237e-01 0.000000000000000000e+00
1.107003906250000000e+03 -2.000055313110351562e+00 2.241400033235549927e-01 0.000000000000000000e+00
1.115000000000000000e+03 -2.399595260620117188e+00 4.919459819793701172e-01 0.000000000000000000e+00
1.122000000000000000e+03 -3.175851345062255859e+00 2.247966825962066650e-01 0.000000000000000000e+00
1.136058593750000000e+03 -2.356072425842285156e+00 2.798349261283874512e-01 0.000000000000000000e+00
1.143000000000000000e+03 -3.981517076492309570e+00 3.931135833263397217e-01 0.000000000000000000e+00
1.350179687500000000e+03 -1.268495559692382812e+00 4.809335172176361084e-01 0.000000000000000000e+00
1.359164062500000000e+03 -1.568897366523742676e+00 3.879676163196563721e-01 0.000000000000000000e+00
1.374097656250000000e+03 -1.591992616653442383e+00 2.822410762310028076e-01 0.000000000000000000e+00
1.378097656250000000e+03 4.853774309158325195e-01 8.788381814956665039e-01 0.000000000000000000e+00
1.389011718750000000e+03 -2.694040060043334961e+00 1.650840193033218384e-01 0.000000000000000000e+00
1.401980468750000000e+03 -2.276519060134887695e+00 2.455605715513229370e-01 0.000000000000000000e+00
1.406949218750000000e+03 -2.800907611846923828e+00 3.619469106197357178e-01 0.000000000000000000e+00
1.415960937500000000e+03 -1.414447903633117676e+00 3.445121943950653076e-01 0.000000000000000000e+00
1.416957031250000000e+03 -1.953756332397460938e+00 6.125447154045104980e-01 0.000000000000000000e+00
1.417960937500000000e+03 -2.008403778076171875e+00 3.123064935207366943e-01 0.000000000000000000e+00
1.421964843750000000e+03 -1.610571622848510742e+00 3.284339606761932373e-01 0.000000000000000000e+00
1.429968750000000000e+03 -2.450395822525024414e+00 2.101693749427795410e-01 0.000000000000000000e+00
1.436984375000000000e+03 -2.434284448623657227e+00 4.027148485183715820e-01 0.000000000000000000e+00
1.444007812500000000e+03 -2.633729696273803711e+00 3.538383543491363525e-01 0.000000000000000000e+00
1.453984375000000000e+03 -4.711838662624359131e-01 3.824150264263153076e-01 0.000000000000000000e+00
1.454984375000000000e+03 -2.065240621566772461e+00 2.364637255668640137e-01 0.000000000000000000e+00
1.465996093750000000e+03 -2.328825235366821289e+00 3.550252616405487061e-01 0.000000000000000000e+00
1.483000000000000000e+03 -2.385850906372070312e+00 2.423278391361236572e-01 0.000000000000000000e+00
1.495019531250000000e+03 -3.098874092102050781e+00 3.111595809459686279e-01 0.000000000000000000e+00
1.507996093750000000e+03 -2.626288652420043945e+00 1.944816708564758301e-01 0.000000000000000000e+00
1.515992187500000000e+03 3.460659086704254150e-01 3.549298346042633057e-01 0.000000000000000000e+00
1.734066406250000000e+03 -3.194041490554809570e+00 3.701439499855041504e-01 0.000000000000000000e+00
1.757003906250000000e+03 -3.026478052139282227e+00 2.783205211162567139e-01 0.000000000000000000e+00
1.760996093750000000e+03 -4.438926696777343750e+00 4.585824906826019287e-01 0.000000000000000000e+00
1.771960937500000000e+03 -3.724251508712768555e+00 2.473232895135879517e-01 0.000000000000000000e+00
1.775957031250000000e+03 -4.151342391967773438e+00 2.173360437154769897e-01 0.000000000000000000e+00
1.780960937500000000e+03 -3.359237670898437500e+00 2.327555119991302490e-01 0.000000000000000000e+00
1.787960937500000000e+03 -3.654484987258911133e+00 2.690991759300231934e-01 0.000000000000000000e+00
1.792968750000000000e+03 -3.439338684082031250e+00 4.240559935569763184e-01 0.000000000000000000e+00
1.799972656250000000e+03 -5.404169082641601562e+00 1.346680164337158203e+00 0.000000000000000000e+00
1.808160156250000000e+03 -3.512904882431030273e+00 2.227809727191925049e-01 0.000000000000000000e+00
1.817000000000000000e+03 -2.795280456542968750e+00 1.810291111469268799e-01 0.000000000000000000e+00
1.821054687500000000e+03 -5.803245306015014648e-01 6.709601283073425293e-01 0.000000000000000000e+00
1.822003906250000000e+03 -2.203511714935302734e+00 5.504097342491149902e-01 0.000000000000000000e+00
1.829074218750000000e+03 -2.540683746337890625e+00 3.037517070770263672e-01 0.000000000000000000e+00
1.853000000000000000e+03 -1.216998696327209473e+00 4.928462803363800049e-01 0.000000000000000000e+00
1.861003906250000000e+03 -2.771369457244873047e+00 1.568210273981094360e-01 0.000000000000000000e+00
2.108214843750000000e+03 -2.617731332778930664e+00 2.308369129896163940e-01 0.000000000000000000e+00
2.137000000000000000e+03 -3.670992136001586914e+00 3.102827966213226318e-01 0.000000000000000000e+00
2.167058593750000000e+03 -3.100322484970092773e+00 2.447227984666824341e-01 0.000000000000000000e+00
2.186132812500000000e+03 -4.130403995513916016e+00 2.737669646739959717e-01 0.000000000000000000e+00
3.337187500000000000e+02 -1.978540718555450439e-01 4.618808329105377197e-01 1.000000000000000000e+00
3.624101562500000000e+02 -3.155133426189422607e-01 7.453891634941101074e-01 1.000000000000000000e+00
6.539296875000000000e+02 2.598656713962554932e-01 5.890350937843322754e-01 1.000000000000000000e+00
6.943789062500000000e+02 1.177914381027221680e+00 8.986201286315917969e-01 1.000000000000000000e+00
7.574101562500000000e+02 8.911821842193603516e-01 1.263465642929077148e+00 1.000000000000000000e+00
9.831054687500000000e+02 6.596077680587768555e-01 5.625358819961547852e-01 1.000000000000000000e+00
1.019015625000000000e+03 -1.324974775314331055e+00 7.236105799674987793e-01 1.000000000000000000e+00
1.042703125000000000e+03 5.845989584922790527e-01 9.277403354644775391e-01 1.000000000000000000e+00
1.076390625000000000e+03 2.991889238357543945e+00 1.872468709945678711e+00 1.000000000000000000e+00
1.105402343750000000e+03 -4.694750905036926270e-01 1.194037318229675293e+00 1.000000000000000000e+00
1.364582031250000000e+03 1.027361273765563965e+00 5.359929800033569336e-01 1.000000000000000000e+00
1.393484375000000000e+03 7.530944943428039551e-01 6.059128046035766602e-01 1.000000000000000000e+00
1.430058593750000000e+03 2.573717534542083740e-01 5.468689203262329102e-01 1.000000000000000000e+00
1.455410156250000000e+03 9.653663635253906250e-01 4.537599682807922363e-01 1.000000000000000000e+00
1.725058593750000000e+03 -7.607725858688354492e-01 5.584244132041931152e-01 1.000000000000000000e+00
1.782000000000000000e+03 8.189065456390380859e-01 1.092004537582397461e+00 1.000000000000000000e+00
1.809445312500000000e+03 -1.254516005516052246e+00 2.018207788467407227e+00 1.000000000000000000e+00
1.845410156250000000e+03 2.296418696641921997e-01 2.637745141983032227e+00 1.000000000000000000e+00
2.029718750000000000e+03 -1.480415701866149902e+00 7.013219594955444336e-01 1.000000000000000000e+00
2.101964843750000000e+03 -2.092588901519775391e+00 1.169427394866943359e+00 1.000000000000000000e+00
2.134382812500000000e+03 -2.066178798675537109e+00 7.407699823379516602e-01 1.000000000000000000e+00
2.167398437500000000e+03 -1.665330767631530762e+00 7.616000175476074219e-01 1.000000000000000000e+00
3.313867187500000000e+02 1.185476541519165039e+00 6.427245140075683594e-01 2.000000000000000000e+00
3.333828125000000000e+02 1.632758855819702148e+00 5.457347631454467773e-01 2.000000000000000000e+00
3.363906250000000000e+02 2.375937938690185547e+00 8.681243658065795898e-01 2.000000000000000000e+00
3.624101562500000000e+02 1.610476732254028320e+00 6.088119149208068848e-01 2.000000000000000000e+00
6.534101562500000000e+02 -1.320225238800048828e+00 9.644392132759094238e-01 2.000000000000000000e+00
6.544492187500000000e+02 -1.858169913291931152e+00 9.262818098068237305e-01 2.000000000000000000e+00
6.943789062500000000e+02 -2.468038320541381836e+00 1.134427785873413086e+00 2.000000000000000000e+00
7.574101562500000000e+02 -5.301166772842407227e-01 9.744005203247070312e-01 2.000000000000000000e+00
9.786914062500000000e+02 -1.466158747673034668e+00 7.337342500686645508e-01 2.000000000000000000e+00
9.805585937500000000e+02 -1.455287575721740723e+00 6.433451175689697266e-01 2.000000000000000000e+00
9.885937500000000000e+02 1.292429804801940918e+00 6.670733094215393066e-01 2.000000000000000000e+00
1.017433593750000000e+03 -8.971129059791564941e-01 7.735687494277954102e-01 2.000000000000000000e+00
1.018453125000000000e+03 -1.198359847068786621e+00 8.303653597831726074e-01 2.000000000000000000e+00
1.020445312500000000e+03 3.194607198238372803e-01 5.771213769912719727e-01 2.000000000000000000e+00
1.041375000000000000e+03 -3.574478626251220703e-01 1.534860730171203613e+00 2.000000000000000000e+00
1.042378906250000000e+03 -1.209269404411315918e+00 5.149602293968200684e-01 2.000000000000000000e+00
1.044359375000000000e+03 -1.299886465072631836e+00 1.437993168830871582e+00 2.000000000000000000e+00
1.076390625000000000e+03 -4.346790611743927002e-01 7.075757384300231934e-01 2.000000000000000000e+00
1.105402343750000000e+03 1.562686562538146973e+00 7.548555135726928711e-01 2.000000000000000000e+00
1.365535156250000000e+03 -1.143466234207153320e-01 4.655623137950897217e-01 2.000000000000000000e+00
1.393484375000000000e+03 -6.281611323356628418e-01 4.295253753662109375e-01 2.000000000000000000e+00
1.429402343750000000e+03 -3.565522432327270508e-01 4.413198530673980713e-01 2.000000000000000000e+00
1.431375000000000000e+03 7.403498888015747070e-01 4.256706237792968750e-01 2.000000000000000000e+00
1.453410156250000000e+03 9.553137421607971191e-01 4.306323230266571045e-01 2.000000000000000000e+00
1.722527343750000000e+03 -2.603253364562988281e+00 1.043979048728942871e+00 2.000000000000000000e+00
1.723507812500000000e+03 -2.435146421194076538e-01 6.041447520256042480e-01 2.000000000000000000e+00
1.724578125000000000e+03 9.004599452018737793e-01 1.095632791519165039e+00 2.000000000000000000e+00
1.725500000000000000e+03 -6.295792460441589355e-01 8.365159034729003906e-01 2.000000000000000000e+00
1.726500000000000000e+03 -7.109218835830688477e-02 3.506625294685363770e-01 2.000000000000000000e+00
1.727507812500000000e+03 -1.293185234069824219e+00 9.860957860946655273e-01 2.000000000000000000e+00
1.780378906250000000e+03 -3.652161657810211182e-01 5.204130411148071289e-01 2.000000000000000000e+00
1.784429687500000000e+03 1.868663132190704346e-01 4.115364253520965576e-01 2.000000000000000000e+00
1.845410156250000000e+03 1.239906430244445801e+00 7.783977389335632324e-01 2.000000000000000000e+00
2.029718750000000000e+03 -4.536036252975463867e-01 8.537640571594238281e-01 2.000000000000000000e+00
2.101429687500000000e+03 2.763003587722778320e+00 1.705668210983276367e+00 2.000000000000000000e+00
2.102496093750000000e+03 1.363252043724060059e+00 1.523394227027893066e+00 2.000000000000000000e+00
2.133394531250000000e+03 -7.103987336158752441e-01 1.090998768806457520e+00 2.000000000000000000e+00
2.135371093750000000e+03 -6.600897908210754395e-01 1.545227050781250000e+00 2.000000000000000000e+00
2.167398437500000000e+03 -3.390450477600097656e-01 6.094339489936828613e-01 2.000000000000000000e+00
