5.659569950000000244e+04 1.155975267311772399e+02 4.799449785350813791e+00
5.659870449999999983e+04 1.118171206991946747e+02 5.766878322107126031e+00
5.662670500000000175e+04 1.044482590231273065e+02 9.382740949516644946e+00
5.662768000000000029e+04 1.119872678222182145e+02 7.863590561685533942e+00
5.692161699999999837e+04 1.610347053698321815e+02 1.745610261671644992e+01
5.696066933333331690e+04 1.218843787644443495e+02 8.484001291724835525e+00
5.698062450000001263e+04 1.153660892152424822e+02 6.530457616703271739e+00
5.702052150000000256e+04 1.366684175796018508e+02 5.834222845915300937e+00
5.724475733333332028e+04 1.268788850291357448e+02 1.012762341512435782e+01
5.728373700000000099e+04 1.299789034772878722e+02 7.545184432004758968e+00
5.733870500000000175e+04 1.266396608975175155e+02 1.670045322271098698e+01
5.734169000000000233e+04 1.484247216872410036e+02 7.710533956826996160e+00
5.736962049999999726e+04 1.523326009421900835e+02 9.130344876118030584e+00
5.765776200000000244e+04 1.212953386253598751e+02 5.646703080274692255e+00
5.765870099999999366e+04 1.095371916649708055e+02 6.573022274368779172e+00
5.769560066666667990e+04 1.102802174061645673e+02 3.721639921413423480e+00
5.771770599999999831e+04 1.293399976121748978e+02 1.093331707950948761e+01
5.771965499999999884e+04 1.218409667081219254e+02 4.163877383575630198e+00
5.774859500000000116e+04 1.108047228049483692e+02 4.492748580603316277e+00
5.798876449999999750e+04 1.693466083355031628e+02 1.612932492706356058e+01
5.799174066666667932e+04 8.974470615979601007e+01 1.991222124061746612e+01
5.804371900000000460e+04 1.237773910736598708e+02 1.086049669905947468e+01
5.804769700000000012e+04 1.138233994381285896e+02 4.681040375145605559e+00
5.807370599999999831e+04 8.260998689206621748e+01 1.555173077840000495e+01
5.807671400000000722e+04 1.165607327093817958e+02 1.051412358547582748e+01
5.807770799999999872e+04 1.234012922954254350e+02 6.071657722558274628e+00
5.810653850000000239e+04 1.140453598929230452e+02 5.527293577367650812e+00
5.811153299999999581e+04 1.118350733477967225e+02 6.017595948796741645e+00
5.839960866666668153e+04 1.136819346034377674e+02 7.399076835841259303e+00
