5.700734863281250000e+02 5.899099111557006836e-01 4.281480312347412109e+00 -4.648804664611816406e-02 8.501911163330078125e-01 7.675998210906982422e-01
5.881437377929687500e+02 5.043746232986450195e-01 4.249152183532714844e+00 4.322528839111328125e-03 2.663135528564453125e-03 1.038114786148071289e+00
5.535969238281250000e+02 4.869926571846008301e-01 4.312695026397705078e+00 7.717370986938476562e-01 5.628371238708496094e-01 1.051715850830078125e+00
2.353050689697265625e+02 8.929761052131652832e-01 4.998336791992187500e+00 -1.263512372970581055e+00 -1.142514944076538086e+00 1.298124313354492188e+00
2.352686920166015625e+02 4.915890693664550781e-01 4.242084980010986328e+00 1.598715782165527344e-01 6.409168243408203125e-01 1.026416897773742676e+00
5.706244506835937500e+02 5.169636607170104980e-01 4.189581394195556641e+00 5.083084106445312500e-02 6.979632377624511719e-01 1.118536949157714844e+00
5.897440185546875000e+02 5.670746564865112305e-01 4.083265304565429688e+00 3.324604034423828125e-01 6.269383430480957031e-01 8.816671371459960938e-01
5.901988525390625000e+02 4.522002935409545898e-01 4.199773311614990234e+00 1.529216766357421875e-02 4.899954795837402344e-01 8.431962132453918457e-01
5.142608642578125000e+02 9.789189100265502930e-01 5.481099605560302734e+00 3.801012039184570312e-01 4.418182373046875000e-01 6.849897503852844238e-01
5.490547485351562500e+02 6.595423817634582520e-01 4.488121509552001953e+00 1.635408401489257812e-01 4.893302917480468750e-02 5.844161510467529297e-01
2.137349548339843750e+02 6.071161031723022461e-01 4.554780960083007812e+00 -1.314531564712524414e+00 -8.998799324035644531e-01 1.386860847473144531e+00
2.359920501708984375e+02 6.043276786804199219e-01 4.621158599853515625e+00 2.767395973205566406e-01 7.284784317016601562e-01 1.823485851287841797e+00
4.986898803710937500e+02 6.850695013999938965e-01 4.496368885040283203e+00 -1.443386077880859375e-01 -1.814341545104980469e-01 7.037228941917419434e-01
5.648075561523437500e+02 4.622117280960083008e-01 4.169562339782714844e+00 -3.105044364929199219e-02 2.010655403137207031e-01 7.577164173126220703e-01
2.326437072753906250e+02 3.486977815628051758e-01 3.948490858078002930e+00 4.115223884582519531e-01 1.325798034667968750e+00 1.455706834793090820e+00
2.320658874511718750e+02 4.913966655731201172e-01 4.394311428070068359e+00 1.696228981018066406e-01 1.002857685089111328e+00 1.378139734268188477e+00
2.319302368164062500e+02 6.640917658805847168e-01 4.922041893005371094e+00 1.116948127746582031e+00 1.947300434112548828e+00 1.377059221267700195e+00
2.355958862304687500e+02 1.035919785499572754e+00 5.315833091735839844e+00 -2.158498764038085938e-01 1.354980468750000000e-01 1.849351167678833008e+00
2.358651580810546875e+02 5.956315994262695312e-01 4.392074584960937500e+00 2.648305892944335938e-01 9.955239295959472656e-01 1.168656229972839355e+00
5.855212402343750000e+02 3.144146800041198730e-01 3.914528608322143555e+00 1.579284667968750000e-02 6.022047996520996094e-01 1.184098005294799805e+00
1.878381042480468750e+02 7.002495527267456055e-01 4.567474365234375000e+00 1.155686378479003906e-01 1.147611141204833984e+00 1.293438553810119629e+00
5.059024658203125000e+02 6.769948005676269531e-01 4.541015148162841797e+00 2.033400535583496094e-01 -1.080513000488281250e-01 7.639241814613342285e-01
5.497380981445312500e+02 4.416314959526062012e-01 4.165163040161132812e+00 -2.799761295318603516e-01 -2.536737918853759766e-01 9.206418991088867188e-01
5.667180175781250000e+02 6.353390216827392578e-01 4.417534828186035156e+00 -8.478641510009765625e-02 1.242899894714355469e-01 1.106543183326721191e+00
5.248961181640625000e+02 1.014564394950866699e+00 5.226806163787841797e+00 7.097840309143066406e-01 7.007026672363281250e-01 6.839432716369628906e-01
2.083291473388671875e+02 4.930426478385925293e-01 4.444477081298828125e+00 2.657604217529296875e-01 1.019392013549804688e+00 1.217308521270751953e+00
5.170623168945312500e+02 5.908281207084655762e-01 4.651882171630859375e+00 -1.002788543701171875e-01 -1.003381013870239258e+00 1.191893577575683594e+00
5.892021484375000000e+02 4.546107053756713867e-01 4.251143932342529297e+00 1.997137069702148438e-01 6.068801879882812500e-01 1.067319631576538086e+00
1.636181182861328125e+02 5.814500451087951660e-01 4.619423866271972656e+00 -2.496004104614257812e-01 -5.780100822448730469e-02 1.306896924972534180e+00
2.372704772949218750e+02 6.642332077026367188e-01 4.473447322845458984e+00 1.481819152832031250e-01 2.870345115661621094e-01 1.321387410163879395e+00
1.860953979492187500e+02 3.970562219619750977e-01 4.053413391113281250e+00 3.676080703735351562e-01 7.838606834411621094e-01 1.099594473838806152e+00
5.568428955078125000e+02 7.491542696952819824e-01 4.757046699523925781e+00 7.803821563720703125e-01 3.514003753662109375e-01 8.372300267219543457e-01
5.552075805664062500e+02 3.809052109718322754e-01 3.800827264785766602e+00 1.370167732238769531e-01 -2.356529235839843750e-02 1.010666489601135254e+00
5.689648437500000000e+02 3.078582882881164551e-01 3.750250577926635742e+00 6.466150283813476562e-01 5.421304702758789062e-01 1.188392162322998047e+00
2.370898895263671875e+02 4.896269440650939941e-01 4.189937591552734375e+00 1.705956459045410156e-01 7.041525840759277344e-01 1.315792083740234375e+00
2.328953247070312500e+02 5.572540163993835449e-01 4.087833404541015625e+00 5.683565139770507812e-01 9.554553031921386719e-01 8.281526565551757812e-01
5.143428344726562500e+02 1.079387664794921875e+00 5.365589141845703125e+00 1.275877952575683594e+00 3.816270828247070312e-01 9.154289960861206055e-01
5.784860839843750000e+02 4.811981916427612305e-01 4.261125087738037109e+00 -6.856441497802734375e-01 3.299903869628906250e-01 9.298007488250732422e-01
5.538012695312500000e+02 9.025982618331909180e-01 4.833641052246093750e+00 1.042110919952392578e+00 7.289147377014160156e-01 8.748517036437988281e-01
1.989510498046875000e+02 4.766845703125000000e-01 4.158531188964843750e+00 2.510857582092285156e-01 1.126205921173095703e+00 8.516403436660766602e-01
5.240283203125000000e+02 5.171932578086853027e-01 4.324842929840087891e+00 4.469442367553710938e-01 -5.702233314514160156e-01 7.659863233566284180e-01
4.903567810058593750e+02 5.574841499328613281e-01 4.258795738220214844e+00 1.693487167358398438e-02 -2.073168754577636719e-02 1.041451215744018555e+00
5.876567382812500000e+02 4.744481444358825684e-01 4.072449207305908203e+00 -1.612937450408935547e-01 -4.483461380004882812e-03 9.294089674949645996e-01
5.752354736328125000e+02 3.100981116294860840e-01 3.876833200454711914e+00 1.897811889648437500e-03 5.374526977539062500e-01 9.194611310958862305e-01
5.146775512695312500e+02 5.169695615768432617e-01 4.097683906555175781e+00 7.704997062683105469e-01 -5.649328231811523438e-02 1.257675290107727051e+00
5.732816162109375000e+02 6.881236433982849121e-01 4.620455265045166016e+00 -1.433372497558593750e-01 7.058119773864746094e-01 6.703734397888183594e-01
5.617682495117187500e+02 4.344649910926818848e-01 4.240269660949707031e+00 -9.334802627563476562e-02 -9.220719337463378906e-02 7.808739542961120605e-01
5.010946350097656250e+02 6.510666012763977051e-01 4.550502777099609375e+00 -3.770804405212402344e-01 -8.291721343994140625e-02 5.686796903610229492e-01
5.896579589843750000e+02 7.817103862762451172e-01 5.057248115539550781e+00 9.180378913879394531e-01 8.582711219787597656e-01 6.521129608154296875e-01
5.198950805664062500e+02 8.066844344139099121e-01 4.991312026977539062e+00 6.506156921386718750e-01 3.230929374694824219e-01 1.062970280647277832e+00
2.344874114990234375e+02 6.429475545883178711e-01 4.623744964599609375e+00 -3.619742393493652344e-01 -1.796603202819824219e-01 1.765897989273071289e+00
5.523906860351562500e+02 2.640549540519714355e-01 3.932341337203979492e+00 -1.017415523529052734e-01 2.245092391967773438e-01 9.113352894783020020e-01
5.857318115234375000e+02 4.855878949165344238e-01 4.195731639862060547e+00 -2.864837646484375000e-02 3.805732727050781250e-01 7.949382066726684570e-01
5.685443115234375000e+02 5.148450732231140137e-01 4.380023479461669922e+00 5.488777160644531250e-01 7.205414772033691406e-01 9.738427400588989258e-01
1.877672271728515625e+02 9.326289892196655273e-01 5.004662990570068359e+00 8.403873443603515625e-01 1.250150203704833984e+00 7.674593329429626465e-01
2.036333312988281250e+02 3.098940849304199219e-01 3.843992948532104492e+00 1.749420166015625000e-01 5.156707763671875000e-01 8.768307566642761230e-01
5.672280883789062500e+02 5.774896740913391113e-01 4.427087306976318359e+00 -7.401573657989501953e-01 -4.919970035552978516e-01 1.074717640876770020e+00
5.705079345703125000e+02 6.526748538017272949e-01 4.488236427307128906e+00 6.229639053344726562e-02 3.021931648254394531e-01 7.769993543624877930e-01
5.536738891601562500e+02 6.265463829040527344e-01 4.391564369201660156e+00 -4.352176189422607422e-01 -6.170272827148437500e-03 6.521615982055664062e-01
4.994454956054687500e+02 3.200898766517639160e-01 3.975892066955566406e+00 1.510000228881835938e-01 6.100893020629882812e-02 1.009027481079101562e+00
5.476624755859375000e+02 1.258764863014221191e+00 5.716522693634033203e+00 4.966688156127929688e-01 4.936695098876953125e-01 1.189725279808044434e+00
5.491665649414062500e+02 3.029267787933349609e-01 4.009712696075439453e+00 -9.503722190856933594e-02 1.023936271667480469e-01 9.019176959991455078e-01
5.875867919921875000e+02 4.749699234962463379e-01 4.384898185729980469e+00 3.885912895202636719e-01 8.364176750183105469e-01 9.077947139739990234e-01
5.704323730468750000e+02 3.850620985031127930e-01 4.335902690887451172e+00 4.831075668334960938e-02 1.542806625366210938e-01 1.037551403045654297e+00
5.643892822265625000e+02 5.398879647254943848e-01 4.295414924621582031e+00 6.951665878295898438e-01 4.976224899291992188e-01 1.136773347854614258e+00
4.967442932128906250e+02 6.754140853881835938e-01 4.224627971649169922e+00 -4.466974735260009766e-01 3.553605079650878906e-01 4.387658834457397461e-01
2.062036743164062500e+02 1.096068859100341797e+00 5.532523155212402344e+00 1.732778549194335938e-01 5.080628395080566406e-01 9.413388371467590332e-01
5.871056518554687500e+02 4.178488850593566895e-01 3.978761196136474609e+00 1.196911334991455078e+00 1.242482662200927734e+00 8.931136727333068848e-01
2.338862152099609375e+02 6.583943963050842285e-01 4.871443271636962891e+00 2.208065986633300781e-01 1.067626476287841797e+00 1.970388650894165039e+00
5.550354003906250000e+02 4.343518018722534180e-01 4.189997673034667969e+00 6.316447257995605469e-01 1.120328903198242188e-01 9.802237749099731445e-01
5.885045166015625000e+02 5.269391536712646484e-01 4.098357200622558594e+00 -3.734099864959716797e-01 7.967472076416015625e-02 7.752356529235839844e-01
5.779011230468750000e+02 4.589678645133972168e-01 4.244726657867431641e+00 -3.195893764495849609e-01 2.497267723083496094e-01 9.928023815155029297e-01
5.657783813476562500e+02 5.807957649230957031e-01 4.584586620330810547e+00 -2.145504951477050781e-01 -9.723424911499023438e-02 1.023212552070617676e+00
5.050711669921875000e+02 2.811270356178283691e-01 3.969606161117553711e+00 1.279664039611816406e-01 -7.154524326324462891e-01 1.486569166183471680e+00
5.527713012695312500e+02 4.683951139450073242e-01 3.913608312606811523e+00 -6.664621829986572266e-01 -3.445982933044433594e-01 8.946528434753417969e-01
5.528384399414062500e+02 4.378095269203186035e-01 4.236574172973632812e+00 9.453487396240234375e-01 5.127429962158203125e-01 1.040402650833129883e+00
5.883446655273437500e+02 4.226655960083007812e-01 4.192708492279052734e+00 3.252744674682617188e-02 3.704667091369628906e-01 7.463460564613342285e-01
5.456467895507812500e+02 4.919148683547973633e-01 4.231236457824707031e+00 -1.156413555145263672e-01 3.976821899414062500e-03 1.446079969406127930e+00
5.524407958984375000e+02 2.909208536148071289e-01 3.702928543090820312e+00 3.220415115356445312e-01 -3.558373451232910156e-01 1.330945491790771484e+00
5.537799072265625000e+02 2.982359528541564941e-01 3.968930482864379883e+00 -2.695298194885253906e-01 -4.201889038085937500e-02 1.175609111785888672e+00
1.641462860107421875e+02 6.750895380973815918e-01 4.736871719360351562e+00 1.659936904907226562e+00 1.233620643615722656e+00 9.002692103385925293e-01
5.494108886718750000e+02 4.884131550788879395e-01 4.254118442535400391e+00 -9.894609451293945312e-02 3.711152076721191406e-01 1.214647173881530762e+00
5.055125732421875000e+02 2.749325633049011230e-01 3.874902248382568359e+00 5.027341842651367188e-01 -3.017425537109375000e-02 1.099181532859802246e+00
5.469796752929687500e+02 5.264851450920104980e-01 4.414243221282958984e+00 -4.390704631805419922e-01 -1.858234405517578125e-01 8.535407781600952148e-01
2.354943695068359375e+02 6.322104930877685547e-01 4.388602733612060547e+00 3.334712982177734375e-01 7.960748672485351562e-01 8.471347093582153320e-01
5.849232788085937500e+02 5.085232853889465332e-01 4.237187385559082031e+00 1.952481269836425781e-01 5.182790756225585938e-01 8.469367623329162598e-01
5.697266845703125000e+02 4.708791971206665039e-01 4.169044017791748047e+00 3.202629089355468750e-01 2.720355987548828125e-01 9.130032062530517578e-01
2.343217620849609375e+02 6.591738462448120117e-01 4.498923301696777344e+00 4.889678955078125000e-01 1.023015975952148438e+00 9.927368164062500000e-01
5.888568115234375000e+02 4.911507964134216309e-01 4.161788940429687500e+00 -9.751200675964355469e-02 1.956033706665039062e-01 7.911091446876525879e-01
5.024123535156250000e+02 3.830604553222656250e-01 3.840532064437866211e+00 2.014613151550292969e-01 1.509904861450195312e-02 7.316144704818725586e-01
5.476953735351562500e+02 4.563752412796020508e-01 4.122352123260498047e+00 7.265996932983398438e-01 7.931780815124511719e-01 7.109165787696838379e-01
5.808183593750000000e+02 5.268935561180114746e-01 4.281656742095947266e+00 -7.166624069213867188e-02 7.755398750305175781e-01 8.029528856277465820e-01
2.028582305908203125e+02 6.213761568069458008e-01 4.420310974121093750e+00 -5.836009979248046875e-02 2.364087104797363281e-01 8.572617769241333008e-01
5.502583618164062500e+02 4.178710579872131348e-01 3.967054367065429688e+00 8.816695213317871094e-01 9.632277488708496094e-01 1.417911529541015625e+00
2.046337432861328125e+02 3.140524029731750488e-01 3.993797779083251953e+00 -1.620554924011230469e-01 3.766226768493652344e-01 1.294793963432312012e+00
5.702996826171875000e+02 4.319930672645568848e-01 4.192396640777587891e+00 8.473515510559082031e-01 1.297430992126464844e+00 1.209682703018188477e+00
5.561823730468750000e+02 2.892124652862548828e-01 3.560823440551757812e+00 2.290058135986328125e-01 3.828907012939453125e-01 7.998455762863159180e-01
5.768878173828125000e+02 4.758536219596862793e-01 4.317792415618896484e+00 5.132198333740234375e-02 4.266285896301269531e-01 7.633124589920043945e-01
2.376073608398437500e+02 5.616455078125000000e-01 4.567793846130371094e+00 7.830262184143066406e-01 2.045023441314697266e+00 1.686103820800781250e+00
1.905234375000000000e+02 6.312509775161743164e-01 4.489963531494140625e+00 -8.172988891601562500e-02 6.436634063720703125e-01 1.489803314208984375e+00
5.865239868164062500e+02 6.300024986267089844e-01 4.602126598358154297e+00 -1.058197021484375000e-01 3.426790237426757812e-01 9.426195025444030762e-01
5.668822021484375000e+02 3.895358443260192871e-01 3.965865135192871094e+00 -4.024791717529296875e-01 -8.089423179626464844e-02 8.936454057693481445e-01
5.790336914062500000e+02 8.039852380752563477e-01 4.621988296508789062e+00 -5.203723907470703125e-01 -1.606667041778564453e-01 5.581017732620239258e-01
4.960350036621093750e+02 3.056890964508056641e-01 4.101814270019531250e+00 1.938772201538085938e-01 3.491258621215820312e-01 7.500782608985900879e-01
2.087594299316406250e+02 7.529143691062927246e-01 4.618793964385986328e+00 -7.890391349792480469e-01 -6.434166431427001953e-01 8.070829510688781738e-01
5.421206665039062500e+02 1.000557541847229004e+00 5.287539482116699219e+00 1.279020309448242188e-01 -6.125164031982421875e-01 7.185267210006713867e-01
5.475084228515625000e+02 3.862152695655822754e-01 4.043849945068359375e+00 3.700613975524902344e-01 2.287626266479492188e-01 1.471873521804809570e+00
2.154099731445312500e+02 5.332418084144592285e-01 4.685515880584716797e+00 -4.032909870147705078e-01 3.484392166137695312e-01 1.190963506698608398e+00
5.902134399414062500e+02 6.722669601440429688e-01 4.636986255645751953e+00 -4.000806808471679688e-01 1.976299285888671875e-01 8.244699239730834961e-01
1.970153503417968750e+02 4.380992054939270020e-01 4.053749084472656250e+00 4.670381546020507812e-02 6.506466865539550781e-01 1.027958512306213379e+00
2.386199645996093750e+02 4.555285573005676270e-01 4.229025840759277344e+00 -1.327991485595703125e-01 3.235960006713867188e-01 1.290377378463745117e+00
2.084060363769531250e+02 4.870518445968627930e-01 4.308171272277832031e+00 7.266902923583984375e-01 2.081036567687988281e+00 1.587456583976745605e+00
5.025145568847656250e+02 4.775516390800476074e-01 3.912441253662109375e+00 5.732178688049316406e-01 2.459931373596191406e-01 1.178028225898742676e+00
2.343436737060546875e+02 8.153549432754516602e-01 4.787584304809570312e+00 -6.888103485107421875e-01 -2.037644386291503906e-02 1.195757508277893066e+00
2.337385711669921875e+02 6.499248743057250977e-01 4.613540172576904297e+00 -9.465026855468750000e-01 -1.036037206649780273e+00 1.675171375274658203e+00
2.360417327880859375e+02 4.614022374153137207e-01 3.793091297149658203e+00 9.580135345458984375e-02 7.437396049499511719e-01 1.081090807914733887e+00
5.894788208007812500e+02 6.593360304832458496e-01 4.273088455200195312e+00 6.198883056640625000e-03 2.868700027465820312e-01 1.164887785911560059e+00
5.744540405273437500e+02 5.174963474273681641e-01 4.157433032989501953e+00 -4.536831378936767578e-01 1.079797744750976562e-02 6.590485572814941406e-01
2.336472320556640625e+02 4.833284020423889160e-01 4.008346080780029297e+00 1.898813247680664062e-01 8.288884162902832031e-01 1.263492584228515625e+00
2.343098449707031250e+02 6.605646610260009766e-01 4.751920700073242188e+00 -3.804969787597656250e-01 6.449699401855468750e-02 1.620684742927551270e+00
5.070758666992187500e+02 2.869181036949157715e-01 3.586411952972412109e+00 1.988482475280761719e-01 2.227401733398437500e-01 1.115680217742919922e+00
4.924708251953125000e+02 6.679823994636535645e-01 4.522394657135009766e+00 2.312374114990234375e-01 2.214765548706054688e-01 7.267954945564270020e-01
2.368345947265625000e+02 7.084923386573791504e-01 4.755674839019775391e+00 3.199243545532226562e-01 7.565832138061523438e-01 1.501706123352050781e+00
4.934436645507812500e+02 4.627279639244079590e-01 3.989546298980712891e+00 -6.812214851379394531e-02 4.215812683105468750e-01 6.959372162818908691e-01
5.147329101562500000e+02 5.503033399581909180e-01 4.278450965881347656e+00 8.594536781311035156e-01 6.166172027587890625e-01 8.237978219985961914e-01
5.255964965820312500e+02 5.474975705146789551e-01 4.106594085693359375e+00 2.010059356689453125e-01 -1.453161239624023438e-01 9.484866857528686523e-01
5.860425415039062500e+02 6.285009980201721191e-01 4.409603595733642578e+00 -4.401671886444091797e-01 -2.664721012115478516e-01 9.079598784446716309e-01
5.195111083984375000e+02 6.802399158477783203e-01 4.808921813964843750e+00 1.509544849395751953e+00 1.553404331207275391e+00 1.495341062545776367e+00
2.351608581542968750e+02 3.264506459236145020e-01 3.840956449508666992e+00 1.218342781066894531e-01 7.797765731811523438e-01 1.075442075729370117e+00
5.663095703125000000e+02 5.482332110404968262e-01 4.225483894348144531e+00 -1.322913169860839844e-01 2.335762977600097656e-01 9.240822792053222656e-01
5.876624755859375000e+02 4.564523100852966309e-01 3.993669271469116211e+00 1.164650917053222656e-01 4.196262359619140625e-01 1.018455147743225098e+00
2.081324157714843750e+02 2.227958917617797852e+00 7.779048442840576172e+00 1.242926120758056641e+00 1.786887645721435547e+00 1.273652553558349609e+00
5.522229614257812500e+02 5.053559541702270508e-01 4.252988815307617188e+00 3.490471839904785156e-01 9.322333335876464844e-01 9.045548439025878906e-01
5.472345581054687500e+02 4.652993083000183105e-01 4.208099365234375000e+00 -3.002750873565673828e-01 3.867340087890625000e-01 7.223897576332092285e-01
5.567188110351562500e+02 3.127225637435913086e-01 3.859062194824218750e+00 4.009437561035156250e-01 3.341889381408691406e-01 8.318051695823669434e-01
5.576137084960937500e+02 3.602632880210876465e-01 4.235385417938232422e+00 1.705646514892578125e-01 -9.419798851013183594e-02 9.456962943077087402e-01
5.200629272460937500e+02 6.138142943382263184e-01 4.371234893798828125e+00 9.274888038635253906e-01 3.083539009094238281e-01 7.249287366867065430e-01
5.453623046875000000e+02 3.858962655067443848e-01 3.928048849105834961e+00 2.887248992919921875e-01 5.428075790405273438e-02 9.989354014396667480e-01
5.531330566406250000e+02 6.705594658851623535e-01 4.516271114349365234e+00 3.591942787170410156e-01 7.362127304077148438e-02 7.015328407287597656e-01
5.673667602539062500e+02 5.592903494834899902e-01 4.230101585388183594e+00 3.789734840393066406e-01 9.755134582519531250e-02 8.359862565994262695e-01
5.839786376953125000e+02 6.830692887306213379e-01 4.248600959777832031e+00 3.594422340393066406e-01 1.035397052764892578e+00 8.102215528488159180e-01
5.699474487304687500e+02 4.687241315841674805e-01 3.845374584197998047e+00 4.228425025939941406e-01 1.190280914306640625e-01 7.727487087249755859e-01
2.325663757324218750e+02 7.234975099563598633e-01 4.652817249298095703e+00 -2.863311767578125000e-01 -2.239644527435302734e-01 1.795014142990112305e+00
5.697766723632812500e+02 4.257336854934692383e-01 4.143580913543701172e+00 -3.021895885467529297e-01 6.727910041809082031e-01 1.226398110389709473e+00
2.359479980468750000e+02 6.964783668518066406e-01 4.650384902954101562e+00 4.556918144226074219e-01 1.113040447235107422e+00 1.775092005729675293e+00
5.011788940429687500e+02 2.608740329742431641e-01 3.753190279006958008e+00 7.770252227783203125e-01 6.661510467529296875e-01 1.277086138725280762e+00
5.740660400390625000e+02 5.590970516204833984e-01 4.278421401977539062e+00 6.721258163452148438e-01 1.128277778625488281e+00 1.056355595588684082e+00
5.045038757324218750e+02 4.625185728073120117e-01 4.116209030151367188e+00 3.219127655029296875e-02 8.798837661743164062e-02 1.071491718292236328e+00
5.537372436523437500e+02 5.314751267433166504e-01 4.061912059783935547e+00 1.029849052429199219e-01 -7.288813591003417969e-02 9.153549671173095703e-01
2.357837677001953125e+02 6.819062829017639160e-01 4.435727596282958984e+00 -3.100824356079101562e-01 2.864766120910644531e-01 7.839750051498413086e-01
5.726843872070312500e+02 4.083558320999145508e-01 3.936450004577636719e+00 9.737730026245117188e-02 5.695462226867675781e-01 1.181928992271423340e+00
2.091322631835937500e+02 3.369661569595336914e-01 4.270015239715576172e+00 5.277848243713378906e-01 1.179063320159912109e+00 1.296122074127197266e+00
5.257744750976562500e+02 8.335886001586914062e-01 5.111867904663085938e+00 1.869318485260009766e+00 1.623911857604980469e+00 1.065765023231506348e+00
5.062366943359375000e+02 4.424383044242858887e-01 4.008077621459960938e+00 1.020669937133789062e-02 -6.750226020812988281e-02 8.433623313903808594e-01
5.046176757812500000e+02 9.152935147285461426e-01 4.982330322265625000e+00 1.260786056518554688e+00 7.106661796569824219e-01 1.246529340744018555e+00
4.959261779785156250e+02 4.037544131278991699e-01 3.876319408416748047e+00 -4.817914962768554688e-01 -3.169012069702148438e-01 9.390255808830261230e-01
2.175229034423828125e+02 4.730687737464904785e-01 4.235969543457031250e+00 4.349637031555175781e-01 1.044120788574218750e+00 8.856264352798461914e-01
5.881481323242187500e+02 4.257258176803588867e-01 4.127827644348144531e+00 -1.982927322387695312e-02 2.665328979492187500e-01 9.825271368026733398e-01
2.042242736816406250e+02 5.555649399757385254e-01 4.144958496093750000e+00 2.675557136535644531e-01 2.416014671325683594e-01 7.531844973564147949e-01
5.011754150390625000e+02 5.299203395843505859e-01 4.263414382934570312e+00 -3.526496887207031250e-01 2.562284469604492188e-02 7.358202338218688965e-01
5.277314453125000000e+02 5.346251130104064941e-01 4.015706539154052734e+00 8.027577400207519531e-01 1.039266586303710938e-02 8.772205710411071777e-01
2.322005920410156250e+02 5.024359226226806641e-01 4.243557929992675781e+00 -2.060341835021972656e-01 4.328513145446777344e-01 1.180334568023681641e+00
5.798176879882812500e+02 5.487716197967529297e-01 4.250189781188964844e+00 7.410049438476562500e-03 4.837846755981445312e-01 7.694309949874877930e-01
2.317780303955078125e+02 9.746261239051818848e-01 5.193859100341796875e+00 -1.356337070465087891e+00 -9.374332427978515625e-01 1.086187005043029785e+00
5.528202514648437500e+02 6.261335015296936035e-01 4.693507671356201172e+00 -4.538905620574951172e-01 -3.737294673919677734e-01 8.623530864715576172e-01
4.967445373535156250e+02 7.740458846092224121e-01 4.545371532440185547e+00 -4.076957702636718750e-01 9.791851043701171875e-03 6.768703460693359375e-01
4.924687805175781250e+02 4.258821010589599609e-01 4.076784133911132812e+00 8.593630790710449219e-01 7.799863815307617188e-01 1.056877017021179199e+00
5.129127197265625000e+02 3.917384743690490723e-01 4.241600990295410156e+00 6.254959106445312500e-01 2.082157135009765625e-01 7.758501768112182617e-01
5.627864379882812500e+02 5.062816739082336426e-01 3.963459253311157227e+00 6.211996078491210938e-02 -4.013776779174804688e-01 1.196514964103698730e+00
2.101429290771484375e+02 3.920694589614868164e-01 3.968146800994873047e+00 -1.719081401824951172e-01 1.532340049743652344e-01 1.059195876121520996e+00
5.502680053710937500e+02 4.993481636047363281e-01 4.259238243103027344e+00 2.126765251159667969e-01 2.273702621459960938e-01 1.137444376945495605e+00
5.923836059570312500e+02 6.670284271240234375e-01 4.337708473205566406e+00 6.973838806152343750e-01 4.249787330627441406e-01 7.808289527893066406e-01
5.877896728515625000e+02 4.045469164848327637e-01 4.108355045318603516e+00 7.035565376281738281e-01 6.270670890808105469e-01 7.625525593757629395e-01
5.880058593750000000e+02 5.379156470298767090e-01 4.288156986236572266e+00 6.234741210937500000e-01 8.675742149353027344e-01 6.142585277557373047e-01
1.495582275390625000e+02 7.226742506027221680e-01 4.486747264862060547e+00 -3.160715103149414062e-01 8.229970932006835938e-01 1.055805563926696777e+00
1.648143005371093750e+02 7.799506783485412598e-01 4.698283195495605469e+00 3.264904022216796875e-01 2.093076705932617188e-01 7.825556397438049316e-01
2.356825103759765625e+02 3.844332098960876465e-01 4.076612949371337891e+00 6.737065315246582031e-01 1.382260322570800781e+00 1.053387403488159180e+00
1.633316802978515625e+02 6.987712979316711426e-01 4.715507030487060547e+00 1.095635890960693359e+00 1.253144741058349609e+00 8.358712196350097656e-01
1.722946929931640625e+02 6.159453988075256348e-01 4.563540458679199219e+00 -5.238330364227294922e-01 1.126313209533691406e-01 1.208278656005859375e+00
5.674239501953125000e+02 2.613562941551208496e-01 3.824889421463012695e+00 5.134844779968261719e-01 6.584739685058593750e-01 1.156211495399475098e+00
5.640794067382812500e+02 3.140931725502014160e-01 3.720763206481933594e+00 2.186846733093261719e-01 2.175498008728027344e-01 1.074833631515502930e+00
2.348086395263671875e+02 5.021514296531677246e-01 3.979874372482299805e+00 3.196692466735839844e-01 9.616279602050781250e-01 1.363082885742187500e+00
2.356425018310546875e+02 7.343334555625915527e-01 4.896741390228271484e+00 -7.433116436004638672e-01 2.744674682617187500e-02 1.269494295120239258e+00
5.154889526367187500e+02 3.891138434410095215e-01 3.936139106750488281e+00 -7.900834083557128906e-02 -3.111124038696289062e-01 8.553793430328369141e-01
5.710213012695312500e+02 6.248789429664611816e-01 4.440187454223632812e+00 4.415488243103027344e-01 7.878732681274414062e-01 9.734976291656494141e-01
5.739908447265625000e+02 7.376806735992431641e-01 4.759818553924560547e+00 -2.414417266845703125e-01 2.795791625976562500e-01 1.116688132286071777e+00
5.605924072265625000e+02 7.614489793777465820e-01 4.833880901336669922e+00 -4.255175590515136719e-01 -7.019805908203125000e-01 6.059653759002685547e-01
5.900396118164062500e+02 7.175219058990478516e-01 4.942230224609375000e+00 1.266052722930908203e+00 1.658568382263183594e+00 1.258272886276245117e+00
5.768154296875000000e+02 3.784350752830505371e-01 4.174408912658691406e+00 -7.046866416931152344e-01 -9.689688682556152344e-02 1.455584287643432617e+00
5.414375610351562500e+02 4.462688565254211426e-01 4.121505737304687500e+00 1.716971397399902344e-01 2.322387695312500000e-01 1.015562534332275391e+00
1.789480743408203125e+02 6.576644778251647949e-01 4.716605186462402344e+00 -5.495238304138183594e-01 1.130080223083496094e-01 1.477355360984802246e+00
5.494467163085937500e+02 4.736917614936828613e-01 4.271664619445800781e+00 4.816651344299316406e-01 6.639313697814941406e-01 1.006057739257812500e+00
5.494121093750000000e+02 4.192548990249633789e-01 4.026065349578857422e+00 3.071141242980957031e-01 4.883408546447753906e-01 9.917767047882080078e-01
5.480935058593750000e+02 4.481403231620788574e-01 4.071500301361083984e+00 1.226067543029785156e-01 9.626317024230957031e-01 8.717060089111328125e-01
5.475467529296875000e+02 3.192185163497924805e-01 4.039189815521240234e+00 2.026748657226562500e-01 4.266119003295898438e-01 8.397123217582702637e-01
1.705018920898437500e+02 4.295374155044555664e-01 4.536746025085449219e+00 1.307058334350585938e-01 4.604077339172363281e-01 1.600813865661621094e+00
5.642907714843750000e+02 7.494671940803527832e-01 4.596533775329589844e+00 4.548788070678710938e-01 2.864599227905273438e-02 8.702529072761535645e-01
2.323156127929687500e+02 9.857149124145507812e-01 5.484450340270996094e+00 -7.090854644775390625e-01 -5.820465087890625000e-01 1.390388727188110352e+00
5.737849121093750000e+02 6.269125938415527344e-01 4.279400348663330078e+00 -2.993249893188476562e-01 7.786607742309570312e-01 8.970715999603271484e-01
5.537238159179687500e+02 2.711182832717895508e-01 3.973739862442016602e+00 1.872682571411132812e-01 2.459263801574707031e-01 8.574908375740051270e-01
5.132935791015625000e+02 2.881594300270080566e-01 3.930915594100952148e+00 1.135587692260742188e-02 1.504087448120117188e-01 1.112217664718627930e+00
1.861929016113281250e+02 5.748140811920166016e-01 4.266769409179687500e+00 -5.257356166839599609e-01 -5.701375007629394531e-01 1.063061594963073730e+00
2.340626983642578125e+02 7.497177124023437500e-01 4.710290908813476562e+00 9.586572647094726562e-02 5.838990211486816406e-01 1.536820054054260254e+00
5.753659057617187500e+02 3.391011953353881836e-01 3.949340581893920898e+00 -5.031585693359375000e-02 5.848288536071777344e-01 8.507604002952575684e-01
5.849652099609375000e+02 3.631838560104370117e-01 3.767291784286499023e+00 1.886487007141113281e-01 3.747272491455078125e-01 8.101812601089477539e-01
5.011250610351562500e+02 5.571871399879455566e-01 4.231075763702392578e+00 2.432298660278320312e-01 -3.139340877532958984e-01 9.889281988143920898e-01
2.087594299316406250e+02 7.529143691062927246e-01 4.618793964385986328e+00 -7.890391349792480469e-01 -6.434166431427001953e-01 8.070829510688781738e-01
5.825302734375000000e+02 4.414095878601074219e-01 4.129300117492675781e+00 5.258107185363769531e-01 1.198496818542480469e+00 1.188592195510864258e+00
2.352763366699218750e+02 7.266288995742797852e-01 5.032757282257080078e+00 5.272269248962402344e-01 1.305122375488281250e+00 1.411901235580444336e+00
5.841651611328125000e+02 5.600731968879699707e-01 4.140435218811035156e+00 3.448295593261718750e-01 4.783749580383300781e-01 8.988226056098937988e-01
5.888106079101562500e+02 3.687641024589538574e-01 3.935571670532226562e+00 -1.313221454620361328e-01 1.730656623840332031e-01 8.473330140113830566e-01
5.634404296875000000e+02 4.219210147857666016e-01 3.733872890472412109e+00 1.697683334350585938e-01 1.949000358581542969e-01 8.422127962112426758e-01
5.726768188476562500e+02 3.998998999595642090e-01 4.092917442321777344e+00 -8.317399024963378906e-01 -2.880263328552246094e-01 5.926146507263183594e-01
2.343422698974609375e+02 7.146540880203247070e-01 4.762389183044433594e+00 8.619594573974609375e-01 2.102394104003906250e+00 1.633227467536926270e+00
2.327525329589843750e+02 4.598912596702575684e-01 4.016160964965820312e+00 -1.816928386688232422e-01 4.174447059631347656e-01 1.252222180366516113e+00
5.536697387695312500e+02 2.404790401458740234e+00 8.495853424072265625e+00 9.563491821289062500e+00 1.391917705535888672e+01 1.482261657714843750e+00
5.857919311523437500e+02 6.207168698310852051e-01 4.458006381988525391e+00 5.475735664367675781e-01 8.426403999328613281e-01 8.427387475967407227e-01
5.881804199218750000e+02 7.108768224716186523e-01 4.482173442840576172e+00 -3.467774391174316406e-01 -3.023779392242431641e-01 9.185345172882080078e-01
2.344365844726562500e+02 6.357477903366088867e-01 4.630057811737060547e+00 -1.317524909973144531e-01 5.107569694519042969e-01 1.410536646842956543e+00
5.479094238281250000e+02 4.571253657341003418e-01 4.176019668579101562e+00 2.871179580688476562e-01 3.420710563659667969e-01 1.161812782287597656e+00
5.481069335937500000e+02 3.324158787727355957e-01 3.929932117462158203e+00 8.756732940673828125e-01 9.054350852966308594e-01 1.007654666900634766e+00
5.545579223632812500e+02 4.530773758888244629e-01 4.233698844909667969e+00 6.234645843505859375e-02 -7.133126258850097656e-02 1.113160729408264160e+00
2.317599487304687500e+02 8.056364059448242188e-01 4.881654739379882812e+00 3.522157669067382812e-02 7.104134559631347656e-01 1.649468660354614258e+00
5.184007568359375000e+02 5.213694572448730469e-01 4.354091644287109375e+00 6.374835968017578125e-01 -2.416455745697021484e-01 9.749659299850463867e-01
5.492194824218750000e+02 3.268626332283020020e-01 3.785624027252197266e+00 8.251667022705078125e-03 1.648688316345214844e-01 1.348860740661621094e+00
5.678744506835937500e+02 3.131679892539978027e-01 3.919995069503784180e+00 2.636909484863281250e-02 5.000925064086914062e-01 8.989374637603759766e-01
5.575461425781250000e+02 5.205798149108886719e-01 4.467914104461669922e+00 -3.745102882385253906e-01 -4.139518737792968750e-01 7.913822531700134277e-01
5.865401611328125000e+02 8.149653077125549316e-01 4.742763996124267578e+00 -3.958523273468017578e-01 -7.895231246948242188e-02 9.653487205505371094e-01
5.222073364257812500e+02 5.159900188446044922e-01 3.939759254455566406e+00 2.977085113525390625e-01 1.508474349975585938e-01 8.410635590553283691e-01
5.516968994140625000e+02 7.070173025131225586e-01 4.850357055664062500e+00 -4.711759090423583984e-01 -3.718984127044677734e-01 1.033617496490478516e+00
5.539008789062500000e+02 4.626360535621643066e-01 4.310463905334472656e+00 -3.820085525512695312e-01 -3.021514415740966797e-01 1.288066983222961426e+00
5.506445312500000000e+02 7.089910507202148438e-01 4.656527996063232422e+00 -1.268982887268066406e-01 -3.072381019592285156e-02 1.022114157676696777e+00
2.316713104248046875e+02 6.571139097213745117e-01 4.429148674011230469e+00 -8.460676670074462891e-01 -7.289946079254150391e-01 1.774178743362426758e+00
1.926468963623046875e+02 3.639456033706665039e-01 4.078193664550781250e+00 -9.069561958312988281e-02 5.557775497436523438e-01 9.251270294189453125e-01
2.010702819824218750e+02 6.577267050743103027e-01 4.353788375854492188e+00 -8.467555046081542969e-02 -7.246732711791992188e-03 8.742794394493103027e-01
5.815707397460937500e+02 6.393288969993591309e-01 4.754275321960449219e+00 1.625967025756835938e-01 5.476617813110351562e-01 7.292125225067138672e-01
5.686546630859375000e+02 8.131480216979980469e-01 5.002548694610595703e+00 4.238843917846679688e-01 7.656025886535644531e-01 9.245800971984863281e-01
5.790836791992187500e+02 4.356383681297302246e-01 3.985640525817871094e+00 9.671926498413085938e-02 4.835534095764160156e-01 9.581977725028991699e-01
5.484764404296875000e+02 3.208957910537719727e-01 3.640998125076293945e+00 -8.920073509216308594e-02 7.196664810180664062e-01 1.335471749305725098e+00
1.869178314208984375e+02 4.457426071166992188e-01 4.045889854431152344e+00 3.755784034729003906e-01 5.892467498779296875e-01 8.579497933387756348e-01
2.369169769287109375e+02 9.828369021415710449e-01 5.237520217895507812e+00 -2.628922462463378906e-02 5.873036384582519531e-01 1.646934509277343750e+00
5.859321289062500000e+02 5.119395256042480469e-01 4.161001205444335938e+00 -5.917072296142578125e-02 4.662585258483886719e-01 7.320764660835266113e-01
5.898610839843750000e+02 4.357288479804992676e-01 4.104454040527343750e+00 5.171179771423339844e-01 5.027842521667480469e-01 1.030649900436401367e+00
5.541042480468750000e+02 3.988731503486633301e-01 3.953372955322265625e+00 2.949595451354980469e-01 2.337455749511718750e-02 8.744525909423828125e-01
5.780343017578125000e+02 3.814066052436828613e-01 4.207193374633789062e+00 3.222751617431640625e-01 5.948305130004882812e-01 7.001814246177673340e-01
5.537451782226562500e+02 3.672525882720947266e-01 3.870217561721801758e+00 1.758551597595214844e-01 3.689193725585937500e-01 1.109386801719665527e+00
5.490740966796875000e+02 4.308068156242370605e-01 4.081258773803710938e+00 -9.598314762115478516e-01 -4.011845588684082031e-01 8.734267950057983398e-01
2.057747344970703125e+02 3.453078269958496094e-01 4.111540317535400391e+00 -4.901158809661865234e-01 -1.415383815765380859e-01 1.018684506416320801e+00
2.085562896728515625e+02 4.395447373390197754e-01 3.992043256759643555e+00 -2.072691917419433594e-02 6.379294395446777344e-01 9.692776203155517578e-01
5.540507202148437500e+02 4.820371866226196289e-01 3.876085281372070312e+00 9.112882614135742188e-01 5.248236656188964844e-01 6.535411477088928223e-01
1.877316894531250000e+02 5.363386869430541992e-01 4.301004886627197266e+00 -6.084406375885009766e-01 -3.816723823547363281e-02 1.136554718017578125e+00
2.313309173583984375e+02 6.859498023986816406e-01 4.626111984252929688e+00 -9.942734241485595703e-01 -1.066776514053344727e+00 1.948495984077453613e+00
2.352010955810546875e+02 2.122968673706054688e+00 7.677186489105224609e+00 -2.214639186859130859e+00 -2.043792009353637695e+00 1.385015368461608887e+00
5.889451293945312500e+02 5.884983539581298828e-01 4.408565521240234375e+00 7.701396942138671875e-01 8.714222908020019531e-01 6.323596835136413574e-01
2.337097167968750000e+02 6.367505788803100586e-01 4.497447490692138672e+00 -7.762670516967773438e-02 1.554942131042480469e-01 1.662328004837036133e+00
5.526123046875000000e+02 4.315066933631896973e-01 4.149084091186523438e+00 2.418518066406250000e-01 4.010486602783203125e-01 1.411361932754516602e+00
2.112748413085937500e+02 4.161170721054077148e-01 4.243259429931640625e+00 -4.447698593139648438e-03 4.887175559997558594e-01 1.254843592643737793e+00
5.859321289062500000e+02 5.119395256042480469e-01 4.161001205444335938e+00 -5.917072296142578125e-02 4.662585258483886719e-01 7.320764660835266113e-01
5.572168579101562500e+02 5.185924768447875977e-01 4.309343814849853516e+00 9.285330772399902344e-01 5.510830879211425781e-01 1.093175530433654785e+00
5.756850585937500000e+02 2.785742878913879395e-01 3.983749866485595703e+00 5.538582801818847656e-01 1.067724227905273438e+00 1.111984372138977051e+00
5.854073486328125000e+02 6.989399194717407227e-01 4.730333328247070312e+00 3.029465675354003906e-01 6.778979301452636719e-01 6.346127390861511230e-01
5.887618408203125000e+02 3.681505918502807617e-01 4.045867443084716797e+00 3.252458572387695312e-01 6.781244277954101562e-01 9.642121195793151855e-01
5.516800537109375000e+02 1.465287804603576660e-01 3.438957214355468750e+00 1.934695243835449219e-01 3.993177413940429688e-01 1.538683414459228516e+00
5.517538452148437500e+02 4.104524254798889160e-01 3.958394289016723633e+00 4.658222198486328125e-02 5.822944641113281250e-01 9.242697954177856445e-01
5.026346130371093750e+02 3.337691426277160645e-01 4.094945430755615234e+00 6.996250152587890625e-01 7.427954673767089844e-01 8.622825145721435547e-01
5.489551391601562500e+02 4.497491121292114258e-01 4.136966705322265625e+00 1.259636878967285156e-01 5.803322792053222656e-01 8.188906311988830566e-01
5.878619995117187500e+02 3.112586140632629395e-01 3.893818855285644531e+00 -7.561683654785156250e-01 -9.840762615203857422e-01 1.385179519653320312e+00
5.535725708007812500e+02 5.220142602920532227e-01 4.439223766326904297e+00 1.694512367248535156e-01 2.516412734985351562e-01 1.118190646171569824e+00
2.052833557128906250e+02 5.287870168685913086e-01 4.344794273376464844e+00 1.468613147735595703e+00 1.808838844299316406e+00 1.023570537567138672e+00
2.342394409179687500e+02 6.411515474319458008e-01 4.491604328155517578e+00 2.414989471435546875e-01 6.633162498474121094e-01 1.130189776420593262e+00
5.814545898437500000e+02 4.693878889083862305e-01 3.958456277847290039e+00 -4.690885543823242188e-02 -1.618075370788574219e-01 8.078849315643310547e-01
1.779680938720703125e+02 2.605847835540771484e+00 8.750798225402832031e+00 6.940412521362304688e-01 1.229493618011474609e+00 1.174510121345520020e+00
5.718831787109375000e+02 4.121772646903991699e-01 4.062260150909423828e+00 4.408359527587890625e-01 7.962226867675781250e-01 8.398249149322509766e-01
4.941398620605468750e+02 3.929485082626342773e-01 4.037266731262207031e+00 -1.178944110870361328e-01 5.469465255737304688e-01 6.833260655403137207e-01
4.973577880859375000e+02 4.000150561332702637e-01 3.816722631454467773e+00 3.474736213684082031e-01 6.448912620544433594e-01 6.908396482467651367e-01
5.014038085937500000e+02 7.853326201438903809e-01 4.810313224792480469e+00 3.012633323669433594e-01 1.960206031799316406e-01 7.558807730674743652e-01
5.641411132812500000e+02 5.841020345687866211e-01 4.154460906982421875e+00 9.243178367614746094e-01 9.935426712036132812e-01 7.013195753097534180e-01
5.905452270507812500e+02 4.817603826522827148e-01 4.249567985534667969e+00 5.237102508544921875e-01 7.042884826660156250e-01 1.017883300781250000e+00
4.996970214843750000e+02 3.000960111618041992e+00 9.162480354309082031e+00 -9.661257266998291016e-01 -6.685209274291992188e-01 7.441869974136352539e-01
2.340439300537109375e+02 4.551678895950317383e-01 4.144410610198974609e+00 1.772212982177734375e-01 6.263232231140136719e-01 8.920122385025024414e-01
4.982797241210937500e+02 3.612143993377685547e-01 3.685197591781616211e+00 3.797626495361328125e-01 1.837372779846191406e-01 8.501428961753845215e-01
2.404960174560546875e+02 4.905326366424560547e-01 4.228703975677490234e+00 -6.247496604919433594e-01 -9.856224060058593750e-02 1.616293311119079590e+00
5.527202148437500000e+02 4.385483860969543457e-01 4.254895687103271484e+00 -4.206049442291259766e-01 -1.659286022186279297e-01 1.002691984176635742e+00
5.080731506347656250e+02 4.747979044914245605e-01 4.320589542388916016e+00 2.384281158447265625e-01 1.030015945434570312e-01 9.892145395278930664e-01
5.162809448242187500e+02 5.328603982925415039e-01 4.594983577728271484e+00 6.859588623046875000e-01 -3.851532936096191406e-02 7.534143924713134766e-01
5.714400024414062500e+02 3.231331110000610352e-01 3.672906398773193359e+00 2.694249153137207031e-01 1.158442497253417969e+00 9.949413537979125977e-01
5.915421752929687500e+02 5.773249864578247070e-01 4.299607276916503906e+00 -5.636847019195556641e-01 -2.106142044067382812e-01 1.019945859909057617e+00
2.315497131347656250e+02 6.024603247642517090e-01 4.490009784698486328e+00 -4.032003879547119141e-01 1.349234580993652344e-01 1.525850892066955566e+00
2.315268707275390625e+02 5.168522596359252930e-01 4.439766883850097656e+00 -3.716266155242919922e-01 1.050615310668945312e-01 1.134172677993774414e+00
5.524648437500000000e+02 7.593300342559814453e-01 4.761631965637207031e+00 2.031948566436767578e+00 2.109842300415039062e+00 1.032855391502380371e+00
5.124832763671875000e+02 6.174932122230529785e-01 4.572766304016113281e+00 1.766934394836425781e+00 4.210519790649414062e-01 1.062734365463256836e+00
5.500806274414062500e+02 3.595685958862304688e-01 3.909286975860595703e+00 1.145720481872558594e-01 1.157970428466796875e+00 1.124497771263122559e+00
5.818703613281250000e+02 8.848377466201782227e-01 5.000438690185546875e+00 1.458537578582763672e+00 8.948731422424316406e-01 5.916126966476440430e-01
4.977037048339843750e+02 7.007995843887329102e-01 4.804367065429687500e+00 -3.762257099151611328e-01 -4.349827766418457031e-01 9.997605085372924805e-01
2.071033935546875000e+02 1.954904317855834961e+00 7.206383705139160156e+00 -8.612393379211425781e+00 -7.768893241882324219e+00 8.982328176498413086e-01
5.728976440429687500e+02 5.413342118263244629e-01 4.474716663360595703e+00 -8.494424819946289062e-01 -3.563368320465087891e-01 8.876105546951293945e-01
5.256091308593750000e+02 3.075042366981506348e-01 3.920275926589965820e+00 3.109121322631835938e-01 -8.237838745117187500e-02 9.230765104293823242e-01
2.320351409912109375e+02 7.273555994033813477e-01 4.880121231079101562e+00 3.819465637207031250e-02 7.081604003906250000e-01 1.642344713211059570e+00
5.852623291015625000e+02 7.142859101295471191e-01 4.563458442687988281e+00 8.982229232788085938e-01 6.207609176635742188e-01 7.947467565536499023e-01
4.967020874023437500e+02 4.346277117729187012e-01 4.149813652038574219e+00 6.598711013793945312e-02 6.464004516601562500e-02 1.113275766372680664e+00
5.543168945312500000e+02 4.662683010101318359e-01 4.158113479614257812e+00 1.421213150024414062e-01 5.576562881469726562e-01 9.209081530570983887e-01
2.358913421630859375e+02 4.134182333946228027e-01 4.029652595520019531e+00 -1.015388965606689453e-01 2.276515960693359375e-01 1.215877413749694824e+00
5.534867553710937500e+02 4.264677166938781738e-01 4.238421916961669922e+00 3.038096427917480469e-01 4.224061965942382812e-02 1.187145829200744629e+00
2.082389373779296875e+02 3.808522820472717285e-01 4.255932807922363281e+00 1.764512062072753906e-01 1.243448257446289062e+00 1.582690715789794922e+00
2.351707000732421875e+02 5.185066461563110352e-01 4.384301662445068359e+00 -7.237255573272705078e-01 -6.169450283050537109e-01 1.649048566818237305e+00
5.893045654296875000e+02 5.145319700241088867e-01 4.263382434844970703e+00 7.646870613098144531e-01 1.206183433532714844e+00 1.312419414520263672e+00
2.338502197265625000e+02 7.446767687797546387e-01 4.918482303619384766e+00 7.234382629394531250e-01 1.507816314697265625e+00 1.312982320785522461e+00
5.899543457031250000e+02 5.605157613754272461e-01 4.330201148986816406e+00 -1.413726806640625000e-01 4.596972465515136719e-01 6.658993959426879883e-01
5.755311279296875000e+02 4.248058199882507324e-01 4.246971130371093750e+00 5.300927162170410156e-01 5.987429618835449219e-01 6.355505585670471191e-01
2.333072204589843750e+02 7.261316180229187012e-01 4.502268314361572266e+00 1.023602485656738281e-01 9.005475044250488281e-01 1.520281076431274414e+00
5.493139038085937500e+02 3.050589561462402344e-01 3.926300764083862305e+00 2.707314491271972656e-01 1.808619499206542969e-01 1.234712481498718262e+00
5.717161865234375000e+02 6.820893883705139160e-01 4.370479106903076172e+00 -4.280304908752441406e-01 4.934310913085937500e-02 7.397561073303222656e-01
5.672519531250000000e+02 4.808925986289978027e-01 4.209574699401855469e+00 2.243208885192871094e-01 3.260111808776855469e-01 6.500928401947021484e-01
5.795451660156250000e+02 3.168871402740478516e-01 3.780614137649536133e+00 -1.876401901245117188e-01 8.313274383544921875e-01 1.145323753356933594e+00
5.873780517578125000e+02 8.654759526252746582e-01 5.128938674926757812e+00 1.375715732574462891e+00 1.862344741821289062e+00 9.903627038002014160e-01
5.089818420410156250e+02 2.907708287239074707e-01 3.923264503479003906e+00 -1.644086837768554688e-01 1.454591751098632812e-01 8.368920087814331055e-01
5.576033325195312500e+02 4.354951381683349609e-01 4.048477649688720703e+00 3.678154945373535156e-01 1.070499420166015625e-01 1.113677501678466797e+00
5.483660278320312500e+02 5.147755146026611328e-01 4.268510341644287109e+00 1.322126388549804688e-01 3.962182998657226562e-01 8.074032068252563477e-01
5.696166381835937500e+02 1.090906858444213867e+00 5.596810340881347656e+00 -1.163655519485473633e+00 -9.862470626831054688e-01 1.013669490814208984e+00
5.443668212890625000e+02 4.200853109359741211e-01 4.256450653076171875e+00 -1.531565189361572266e-01 1.638650894165039062e-02 9.033365249633789062e-01
5.533938598632812500e+02 5.774710774421691895e-01 4.405118942260742188e+00 2.664089202880859375e-01 5.583357810974121094e-01 1.175753831863403320e+00
5.892515869140625000e+02 5.479535460472106934e-01 4.191843986511230469e+00 4.203271865844726562e-01 7.349181175231933594e-01 7.539057731628417969e-01
5.540507202148437500e+02 4.820371866226196289e-01 3.876085281372070312e+00 9.112882614135742188e-01 5.248236656188964844e-01 6.535411477088928223e-01
5.074431457519531250e+02 3.821343779563903809e-01 4.030942440032958984e+00 5.407810211181640625e-01 5.942535400390625000e-01 8.118603229522705078e-01
5.875866088867187500e+02 4.942433834075927734e-01 3.915702819824218750e+00 4.480051994323730469e-01 3.098130226135253906e-01 6.687084436416625977e-01
2.368519134521484375e+02 5.110722780227661133e-01 4.381350994110107422e+00 -3.175938129425048828e-01 2.134084701538085938e-01 1.018108725547790527e+00
5.731134643554687500e+02 5.294797420501708984e-01 4.103956699371337891e+00 -1.348459720611572266e-01 9.387993812561035156e-01 1.188806176185607910e+00
5.004536132812500000e+02 4.623837471008300781e-01 3.984183311462402344e+00 -1.546049118041992188e-01 -1.923346519470214844e-01 1.082497715950012207e+00
5.877191162109375000e+02 5.415074825286865234e-01 3.970727920532226562e+00 3.290867805480957031e-01 7.381272315979003906e-01 8.491187691688537598e-01
5.644783325195312500e+02 6.417198181152343750e-01 4.532309055328369141e+00 3.011322021484375000e-01 8.818387985229492188e-02 9.146747589111328125e-01
5.887235717773437500e+02 5.536582469940185547e-01 4.560100555419921875e+00 -3.692054748535156250e-01 -1.251280307769775391e-01 1.057223558425903320e+00
5.762693481445312500e+02 3.981203436851501465e-01 4.023632049560546875e+00 2.430605888366699219e-01 5.959343910217285156e-01 8.258066177368164062e-01
5.859394531250000000e+02 4.218190908432006836e-01 3.930381298065185547e+00 -3.081560134887695312e-01 7.882118225097656250e-03 6.915087699890136719e-01
5.160357666015625000e+02 5.889350175857543945e-01 4.293725490570068359e+00 1.340801715850830078e+00 -3.425240516662597656e-02 7.448235154151916504e-01
5.881480712890625000e+02 4.675242900848388672e-01 4.260610103607177734e+00 4.908323287963867188e-02 2.355265617370605469e-01 9.019116163253784180e-01
5.560805053710937500e+02 5.134966373443603516e-01 4.222751140594482422e+00 8.063745498657226562e-01 4.723262786865234375e-01 6.623711585998535156e-01
5.560943603515625000e+02 4.652853608131408691e-01 4.430794239044189453e+00 7.789731025695800781e-01 4.835319519042968750e-01 1.143694758415222168e+00
5.017804260253906250e+02 6.291352510452270508e-01 4.425850868225097656e+00 9.382748603820800781e-01 1.135914325714111328e+00 9.324656724929809570e-01
1.637520599365234375e+02 5.692030787467956543e-01 4.328547954559326172e+00 5.678653717041015625e-01 1.386647224426269531e+00 1.137309074401855469e+00
1.803189544677734375e+02 6.478538513183593750e-01 4.464665412902832031e+00 -7.789254188537597656e-02 1.165540218353271484e+00 1.266891479492187500e+00
5.494262695312500000e+02 4.564603567123413086e-01 4.128143787384033203e+00 9.326171875000000000e-01 4.597330093383789062e-01 1.164106845855712891e+00
1.807123718261718750e+02 6.542713046073913574e-01 4.512250423431396484e+00 1.222300529479980469e-01 4.833936691284179688e-01 6.701213121414184570e-01
5.678417358398437500e+02 5.271188616752624512e-01 4.007016181945800781e+00 1.440763473510742188e-01 2.888798713684082031e-01 7.395397424697875977e-01
5.690350952148437500e+02 9.564178586006164551e-01 5.086632728576660156e+00 1.706743240356445312e-01 7.940387725830078125e-01 9.037265181541442871e-01
5.823553466796875000e+02 6.081886291503906250e-01 4.373667240142822266e+00 -5.389547348022460938e-01 1.076197624206542969e-01 8.702588081359863281e-01
2.322738189697265625e+02 5.751250386238098145e-01 4.196280479431152344e+00 -1.041173934936523438e-01 1.633262634277343750e-01 1.326252222061157227e+00
1.521905975341796875e+02 2.032895565032958984e+00 7.449446678161621094e+00 -7.477412223815917969e+00 -6.594987869262695312e+00 9.429112076759338379e-01
5.562471313476562500e+02 5.917597413063049316e-01 4.239384174346923828e+00 -6.828856468200683594e-01 -4.367649555206298828e-01 6.970764398574829102e-01
5.905089111328125000e+02 7.101250886917114258e-01 4.483721733093261719e+00 4.978418350219726562e-02 3.585481643676757812e-01 1.170948147773742676e+00
5.714996948242187500e+02 5.052531361579895020e-01 3.808148860931396484e+00 -2.825486660003662109e-01 4.173707962036132812e-01 8.624312877655029297e-01
5.706611328125000000e+02 2.181276679039001465e-01 3.765173912048339844e+00 1.066923141479492188e-02 4.460215568542480469e-01 1.054791331291198730e+00
5.503915405273437500e+02 4.746317863464355469e-01 4.240716934204101562e+00 1.025748252868652344e-01 -3.565084934234619141e-01 8.166008591651916504e-01
1.925497741699218750e+02 6.294025778770446777e-01 4.539106845855712891e+00 -5.748236179351806641e-01 1.054048538208007812e-01 1.032418489456176758e+00
1.668381042480468750e+02 3.567070722579956055e+00 1.067925262451171875e+01 -9.672718048095703125e+00 -1.531550979614257812e+01 1.618310093879699707e+00
5.645818481445312500e+02 5.077567100524902344e-01 4.468181610107421875e+00 6.780719757080078125e-01 7.666015625000000000e-01 6.681216359138488770e-01
5.059672241210937500e+02 8.254883289337158203e-01 4.569190979003906250e+00 3.996109962463378906e-01 -2.003002166748046875e-01 6.773552298545837402e-01
5.880596313476562500e+02 5.143735408782958984e-01 4.054896354675292969e+00 3.755855560302734375e-01 3.152489662170410156e-01 7.640424370765686035e-01
5.708125610351562500e+02 1.443343758583068848e-01 3.575115680694580078e+00 -5.426537990570068359e-01 2.656030654907226562e-01 1.221485137939453125e+00
2.326451721191406250e+02 8.102898597717285156e-01 4.943757534027099609e+00 6.112647056579589844e-01 1.431391239166259766e+00 1.547932147979736328e+00
4.954843444824218750e+02 5.579106211662292480e-01 4.275448799133300781e+00 -1.749587059020996094e-01 -3.902256488800048828e-01 1.062638044357299805e+00
2.346023101806640625e+02 9.045748710632324219e-01 5.009190559387207031e+00 1.852774620056152344e-01 9.501361846923828125e-01 1.489734649658203125e+00
5.098058776855468750e+02 3.246347904205322266e-01 3.908482074737548828e+00 5.062127113342285156e-01 -2.447414398193359375e-01 8.660752177238464355e-01
5.451787719726562500e+02 5.647663474082946777e-01 4.452978610992431641e+00 4.298567771911621094e-01 4.854464530944824219e-01 9.294175505638122559e-01
5.317521972656250000e+02 6.706161499023437500e-01 4.197402954101562500e+00 1.139650344848632812e+00 1.107597351074218750e-01 9.319348335266113281e-01
2.358784484863281250e+02 5.117784142494201660e-01 4.320843696594238281e+00 -2.380108833312988281e-01 -1.036286354064941406e-02 1.474836945533752441e+00
4.919016723632812500e+02 5.804418921470642090e-01 4.196783542633056641e+00 1.098155975341796875e-02 2.625894546508789062e-01 6.411814689636230469e-01
2.350433654785156250e+02 8.280607461929321289e-01 4.880270957946777344e+00 -7.475495338439941406e-01 3.669261932373046875e-02 1.250548958778381348e+00
5.147832641601562500e+02 4.546954631805419922e-01 4.276458740234375000e+00 1.188564300537109375e-01 -1.307916641235351562e-01 9.329224228858947754e-01
5.018886108398437500e+02 3.748235702514648438e-01 4.014908313751220703e+00 -7.006287574768066406e-02 4.801058769226074219e-01 9.543212652206420898e-01
5.690461425781250000e+02 4.407343864440917969e-01 4.361623764038085938e+00 3.772497177124023438e-02 2.507257461547851562e-01 1.147650241851806641e+00
5.658797607421875000e+02 1.039089798927307129e+00 5.507290840148925781e+00 2.463223934173583984e+00 2.174830436706542969e+00 8.456598520278930664e-01
2.081517181396484375e+02 1.497256517410278320e+00 6.248034477233886719e+00 -3.488118648529052734e+00 -3.599461317062377930e+00 1.171207308769226074e+00
2.327114868164062500e+02 6.444356441497802734e-01 4.374844551086425781e+00 1.514649391174316406e-01 5.833196640014648438e-01 1.104992508888244629e+00
5.839541015625000000e+02 3.944365978240966797e-01 4.221139907836914062e+00 7.940459251403808594e-01 1.260409355163574219e+00 1.212629199028015137e+00
2.329288177490234375e+02 4.819951653480529785e-01 4.287676811218261719e+00 4.796051979064941406e-01 1.244900226593017578e+00 1.861051559448242188e+00
5.516784057617187500e+02 4.886289834976196289e-01 4.154046058654785156e+00 -3.994464874267578125e-01 -1.595020294189453125e-01 1.000226616859436035e+00
1.696284179687500000e+02 4.640088081359863281e-01 4.179949760437011719e+00 5.606007575988769531e-01 1.166725158691406250e-01 1.559177637100219727e+00
1.781696624755859375e+02 9.597464799880981445e-01 5.412722587585449219e+00 -1.503512859344482422e+00 -9.483301639556884766e-01 1.121672511100769043e+00
2.345658569335937500e+02 7.010377645492553711e-01 4.612526416778564453e+00 -2.509355545043945312e-03 9.222531318664550781e-01 1.698384165763854980e+00
4.928906555175781250e+02 4.919833540916442871e-01 4.132409095764160156e+00 1.237511634826660156e-01 2.635741233825683594e-01 8.354886770248413086e-01
5.641885986328125000e+02 1.979771256446838379e-01 3.557875156402587891e+00 2.504634857177734375e-01 3.521680831909179688e-02 8.256899118423461914e-01
2.350354919433593750e+02 5.731579065322875977e-01 4.292567253112792969e+00 -1.989603042602539062e-01 5.112433433532714844e-01 1.132300853729248047e+00
5.830504760742187500e+02 5.553644895553588867e-01 4.238217830657958984e+00 -8.197546005249023438e-02 3.436088562011718750e-02 7.782235741615295410e-01
1.855043487548828125e+02 6.428098678588867188e-01 4.169306755065917969e+00 1.144723892211914062e+00 1.774182319641113281e+00 1.207168817520141602e+00
5.894926147460937500e+02 6.507066488265991211e-01 4.347588539123535156e+00 3.773546218872070312e-01 5.005502700805664062e-01 7.922702431678771973e-01
5.884210815429687500e+02 6.238842010498046875e-01 4.350126743316650391e+00 -6.367397308349609375e-01 -1.531243324279785156e-01 8.219537138938903809e-01
5.680582275390625000e+02 6.815057396888732910e-01 4.848556041717529297e+00 7.146573066711425781e-01 1.433584690093994141e+00 1.234140634536743164e+00
2.328953247070312500e+02 5.572540163993835449e-01 4.087833404541015625e+00 5.683565139770507812e-01 9.554553031921386719e-01 8.281526565551757812e-01
5.505108642578125000e+02 4.263091087341308594e-01 4.001414775848388672e+00 1.626586914062500000e-01 1.690053939819335938e-01 7.925906181335449219e-01
5.830853881835937500e+02 6.720293164253234863e-01 4.479956150054931641e+00 2.513647079467773438e-01 8.707809448242187500e-01 1.281476974487304688e+00
5.198131713867187500e+02 5.942566990852355957e-01 4.411544322967529297e+00 7.368302345275878906e-01 -9.750723838806152344e-02 1.094042062759399414e+00
5.688375244140625000e+02 3.434980511665344238e-01 3.869845390319824219e+00 -2.339243888854980469e-02 6.296205520629882812e-01 9.813302159309387207e-01
5.899171752929687500e+02 4.440411925315856934e-01 4.082961559295654297e+00 7.910776138305664062e-01 1.154093742370605469e+00 1.034771084785461426e+00
5.518040771484375000e+02 7.513610124588012695e-01 4.861561298370361328e+00 1.181411743164062500e-01 -6.052529811859130859e-01 1.185005784034729004e+00
4.926944580078125000e+02 4.855907559394836426e-01 4.201129436492919922e+00 -3.481459617614746094e-01 1.848244667053222656e-01 1.121560454368591309e+00
5.884269409179687500e+02 4.875779151916503906e-01 4.226963043212890625e+00 6.380224227905273438e-01 8.542013168334960938e-01 9.746782779693603516e-01
5.794792480468750000e+02 3.677909970283508301e-01 3.832409620285034180e+00 1.647472381591796875e-03 3.439450263977050781e-01 8.870264291763305664e-01
2.337961730957031250e+02 7.944825291633605957e-01 4.699015140533447266e+00 2.516245841979980469e-01 1.040408611297607422e+00 1.235260009765625000e+00
5.453259887695312500e+02 4.987486004829406738e-01 4.372750282287597656e+00 -3.743934631347656250e-01 -2.441835403442382812e-01 8.558494448661804199e-01
5.541500244140625000e+02 4.803044795989990234e-01 4.041272640228271484e+00 -6.388306617736816406e-02 -2.625060081481933594e-01 1.157711625099182129e+00
5.912359008789062500e+02 8.161987662315368652e-01 5.017261028289794922e+00 9.575796127319335938e-01 1.001203060150146484e+00 7.196813821792602539e-01
5.727742919921875000e+02 2.303549647331237793e-01 3.962214231491088867e+00 2.578973770141601562e-01 2.966189384460449219e-01 8.583985567092895508e-01
5.640548095703125000e+02 4.515596032142639160e-01 4.225172519683837891e+00 -4.330003261566162109e-01 8.769035339355468750e-02 8.542739748954772949e-01
5.059471130371093750e+02 7.284290194511413574e-01 4.809589862823486328e+00 -5.251455307006835938e-01 -7.218313217163085938e-01 6.099717617034912109e-01
2.053957672119140625e+02 2.697477817535400391e+00 8.839317321777343750e+00 -3.258893489837646484e+00 -2.902123928070068359e+00 1.145368814468383789e+00
5.553229980468750000e+02 3.743709921836853027e-01 3.716521739959716797e+00 2.322030067443847656e-01 1.431393623352050781e-01 6.236571669578552246e-01
5.868489990234375000e+02 6.310778856277465820e-01 4.493794918060302734e+00 -7.932186126708984375e-03 -4.890084266662597656e-02 5.937767028808593750e-01
5.690973510742187500e+02 5.511153340339660645e-01 4.390480995178222656e+00 -3.566634654998779297e-01 3.496885299682617188e-02 8.012068271636962891e-01
5.681506347656250000e+02 8.442518115043640137e-01 4.761771202087402344e+00 -8.724606037139892578e-01 -2.738595008850097656e-02 5.056858658790588379e-01
5.717552490234375000e+02 1.691811084747314453e-01 3.653248071670532227e+00 5.586624145507812500e-02 7.790946960449218750e-01 1.012400269508361816e+00
4.958955688476562500e+02 4.189646840095520020e-01 4.143962383270263672e+00 5.560421943664550781e-01 7.309722900390625000e-01 8.515033721923828125e-01
5.131721191406250000e+02 4.421720504760742188e-01 4.345776081085205078e+00 -3.956174850463867188e-01 -1.059007644653320312e-01 7.037340402603149414e-01
2.366241455078125000e+02 5.249559283256530762e-01 4.385125637054443359e+00 2.765655517578125000e-04 4.379630088806152344e-01 1.641890048980712891e+00
2.362498016357421875e+02 4.814612269401550293e-01 4.432743072509765625e+00 -7.349610328674316406e-02 6.132292747497558594e-01 1.479194045066833496e+00
2.372710418701171875e+02 9.289175271987915039e-02 3.610171556472778320e+00 -4.192316532135009766e-01 -2.418637275695800781e-02 1.761711359024047852e+00
5.075045166015625000e+02 3.496864438056945801e-01 4.006860256195068359e+00 6.902241706848144531e-01 -1.314294338226318359e-01 1.062920331954956055e+00
5.514635620117187500e+02 3.283215761184692383e-01 3.917369842529296875e+00 1.539373397827148438e-01 6.388020515441894531e-01 1.114195346832275391e+00
2.106408081054687500e+02 5.342735648155212402e-01 4.246713638305664062e+00 2.846908569335937500e-01 1.017825603485107422e+00 1.220222353935241699e+00
5.534082641601562500e+02 4.916049838066101074e-01 3.855959415435791016e+00 -6.986105442047119141e-01 5.035400390625000000e-02 7.893112301826477051e-01
5.282165527343750000e+02 7.364100217819213867e-01 4.760931491851806641e+00 -4.292535781860351562e-01 -1.223790645599365234e+00 1.225560665130615234e+00
5.051725463867187500e+02 2.726224660873413086e-01 3.771163940429687500e+00 3.204035758972167969e-01 -1.771116256713867188e-01 9.104275703430175781e-01
5.529544067382812500e+02 2.811429500579833984e-01 3.971887588500976562e+00 -6.978631019592285156e-02 3.770494461059570312e-01 1.032424688339233398e+00
5.032480773925781250e+02 5.057634711265563965e-01 4.456974029541015625e+00 5.107641220092773438e-02 -4.384684562683105469e-01 1.337229132652282715e+00
5.902692871093750000e+02 5.001222491264343262e-01 3.937127113342285156e+00 7.574796676635742188e-01 9.505510330200195312e-01 8.866519927978515625e-01
5.546857299804687500e+02 4.082455039024353027e-01 3.852880954742431641e+00 -4.665851593017578125e-03 -3.594386577606201172e-01 9.532958269119262695e-01
5.654627075195312500e+02 6.019734144210815430e-01 4.239573955535888672e+00 3.519320487976074219e-01 6.969404220581054688e-01 8.307999372482299805e-01
2.029039916992187500e+02 3.087586164474487305e-01 3.815547227859497070e+00 5.010032653808593750e-01 9.484910964965820312e-01 1.030236840248107910e+00
1.709217376708984375e+02 3.873857855796813965e-01 4.174103736877441406e+00 4.494571685791015625e-01 8.679389953613281250e-02 1.309627294540405273e+00
5.719653320312500000e+02 5.704123973846435547e-01 4.282064914703369141e+00 3.685784339904785156e-01 7.069182395935058594e-01 9.741230010986328125e-01
5.706553344726562500e+02 4.127067327499389648e-01 3.999931812286376953e+00 7.779359817504882812e-02 4.617571830749511719e-01 7.007800936698913574e-01
5.260272827148437500e+02 3.683142066001892090e-01 3.749439239501953125e+00 2.526450157165527344e-01 7.201838493347167969e-01 7.417693734169006348e-01
5.878726196289062500e+02 4.969647526741027832e-01 4.187494277954101562e+00 2.435779571533203125e-01 6.975841522216796875e-01 1.046640157699584961e+00
2.340113830566406250e+02 7.352373600006103516e-01 4.761305809020996094e+00 4.828524589538574219e-01 1.316914558410644531e+00 1.891333580017089844e+00
2.348476104736328125e+02 7.497395277023315430e-01 4.434904098510742188e+00 1.088571548461914062e-01 9.558606147766113281e-01 1.427775382995605469e+00
1.891157684326171875e+02 6.995568275451660156e-01 4.529474258422851562e+00 3.224754333496093750e-01 1.007256507873535156e+00 1.643771648406982422e+00
5.827252197265625000e+02 5.801180601119995117e-01 4.148842811584472656e+00 3.643274307250976562e-02 5.524039268493652344e-01 6.832223534584045410e-01
5.836178588867187500e+02 4.784006476402282715e-01 4.107585430145263672e+00 6.985974311828613281e-01 8.915519714355468750e-01 9.819334149360656738e-01
5.878721923828125000e+02 6.696619987487792969e-01 4.403300285339355469e+00 -5.481433868408203125e-01 -2.805817127227783203e-01 6.785520911216735840e-01
5.877634277343750000e+02 5.027572512626647949e-01 4.145143985748291016e+00 -2.487182617187500000e-02 5.252504348754882812e-01 8.124724626541137695e-01
5.902996215820312500e+02 5.635636448860168457e-01 4.102939128875732422e+00 2.427411079406738281e-01 2.987599372863769531e-01 7.211125493049621582e-01
5.844226074218750000e+02 5.029271245002746582e-01 4.076775074005126953e+00 5.328273773193359375e-01 1.308212280273437500e+00 1.070112228393554688e+00
5.641461181640625000e+02 3.738350868225097656e-01 4.248603343963623047e+00 2.738547325134277344e-01 3.719162940979003906e-01 1.253895282745361328e+00
5.833515625000000000e+02 7.531920671463012695e-01 4.622292518615722656e+00 -4.504537582397460938e-01 4.156589508056640625e-02 8.777198195457458496e-01
5.709552612304687500e+02 5.453360676765441895e-01 4.393246650695800781e+00 1.468443870544433594e-01 3.206634521484375000e-01 8.771294355392456055e-01
2.335103302001953125e+02 5.799229741096496582e-01 4.412750244140625000e+00 4.069995880126953125e-01 7.475805282592773438e-01 1.542553305625915527e+00
5.776722412109375000e+02 3.420605659484863281e-01 3.861628770828247070e+00 -5.909442901611328125e-01 3.271174430847167969e-01 1.375901579856872559e+00
5.392941284179687500e+02 2.811830043792724609e-01 3.571830272674560547e+00 -8.698701858520507812e-02 -4.619324207305908203e-01 1.141160964965820312e+00
2.360003967285156250e+02 7.549435496330261230e-01 4.572534561157226562e+00 6.917858123779296875e-01 1.802120208740234375e+00 1.594811677932739258e+00
2.132882537841796875e+02 6.476441025733947754e-01 4.654054641723632812e+00 -8.040356636047363281e-01 -6.470608711242675781e-01 1.303486943244934082e+00
2.364038391113281250e+02 7.813010811805725098e-01 4.920703887939453125e+00 3.256988525390625000e-01 9.273600578308105469e-01 1.486689448356628418e+00
2.059415893554687500e+02 7.315058708190917969e-01 4.826123237609863281e+00 -7.659387588500976562e-01 -7.486546039581298828e-01 1.340514898300170898e+00
2.068642578125000000e+02 5.943593382835388184e-01 4.375116825103759766e+00 9.060382843017578125e-01 1.720094680786132812e+00 9.802309274673461914e-01
2.319326171875000000e+02 6.418085098266601562e-01 4.344916343688964844e+00 7.553815841674804688e-02 8.454251289367675781e-01 1.174658060073852539e+00
5.516189575195312500e+02 8.743610382080078125e-01 5.014835834503173828e+00 -3.087651729583740234e-01 -3.164803981781005859e-01 9.281831383705139160e-01
5.100206909179687500e+02 3.244547247886657715e-01 3.942617177963256836e+00 9.713125228881835938e-01 -1.285076141357421875e-02 1.127526998519897461e+00
5.543932495117187500e+02 7.826600670814514160e-01 4.775881767272949219e+00 5.618524551391601562e-01 6.606960296630859375e-01 1.126568436622619629e+00
5.855879516601562500e+02 3.746429681777954102e-01 3.774501562118530273e+00 3.435397148132324219e-01 6.608533859252929688e-01 9.504452943801879883e-01
5.537145385742187500e+02 7.762188315391540527e-01 4.754605770111083984e+00 8.948254585266113281e-01 5.555725097656250000e-01 7.484363317489624023e-01
5.379576416015625000e+02 4.869138002395629883e-01 4.069341182708740234e+00 1.009836196899414062e+00 -7.239925861358642578e-01 1.220297694206237793e+00
5.709121093750000000e+02 7.227532863616943359e-01 4.940957546234130859e+00 5.274534225463867188e-02 6.207871437072753906e-01 1.095184564590454102e+00
1.714833679199218750e+02 5.817958712577819824e-01 4.199675083160400391e+00 -3.080594539642333984e-01 -2.182328701019287109e-01 9.400600194931030273e-01
5.540210571289062500e+02 3.599952459335327148e-01 3.965369224548339844e+00 2.712082862854003906e-01 -2.851080894470214844e-01 1.070902109146118164e+00
4.935496215820312500e+02 5.835654139518737793e-01 4.596085548400878906e+00 -1.403605937957763672e-01 3.745913505554199219e-01 6.752634048461914062e-01
5.198950805664062500e+02 8.066844344139099121e-01 4.991312026977539062e+00 6.506156921386718750e-01 3.230929374694824219e-01 1.062970280647277832e+00
2.070672912597656250e+02 3.992672562599182129e-01 4.383013725280761719e+00 -2.340078353881835938e-01 1.712417602539062500e-01 1.446785688400268555e+00
5.016233825683593750e+02 4.687412977218627930e-01 4.044761657714843750e+00 7.932281494140625000e-01 -3.574013710021972656e-02 9.868302345275878906e-01
5.656950683593750000e+02 6.969609856605529785e-01 4.721195220947265625e+00 4.675698280334472656e-01 6.652092933654785156e-01 9.850823283195495605e-01
5.542156982421875000e+02 3.225798606872558594e-01 3.921848297119140625e+00 7.246756553649902344e-01 1.662197113037109375e+00 1.417535781860351562e+00
1.949858245849609375e+02 3.729388713836669922e-01 3.838182449340820312e+00 7.889032363891601562e-02 9.569740295410156250e-01 1.432259559631347656e+00
2.311052856445312500e+02 4.184359312057495117e-01 3.995532274246215820e+00 6.619930267333984375e-01 1.357555389404296875e+00 1.199554324150085449e+00
4.979425354003906250e+02 5.247912406921386719e-01 4.210740089416503906e+00 7.940435409545898438e-01 7.844376564025878906e-01 6.436609625816345215e-01
5.122733154296875000e+02 7.384032607078552246e-01 4.820684432983398438e+00 2.930545806884765625e-01 -3.529536724090576172e-01 1.312855720520019531e+00
5.295782470703125000e+02 5.886083245277404785e-01 4.606381416320800781e+00 -2.070665359497070312e-01 -3.865838050842285156e-02 9.864035844802856445e-01
1.741601867675781250e+02 5.236834883689880371e-01 3.909587383270263672e+00 1.731538772583007812e-01 6.120681762695312500e-01 8.805415630340576172e-01
5.719710083007812500e+02 4.290862679481506348e-01 4.133223056793212891e+00 -7.250583171844482422e-01 1.391339302062988281e-01 1.026873350143432617e+00
1.932125854492187500e+02 8.484594821929931641e-01 4.968460083007812500e+00 2.075433731079101562e-02 1.739141941070556641e+00 1.271075606346130371e+00
1.625659942626953125e+02 1.988808870315551758e+00 7.454864978790283203e+00 -5.449837684631347656e+00 -4.095879554748535156e+00 8.640694618225097656e-01
5.514451904296875000e+02 3.703110218048095703e-01 3.984618186950683594e+00 1.441550254821777344e-01 5.331277847290039062e-02 1.134317040443420410e+00
5.170512695312500000e+02 1.142400979995727539e+00 5.850314617156982422e+00 7.779502868652343750e-01 1.678609848022460938e-01 1.072249174118041992e+00
5.555141601562500000e+02 6.781290173530578613e-01 4.587252140045166016e+00 4.347681999206542969e-01 3.777694702148437500e-01 1.173862457275390625e+00
5.684181518554687500e+02 4.895125031471252441e-01 4.216077804565429688e+00 4.701328277587890625e-01 8.405113220214843750e-01 8.011064529418945312e-01
5.073327941894531250e+02 6.078529953956604004e-01 4.503873825073242188e+00 1.494979858398437500e-01 -4.461479187011718750e-01 9.192421436309814453e-01
5.882918701171875000e+02 6.105325222015380859e-01 4.462182521820068359e+00 6.976270675659179688e-01 7.429218292236328125e-01 8.928743600845336914e-01
2.379063873291015625e+02 7.853769659996032715e-01 4.867126464843750000e+00 6.659269332885742188e-02 1.172204017639160156e+00 1.391252398490905762e+00
5.644859619140625000e+02 5.685268044471740723e-01 4.296773910522460938e+00 -2.821123600006103516e-01 7.235527038574218750e-02 1.121579885482788086e+00
5.552929077148437500e+02 2.188398838043212891e-01 3.628424644470214844e+00 -7.873535156250000000e-02 -4.358530044555664062e-01 9.440538287162780762e-01
5.528278808593750000e+02 7.426765561103820801e-01 4.287432193756103516e+00 8.581948280334472656e-01 8.583712577819824219e-01 8.756077885627746582e-01
5.650901489257812500e+02 4.230697154998779297e-01 3.858651399612426758e+00 4.066586494445800781e-01 2.468204498291015625e-01 1.176887512207031250e+00
5.828516235351562500e+02 3.672093152999877930e-01 4.115158081054687500e+00 -8.201241493225097656e-02 1.781225204467773438e-01 8.428122997283935547e-01
1.845977020263671875e+02 3.939334154129028320e-01 4.190283775329589844e+00 -6.360173225402832031e-02 5.770468711853027344e-01 1.506550431251525879e+00
5.612938842773437500e+02 4.998254179954528809e-01 4.474716663360595703e+00 9.902143478393554688e-01 4.345941543579101562e-01 7.034847140312194824e-01
5.896835937500000000e+02 5.591880679130554199e-01 4.136138439178466797e+00 1.318001747131347656e-01 5.712747573852539062e-01 7.891753315925598145e-01
5.877056884765625000e+02 6.236617565155029297e-01 4.477909564971923828e+00 6.314539909362792969e-01 8.435559272766113281e-01 8.763402700424194336e-01
5.647366333007812500e+02 5.527389645576477051e-01 4.315621376037597656e+00 1.970291137695312500e-02 5.177187919616699219e-01 8.970144987106323242e-01
5.759644775390625000e+02 3.895120620727539062e-01 4.274171829223632812e+00 -1.795554161071777344e-01 6.499242782592773438e-01 1.245907306671142578e+00
5.880773315429687500e+02 5.679449439048767090e-01 4.199327468872070312e+00 1.182770729064941406e-01 5.729484558105468750e-01 8.763616085052490234e-01
2.136583862304687500e+02 7.430733442306518555e-01 4.339282989501953125e+00 8.085346221923828125e-01 1.969900131225585938e+00 1.076206684112548828e+00
5.704629516601562500e+02 3.522499203681945801e-01 3.941460132598876953e+00 1.942515373229980469e-01 2.456974983215332031e-01 7.986558675765991211e-01
5.632418212890625000e+02 7.803059816360473633e-01 4.798645019531250000e+00 1.357879638671875000e+00 5.972075462341308594e-01 7.979402542114257812e-01
5.538871459960937500e+02 3.858803510665893555e-01 4.184149265289306641e+00 4.375028610229492188e-01 2.902245521545410156e-01 9.556979537010192871e-01
5.148848876953125000e+02 2.975795269012451172e-01 3.909413337707519531e+00 8.309841156005859375e-01 2.060222625732421875e-01 1.016445875167846680e+00
5.507272338867187500e+02 4.181730747222900391e-01 4.251509666442871094e+00 -3.707289695739746094e-02 4.356169700622558594e-01 1.406316637992858887e+00
1.559396820068359375e+02 1.883894085884094238e+00 7.230790615081787109e+00 7.016444206237792969e+00 8.190490722656250000e+00 1.017764329910278320e+00
1.747919464111328125e+02 3.027864098548889160e-01 3.999337911605834961e+00 1.053094863891601562e-02 1.435995101928710938e-01 9.861179590225219727e-01
5.184499511718750000e+02 4.586526155471801758e-01 4.043375492095947266e+00 4.494071006774902344e-01 -2.371370792388916016e-01 1.133303761482238770e+00
5.925720214843750000e+02 5.665464401245117188e-01 4.558851718902587891e+00 6.601810455322265625e-03 6.341671943664550781e-01 8.124787211418151855e-01
2.347629089355468750e+02 6.492326855659484863e-01 4.679518222808837891e+00 -1.778507232666015625e-01 5.351972579956054688e-01 1.698354601860046387e+00
5.510620117187500000e+02 3.131898045539855957e-01 4.074057102203369141e+00 -3.678190708160400391e-01 3.583192825317382812e-02 8.308085203170776367e-01
5.482870483398437500e+02 7.296810746192932129e-01 4.418533802032470703e+00 3.442955017089843750e-01 3.364944458007812500e-01 7.438336610794067383e-01
2.378701477050781250e+02 7.920721173286437988e-01 5.051766395568847656e+00 1.077148914337158203e+00 1.970541477203369141e+00 1.157957434654235840e+00
5.732493286132812500e+02 4.819281101226806641e-01 4.449640750885009766e+00 9.666728973388671875e-01 1.034955978393554688e+00 8.677299022674560547e-01
5.555241088867187500e+02 4.069639444351196289e-01 4.176487922668457031e+00 -3.112292289733886719e-01 -5.158495903015136719e-01 9.036156535148620605e-01
5.724448242187500000e+02 6.696843504905700684e-01 4.653996467590332031e+00 -2.571690082550048828e-01 6.631731986999511719e-01 8.311951160430908203e-01
2.102272796630859375e+02 7.343974709510803223e-01 4.990532875061035156e+00 -1.551800966262817383e+00 -1.502561569213867188e+00 1.299258589744567871e+00
5.023721618652343750e+02 6.153222322463989258e-01 4.280666828155517578e+00 -1.211965084075927734e-01 -1.912081241607666016e-01 9.036782383918762207e-01
2.341680603027343750e+02 1.204195141792297363e+00 5.648303985595703125e+00 -2.098643779754638672e+00 -2.160152196884155273e+00 1.289712429046630859e+00
5.726003417968750000e+02 3.902015686035156250e-01 3.987344026565551758e+00 1.618719100952148438e-01 1.098597049713134766e+00 1.254099726676940918e+00
5.487130126953125000e+02 4.369351267814636230e-01 4.116059780120849609e+00 5.262851715087890625e-01 -7.517695426940917969e-02 1.121690154075622559e+00
5.533949584960937500e+02 5.323298573493957520e-01 4.003281593322753906e+00 1.848626136779785156e-01 1.655220985412597656e-01 8.462082147598266602e-01
2.368211669921875000e+02 5.788384675979614258e-01 4.489850521087646484e+00 -7.439851760864257812e-03 8.383893966674804688e-01 1.227181792259216309e+00
5.651879272460937500e+02 4.630321264266967773e-01 3.944074153900146484e+00 -1.606917381286621094e-01 1.542282104492187500e-01 7.888810634613037109e-01
5.913769531250000000e+02 7.010726332664489746e-01 4.147838592529296875e+00 -6.407940387725830078e-01 1.408791542053222656e-01 5.800662636756896973e-01
2.085617370605468750e+02 2.434666752815246582e-01 3.990929603576660156e+00 -1.396584510803222656e-01 7.071971893310546875e-02 1.377386808395385742e+00
5.890288696289062500e+02 5.552096366882324219e-01 4.269206047058105469e+00 1.422452926635742188e-01 1.439571380615234375e-01 8.638690710067749023e-01
5.639619750976562500e+02 3.480883836746215820e-01 3.947757244110107422e+00 4.350662231445312500e-01 7.529997825622558594e-01 9.925087690353393555e-01
5.867705078125000000e+02 5.643588304519653320e-01 4.350771427154541016e+00 -2.982938289642333984e-01 3.584551811218261719e-01 7.756119370460510254e-01
5.529943237304687500e+02 4.550631046295166016e-01 4.373377323150634766e+00 -1.177191734313964844e-02 5.208706855773925781e-01 1.146884322166442871e+00
5.881492309570312500e+02 6.672614216804504395e-01 4.357295989990234375e+00 6.242442131042480469e-01 8.543968200683593750e-01 9.157100319862365723e-01
5.547708740234375000e+02 8.324896097183227539e-01 5.050460815429687500e+00 7.655882835388183594e-01 1.683950424194335938e-01 1.143462896347045898e+00
5.890490722656250000e+02 3.914073109626770020e-01 3.762955904006958008e+00 3.936672210693359375e-01 6.649231910705566406e-01 8.743042349815368652e-01
2.333992919921875000e+02 5.923875570297241211e-01 4.231333255767822266e+00 -1.951849460601806641e-01 2.423667907714843750e-01 1.013815164566040039e+00
5.684096069335937500e+02 4.664086699485778809e-01 3.585353374481201172e+00 -2.349078655242919922e-01 5.496859550476074219e-01 9.933245182037353516e-01
2.370724029541015625e+02 4.067622423171997070e-01 3.845085382461547852e+00 2.682518959045410156e-01 1.131777763366699219e+00 1.564650535583496094e+00
5.270634765625000000e+02 6.014861464500427246e-01 4.431522846221923828e+00 -3.759002685546875000e-01 -2.666580677032470703e-01 7.546699643135070801e-01
2.337831420898437500e+02 4.090058207511901855e-01 4.017979145050048828e+00 -3.274643421173095703e-01 -1.974165439605712891e-01 8.447611927986145020e-01
4.994454956054687500e+02 3.200898766517639160e-01 3.975892066955566406e+00 1.510000228881835938e-01 6.100893020629882812e-02 1.009027481079101562e+00
5.070612792968750000e+02 5.015615224838256836e-01 4.087070941925048828e+00 -2.683377265930175781e-01 1.188993453979492188e-01 5.754112005233764648e-01
5.117676696777343750e+02 3.816222548484802246e-01 4.189879894256591797e+00 -5.521214008331298828e-01 -1.325323581695556641e+00 1.173347711563110352e+00
5.849259643554687500e+02 5.497829914093017578e-01 4.375946998596191406e+00 1.133110523223876953e+00 1.160569190979003906e+00 8.471793532371520996e-01
5.020690917968750000e+02 3.973879218101501465e-01 3.985662698745727539e+00 4.921936988830566406e-01 3.892564773559570312e-01 1.202598094940185547e+00
5.712854614257812500e+02 2.023112177848815918e-01 3.822609424591064453e+00 2.587437629699707031e-01 1.217265129089355469e+00 1.296045780181884766e+00
5.650612792968750000e+02 6.144233345985412598e-01 4.373802185058593750e+00 -4.369556903839111328e-01 -2.041447162628173828e-01 9.443792104721069336e-01
2.350884857177734375e+02 6.861996054649353027e-01 4.863833427429199219e+00 -2.333796024322509766e-01 5.421972274780273438e-01 1.688195705413818359e+00
2.353454284667968750e+02 9.751344919204711914e-01 5.378408432006835938e+00 -1.935172080993652344e-01 3.596735000610351562e-01 1.570236206054687500e+00
2.351042480468750000e+02 1.022387504577636719e+00 5.359096527099609375e+00 -3.759455680847167969e-01 2.942466735839843750e-01 1.388655424118041992e+00
4.946888427734375000e+02 5.151819586753845215e-01 4.100860118865966797e+00 -1.702499389648437500e-01 3.149557113647460938e-01 8.487300872802734375e-01
5.506438598632812500e+02 6.231834292411804199e-01 4.187087535858154297e+00 -5.610084533691406250e-01 -5.475437641143798828e-01 9.703478813171386719e-01
2.044592132568359375e+02 1.926501512527465820e+00 7.174946784973144531e+00 7.436900138854980469e+00 9.137625694274902344e+00 1.200583100318908691e+00
4.994377746582031250e+02 5.561044216156005859e-01 4.267633914947509766e+00 6.236720085144042969e-01 5.805015563964843750e-02 1.160465478897094727e+00
5.681939086914062500e+02 2.673801779747009277e-01 3.823770999908447266e+00 3.084111213684082031e-01 1.031243801116943359e+00 1.186687111854553223e+00
5.057982788085937500e+02 4.703690409660339355e-01 3.898947715759277344e+00 4.917287826538085938e-01 3.126049041748046875e-01 9.759675264358520508e-01
5.668798217773437500e+02 4.143523573875427246e-01 4.136162757873535156e+00 3.196644783020019531e-01 7.147026062011718750e-01 1.023758769035339355e+00
5.077560424804687500e+02 4.211671352386474609e-01 4.424219131469726562e+00 1.204493045806884766e+00 6.941580772399902344e-01 1.161038279533386230e+00
5.880791625976562500e+02 3.964992165565490723e-01 3.907175779342651367e+00 7.184267044067382812e-02 3.658771514892578125e-01 7.826635837554931641e-01
5.259063720703125000e+02 5.796375870704650879e-01 4.085460662841796875e+00 -3.672957420349121094e-01 -2.975893020629882812e-01 6.912800073623657227e-01
5.485000610351562500e+02 3.800463676452636719e-01 4.108901023864746094e+00 4.748153686523437500e-01 8.982443809509277344e-01 9.805399179458618164e-01
5.024305419921875000e+02 3.939234018325805664e-01 4.249737262725830078e+00 2.372837066650390625e-01 8.897066116333007812e-02 9.613918662071228027e-01
1.866536712646484375e+02 4.123280048370361328e-01 4.015849590301513672e+00 4.907417297363281250e-01 1.025488376617431641e+00 9.975845813751220703e-01
5.528407592773437500e+02 5.783111453056335449e-01 4.538023471832275391e+00 6.051230430603027344e-01 2.599716186523437500e-01 1.142244935035705566e+00
2.089244384765625000e+02 4.690647721290588379e-01 4.080549240112304688e+00 1.387858390808105469e-01 5.803585052490234375e-01 1.238631486892700195e+00
5.638039550781250000e+02 7.113006114959716797e-01 4.762869834899902344e+00 -1.874268054962158203e-01 -1.591455936431884766e-01 8.429700136184692383e-01
2.101599731445312500e+02 2.981862545013427734e+00 9.520373344421386719e+00 -5.425852775573730469e+00 -5.586328506469726562e+00 1.138394713401794434e+00
2.366682281494140625e+02 1.021710515022277832e+00 5.392556667327880859e+00 -4.009509086608886719e-01 -1.797556877136230469e-01 1.656784772872924805e+00
2.340165100097656250e+02 6.770091056823730469e-01 4.710900306701660156e+00 5.152988433837890625e-01 1.631383895874023438e+00 1.270169496536254883e+00
5.912123413085937500e+02 5.441911220550537109e-01 4.735790252685546875e+00 -1.082777976989746094e-02 4.447913169860839844e-01 8.199030160903930664e-01
5.712984619140625000e+02 6.022820472717285156e-01 4.357433795928955078e+00 3.236293792724609375e-01 4.322504997253417969e-01 6.331208944320678711e-01
5.248934936523437500e+02 5.872792005538940430e-01 4.115077972412109375e+00 -4.323613643646240234e-01 -2.002918720245361328e-01 9.049170017242431641e-01
1.910161437988281250e+02 3.938781619071960449e-01 4.271725654602050781e+00 2.677702903747558594e-01 6.060099601745605469e-01 9.198984503746032715e-01
5.875109863281250000e+02 3.769890069961547852e-01 3.758305072784423828e+00 6.863403320312500000e-01 7.640242576599121094e-01 9.984305500984191895e-01
5.749764404296875000e+02 4.010346531867980957e-01 4.187116146087646484e+00 2.413845062255859375e-01 5.883455276489257812e-01 9.403938651084899902e-01
5.560943603515625000e+02 4.652853608131408691e-01 4.430794239044189453e+00 7.789731025695800781e-01 4.835319519042968750e-01 1.143694758415222168e+00
1.664229888916015625e+02 6.537346839904785156e-01 4.448141574859619141e+00 5.054664611816406250e-01 1.085555553436279297e+00 1.276545405387878418e+00
5.693148803710937500e+02 8.040685653686523438e-01 4.994485378265380859e+00 -2.489519119262695312e-01 5.189037322998046875e-01 1.003323078155517578e+00
5.090770263671875000e+02 6.587067842483520508e-01 4.690413475036621094e+00 -3.950798511505126953e-01 -1.134729385375976562e-01 1.032437324523925781e+00
5.487211914062500000e+02 5.425442457199096680e-01 4.195824146270751953e+00 -1.209545135498046875e-01 -2.910292148590087891e-01 9.677840471267700195e-01
5.728441772460937500e+02 5.442254543304443359e-01 3.965650320053100586e+00 2.023935317993164062e-02 4.251217842102050781e-01 7.484928369522094727e-01
5.796882934570312500e+02 5.612705349922180176e-01 4.363156795501708984e+00 1.326203346252441406e-01 7.167100906372070312e-01 7.879489660263061523e-01
2.320351409912109375e+02 7.273555994033813477e-01 4.880121231079101562e+00 3.819465637207031250e-02 7.081604003906250000e-01 1.642344713211059570e+00
5.525532836914062500e+02 3.779649734497070312e-01 4.003868103027343750e+00 -6.480455398559570312e-02 5.524396896362304688e-02 6.885251402854919434e-01
1.947094726562500000e+02 4.580591320991516113e-01 4.275724887847900391e+00 2.721285820007324219e-01 9.986615180969238281e-01 1.008112668991088867e+00
2.325736236572265625e+02 8.853800892829895020e-01 4.983882427215576172e+00 3.837966918945312500e-01 7.573699951171875000e-01 1.127208352088928223e+00
5.510187377929687500e+02 4.950543045997619629e-01 4.315555095672607422e+00 5.083751678466796875e-01 5.763363838195800781e-01 1.204017281532287598e+00
5.738492431640625000e+02 4.969817399978637695e-01 4.196420669555664062e+00 -3.447425365447998047e-01 -2.556777000427246094e-01 8.315699696540832520e-01
2.110975494384765625e+02 7.915687561035156250e-01 4.715802192687988281e+00 1.299393177032470703e+00 1.774446964263916016e+00 1.365129947662353516e+00
5.892561645507812500e+02 4.286737442016601562e-01 4.155566692352294922e+00 -3.633749485015869141e-01 -1.846849918365478516e-01 1.158310055732727051e+00
5.501136474609375000e+02 4.852753281593322754e-01 4.216732025146484375e+00 -5.817174911499023438e-02 2.036166191101074219e-01 7.586698532104492188e-01
5.847833862304687500e+02 5.635797381401062012e-01 4.550551414489746094e+00 -1.052296161651611328e-01 2.975511550903320312e-01 8.380308747291564941e-01
2.325527954101562500e+02 5.535312891006469727e-01 4.374738693237304688e+00 1.966452598571777344e-01 7.675194740295410156e-01 1.408618807792663574e+00
5.767854003906250000e+02 4.638128280639648438e-01 3.983074665069580078e+00 -2.402842044830322266e-01 6.407523155212402344e-01 9.267938137054443359e-01
2.100658111572265625e+02 4.829739928245544434e-01 3.961580038070678711e+00 6.258106231689453125e-01 6.995177268981933594e-01 1.049745202064514160e+00
2.362627563476562500e+02 7.267934083938598633e-01 4.922002792358398438e+00 -3.134799003601074219e-01 3.193163871765136719e-01 1.723697185516357422e+00
2.354371948242187500e+02 9.116492867469787598e-01 5.161710262298583984e+00 -1.369357109069824219e-01 7.563829421997070312e-02 1.455320239067077637e+00
5.898329467773437500e+02 4.258815646171569824e-01 4.072145462036132812e+00 -4.523396492004394531e-02 -1.250624656677246094e-02 7.337676286697387695e-01
5.549588012695312500e+02 4.871746897697448730e-01 4.437889575958251953e+00 -3.610849380493164062e-03 -1.010847091674804688e-01 9.239107966423034668e-01
5.668952026367187500e+02 6.191089749336242676e-01 4.325219154357910156e+00 3.393411636352539062e-01 5.071735382080078125e-01 8.021377921104431152e-01
5.720748901367187500e+02 5.714974403381347656e-01 4.242117404937744141e+00 4.184889793395996094e-01 8.454465866088867188e-01 7.866805791854858398e-01
5.763884887695312500e+02 1.175402879714965820e+00 5.594207286834716797e+00 2.797718048095703125e+00 2.759382724761962891e+00 8.447265028953552246e-01
5.581430664062500000e+02 5.378569960594177246e-01 4.182352066040039062e+00 -5.268990993499755859e-01 -1.596927642822265625e-01 7.195096015930175781e-01
4.993149719238281250e+02 5.683081150054931641e-01 4.404753684997558594e+00 4.117894172668457031e-01 1.569056510925292969e-01 9.755318164825439453e-01
2.320284881591796875e+02 5.373049974441528320e-01 4.367856979370117188e+00 -4.158616065979003906e-02 5.412554740905761719e-01 1.274747967720031738e+00
