3.712130737304687500e+02 1.570391774177551270e+00 7.905462265014648438e+00 2.540621757507324219e+00 1.730456352233886719e+00 8.387498855590820312e-01
3.756029663085937500e+02 7.873204946517944336e-01 6.212783813476562500e+00 6.812453269958496094e-01 2.074623107910156250e-01 6.414044499397277832e-01
3.802834472656250000e+02 1.850413680076599121e+00 8.366456031799316406e+00 -8.809298515319824219e+00 -4.608509540557861328e+00 5.080614089965820312e-01
3.393447265625000000e+02 1.477028727531433105e+00 7.884388446807861328e+00 -1.065484285354614258e+00 -2.518677711486816406e-01 4.392285346984863281e-01
3.603354797363281250e+02 2.321267127990722656e+00 9.564656257629394531e+00 1.731933212280273438e+01 1.180264472961425781e+01 7.088648676872253418e-01
3.695970153808593750e+02 7.881991863250732422e-01 6.318727493286132812e+00 2.014889717102050781e+00 1.281056404113769531e+00 8.190202713012695312e-01
3.636258850097656250e+02 1.429859757423400879e+00 7.796112537384033203e+00 2.492711544036865234e+00 2.046990394592285156e+00 9.278237223625183105e-01
3.787213439941406250e+02 2.348092555999755859e+00 9.420001983642578125e+00 1.915362358093261719e+01 1.207002162933349609e+01 6.505693197250366211e-01
5.566747436523437500e+02 1.745896220207214355e+00 8.141825675964355469e+00 4.284837245941162109e+00 1.320838928222656250e+00 3.134518265724182129e-01
3.619677734375000000e+02 1.137363791465759277e+00 7.097020149230957031e+00 -9.420788288116455078e-01 -9.507393836975097656e-01 5.102515220642089844e-01
3.771908874511718750e+02 9.650111198425292969e-01 6.649472236633300781e+00 -3.712332248687744141e-01 -8.408117294311523438e-01 6.602681875228881836e-01
3.567370605468750000e+02 6.965888738632202148e-01 6.124598026275634766e+00 -6.182765960693359375e-01 -1.701581478118896484e-01 4.066945314407348633e-01
3.593207702636718750e+02 6.826898455619812012e-01 5.727564334869384766e+00 1.960334777832031250e+00 8.486533164978027344e-01 5.027852058410644531e-01
3.535838012695312500e+02 2.449238777160644531e+00 9.586170196533203125e+00 1.930677223205566406e+01 1.227171897888183594e+01 6.428140997886657715e-01
3.774053039550781250e+02 9.990074038505554199e-01 6.494764328002929688e+00 3.315973281860351562e-01 -6.824016571044921875e-02 7.771828174591064453e-01
3.574593200683593750e+02 7.233052849769592285e-01 6.184038639068603516e+00 6.004071235656738281e-01 1.655673980712890625e-01 8.743649125099182129e-01
3.646431579589843750e+02 5.260776281356811523e-01 5.895338535308837891e+00 -3.893387317657470703e-01 -5.827999114990234375e-01 5.696556568145751953e-01
3.781355590820312500e+02 5.393785238265991211e-01 5.928021907806396484e+00 -1.764714717864990234e-01 -2.556443214416503906e-01 5.711916685104370117e-01
3.654990234375000000e+02 2.318503141403198242e+00 9.601699829101562500e+00 1.892359733581542969e+01 1.145043563842773438e+01 6.128746867179870605e-01
3.561180419921875000e+02 5.171567797660827637e-01 5.800144672393798828e+00 -4.134249687194824219e-01 -6.236469745635986328e-01 7.118462324142456055e-01
3.524330749511718750e+02 2.140192985534667969e+00 9.104562759399414062e+00 1.805530357360839844e+01 1.213028717041015625e+01 6.748343706130981445e-01
3.653282470703125000e+02 6.628609895706176758e-01 6.023810386657714844e+00 9.463214874267578125e-01 4.500269889831542969e-01 9.534624814987182617e-01
3.614323120117187500e+02 6.708436012268066406e-01 6.126162528991699219e+00 -8.408844470977783203e-01 -8.729887008666992188e-01 6.893516778945922852e-01
3.679707641601562500e+02 6.495440006256103516e-01 5.943722724914550781e+00 -3.582286834716796875e-01 -6.681716442108154297e-01 6.055287122726440430e-01
3.765939331054687500e+02 6.556919813156127930e-01 5.809679031372070312e+00 -1.186608076095581055e+00 -8.934187889099121094e-01 8.295393586158752441e-01
3.760564270019531250e+02 7.390167713165283203e-01 6.200323581695556641e+00 3.607964515686035156e-01 5.095243453979492188e-02 6.528149843215942383e-01
3.752130432128906250e+02 7.671304345130920410e-01 6.295117855072021484e+00 6.537461280822753906e-01 2.123069763183593750e-01 6.592607498168945312e-01
3.765916442871093750e+02 8.775768280029296875e-01 6.369646549224853516e+00 -1.902526617050170898e+00 -1.815277338027954102e+00 7.705215215682983398e-01
3.537773437500000000e+02 6.866216063499450684e-01 6.048513412475585938e+00 -5.186057090759277344e-01 -3.933227062225341797e-01 3.574435710906982422e-01
3.519164428710937500e+02 1.372369289398193359e+00 7.390283584594726562e+00 3.485860824584960938e+00 1.706111431121826172e+00 5.140782594680786133e-01
3.653458251953125000e+02 6.303356289863586426e-01 5.960381984710693359e+00 -7.902634143829345703e-01 -1.036168336868286133e+00 8.643484711647033691e-01
3.706098937988281250e+02 1.022143959999084473e+00 6.712933063507080078e+00 -1.100690364837646484e+00 -1.189295053482055664e+00 7.468448877334594727e-01
3.744710388183593750e+02 7.695251107215881348e-01 6.471458435058593750e+00 -1.342818737030029297e+00 -1.290622949600219727e+00 7.551538944244384766e-01
3.665970458984375000e+02 1.781685113906860352e+00 8.016647338867187500e+00 -6.438545227050781250e+00 -5.180461406707763672e+00 7.780859470367431641e-01
3.743173217773437500e+02 1.810835719108581543e+00 8.235497474670410156e+00 -5.479146003723144531e+00 -4.617075920104980469e+00 8.297971487045288086e-01
3.758363037109375000e+02 1.907991766929626465e+00 8.565601348876953125e+00 -6.284384727478027344e+00 -5.897123813629150391e+00 8.942259550094604492e-01
3.747774353027343750e+02 7.237423062324523926e-01 6.073231697082519531e+00 8.848929405212402344e-01 8.960962295532226562e-02 3.756073713302612305e-01
3.749390869140625000e+02 1.513204216957092285e+00 7.743950843811035156e+00 -8.617389202117919922e-01 -5.503070354461669922e-01 4.760152101516723633e-01
3.472634277343750000e+02 1.716388344764709473e+00 7.969602108001708984e+00 -7.740150451660156250e+00 -5.367146492004394531e+00 6.665822267532348633e-01
3.630171813964843750e+02 6.005087494850158691e-01 5.783959865570068359e+00 -1.416682004928588867e+00 -8.703565597534179688e-01 5.561028718948364258e-01
3.749386901855468750e+02 6.742652058601379395e-01 6.015317916870117188e+00 -1.598408222198486328e+00 -1.169664859771728516e+00 6.320475339889526367e-01
3.654307250976562500e+02 8.373608589172363281e-01 6.169331073760986328e+00 1.047263145446777344e+00 4.490041732788085938e-01 5.801614522933959961e-01
3.724885559082031250e+02 5.920322537422180176e-01 5.817041397094726562e+00 -1.427820920944213867e+00 -1.129876375198364258e+00 6.173477768898010254e-01
3.698946533203125000e+02 2.022511959075927734e+00 8.852137565612792969e+00 -6.600719451904296875e+00 -5.278619766235351562e+00 7.908756732940673828e-01
3.678559875488281250e+02 2.365639686584472656e+00 9.547512054443359375e+00 1.819374847412109375e+01 1.064495563507080078e+01 6.024257540702819824e-01
3.696385498046875000e+02 5.918151736259460449e-01 5.816018104553222656e+00 1.650571823120117188e-02 -3.350877761840820312e-01 6.377839446067810059e-01
3.570664367675781250e+02 1.479496717453002930e+00 7.453866481781005859e+00 4.368996620178222656e-01 -8.147358894348144531e-02 5.858178734779357910e-01
3.789202575683593750e+02 1.758584499359130859e+00 8.451270103454589844e+00 -7.763928413391113281e+00 -6.464076995849609375e+00 7.711195945739746094e-01
3.682325439453125000e+02 6.904589533805847168e-01 6.041399478912353516e+00 1.458096504211425781e-01 -1.555836200714111328e-01 6.496325731277465820e-01
3.753178710937500000e+02 9.922122955322265625e-01 6.698095321655273438e+00 4.629850387573242188e-01 1.142048835754394531e-01 3.702974915504455566e-01
3.649754333496093750e+02 6.881552934646606445e-01 6.143821716308593750e+00 -3.079271316528320312e-01 -4.173874855041503906e-01 6.941897273063659668e-01
3.716052246093750000e+02 1.879862546920776367e+00 8.647498130798339844e+00 -6.360967159271240234e+00 -5.087285995483398438e+00 7.956272363662719727e-01
3.657400512695312500e+02 2.628664493560791016e+00 9.903984069824218750e+00 4.271554946899414062e-01 9.345293045043945312e-02 8.418467044830322266e-01
3.767621154785156250e+02 7.649331688880920410e-01 6.050674438476562500e+00 -1.192300319671630859e+00 -5.641818046569824219e-01 5.017509460449218750e-01
3.710630798339843750e+02 4.000837206840515137e-01 5.331264972686767578e+00 -6.718719005584716797e-01 -4.735720157623291016e-01 6.445755958557128906e-01
3.733674621582031250e+02 1.947370529174804688e+00 8.595476150512695312e+00 -3.128516674041748047e+00 -3.125182390213012695e+00 8.589594960212707520e-01
3.977302246093750000e+02 1.501129627227783203e+00 7.703213214874267578e+00 -7.217811584472656250e+00 -4.511827468872070312e+00 5.618560910224914551e-01
3.734600219726562500e+02 8.402277827262878418e-01 6.379642009735107422e+00 -2.477419376373291016e-01 -7.906210422515869141e-01 7.261253595352172852e-01
3.719494934082031250e+02 1.171128511428833008e+00 7.039166927337646484e+00 -1.994990110397338867e+00 -1.995296478271484375e+00 9.230411648750305176e-01
3.785529785156250000e+02 7.640721797943115234e-01 6.267034053802490234e+00 3.420495986938476562e-01 -3.854632377624511719e-02 5.765998959541320801e-01
3.510450439453125000e+02 1.695864796638488770e+00 8.214454650878906250e+00 3.315660953521728516e+00 1.730639934539794922e+00 6.443292498588562012e-01
3.638454284667968750e+02 1.268441915512084961e+00 7.231591224670410156e+00 -2.703628540039062500e+00 -2.566984891891479492e+00 7.912019491195678711e-01
3.792367553710937500e+02 5.075950622558593750e-01 5.779367923736572266e+00 5.102014541625976562e-01 1.006674766540527344e-01 8.414832353591918945e-01
3.737965698242187500e+02 7.092489004135131836e-01 6.256942272186279297e+00 -1.511102914810180664e+00 -1.393421888351440430e+00 6.101065874099731445e-01
3.819025268554687500e+02 3.477981090545654297e+00 1.162326145172119141e+01 1.991424751281738281e+01 1.720763969421386719e+01 8.675680160522460938e-01
3.727757873535156250e+02 6.323472857475280762e-01 5.791487693786621094e+00 -6.684339046478271484e-01 -8.214354515075683594e-01 7.516348958015441895e-01
3.586320495605468750e+02 2.196434497833251953e+00 9.242598533630371094e+00 1.818389701843261719e+01 1.109356117248535156e+01 6.197413802146911621e-01
3.722704772949218750e+02 1.751347541809082031e+00 8.240613937377929688e+00 -7.191971778869628906e+00 -7.244176864624023438e+00 9.250160455703735352e-01
3.732040100097656250e+02 8.764522671699523926e-01 6.510902881622314453e+00 1.284446716308593750e+00 5.982613563537597656e-01 5.619161725044250488e-01
3.624949645996093750e+02 2.566578388214111328e+00 9.785002708435058594e+00 -7.405443191528320312e+00 -3.123681545257568359e+00 4.298027753829956055e-01
3.516899108886718750e+02 1.721385478973388672e+00 8.076021194458007812e+00 -6.024690628051757812e+00 -4.124246597290039062e+00 6.883747577667236328e-01
3.687787170410156250e+02 2.823189020156860352e+00 9.874122619628906250e+00 1.858210754394531250e+01 1.218350410461425781e+01 6.723551750183105469e-01
3.629946594238281250e+02 7.059006094932556152e-01 5.865032196044921875e+00 2.236170768737792969e+00 1.018772125244140625e+00 5.577690601348876953e-01
3.648182983398437500e+02 1.280543327331542969e+00 7.313982963562011719e+00 -3.724082708358764648e+00 -4.560860633850097656e+00 1.070158600807189941e+00
3.644196166992187500e+02 8.742530345916748047e-01 6.564286708831787109e+00 -1.426430940628051758e+00 -1.222873926162719727e+00 5.477539300918579102e-01
3.751454467773437500e+02 2.362708568572998047e+00 9.431240081787109375e+00 1.877861022949218750e+01 1.043109130859375000e+01 5.632708072662353516e-01
3.635688781738281250e+02 2.368875741958618164e+00 9.345394134521484375e+00 1.824862289428710938e+01 1.257054805755615234e+01 6.969118118286132812e-01
3.714490661621093750e+02 1.142179250717163086e+00 6.594889163970947266e+00 -1.332402229309082031e-02 -1.475036144256591797e-01 6.000590920448303223e-01
3.771949768066406250e+02 2.358884811401367188e+00 9.307994842529296875e+00 -1.024611282348632812e+01 -6.419489383697509766e+00 6.076025366783142090e-01
3.669873352050781250e+02 6.258329153060913086e-01 5.990189552307128906e+00 3.544139862060546875e-01 -2.131414413452148438e-01 4.453923106193542480e-01
3.647942199707031250e+02 9.515312314033508301e-01 6.848234176635742188e+00 1.449525356292724609e+00 7.301545143127441406e-01 6.672043204307556152e-01
3.575916748046875000e+02 5.583433508872985840e-01 6.035190105438232422e+00 -9.626507759094238281e-02 -2.912473678588867188e-01 6.183410882949829102e-01
3.772533569335937500e+02 1.324342012405395508e+00 7.206786155700683594e+00 -2.914613485336303711e+00 -2.283798456192016602e+00 7.757951021194458008e-01
3.760483398437500000e+02 8.526063561439514160e-01 6.404647350311279297e+00 9.384465217590332031e-01 6.002855300903320312e-01 7.223381996154785156e-01
3.613292236328125000e+02 1.084086179733276367e+00 6.919620990753173828e+00 -4.476225376129150391e+00 -4.595142364501953125e+00 9.063135385513305664e-01
3.636784973144531250e+02 3.242861032485961914e-01 5.460302352905273438e+00 9.018254280090332031e-01 5.126476287841796875e-01 7.922276854515075684e-01
3.640978088378906250e+02 4.233724474906921387e-01 5.814304351806640625e+00 1.898477077484130859e+00 8.256673812866210938e-01 5.943250656127929688e-01
3.566953430175781250e+02 3.739777803421020508e-01 5.721355915069580078e+00 -3.053581714630126953e-01 -2.557754516601562500e-01 5.447641015052795410e-01
3.778563842773437500e+02 5.304083228111267090e-01 5.811376094818115234e+00 -7.915115356445312500e-01 -7.107341289520263672e-01 5.631204843521118164e-01
3.723028869628906250e+02 1.912038326263427734e+00 8.457252502441406250e+00 -5.201729774475097656e+00 -4.843610763549804688e+00 8.531538248062133789e-01
3.823695983886718750e+02 7.062938213348388672e-01 5.983263969421386719e+00 1.417577266693115234e+00 5.428075790405273438e-01 5.720925927162170410e-01
3.751494445800781250e+02 6.591543555259704590e-01 5.739964485168457031e+00 -4.297840595245361328e-01 -5.825161933898925781e-01 6.222808361053466797e-01
3.721420898437500000e+02 9.508596062660217285e-01 6.879325389862060547e+00 -6.556510925292968750e-04 -1.301169395446777344e-02 5.852699875831604004e-01
3.601003112792968750e+02 1.608133673667907715e+00 7.918556690216064453e+00 -4.050993919372558594e-01 -6.745100021362304688e-01 7.267192006111145020e-01
3.662942504882812500e+02 8.774407505989074707e-01 6.521362304687500000e+00 -5.785405635833740234e-01 -6.550014019012451172e-01 5.797796249389648438e-01
3.639031982421875000e+02 1.917540788650512695e+00 8.460168838500976562e+00 -4.832959175109863281e+00 -3.370422124862670898e+00 6.923928856849670410e-01
3.631830749511718750e+02 6.487802863121032715e-01 6.045160293579101562e+00 -1.018660068511962891e+00 -1.378855705261230469e+00 8.684599399566650391e-01
3.616690979003906250e+02 1.007254123687744141e+00 6.531132698059082031e+00 -1.535106897354125977e+00 -1.286206245422363281e+00 6.775394678115844727e-01
3.735875549316406250e+02 2.336334466934204102e+00 9.239645004272460938e+00 1.765301132202148438e+01 9.958799362182617188e+00 5.693364143371582031e-01
3.701650695800781250e+02 1.764198541641235352e+00 8.445789337158203125e+00 -6.648768424987792969e+00 -5.965507030487060547e+00 8.529230952262878418e-01
3.554466857910156250e+02 7.097665667533874512e-01 6.080181121826171875e+00 -8.803892135620117188e-01 -6.566941738128662109e-01 7.163595557212829590e-01
3.760955810546875000e+02 2.406022548675537109e+00 9.581993103027343750e+00 1.821150588989257812e+01 1.122520637512207031e+01 6.337729692459106445e-01
3.830111389160156250e+02 3.092910528182983398e+00 1.101740169525146484e+01 1.429061412811279297e+01 1.025638389587402344e+01 7.450531721115112305e-01
3.631112670898437500e+02 2.482435464859008789e+00 9.852028846740722656e+00 1.902959442138671875e+01 1.215594482421875000e+01 6.605445146560668945e-01
3.645249633789062500e+02 2.350682735443115234e+00 9.400255203247070312e+00 -3.763364553451538086e+00 -2.656564712524414062e+00 6.709991693496704102e-01
3.665487060546875000e+02 1.790337204933166504e+00 8.477808952331542969e+00 -8.152086257934570312e+00 -5.766206741333007812e+00 6.855882406234741211e-01
3.569309082031250000e+02 5.637941360473632812e-01 5.799085617065429688e+00 -1.751389503479003906e+00 -1.688610315322875977e+00 7.362304925918579102e-01
3.673964843750000000e+02 1.583394765853881836e+00 8.014692306518554688e+00 -6.695058345794677734e+00 -5.301241874694824219e+00 7.200514674186706543e-01
3.667965393066406250e+02 7.525640726089477539e-01 6.112332344055175781e+00 1.007816791534423828e+00 3.017234802246093750e-01 6.522092223167419434e-01
3.598047790527343750e+02 8.816033601760864258e-01 6.449319839477539062e+00 -2.389817237854003906e+00 -1.314612627029418945e+00 5.232515931129455566e-01
3.754800415039062500e+02 1.860706567764282227e+00 8.283796310424804688e+00 -5.356984138488769531e+00 -4.826495647430419922e+00 8.733692169189453125e-01
3.817629699707031250e+02 8.641605973243713379e-01 6.345256805419921875e+00 1.403496265411376953e+00 8.254837989807128906e-01 6.870040297508239746e-01
3.738903198242187500e+02 2.309157609939575195e+00 9.325790405273437500e+00 1.878703308105468750e+01 1.180330085754394531e+01 6.462023258209228516e-01
3.772181396484375000e+02 1.006645083427429199e+00 6.406471252441406250e+00 -2.647387981414794922e+00 -2.327548265457153320e+00 7.935010194778442383e-01
3.756622924804687500e+02 8.998100161552429199e-01 6.646409511566162109e+00 -1.940214633941650391e-01 -3.609514236450195312e-01 6.420899629592895508e-01
3.689955139160156250e+02 8.200956583023071289e-01 6.296014308929443359e+00 8.923578262329101562e-01 4.689884185791015625e-01 6.503008604049682617e-01
3.994443054199218750e+02 7.520412206649780273e-01 6.041355133056640625e+00 1.517398357391357422e+00 1.069226264953613281e+00 7.557731866836547852e-01
3.655935668945312500e+02 8.488982915878295898e-01 6.265466690063476562e+00 -1.006841659545898438e-01 -3.890573978424072266e-01 3.933072686195373535e-01
3.653525695800781250e+02 7.337939739227294922e-01 6.089117050170898438e+00 4.523921012878417969e-01 1.647448539733886719e-01 7.289373278617858887e-01
3.710498657226562500e+02 2.334637641906738281e+00 9.289878845214843750e+00 -1.051959609985351562e+01 -8.344381332397460938e+00 7.361572980880737305e-01
3.774340209960937500e+02 1.830552816390991211e+00 8.425069808959960938e+00 -8.552440643310546875e+00 -7.824231147766113281e+00 8.916043639183044434e-01
3.629204406738281250e+02 7.646765708923339844e-01 6.020620346069335938e+00 -7.079827785491943359e-01 -6.754410266876220703e-01 7.037573456764221191e-01
3.665323181152343750e+02 1.869540333747863770e+00 8.596687316894531250e+00 -7.366600036621093750e+00 -6.174086570739746094e+00 7.996580600738525391e-01
3.506882324218750000e+02 7.409202456474304199e-01 6.433289051055908203e+00 2.131247520446777344e-01 -3.506875038146972656e-01 5.892703533172607422e-01
3.742070312500000000e+02 6.225758194923400879e-01 5.986422538757324219e+00 8.128023147583007812e-01 3.343248367309570312e-01 8.699489831924438477e-01
3.725572814941406250e+02 6.060507297515869141e-01 5.967712879180908203e+00 -3.938567638397216797e-01 -5.240643024444580078e-01 5.339157581329345703e-01
3.585184936523437500e+02 9.297930002212524414e-01 6.531975746154785156e+00 -2.909970283508300781e+00 -1.924463510513305664e+00 5.162627696990966797e-01
3.739580078125000000e+02 2.378557205200195312e+00 9.533479690551757812e+00 1.902986335754394531e+01 1.233062744140625000e+01 6.508768200874328613e-01
3.592050476074218750e+02 6.956218481063842773e-01 6.357776165008544922e+00 6.508874893188476562e-01 1.139736175537109375e-01 5.806704759597778320e-01
3.783659667968750000e+02 2.273796558380126953e+00 9.220390319824218750e+00 1.801489257812500000e+01 1.097352504730224609e+01 6.233204007148742676e-01
3.653176879882812500e+02 2.169551372528076172e+00 8.939888000488281250e+00 1.712457466125488281e+01 1.094459056854248047e+01 6.478505730628967285e-01
3.640858764648437500e+02 1.881004095077514648e+00 8.466137886047363281e+00 -6.931705474853515625e+00 -5.757125854492187500e+00 7.777733802795410156e-01
3.588149414062500000e+02 1.824695229530334473e+00 8.453956604003906250e+00 -6.869986057281494141e+00 -4.229727745056152344e+00 5.572178959846496582e-01
3.660858154296875000e+02 8.478184342384338379e-01 6.658158302307128906e+00 -1.713765859603881836e+00 -1.986286640167236328e+00 7.780551314353942871e-01
3.661756286621093750e+02 1.885175824165344238e+00 8.619550704956054688e+00 -6.808309555053710938e+00 -6.154434680938720703e+00 8.562802672386169434e-01
3.622037963867187500e+02 7.184495925903320312e-01 6.222929477691650391e+00 -8.473336696624755859e-01 -6.008374691009521484e-01 5.304416418075561523e-01
3.697901306152343750e+02 9.439731240272521973e-01 6.426681518554687500e+00 -7.532238960266113281e-02 -4.379963874816894531e-01 6.705815792083740234e-01
3.647270507812500000e+02 7.485289573669433594e-01 6.226940631866455078e+00 2.297282218933105469e-01 -1.071333885192871094e-01 6.944006085395812988e-01
3.753155212402343750e+02 2.334915161132812500e+00 9.226180076599121094e+00 -5.446072578430175781e+00 -3.749177455902099609e+00 6.434308886528015137e-01
3.748993835449218750e+02 3.925522565841674805e-01 5.455774307250976562e+00 -8.077132701873779297e-01 -1.163736581802368164e+00 9.611182212829589844e-01
3.684209594726562500e+02 9.430906772613525391e-01 6.418884754180908203e+00 -1.021231412887573242e+00 -1.146795749664306641e+00 7.224420309066772461e-01
3.767568359375000000e+02 6.347644925117492676e-01 5.874665737152099609e+00 -6.339657306671142578e-01 -8.463060855865478516e-01 6.498845815658569336e-01
3.782294311523437500e+02 6.627671122550964355e-01 6.108083248138427734e+00 9.521269798278808594e-01 1.437425613403320312e-02 6.547090411186218262e-01
3.715046691894531250e+02 1.102833032608032227e+00 6.782419681549072266e+00 8.220887184143066406e-01 2.343821525573730469e-01 6.603742241859436035e-01
3.728275451660156250e+02 1.663542032241821289e+00 8.280983924865722656e+00 3.200602531433105469e+00 1.237990856170654297e+00 5.583716630935668945e-01
3.630863647460937500e+02 1.656869769096374512e+00 8.044647216796875000e+00 -6.644844055175781250e+00 -5.866765022277832031e+00 8.559436202049255371e-01
3.639616088867187500e+02 5.800088047981262207e-01 5.921580314636230469e+00 -7.795798778533935547e-01 -3.283822536468505859e-01 4.804908633232116699e-01
3.744772644042968750e+02 2.418053865432739258e+00 9.748077392578125000e+00 1.877579689025878906e+01 1.133416366577148438e+01 6.063451766967773438e-01
3.831563110351562500e+02 8.262042999267578125e-01 6.347257614135742188e+00 -9.017848968505859375e-01 -9.205961227416992188e-01 5.627065300941467285e-01
3.676592407226562500e+02 1.524250268936157227e+00 7.872088909149169922e+00 -7.099330425262451172e-01 -8.243894577026367188e-01 7.913832664489746094e-01
3.748790893554687500e+02 8.455832600593566895e-01 6.342740058898925781e+00 -9.874522686004638672e-01 -7.445025444030761719e-01 4.580473303794860840e-01
3.775916137695312500e+02 6.683273315429687500e-01 5.938586235046386719e+00 -4.344391822814941406e-01 -7.609939575195312500e-01 8.669425249099731445e-01
3.570711059570312500e+02 6.785022020339965820e-01 5.963660240173339844e+00 6.555485725402832031e-01 1.503944396972656250e-02 5.283247232437133789e-01
3.762088623046875000e+02 2.440437316894531250e+00 9.723423004150390625e+00 1.693266105651855469e+01 1.090724468231201172e+01 6.768732666969299316e-01
3.663907775878906250e+02 6.621417999267578125e-01 5.865707397460937500e+00 -1.388808488845825195e+00 -9.958577156066894531e-01 6.055309772491455078e-01
3.625305175781250000e+02 9.643017649650573730e-01 6.578518867492675781e+00 -2.144247293472290039e+00 -1.397480964660644531e+00 5.319457650184631348e-01
3.812813720703125000e+02 8.433060646057128906e-01 6.572927951812744141e+00 -1.268398761749267578e-01 -2.866363525390625000e-01 7.125011086463928223e-01
3.760774841308593750e+02 1.703053832054138184e+00 8.248973846435546875e+00 -8.648653030395507812e+00 -5.118741035461425781e+00 5.788141489028930664e-01
3.621656494140625000e+02 2.650559186935424805e+00 1.020813369750976562e+01 1.806099319458007812e+01 1.307087135314941406e+01 7.172999382019042969e-01
3.637456054687500000e+02 2.286561965942382812e+00 9.413893699645996094e+00 1.847166252136230469e+01 1.129961967468261719e+01 6.204566955566406250e-01
3.563918457031250000e+02 5.876216292381286621e-01 5.939847469329833984e+00 -5.956280231475830078e-01 -2.953410148620605469e-01 4.448513984680175781e-01
3.604159240722656250e+02 6.703731417655944824e-01 5.974301815032958984e+00 -4.579365253448486328e-01 -4.815959930419921875e-01 6.089041233062744141e-01
3.675594787597656250e+02 2.436271190643310547e+00 9.360544204711914062e+00 1.868369102478027344e+01 1.132564353942871094e+01 6.318253278732299805e-01
3.838981628417968750e+02 1.861308455467224121e+00 8.621516227722167969e+00 -7.200635910034179688e+00 -5.321746826171875000e+00 6.987654566764831543e-01
3.659353637695312500e+02 1.815121173858642578e+00 8.504697799682617188e+00 -6.621954441070556641e+00 -5.712480545043945312e+00 8.007568120956420898e-01
3.665087280273437500e+02 7.936801910400390625e-01 6.422036170959472656e+00 -1.688833236694335938e+00 -2.093132734298706055e+00 9.700567722320556641e-01
3.662185058593750000e+02 8.805111646652221680e-01 6.673670768737792969e+00 -5.418884754180908203e-01 -6.963574886322021484e-01 8.083181977272033691e-01
3.642218933105468750e+02 7.547845840454101562e-01 6.053059577941894531e+00 -8.046174049377441406e-01 -8.149969577789306641e-01 6.085007190704345703e-01
3.512240295410156250e+02 9.299449920654296875e-01 6.764328002929687500e+00 7.654690742492675781e-01 3.047251701354980469e-01 6.267913579940795898e-01
3.635739440917968750e+02 6.274077296257019043e-01 5.975020885467529297e+00 2.038099765777587891e+00 1.457400321960449219e+00 7.801468372344970703e-01
3.544646911621093750e+02 1.190788030624389648e+00 7.139814376831054688e+00 -3.138875961303710938e-01 -6.845104694366455078e-01 8.365278840065002441e-01
3.583386230468750000e+02 2.290611028671264648e+00 9.236841201782226562e+00 1.814386558532714844e+01 1.129320144653320312e+01 6.358500719070434570e-01
3.634203796386718750e+02 2.257149696350097656e+00 9.187353134155273438e+00 1.967188262939453125e+01 1.167384624481201172e+01 6.082055568695068359e-01
3.575394592285156250e+02 9.041821956634521484e-01 6.310750484466552734e+00 -6.420993804931640625e-01 -7.265293598175048828e-01 5.387809276580810547e-01
3.724701538085937500e+02 2.216447353363037109e+00 9.179277420043945312e+00 1.874466133117675781e+01 1.078486919403076172e+01 5.799847245216369629e-01
3.696413574218750000e+02 2.269118309020996094e+00 9.299550056457519531e+00 1.879916763305664062e+01 1.099631786346435547e+01 6.088644266128540039e-01
3.821328430175781250e+02 7.307553887367248535e-01 6.219665527343750000e+00 -9.987378120422363281e-01 -9.233784675598144531e-01 7.695391178131103516e-01
3.563877563476562500e+02 5.942416787147521973e-01 5.978932857513427734e+00 -1.411199569702148438e-01 -2.832758426666259766e-01 8.614244461059570312e-01
3.831422729492187500e+02 7.145655751228332520e-01 6.130755424499511719e+00 -8.080363273620605469e-01 -4.804670810699462891e-01 5.610395669937133789e-01
3.623345031738281250e+02 5.650216937065124512e-01 5.898315906524658203e+00 -1.621234416961669922e+00 -1.263246536254882812e+00 6.769455075263977051e-01
3.786682128906250000e+02 1.771750569343566895e+00 8.245273590087890625e+00 -7.217186927795410156e+00 -4.801405906677246094e+00 6.637068986892700195e-01
3.547757263183593750e+02 6.249776482582092285e-01 5.886559009552001953e+00 -1.458160877227783203e+00 -8.645486831665039062e-01 5.230944752693176270e-01
3.621608886718750000e+02 1.649758696556091309e+00 7.989321708679199219e+00 -4.696797370910644531e+00 -4.280235767364501953e+00 8.882012367248535156e-01
3.596450500488281250e+02 5.016371607780456543e-01 5.516099452972412109e+00 5.107831954956054688e-01 3.009843826293945312e-01 6.062031388282775879e-01
3.843911743164062500e+02 7.177105545997619629e-01 6.125460147857666016e+00 -1.068562269210815430e+00 -6.873345375061035156e-01 5.914463996887207031e-01
3.665458679199218750e+02 6.575584411621093750e-01 6.034853458404541016e+00 -1.646468639373779297e+00 -1.155583858489990234e+00 5.912754535675048828e-01
3.644233703613281250e+02 7.765859365463256836e-01 6.231038570404052734e+00 -1.510398387908935547e+00 -1.209110021591186523e+00 6.018414497375488281e-01
3.569189758300781250e+02 6.335576772689819336e-01 5.917836666107177734e+00 -4.397845268249511719e-01 -7.705283164978027344e-01 7.618001699447631836e-01
3.778104858398437500e+02 2.413420438766479492e+00 9.529973983764648438e+00 1.814389419555664062e+01 1.146841049194335938e+01 6.405179500579833984e-01
3.770896911621093750e+02 2.073934316635131836e+00 9.000830650329589844e+00 -6.677450180053710938e+00 -5.125817298889160156e+00 7.283678650856018066e-01
3.439922485351562500e+02 2.239573478698730469e+00 9.372509956359863281e+00 -1.290613937377929688e+01 -6.981155872344970703e+00 5.460048317909240723e-01
3.667256774902343750e+02 1.817606687545776367e+00 8.353052139282226562e+00 -6.673970222473144531e+00 -6.171678543090820312e+00 8.979322910308837891e-01
3.583675231933593750e+02 8.482581377029418945e-01 6.338708400726318359e+00 1.364946365356445312e+00 5.953073501586914062e-01 6.651114821434020996e-01
3.544975280761718750e+02 8.507080674171447754e-01 6.367033004760742188e+00 -2.390146255493164062e-02 -2.076709270477294922e-01 4.163850843906402588e-01
3.543099975585937500e+02 6.848368644714355469e-01 6.010724544525146484e+00 -8.711004257202148438e-01 -1.003706455230712891e+00 6.447458267211914062e-01
3.749907531738281250e+02 1.818895936012268066e+00 8.352304458618164062e+00 -7.010815143585205078e+00 -5.403061866760253906e+00 7.417560815811157227e-01
3.745252380371093750e+02 2.293085813522338867e+00 9.221429824829101562e+00 1.820694160461425781e+01 1.137031555175781250e+01 6.482192873954772949e-01
3.661611328125000000e+02 5.766372680664062500e-01 5.816074848175048828e+00 -3.543961048126220703e-01 -6.834626197814941406e-01 7.575085163116455078e-01
3.320705871582031250e+02 5.559851527214050293e-01 5.891511440277099609e+00 2.806234359741210938e-01 2.580165863037109375e-02 3.918144702911376953e-01
3.684551391601562500e+02 2.268315792083740234e+00 9.120398521423339844e+00 -6.252259254455566406e+00 -3.314968347549438477e+00 4.785941839218139648e-01
3.719464416503906250e+02 8.664120435714721680e-01 6.604603767395019531e+00 -9.213221073150634766e-01 -1.062378883361816406e+00 8.722811937332153320e-01
3.513792114257812500e+02 1.777754068374633789e+00 8.423134803771972656e+00 3.410081863403320312e+00 2.114906311035156250e+00 6.385370492935180664e-01
3.694161682128906250e+02 2.314204216003417969e+00 9.583535194396972656e+00 1.794622039794921875e+01 1.213205528259277344e+01 6.853150129318237305e-01
3.737219238281250000e+02 8.662101626396179199e-01 6.592640876770019531e+00 2.160215377807617188e-01 -1.296901702880859375e-01 4.528933167457580566e-01
3.747319946289062500e+02 7.425955533981323242e-01 6.220923423767089844e+00 5.101275444030761719e-01 1.738905906677246094e-01 4.314309358596801758e-01
3.723790893554687500e+02 2.023523092269897461e+00 8.725811004638671875e+00 1.138808727264404297e+00 4.103875160217285156e-01 6.833459138870239258e-01
3.749726867675781250e+02 2.301667213439941406e+00 9.398913383483886719e+00 1.871605110168457031e+01 1.129049491882324219e+01 6.251370906829833984e-01
3.676543273925781250e+02 8.681409955024719238e-01 6.492178440093994141e+00 -6.463503837585449219e-01 -4.562294483184814453e-01 6.402355432510375977e-01
3.713893432617187500e+02 6.796051263809204102e-01 6.056881427764892578e+00 -8.697032928466796875e-01 -6.460058689117431641e-01 6.087218523025512695e-01
3.636163330078125000e+02 2.219181299209594727e+00 9.458233833312988281e+00 1.746553611755371094e+01 1.159016132354736328e+01 6.814863681793212891e-01
3.588109741210937500e+02 7.845476269721984863e-01 6.186611175537109375e+00 -6.589794158935546875e-01 -7.613468170166015625e-01 8.223014473915100098e-01
3.671759033203125000e+02 2.419651746749877930e+00 9.321369171142578125e+00 1.885396003723144531e+01 1.162277221679687500e+01 6.416798830032348633e-01
3.570443420410156250e+02 1.946117401123046875e+00 8.714633941650390625e+00 -6.386449337005615234e+00 -5.522590637207031250e+00 8.055782914161682129e-01
3.782640075683593750e+02 7.478117346763610840e-01 6.031411647796630859e+00 -1.586788892745971680e+00 -1.681203842163085938e+00 7.716122269630432129e-01
3.741501770019531250e+02 2.472568511962890625e+00 9.543766975402832031e+00 1.913718986511230469e+01 1.163657188415527344e+01 6.295970082283020020e-01
3.660260009765625000e+02 1.696138739585876465e+00 8.244998931884765625e+00 -5.888407230377197266e+00 -6.266302108764648438e+00 9.885412454605102539e-01
3.629673156738281250e+02 2.225609779357910156e+00 9.325445175170898438e+00 1.722908973693847656e+01 1.209100246429443359e+01 7.090869545936584473e-01
3.798950805664062500e+02 1.878307938575744629e+00 8.504835128784179688e+00 4.120571613311767578e+00 2.346572875976562500e+00 5.952886343002319336e-01
3.528129577636718750e+02 1.821817040443420410e+00 8.247683525085449219e+00 -7.246527671813964844e+00 -5.128475189208984375e+00 6.852687597274780273e-01
3.681443786621093750e+02 7.954649329185485840e-01 6.133593082427978516e+00 -1.245665550231933594e+00 -6.503355503082275391e-01 3.774150013923645020e-01
3.695519409179687500e+02 3.450183391571044922e+00 1.145496845245361328e+01 1.978115081787109375e+01 1.751840782165527344e+01 9.082779288291931152e-01
3.693662414550781250e+02 1.705345511436462402e+00 8.027313232421875000e+00 -6.975909233093261719e+00 -5.944725036621093750e+00 7.955560088157653809e-01
3.529846801757812500e+02 8.815686702728271484e-01 6.604687690734863281e+00 -7.403802871704101562e-01 -4.798245429992675781e-01 5.210583209991455078e-01
3.677391052246093750e+02 6.805383563041687012e-01 6.274930477142333984e+00 -5.745792388916015625e-01 -4.352605342864990234e-01 5.023251175880432129e-01
3.747984924316406250e+02 8.797830343246459961e-01 6.314526557922363281e+00 -1.512157917022705078e+00 -1.208363771438598633e+00 8.017110228538513184e-01
3.731891784667968750e+02 1.464566469192504883e+00 7.857018947601318359e+00 -5.799639225006103516e+00 -4.621744155883789062e+00 7.558655142784118652e-01
3.790439147949218750e+02 6.940103769302368164e-01 6.250065326690673828e+00 -9.465467929840087891e-01 -9.542262554168701172e-01 6.930733323097229004e-01
3.699407958984375000e+02 6.131342649459838867e-01 5.947997093200683594e+00 -1.465555429458618164e+00 -8.075237274169921875e-01 5.810756683349609375e-01
3.548904724121093750e+02 7.407101392745971680e-01 6.281227588653564453e+00 -4.155361652374267578e-01 -1.843225955963134766e-01 3.768944740295410156e-01
3.691395874023437500e+02 6.274145245552062988e-01 6.309168815612792969e+00 -5.469679832458496094e-01 -4.061019420623779297e-01 6.337288618087768555e-01
3.639107360839843750e+02 7.861481904983520508e-01 6.115189552307128906e+00 -1.019493341445922852e+00 -1.150951385498046875e+00 7.983363270759582520e-01
3.626910400390625000e+02 1.130226969718933105e+00 6.917136669158935547e+00 -3.248106241226196289e+00 -2.609403133392333984e+00 7.838064432144165039e-01
3.639465332031250000e+02 8.900224566459655762e-01 6.429906368255615234e+00 1.005167961120605469e+00 2.920365333557128906e-01 6.413781642913818359e-01
3.832720642089843750e+02 1.397753715515136719e+00 7.669380664825439453e+00 -4.368853569030761719e-01 -4.910147190093994141e-01 5.771697163581848145e-01
3.650978393554687500e+02 1.643007755279541016e+00 8.054128646850585938e+00 -8.290328025817871094e+00 -6.427419185638427734e+00 7.391595840454101562e-01
3.514801025390625000e+02 1.803063392639160156e+00 8.279731750488281250e+00 -7.311732769012451172e+00 -4.056069850921630859e+00 5.087195038795471191e-01
3.646286926269531250e+02 4.747743010520935059e-01 5.652694702148437500e+00 -1.435824632644653320e+00 -1.174237728118896484e+00 7.420010566711425781e-01
4.001104431152343750e+02 4.161095619201660156e-01 5.490427494049072266e+00 -1.105854511260986328e+00 -9.346091747283935547e-01 4.293832480907440186e-01
3.705132751464843750e+02 1.621511816978454590e+00 8.101711273193359375e+00 1.790564060211181641e+00 5.480003356933593750e-01 5.645312070846557617e-01
3.672011718750000000e+02 1.806140065193176270e+00 8.379516601562500000e+00 -7.283270359039306641e+00 -6.126665115356445312e+00 8.112045526504516602e-01
4.022835388183593750e+02 2.482449769973754883e+00 9.667148590087890625e+00 -8.455862998962402344e+00 -5.135569572448730469e+00 5.956665873527526855e-01
3.770944824218750000e+02 2.405402421951293945e+00 9.552882194519042969e+00 1.879055976867675781e+01 1.183657455444335938e+01 6.440233588218688965e-01
3.643382873535156250e+02 1.810114026069641113e+00 8.531752586364746094e+00 -7.233278751373291016e+00 -5.823733806610107422e+00 7.767903804779052734e-01
3.627822570800781250e+02 2.292659521102905273e+00 9.215640068054199219e+00 1.860414886474609375e+01 1.073252201080322266e+01 5.806067585945129395e-01
3.653258666992187500e+02 1.705550432205200195e+00 8.142765045166015625e+00 -8.095669746398925781e+00 -7.889821529388427734e+00 9.213355779647827148e-01
3.682498474121093750e+02 1.681941628456115723e+00 8.209728240966796875e+00 -7.193622589111328125e+00 -6.192185878753662109e+00 8.247222900390625000e-01
3.876589050292968750e+02 8.094612360000610352e-01 6.196327209472656250e+00 1.528022289276123047e+00 9.946179389953613281e-01 7.489288449287414551e-01
5.486904296875000000e+02 1.871318459510803223e+00 8.487166404724121094e+00 -8.055019378662109375e-01 -6.768536567687988281e-01 4.565308690071105957e-01
3.664643554687500000e+02 1.806752681732177734e+00 8.245844841003417969e+00 -5.170869827270507812e+00 -3.747718334197998047e+00 6.549186706542968750e-01
3.619344787597656250e+02 1.055880784988403320e+00 6.803369522094726562e+00 6.880927085876464844e-01 4.128932952880859375e-01 7.021367549896240234e-01
3.653566284179687500e+02 1.852624535560607910e+00 8.671857833862304688e+00 -6.576424598693847656e+00 -4.751276016235351562e+00 6.771578788757324219e-01
3.576367797851562500e+02 4.429164528846740723e-01 5.553541660308837891e+00 6.215095520019531250e-01 3.073072433471679688e-01 7.804311513900756836e-01
3.754634704589843750e+02 9.377981424331665039e-01 6.582006454467773438e+00 7.198572158813476562e-02 -3.443515300750732422e-01 6.786186695098876953e-01
3.655602722167968750e+02 1.647707343101501465e+00 8.099430084228515625e+00 2.384955883026123047e+00 1.461284160614013672e+00 6.247323751449584961e-01
3.831563110351562500e+02 8.262042999267578125e-01 6.347257614135742188e+00 -9.017848968505859375e-01 -9.205961227416992188e-01 5.627065300941467285e-01
3.758284606933593750e+02 8.173009753227233887e-01 6.375845432281494141e+00 -1.645607948303222656e+00 -1.270073652267456055e+00 6.217570304870605469e-01
3.793675231933593750e+02 6.147863268852233887e-01 5.886735916137695312e+00 -1.029107570648193359e+00 -9.225547313690185547e-01 6.220114231109619141e-01
3.653659667968750000e+02 8.193265795707702637e-01 6.341366291046142578e+00 2.948081493377685547e+00 1.741600036621093750e+00 6.355144977569580078e-01
3.550028381347656250e+02 6.957062482833862305e-01 5.955486297607421875e+00 1.789450645446777344e-01 -1.771199703216552734e-01 4.766853451728820801e-01
3.698568420410156250e+02 1.810880064964294434e+00 8.309624671936035156e+00 -6.648404598236083984e+00 -5.267053604125976562e+00 7.591041326522827148e-01
3.659499816894531250e+02 2.029222011566162109e+00 8.784462928771972656e+00 1.906591224670410156e+01 1.130050659179687500e+01 6.066771745681762695e-01
3.656671142578125000e+02 2.339299678802490234e+00 9.538839340209960938e+00 1.901747512817382812e+01 1.167658042907714844e+01 6.188985109329223633e-01
3.792639770507812500e+02 8.797653317451477051e-01 6.540987968444824219e+00 4.841804504394531250e-02 -1.376080513000488281e-01 8.135589957237243652e-01
4.712286376953125000e+02 9.477537870407104492e-01 6.733281612396240234e+00 1.275253295898437500e+00 5.456304550170898438e-01 5.211847424507141113e-01
3.933656311035156250e+02 1.444548964500427246e+00 7.775836467742919922e+00 -1.951260566711425781e+00 -9.950816631317138672e-01 5.537673234939575195e-01
3.768522949218750000e+02 2.215200185775756836e+00 9.271024703979492188e+00 1.954855346679687500e+01 1.191261482238769531e+01 6.257612109184265137e-01
3.550715942382812500e+02 8.891662955284118652e-01 6.498225212097167969e+00 -4.170894622802734375e-02 -1.112449169158935547e-01 6.828758120536804199e-01
3.753416442871093750e+02 3.786465406417846680e+00 1.248514080047607422e+01 9.238991737365722656e+00 4.945292472839355469e+00 5.586605072021484375e-01
3.878495788574218750e+02 1.822320222854614258e+00 8.360967636108398438e+00 -6.825443267822265625e+00 -4.794059753417968750e+00 6.912922859191894531e-01
3.740601196289062500e+02 2.390038967132568359e+00 9.502783775329589844e+00 1.741610336303710938e+01 1.221501350402832031e+01 7.347457408905029297e-01
3.564494628906250000e+02 6.457370519638061523e-01 5.774963378906250000e+00 3.552722930908203125e-01 -2.135288715362548828e-01 8.391981124877929688e-01
3.623913879394531250e+02 1.834105491638183594e+00 8.406218528747558594e+00 -6.945452690124511719e+00 -5.534506797790527344e+00 7.698280811309814453e-01
3.759821166992187500e+02 1.865083575248718262e+00 8.529481887817382812e+00 -3.168076276779174805e+00 -2.012547254562377930e+00 6.184733510017395020e-01
3.686932067871093750e+02 7.416812777519226074e-01 6.356483936309814453e+00 -8.481943607330322266e-01 -7.601821422576904297e-01 7.132450342178344727e-01
3.692841491699218750e+02 8.752921223640441895e-01 6.485505104064941406e+00 1.675097942352294922e+00 1.230163574218750000e+00 9.204142093658447266e-01
3.762010803222656250e+02 1.007049918174743652e+00 6.863900184631347656e+00 -1.566807031631469727e+00 -1.461070775985717773e+00 7.460999488830566406e-01
3.578716735839843750e+02 1.792019486427307129e+00 8.259273529052734375e+00 -7.321177482604980469e+00 -6.395516395568847656e+00 8.290523290634155273e-01
3.807660217285156250e+02 1.581825494766235352e+00 7.598891735076904297e+00 6.284141540527343750e-01 2.575159072875976562e-01 7.441674470901489258e-01
3.711150817871093750e+02 1.724421381950378418e+00 8.169929504394531250e+00 -5.694526672363281250e+00 -5.066794395446777344e+00 7.977529764175415039e-01
3.708981628417968750e+02 1.975002646446228027e+00 8.550329208374023438e+00 -6.417769432067871094e+00 -5.385962486267089844e+00 8.067976832389831543e-01
3.661123352050781250e+02 7.686839699745178223e-01 6.228378295898437500e+00 -2.370238304138183594e-02 -2.541816234588623047e-01 6.258777379989624023e-01
3.572467956542968750e+02 3.277860283851623535e-01 5.401612281799316406e+00 -7.941019535064697266e-01 -5.124604701995849609e-01 4.585131406784057617e-01
3.641257629394531250e+02 1.166376352310180664e+00 6.998068809509277344e+00 -2.640273571014404297e+00 -3.064727783203125000e+00 9.050842523574829102e-01
3.752131958007812500e+02 8.655760884284973145e-01 6.436214447021484375e+00 8.984971046447753906e-01 3.034067153930664062e-01 6.497150659561157227e-01
3.604726867675781250e+02 8.573792576789855957e-01 6.356908321380615234e+00 7.202172279357910156e-01 1.622486114501953125e-01 6.562609076499938965e-01
3.765975036621093750e+02 1.735596537590026855e+00 8.309072494506835938e+00 -6.692456245422363281e+00 -4.575641155242919922e+00 6.509821414947509766e-01
3.848491821289062500e+02 6.072943806648254395e-01 5.876121044158935547e+00 3.841829299926757812e-01 -1.581799983978271484e-01 7.069517374038696289e-01
3.820611572265625000e+02 9.467440247535705566e-01 6.617583274841308594e+00 -2.164195775985717773e+00 -1.117905378341674805e+00 4.863007664680480957e-01
3.759923706054687500e+02 1.880015254020690918e+00 8.458888053894042969e+00 -7.587889671325683594e+00 -6.099960803985595703e+00 7.829162478446960449e-01
3.752964782714843750e+02 5.902587771415710449e-01 6.042429924011230469e+00 2.038097381591796875e-01 7.765293121337890625e-02 6.805101633071899414e-01
3.561496887207031250e+02 4.306619763374328613e-01 5.479704380035400391e+00 4.205560684204101562e-01 9.432792663574218750e-02 6.444665789604187012e-01
3.751280517578125000e+02 2.398148298263549805e+00 9.458326339721679688e+00 1.775528144836425781e+01 1.096995162963867188e+01 6.322587132453918457e-01
3.695226745605468750e+02 4.350284337997436523e-01 5.518749713897705078e+00 -3.100299835205078125e-01 -2.571177482604980469e-01 7.834379673004150391e-01
3.599170837402343750e+02 7.618906497955322266e-01 6.403464794158935547e+00 -1.015919446945190430e+00 -1.175043582916259766e+00 8.171216249465942383e-01
3.752554626464843750e+02 9.687134623527526855e-01 6.657881259918212891e+00 -1.541819572448730469e+00 -9.005463123321533203e-01 4.965952336788177490e-01
3.613292236328125000e+02 1.084086179733276367e+00 6.919620990753173828e+00 -4.476225376129150391e+00 -4.595142364501953125e+00 9.063135385513305664e-01
3.761370239257812500e+02 7.866692543029785156e-01 6.320019721984863281e+00 -1.821573972702026367e+00 -1.379258632659912109e+00 6.350592374801635742e-01
3.772909851074218750e+02 1.077896714210510254e+00 6.951640605926513672e+00 2.299094200134277344e-01 1.178264617919921875e-01 6.235129237174987793e-01
3.775855407714843750e+02 1.725422024726867676e+00 8.088339805603027344e+00 -7.963473796844482422e+00 -3.802920579910278320e+00 4.934360384941101074e-01
3.569523315429687500e+02 1.810372948646545410e+00 8.451721191406250000e+00 -6.567272186279296875e+00 -5.653229713439941406e+00 8.096817731857299805e-01
