3.564017333984375000e+02 1.819679737091064453e+00 8.210612297058105469e+00 6.084346771240234375e-01 1.961898803710937500e-02 3.205298781394958496e-01
3.222137756347656250e+02 5.482358932495117188e-01 5.263054370880126953e+00 1.422941207885742188e+00 1.611480712890625000e-01 3.821941614151000977e-01
6.295928955078125000e+02 1.610551357269287109e+00 7.548389911651611328e+00 8.877830505371093750e-01 3.162994384765625000e-01 6.292729377746582031e-01
1.554109497070312500e+02 1.244604110717773438e+00 6.927965641021728516e+00 -1.596376419067382812e+00 -2.974449157714843750e+00 4.174385964870452881e-01
3.216633911132812500e+02 5.340161323547363281e-01 5.460027694702148438e+00 2.012943267822265625e+00 1.531791687011718750e-02 5.065395832061767578e-01
6.995939941406250000e+02 1.338768959045410156e+00 7.148217201232910156e+00 2.590427398681640625e+00 -2.124595642089843750e-02 1.166902184486389160e-01
2.376205444335937500e+02 6.824014186859130859e-01 5.647336006164550781e+00 1.168441772460937500e+00 -1.183429718017578125e+00 5.776518955826759338e-02
4.881817321777343750e+02 5.525414943695068359e-01 5.297399997711181641e+00 2.043838500976562500e+00 4.133644104003906250e-01 5.260575413703918457e-01
7.823421020507812500e+02 1.621828556060791016e+00 7.748321533203125000e+00 -6.103405952453613281e+00 -1.190174102783203125e+00 4.839366972446441650e-01
7.409100341796875000e+02 3.053222656250000000e+00 1.054084110260009766e+01 1.412184143066406250e+01 1.182365417480468750e+01 9.232830405235290527e-01
5.815321044921875000e+02 7.231025695800781250e-01 5.560567855834960938e+00 3.305845260620117188e+00 3.821487426757812500e-01 1.115934610366821289e+00
6.639702758789062500e+02 1.607885122299194336e+00 7.708385467529296875e+00 6.161165237426757812e+00 7.403594970703125000e+00 1.131273388862609863e+00
3.612311706542968750e+02 9.254043102264404297e-01 6.145267963409423828e+00 2.238502502441406250e-01 -7.931365966796875000e-01 1.128647208213806152e+00
5.081850891113281250e+02 6.816744804382324219e-01 5.852958202362060547e+00 2.492282867431640625e+00 1.254558563232421875e+00 7.501060366630554199e-01
4.411380615234375000e+02 5.268177986145019531e-01 5.406963348388671875e+00 1.935045242309570312e+00 3.625392913818359375e-01 6.477057933807373047e-01
4.020281372070312500e+02 3.807001113891601562e-01 5.072004318237304688e+00 2.205459594726562500e+00 9.748935699462890625e-01 3.903892040252685547e-01
7.824649658203125000e+02 3.619148254394531250e+00 1.147480583190917969e+01 4.889041900634765625e+00 -3.440380096435546875e-01 7.661709189414978027e-02
6.644896850585937500e+02 1.905399322509765625e+00 8.129201889038085938e+00 -9.725685119628906250e+00 -1.408802413940429688e+01 1.454948663711547852e+00
3.669562683105468750e+02 7.733151912689208984e-01 5.997156620025634766e+00 2.108974456787109375e+00 5.576934814453125000e-01 3.496533632278442383e-01
3.541278991699218750e+02 2.156826496124267578e+00 8.849340438842773438e+00 8.027229309082031250e+00 -2.881965637207031250e-01 6.805410981178283691e-02
7.283258666992187500e+02 3.243228435516357422e+00 1.085387420654296875e+01 -1.564075469970703125e+01 -2.035324096679687500e+00 1.074093580245971680e-01
4.569391174316406250e+02 1.597162008285522461e+00 7.621994972229003906e+00 -4.390860557556152344e+00 -1.877798080444335938e+00 2.324331700801849365e-01
6.272575073242187500e+02 8.448848724365234375e-01 6.223652839660644531e+00 2.909936904907226562e+00 4.730987548828125000e-02 5.873992443084716797e-01
7.520704956054687500e+02 1.203822135925292969e+00 6.706146240234375000e+00 8.301086425781250000e-01 -1.330432891845703125e-01 2.495878219604492188e+00
2.961094970703125000e+02 2.993181705474853516e+00 1.022129154205322266e+01 8.241039276123046875e+00 5.075551986694335938e+00 9.827853441238403320e-01
6.665408325195312500e+02 1.782062530517578125e+00 7.958582878112792969e+00 -2.187025070190429688e+00 3.310394287109375000e-02 1.478108614683151245e-01
4.416078491210937500e+02 1.496548414230346680e+00 7.167248725891113281e+00 3.531522750854492188e+00 2.947364807128906250e+00 5.307322740554809570e-01
5.183898925781250000e+02 6.747281551361083984e-01 5.775088787078857422e+00 8.612079620361328125e-01 -8.020591735839843750e-02 3.363699018955230713e-01
6.188809204101562500e+02 2.925628185272216797e+00 1.023039722442626953e+01 6.119155883789062500e-02 -1.355369567871093750e+00 1.144083023071289062e+00
3.743395996093750000e+02 9.729437828063964844e-01 6.353188037872314453e+00 5.274944305419921875e-01 1.899730682373046875e+00 2.112978398799896240e-01
1.805078887939453125e+02 1.163553237915039062e+00 6.683847427368164062e+00 2.082357406616210938e+00 1.020675659179687500e+00 9.990264475345611572e-02
4.778641357421875000e+02 2.022095680236816406e+00 8.480798721313476562e+00 1.081531524658203125e+01 2.657756805419921875e+00 3.471547961235046387e-01
7.774198608398437500e+02 7.131927013397216797e-01 5.542430400848388672e+00 2.187702178955078125e+00 8.674240112304687500e-01 1.020005345344543457e+00
7.049149780273437500e+02 2.484306812286376953e+00 9.547327041625976562e+00 1.280565261840820312e+00 5.880184173583984375e-01 1.367392420768737793e+00
2.085560607910156250e+02 8.918881416320800781e-01 6.102609634399414062e+00 1.856481552124023438e+00 -4.406013488769531250e-01 1.456041932106018066e-01
7.562537231445312500e+02 2.051583290100097656e+00 8.630424499511718750e+00 1.663398742675781250e-01 1.133174896240234375e-01 7.072753310203552246e-01
4.890796203613281250e+02 2.994655609130859375e+00 1.067896080017089844e+01 -8.576030731201171875e-01 -5.263214111328125000e-01 3.329404592514038086e-01
7.650953369140625000e+02 2.528269767761230469e+00 9.348845481872558594e+00 -1.054668426513671875e-01 3.255844116210937500e-01 8.550664782524108887e-01
7.636475830078125000e+02 2.140603542327880859e+00 8.855012893676757812e+00 -3.738559722900390625e+00 -3.260168075561523438e+00 4.175629615783691406e-01
2.357265014648437500e+02 7.252800464630126953e-01 5.703580856323242188e+00 3.492069244384765625e-01 -2.436368942260742188e+00 2.637491822242736816e-01
5.470601196289062500e+02 2.322997570037841797e+00 8.987234115600585938e+00 1.340134048461914062e+01 7.994636535644531250e+00 5.313596129417419434e-01
5.875411376953125000e+02 3.708542346954345703e+00 1.182889556884765625e+01 -1.032334423065185547e+01 -1.833730697631835938e+00 2.411938458681106567e-01
1.893688354492187500e+02 5.351510047912597656e-01 5.447320461273193359e+00 2.201725006103515625e+00 -1.466541290283203125e-01 3.266967833042144775e-01
4.835112609863281250e+02 1.291887760162353516e+00 6.978353023529052734e+00 1.541893005371093750e+00 -1.848526000976562500e-01 8.062987774610519409e-02
7.960067138671875000e+02 1.699984550476074219e+00 7.984338283538818359e+00 -3.648727416992187500e+00 -3.604141235351562500e+00 5.970399379730224609e-01
7.900327758789062500e+02 1.795801639556884766e+00 8.119015693664550781e+00 2.379711151123046875e+00 -5.630512237548828125e-01 5.542716979980468750e-01
7.308602294921875000e+02 2.876674652099609375e+00 1.015012836456298828e+01 6.835327148437500000e+00 1.026435852050781250e+00 1.984593421220779419e-01
1.465105743408203125e+02 3.668427467346191406e+00 1.158603668212890625e+01 1.198660659790039062e+01 6.245727539062500000e-01 4.278954491019248962e-02
7.801708984375000000e+02 2.423834800720214844e+00 9.132726669311523438e+00 1.480388641357421875e+00 1.734540939331054688e+00 2.342399120330810547e+00
5.947215576171875000e+02 2.435627460479736328e+00 9.298879623413085938e+00 7.154083251953125000e-01 -1.252204895019531250e+00 1.464216113090515137e+00
7.078110961914062500e+02 2.261691093444824219e+00 8.932937622070312500e+00 2.738300323486328125e+00 7.580947875976562500e-02 4.845757484436035156e-01
8.718788146972656250e+01 1.240515470504760742e+00 6.968943119049072266e+00 -1.164392471313476562e+00 -1.032476425170898438e+00 2.500315904617309570e-01
5.170548095703125000e+02 6.807746887207031250e-01 5.760870456695556641e+00 1.498367309570312500e+00 -4.385261535644531250e-01 5.482392907142639160e-01
7.371897583007812500e+02 7.492775917053222656e-01 5.797163963317871094e+00 3.435220718383789062e+00 6.147636413574218750e+00 2.114307403564453125e+00
6.795493164062500000e+02 1.360027790069580078e+00 6.933657646179199219e+00 -1.264404296875000000e+00 -5.263381004333496094e+00 2.450220108032226562e+00
6.534710693359375000e+02 1.224463939666748047e+00 6.905851364135742188e+00 2.143461227416992188e+00 2.495939254760742188e+00 1.210954666137695312e+00
7.371317138671875000e+02 2.614239215850830078e+00 9.585992813110351562e+00 4.262866973876953125e+00 3.259885787963867188e+00 6.570004224777221680e-01
6.421627807617187500e+02 1.141951560974121094e+00 6.608971595764160156e+00 4.830310821533203125e+00 1.576210021972656250e+00 4.603715240955352783e-01
7.019116210937500000e+02 2.724721908569335938e+00 9.713005065917968750e+00 2.378398895263671875e+00 1.952505111694335938e+00 1.046622037887573242e+00
4.249261779785156250e+02 1.773810148239135742e+00 7.894071578979492188e+00 5.646295547485351562e+00 2.132379531860351562e+00 5.185783505439758301e-01
4.709215087890625000e+02 1.073574066162109375e+00 6.584755420684814453e+00 5.129669189453125000e+00 4.034835815429687500e+00 1.520357251167297363e+00
7.541942749023437500e+02 2.037405014038085938e+00 8.466878890991210938e+00 5.196128845214843750e+00 4.709712982177734375e+00 1.079783797264099121e+00
2.885426635742187500e+02 1.733400821685791016e+00 7.859563827514648438e+00 3.122520446777343750e+00 1.231422424316406250e-01 7.781287655234336853e-03
6.036428222656250000e+02 3.270967006683349609e+00 1.084835052490234375e+01 1.062166976928710938e+01 4.404067993164062500e-03 2.161707729101181030e-02
1.403488922119140625e+02 1.430793762207031250e+00 7.292319774627685547e+00 5.089645385742187500e+00 2.085912704467773438e+00 5.896343588829040527e-01
5.732760009765625000e+02 2.390414714813232422e+00 8.819200515747070312e+00 -1.514273262023925781e+01 3.760929107666015625e-01 2.443629316985607147e-02
3.845447387695312500e+02 2.655606269836425781e+00 9.874474525451660156e+00 6.062572479248046875e+00 2.449857711791992188e+00 6.460688114166259766e-01
2.491344451904296875e+02 2.417946815490722656e+00 9.390629768371582031e+00 -1.560495376586914062e+00 -1.563934326171875000e+00 3.252392411231994629e-01
4.358810424804687500e+02 3.203373908996582031e+00 1.092688369750976562e+01 -1.853902816772460938e+00 -1.677076339721679688e+00 2.183261215686798096e-01
5.615355224609375000e+02 1.529488086700439453e+00 7.487132072448730469e+00 5.308877944946289062e+00 1.107192993164062500e+00 1.924721151590347290e-01
4.625369567871093750e+02 7.260770797729492188e-01 5.824212551116943359e+00 1.368608474731445312e+00 3.199748992919921875e-01 4.928403496742248535e-01
3.897080078125000000e+02 3.284678459167480469e-01 4.995974063873291016e+00 1.895608901977539062e+00 -1.776599884033203125e+00 2.307902574539184570e-01
3.816990966796875000e+02 4.912924766540527344e-01 5.511179924011230469e+00 2.970157623291015625e+00 1.884231567382812500e+00 7.326830625534057617e-01
6.247537231445312500e+02 2.134090423583984375e+00 8.882629394531250000e+00 6.463518142700195312e+00 5.943367004394531250e+00 7.999230623245239258e-01
7.413148193359375000e+02 2.334936141967773438e+00 8.862247467041015625e+00 1.296958923339843750e+01 8.048484802246093750e+00 6.860771775245666504e-01
4.073874816894531250e+02 2.311507701873779297e+00 8.850440979003906250e+00 7.557121276855468750e+00 1.323417663574218750e+00 1.897475123405456543e-01
3.535942382812500000e+02 8.536024093627929688e-01 6.003152370452880859e+00 2.381296157836914062e+00 -3.852767944335937500e-01 2.131729573011398315e-01
7.190941162109375000e+02 2.420129776000976562e+00 9.053277969360351562e+00 -1.217784309387207031e+01 -6.605073928833007812e+00 4.706676602363586426e-01
1.424019775390625000e+02 2.315763473510742188e+00 8.852985382080078125e+00 1.254666137695312500e+01 3.700748443603515625e+00 3.584684729576110840e-01
7.996340942382812500e+02 1.831670045852661133e+00 8.024980545043945312e+00 6.052959442138671875e+00 6.630275726318359375e+00 1.151677131652832031e+00
6.144818115234375000e+02 1.286379337310791016e+00 7.287215709686279297e+00 5.817869186401367188e+00 2.641637802124023438e+00 2.110944092273712158e-01
7.290438232421875000e+02 1.731438398361206055e+00 7.879255294799804688e+00 2.341270446777343750e-01 -1.302589416503906250e+00 1.006293445825576782e-01
1.305677337646484375e+02 2.734622001647949219e+00 9.901285171508789062e+00 1.111548233032226562e+01 1.273235321044921875e+00 1.812655478715896606e-01
7.218687744140625000e+02 2.997633934020996094e+00 1.034832382202148438e+01 6.448801040649414062e+00 1.406154632568359375e+00 2.167759090662002563e-01
6.764298095703125000e+02 1.067131996154785156e+00 6.410557746887207031e+00 -7.342453002929687500e-01 -2.526037216186523438e+00 1.384086489677429199e+00
3.752759399414062500e+02 5.958161354064941406e-01 5.519742012023925781e+00 2.212963104248046875e+00 -1.150838851928710938e+00 1.185821443796157837e-01
4.197011413574218750e+02 7.276248931884765625e-01 5.673071384429931641e+00 1.062681198120117188e+00 -3.997306823730468750e-01 6.849901676177978516e-01
4.508670349121093750e+02 1.362473011016845703e+00 7.103904724121093750e+00 5.743808746337890625e-01 3.497505187988281250e-01 1.272198259830474854e-01
4.022269287109375000e+02 5.943937301635742188e-01 5.492010593414306641e+00 2.526227951049804688e+00 -3.443717956542968750e-02 4.106039553880691528e-02
5.969282836914062500e+02 6.079270839691162109e-01 5.764126300811767578e+00 2.031520843505859375e+00 1.418504714965820312e+00 1.591393470764160156e+00
2.552109069824218750e+02 2.576385498046875000e+00 9.441099166870117188e+00 -4.615779876708984375e+00 -8.792495727539062500e-02 7.629056274890899658e-02
7.683970947265625000e+02 5.202963352203369141e-01 5.342582225799560547e+00 1.779884338378906250e+00 3.744775772094726562e+00 1.439498901367187500e+00
6.810933837890625000e+02 2.189663887023925781e+00 8.665400505065917969e+00 1.021736145019531250e+00 -2.870349884033203125e-01 2.525645196437835693e-01
2.186199645996093750e+02 9.580066204071044922e-01 6.138362407684326172e+00 3.870792388916015625e+00 5.814914703369140625e-01 1.048005819320678711e+00
6.338391723632812500e+02 1.523760318756103516e+00 7.490015983581542969e+00 1.331233978271484375e-01 -3.811092376708984375e-01 4.357752501964569092e-01
5.358849487304687500e+02 2.465073108673095703e+00 9.209630966186523438e+00 1.180152511596679688e+01 4.062345504760742188e+00 3.291017115116119385e-01
7.959475708007812500e+02 2.201076507568359375e+00 8.568325996398925781e+00 4.521072387695312500e+00 1.751747131347656250e+00 2.806217074394226074e-01
6.979414062500000000e+02 1.518424034118652344e+00 7.411792755126953125e+00 9.572868347167968750e-01 6.821022033691406250e-01 6.113318204879760742e-01
6.065799560546875000e+02 1.788430213928222656e+00 8.151168823242187500e+00 3.098026275634765625e+00 7.305984497070312500e-01 7.805580496788024902e-01
6.039252319335937500e+02 2.437470436096191406e+00 9.429071426391601562e+00 7.179061889648437500e+00 3.841701507568359375e+00 7.214645147323608398e-01
6.955369262695312500e+02 1.555936098098754883e+00 7.559539794921875000e+00 -1.581239700317382812e+00 -1.904943466186523438e+00 7.903569340705871582e-01
6.946491699218750000e+02 1.277101993560791016e+00 6.787164688110351562e+00 2.001029968261718750e+00 1.672554016113281250e-01 5.993175506591796875e-01
7.215645751953125000e+02 3.945599555969238281e+00 1.234947395324707031e+01 -9.888599395751953125e+00 -2.715349197387695312e+00 1.279380321502685547e-01
6.860441894531250000e+02 3.025193214416503906e-01 4.898228645324707031e+00 2.364944458007812500e+00 5.719429016113281250e+00 3.237967252731323242e+00
4.678572082519531250e+02 3.293418407440185547e+00 1.101041221618652344e+01 -1.464971828460693359e+01 -1.221867942810058594e+01 7.058377265930175781e-01
6.554780273437500000e+02 1.659575462341308594e+00 7.380154609680175781e+00 -1.769500732421875000e+00 -5.751466751098632812e+00 1.688384890556335449e+00
6.965718383789062500e+02 2.537992954254150391e+00 9.620565414428710938e+00 9.347530364990234375e+00 7.255657196044921875e+00 8.869347572326660156e-01
4.526768188476562500e+02 2.702866554260253906e+00 9.905883789062500000e+00 -8.419475555419921875e-01 -1.962265014648437500e+00 9.032785892486572266e-02
1.919477996826171875e+02 1.709884166717529297e+00 7.729502677917480469e+00 7.036752700805664062e+00 1.692676544189453125e-01 9.686161577701568604e-02
4.470240173339843750e+02 1.030793190002441406e+00 6.553917884826660156e+00 2.681982040405273438e+00 -4.373111724853515625e-01 6.126820445060729980e-01
2.810595092773437500e+02 1.397574901580810547e+00 7.186117172241210938e+00 4.181358337402343750e+00 -9.341850280761718750e-01 1.344560533761978149e-01
1.468663177490234375e+02 6.197481155395507812e-01 5.572610855102539062e+00 2.518690109252929688e+00 -1.987350463867187500e+00 1.093411326408386230e+00
4.069322204589843750e+02 1.776296377182006836e+00 8.115290641784667969e+00 9.154817581176757812e+00 3.077354431152343750e-01 1.500446498394012451e-01
7.087031860351562500e+02 2.454989910125732422e+00 9.198063850402832031e+00 8.627914428710937500e+00 1.124535369873046875e+01 1.369524717330932617e+00
7.685910034179687500e+02 2.054640769958496094e+00 8.571372985839843750e+00 -1.370988845825195312e+00 -1.877124786376953125e+00 2.639875113964080811e-01
4.734747009277343750e+02 4.089179039001464844e-01 5.170104026794433594e+00 2.110288619995117188e+00 -1.613416671752929688e+00 1.475987434387207031e-01
7.624058837890625000e+02 2.123994827270507812e+00 8.421003341674804688e+00 7.686082839965820312e+00 4.854810714721679688e+00 6.107734441757202148e-01
3.655003662109375000e+02 1.847633361816406250e+00 8.015205383300781250e+00 3.479526519775390625e+00 -8.132934570312500000e-03 3.772683739662170410e-01
2.012927551269531250e+02 8.364462852478027344e-01 6.002027034759521484e+00 1.562599182128906250e+00 -1.914920806884765625e-01 7.220059633255004883e-02
7.242208862304687500e+02 2.371967315673828125e+00 9.134725570678710938e+00 8.098058700561523438e+00 1.747898101806640625e+00 2.237735688686370850e-01
3.100974731445312500e+02 1.657392978668212891e+00 7.860959053039550781e+00 -1.244346618652343750e+00 -1.725063323974609375e+00 6.636154055595397949e-01
6.145565185546875000e+02 2.272549152374267578e+00 8.882610321044921875e+00 5.770862579345703125e+00 2.568492889404296875e+00 6.959155797958374023e-01
6.407436523437500000e+02 2.519396781921386719e+00 9.424152374267578125e+00 9.369209289550781250e+00 1.578834533691406250e+00 1.705022752285003662e-01
7.177250366210937500e+02 1.490444183349609375e+00 7.272644042968750000e+00 -3.369712829589843750e-01 -1.049354553222656250e+00 1.918595433235168457e+00
6.819376831054687500e+02 2.267654418945312500e+00 8.914956092834472656e+00 6.399229049682617188e+00 6.908462524414062500e+00 1.064381718635559082e+00
7.694888305664062500e+02 2.306161880493164062e+00 8.741867065429687500e+00 -3.187198638916015625e-01 -6.344299316406250000e-01 2.508946955204010010e-01
6.365892791748046875e+01 5.919342041015625000e-01 5.803459644317626953e+00 1.657600402832031250e+00 3.262424468994140625e-01 3.936427831649780273e-01
5.593890380859375000e+02 1.846637725830078125e+00 7.642353057861328125e+00 1.091432189941406250e+01 4.079816818237304688e+00 4.135857522487640381e-01
3.971650695800781250e+02 7.830240726470947266e-01 5.930643081665039062e+00 1.726177215576171875e+00 5.438995361328125000e-02 2.656983435153961182e-01
1.828962097167968750e+02 8.153614997863769531e-01 5.778516292572021484e+00 2.058744430541992188e+00 4.515647888183593750e-02 3.393912017345428467e-01
3.182289123535156250e+02 4.885151386260986328e-01 5.357219696044921875e+00 1.943252563476562500e+00 -5.492324829101562500e-01 3.652883172035217285e-01
5.466119384765625000e+02 1.338903188705444336e+00 6.536049842834472656e+00 2.614818572998046875e+00 -1.401212692260742188e+00 9.269990026950836182e-02
3.014986877441406250e+02 2.245209693908691406e+00 8.774147033691406250e+00 2.822635650634765625e+00 -4.653625488281250000e-01 1.312383562326431274e-01
7.842052612304687500e+02 2.584671020507812500e+00 9.438897132873535156e+00 -4.470892906188964844e+00 -5.441064834594726562e+00 1.226202011108398438e+00
1.785423583984375000e+02 1.791899681091308594e+00 7.993467807769775391e+00 2.006954193115234375e+00 -6.223487854003906250e-02 8.201915770769119263e-02
2.282893829345703125e+02 2.549913406372070312e+00 9.458222389221191406e+00 1.062133026123046875e+01 2.529153823852539062e+00 3.584521412849426270e-01
6.402487182617187500e+02 1.026509523391723633e+00 6.048959732055664062e+00 2.387248992919921875e+00 1.917449951171875000e+00 1.176001548767089844e+00
5.765534667968750000e+02 7.245745658874511719e-01 5.686701774597167969e+00 1.681205749511718750e+00 -6.558570861816406250e-01 1.003707766532897949e+00
6.224429321289062500e+02 1.787670373916625977e+00 7.920521736145019531e+00 1.620346069335937500e+00 9.968547821044921875e-01 1.131702303886413574e+00
7.020565795898437500e+02 2.053333759307861328e+00 8.418275833129882812e+00 7.588134765625000000e+00 6.733884811401367188e+00 9.491413235664367676e-01
6.730242309570312500e+02 2.436687469482421875e+00 9.190575599670410156e+00 1.267963409423828125e+00 4.070472717285156250e-01 2.083628416061401367e+00
9.489290237426757812e+00 2.757557868957519531e+00 9.804088592529296875e+00 -1.337136936187744141e+01 -2.949371337890625000e-01 3.385636582970619202e-02
6.361863403320312500e+02 2.028087139129638672e+00 8.635418891906738281e+00 3.672199249267578125e-01 3.544616699218750000e-02 1.008729577064514160e+00
7.530820922851562500e+02 2.559992313385009766e+00 9.469475746154785156e+00 1.212602996826171875e+01 8.461990356445312500e+00 7.626328468322753906e-01
4.219089965820312500e+02 8.219826221466064453e-01 5.751565456390380859e+00 2.614692687988281250e+00 1.502418518066406250e-01 9.508287310600280762e-01
4.943459472656250000e+02 1.547352790832519531e+00 7.175348281860351562e+00 2.359029769897460938e+00 1.943895339965820312e+00 4.630830883979797363e-01
6.252165527343750000e+02 2.231411457061767578e+00 8.821291923522949219e+00 -3.070241928100585938e+00 -3.826042175292968750e+00 8.347123265266418457e-01
6.654705200195312500e+02 2.307334423065185547e+00 8.987796783447265625e+00 2.617395401000976562e+00 2.559900283813476562e+00 1.676993250846862793e+00
4.279419860839843750e+02 1.033105850219726562e+00 6.600034236907958984e+00 5.793476104736328125e-01 -3.693275451660156250e-01 1.352700889110565186e-01
5.245097045898437500e+02 2.070331573486328125e+00 8.627557754516601562e+00 7.427322387695312500e+00 3.048036575317382812e+00 6.008189320564270020e-01
4.169070129394531250e+02 6.596665382385253906e-01 5.416535377502441406e+00 2.701511383056640625e+00 1.263629913330078125e+00 6.841785907745361328e-01
2.795315856933593750e+02 2.385773658752441406e-01 4.684991836547851562e+00 1.877979278564453125e+00 -2.010814666748046875e+00 4.968241453170776367e-01
4.210444335937500000e+02 3.594740867614746094e+00 1.182218647003173828e+01 -1.887501716613769531e+01 -7.893083572387695312e+00 3.343917727470397949e-01
6.156524047851562500e+02 1.476581573486328125e+00 7.177320003509521484e+00 -3.971099853515625000e-03 -1.027502059936523438e+00 1.743925511837005615e-01
7.300022888183593750e+01 3.506350994110107422e+00 1.121710395812988281e+01 1.276195144653320312e+01 4.109592437744140625e+00 2.552235424518585205e-01
6.192464065551757812e+01 2.808629512786865234e+00 1.005473518371582031e+01 1.795078659057617188e+01 1.079557418823242188e+00 7.603191584348678589e-02
1.161178588867187500e+02 1.601824760437011719e+00 7.465347766876220703e+00 7.398548126220703125e+00 3.176200866699218750e+00 5.485209822654724121e-01
1.778417053222656250e+02 5.233712196350097656e-01 5.483503341674804688e+00 1.905591964721679688e+00 -4.803581237792968750e-01 9.256343543529510498e-02
1.692846832275390625e+02 1.887518405914306641e+00 8.356432914733886719e+00 1.028623580932617188e+00 5.450553894042968750e-01 9.234045445919036865e-02
7.847345581054687500e+02 2.405251026153564453e+00 9.028656005859375000e+00 1.074239730834960938e+00 8.690643310546875000e-02 4.781493544578552246e-01
6.677119750976562500e+02 2.886197566986083984e+00 9.972610473632812500e+00 1.307975006103515625e+01 1.924596023559570312e+01 1.543305516242980957e+00
5.981648559570312500e+02 4.182829856872558594e-01 5.157763957977294922e+00 1.710758209228515625e+00 -5.430259704589843750e-01 2.288471758365631104e-01
6.965977783203125000e+02 7.154846191406250000e-01 5.857055664062500000e+00 1.783012390136718750e+00 -9.432067871093750000e-01 6.847953796386718750e-01
7.937041015625000000e+02 2.687919616699218750e+00 9.898857116699218750e+00 -8.694229125976562500e-01 -2.028158187866210938e+00 7.666869163513183594e-01
6.784723510742187500e+02 1.752828121185302734e+00 7.891245365142822266e+00 9.475725173950195312e+00 9.105335235595703125e+00 9.469660520553588867e-01
4.553045349121093750e+02 2.500993728637695312e+00 9.617691040039062500e+00 -3.015975952148437500e-01 4.525203704833984375e-01 3.614039346575737000e-02
7.032149047851562500e+02 2.564535140991210938e+00 9.643392562866210938e+00 5.803129196166992188e+00 3.434427261352539062e+00 8.806978464126586914e-01
5.409924926757812500e+02 2.369730949401855469e+00 9.118183135986328125e+00 1.113585281372070312e+01 3.296688079833984375e+00 2.206695675849914551e-01
7.162379760742187500e+02 2.316289424896240234e+00 8.761280059814453125e+00 4.586204528808593750e+00 6.848857879638671875e+00 1.844537854194641113e+00
4.393690185546875000e+02 6.053361892700195312e-01 5.702463150024414062e+00 1.454677581787109375e+00 -6.303138732910156250e-01 3.092038929462432861e-01
4.489914550781250000e+02 5.763721466064453125e-01 5.538121700286865234e+00 7.494277954101562500e-01 7.064723968505859375e-01 4.075332880020141602e-01
7.387183227539062500e+02 2.916564464569091797e+00 1.011894416809082031e+01 -6.650333404541015625e-01 -2.670532226562500000e+00 1.521561622619628906e+00
6.434409790039062500e+02 9.028050899505615234e-01 6.148521423339843750e+00 1.060947418212890625e+00 1.407510757446289062e+00 2.790248095989227295e-01
4.988214111328125000e+02 1.807369947433471680e+00 8.184321403503417969e+00 5.467386245727539062e+00 1.178264617919921875e-01 1.290156841278076172e-01
4.800618591308593750e+02 1.800508499145507812e+00 7.778701305389404297e+00 1.293579864501953125e+01 5.883140563964843750e+00 4.671774804592132568e-01
3.176065063476562500e+02 8.579120635986328125e-01 6.232802391052246094e+00 6.423645019531250000e-01 -3.057126998901367188e+00 8.995449542999267578e-01
2.010383148193359375e+02 1.035119771957397461e+00 6.218462944030761719e+00 8.742675781250000000e-01 -1.449014663696289062e+00 1.403291672468185425e-01
3.793001098632812500e+02 2.497847557067871094e+00 9.428026199340820312e+00 6.709651947021484375e+00 3.664485931396484375e+00 8.485968112945556641e-01
4.613228454589843750e+02 2.775527477264404297e+00 9.904973983764648438e+00 3.195779800415039062e+00 1.081020355224609375e+00 4.021635353565216064e-01
7.422025756835937500e+02 1.978829860687255859e+00 8.273149490356445312e+00 1.061056900024414062e+01 6.122598648071289062e+00 5.728268623352050781e-01
2.942353820800781250e+02 1.600580215454101562e+00 7.606946468353271484e+00 2.015308380126953125e+00 1.981658935546875000e-01 3.108570277690887451e-01
5.391593627929687500e+02 9.780459403991699219e-01 6.392445564270019531e+00 2.582912445068359375e+00 4.861183166503906250e-01 6.311669945716857910e-02
5.384641113281250000e+02 3.763312816619873047e+00 1.199770641326904297e+01 -1.143326282501220703e+01 -5.084318161010742188e+00 3.894694149494171143e-01
1.329108123779296875e+02 9.355077743530273438e-01 6.057574748992919922e+00 3.219642639160156250e-01 1.596897125244140625e+00 3.409378975629806519e-02
4.062329711914062500e+02 4.475622177124023438e-01 5.105402469635009766e+00 2.630529403686523438e+00 9.272842407226562500e-01 8.865222334861755371e-01
6.729848632812500000e+02 1.173680543899536133e+00 7.038918495178222656e+00 3.325447082519531250e+00 9.723625183105468750e-01 2.398371323943138123e-02
1.650628051757812500e+02 1.225125789642333984e+00 6.880336284637451172e+00 6.062007904052734375e+00 1.270828247070312500e+00 9.282553791999816895e-01
6.077415771484375000e+02 2.031972408294677734e+00 8.287318229675292969e+00 1.796140670776367188e+00 -6.697731018066406250e-01 1.376332283020019531e+00
7.875167236328125000e+02 1.814534664154052734e+00 8.310584068298339844e+00 5.087745666503906250e+00 3.566452026367187500e+00 4.590386748313903809e-01
6.607511596679687500e+02 2.400123119354248047e+00 9.153234481811523438e+00 4.909399032592773438e+00 6.471670150756835938e+00 1.361727595329284668e+00
7.390606079101562500e+02 2.084760665893554688e+00 8.738291740417480469e+00 1.022510337829589844e+01 1.435994720458984375e+01 1.519045352935791016e+00
5.704982299804687500e+02 7.468080520629882812e-01 6.091517925262451172e+00 2.658538818359375000e+00 1.042060852050781250e+00 1.198217868804931641e-01
2.915935668945312500e+02 6.661708354949951172e-01 5.563316822052001953e+00 1.253870010375976562e+00 -1.312465667724609375e-01 4.000949263572692871e-01
5.880577392578125000e+02 2.398083209991455078e+00 9.295867919921875000e+00 4.919643402099609375e-01 1.279651641845703125e+00 1.973891556262969971e-01
4.720717773437500000e+02 1.186695337295532227e+00 6.597800254821777344e+00 4.659866333007812500e+00 1.320079803466796875e+00 5.813861489295959473e-01
7.436832275390625000e+02 3.124316215515136719e+00 1.088397026062011719e+01 -1.358273124694824219e+01 -9.427489280700683594e+00 6.312131881713867188e-01
7.117178344726562500e+02 2.575857639312744141e+00 9.545534133911132812e+00 1.201682281494140625e+01 1.736415100097656250e+01 1.592519164085388184e+00
9.811433410644531250e+01 1.561047554016113281e+00 7.497524261474609375e+00 8.587165832519531250e+00 4.407852172851562500e+00 7.773785591125488281e-01
7.462256469726562500e+02 2.336231231689453125e+00 9.026087760925292969e+00 1.533799743652343750e+01 1.906766510009765625e+01 1.304476857185363770e+00
3.415583190917968750e+02 1.121395111083984375e+00 6.609768390655517578e+00 1.084655761718750000e+00 -7.985153198242187500e-01 8.875212669372558594e-01
7.371062011718750000e+02 3.236022472381591797e+00 1.086297416687011719e+01 -9.030380249023437500e+00 -1.699372863769531250e+01 1.651971459388732910e+00
1.906367950439453125e+02 1.424542188644409180e+00 7.487285137176513672e+00 -5.082168579101562500e-01 -6.593322753906250000e-01 3.978627920150756836e-01
5.421579589843750000e+02 1.250447750091552734e+00 6.723642826080322266e+00 5.488388061523437500e+00 6.158905029296875000e-01 1.918318122625350952e-01
4.552988891601562500e+02 7.364211082458496094e-01 5.737461090087890625e+00 7.217884063720703125e-01 -8.798809051513671875e-01 3.479408621788024902e-01
3.806458129882812500e+02 5.894632339477539062e-01 5.694182395935058594e+00 2.100223541259765625e+00 -3.048057556152343750e-01 2.640664577484130859e-01
7.463270874023437500e+02 2.647847175598144531e+00 9.721599578857421875e+00 -3.505718231201171875e+00 -5.436657905578613281e+00 1.269300937652587891e+00
4.678572082519531250e+02 3.293418407440185547e+00 1.101041221618652344e+01 -1.464971828460693359e+01 -1.221867942810058594e+01 7.058377265930175781e-01
6.321739501953125000e+02 1.697926998138427734e+00 7.768244266510009766e+00 2.983160018920898438e+00 2.412410736083984375e+00 3.535915911197662354e-01
8.352392578125000000e+01 2.244771480560302734e+00 8.917884826660156250e+00 1.934320449829101562e+00 4.951457977294921875e-01 3.273809552192687988e-01
6.864943237304687500e+02 1.048069000244140625e+00 6.350875377655029297e+00 4.435966491699218750e+00 9.681091308593750000e-01 2.274218946695327759e-01
3.574447021484375000e+02 6.861445903778076172e-01 5.695213794708251953e+00 1.754203796386718750e+00 2.376918792724609375e-01 1.246993169188499451e-01
6.216478881835937500e+02 1.498277664184570312e+00 7.296102523803710938e+00 8.119029998779296875e+00 1.144618988037109375e-01 2.308017387986183167e-02
5.345390625000000000e+02 2.333103179931640625e+00 8.834940910339355469e+00 -1.402310752868652344e+01 -8.063123703002929688e+00 4.851346611976623535e-01
5.219586181640625000e+02 1.825179576873779297e+00 7.944231033325195312e+00 3.383733749389648438e+00 4.421443939208984375e-01 5.415220260620117188e-01
3.341663208007812500e+02 6.127691268920898438e-01 5.505146980285644531e+00 1.483905792236328125e+00 -3.597774505615234375e-01 6.480582058429718018e-02
7.313405761718750000e+02 1.908621549606323242e+00 8.092172622680664062e+00 1.194102287292480469e+01 1.638106155395507812e+01 1.736536502838134766e+00
3.117648010253906250e+02 1.467984676361083984e+00 7.278506278991699219e+00 2.215585708618164062e+00 -6.234054565429687500e-01 1.699251234531402588e-01
4.909260864257812500e+02 5.992925167083740234e-01 5.391191482543945312e+00 1.519792556762695312e+00 2.157114028930664062e+00 9.747037291526794434e-02
4.335208435058593750e+02 4.557061195373535156e-01 5.419889926910400391e+00 2.241094589233398438e+00 5.829448699951171875e-01 6.046202778816223145e-01
4.838876647949218750e+02 1.069449901580810547e+00 6.584167480468750000e+00 4.978425979614257812e+00 5.830097198486328125e-01 7.923321425914764404e-02
4.005725708007812500e+02 2.358109474182128906e+00 9.020809173583984375e+00 1.173263931274414062e+01 4.470674514770507812e+00 3.984479904174804688e-01
4.322193603515625000e+02 3.210294246673583984e-01 4.852790832519531250e+00 1.992633819580078125e+00 2.678642272949218750e-01 5.401437282562255859e-01
2.577605590820312500e+02 1.716380596160888672e+00 7.687743663787841797e+00 7.248840332031250000e-01 -3.084735870361328125e-01 3.498211503028869629e-01
2.645932312011718750e+02 1.866567134857177734e+00 8.227097511291503906e+00 5.072807312011718750e+00 8.263969421386718750e-01 4.238313138484954834e-01
1.802606506347656250e+02 1.889506340026855469e+00 8.131522178649902344e+00 7.311382293701171875e+00 1.380897521972656250e+00 1.644973456859588623e-01
3.136215820312500000e+02 5.703377723693847656e-01 5.342645168304443359e+00 1.044092178344726562e+00 -8.136634826660156250e-01 2.423167973756790161e-01
3.408501586914062500e+02 2.541445732116699219e+00 9.228057861328125000e+00 -1.148820877075195312e+00 -6.782493591308593750e-01 1.463858485221862793e-01
3.840801391601562500e+02 2.313602447509765625e+00 8.834070205688476562e+00 6.861015319824218750e+00 1.770647048950195312e+00 2.116960585117340088e-01
6.758526611328125000e+02 2.433378696441650391e+00 9.179018974304199219e+00 1.348898315429687500e+01 1.843115997314453125e+01 1.369200944900512695e+00
4.178426818847656250e+02 2.995292186737060547e+00 1.041050243377685547e+01 2.791204452514648438e+00 -1.213588714599609375e-01 3.758774697780609131e-01
5.847731323242187500e+02 1.647857666015625000e+00 7.791728496551513672e+00 -9.363765716552734375e-01 4.413414001464843750e-02 3.903171420097351074e-01
5.249321289062500000e+02 2.130895137786865234e+00 8.544773101806640625e+00 4.099819183349609375e+00 1.782608032226562500e+00 3.718168735504150391e-01
4.320592956542968750e+02 2.812092781066894531e+00 9.981918334960937500e+00 4.549003601074218750e+00 2.137012481689453125e+00 6.619430184364318848e-01
1.196455154418945312e+02 1.868158340454101562e+00 8.163734436035156250e+00 3.871654510498046875e+00 2.096672058105468750e-01 1.940033733844757080e-01
5.971611328125000000e+02 2.141238212585449219e+00 8.555681228637695312e+00 -9.597625732421875000e+00 -5.567436218261718750e-01 1.016686111688613892e-01
5.647131958007812500e+02 1.742277383804321289e+00 7.845665931701660156e+00 4.711950302124023438e+00 3.825862884521484375e+00 1.019902706146240234e+00
7.456110229492187500e+02 1.915931463241577148e+00 8.068927764892578125e+00 2.028263092041015625e+00 3.059816360473632812e+00 1.201434135437011719e+00
6.589831542968750000e+02 1.599099159240722656e+00 7.647878646850585938e+00 1.764965057373046875e+00 1.410331726074218750e-01 8.194649219512939453e-01
4.336888427734375000e+02 3.702038764953613281e+00 1.165173912048339844e+01 5.444650650024414062e+00 1.555847167968750000e+00 3.049440085887908936e-01
2.912394104003906250e+02 1.469473361968994141e+00 7.400322914123535156e+00 1.118362426757812500e+00 -1.287574768066406250e-01 1.521178930997848511e-01
2.963567199707031250e+02 3.491075515747070312e+00 1.130625534057617188e+01 -1.836566162109375000e+01 -6.959074974060058594e+00 3.285604119300842285e-01
4.671164550781250000e+02 9.805703163146972656e-01 6.189260482788085938e+00 2.431766510009765625e+00 1.002161026000976562e+00 2.408812195062637329e-01
3.772846679687500000e+02 4.292926788330078125e-01 5.135637283325195312e+00 9.727840423583984375e-01 7.912979125976562500e-01 3.916394338011741638e-02
3.881172485351562500e+02 6.495532989501953125e-01 5.424226760864257812e+00 1.454875946044921875e+00 4.543304443359375000e-02 1.339539885520935059e-01
5.907441406250000000e+02 2.536039829254150391e+00 9.492251396179199219e+00 8.853223800659179688e+00 1.282768249511718750e-01 6.211402267217636108e-02
3.661836242675781250e+02 5.914449691772460938e-01 5.618845462799072266e+00 2.797252655029296875e+00 7.653903961181640625e-01 3.633426427841186523e-01
7.455313110351562500e+02 3.997046470642089844e+00 1.230077552795410156e+01 -9.917093276977539062e+00 -3.009313583374023438e+00 1.886956095695495605e-01
6.334977416992187500e+02 1.858150482177734375e+00 7.912261486053466797e+00 -6.952877044677734375e-01 -7.309455871582031250e-01 9.150099754333496094e-01
3.607114868164062500e+02 9.911041259765625000e-01 6.253475666046142578e+00 2.912977218627929688e+00 -6.215419769287109375e-01 2.056172192096710205e-01
7.300134277343750000e+02 2.911219596862792969e-01 5.043971538543701172e+00 2.527832031250000000e+00 4.109016418457031250e+00 2.787122726440429688e+00
3.316105957031250000e+02 1.243153333663940430e+00 6.817230701446533203e+00 5.970518112182617188e+00 4.800682067871093750e-01 3.339269757270812988e-01
4.184214477539062500e+02 3.371173381805419922e+00 1.094769668579101562e+01 -1.793288803100585938e+01 -8.235221862792968750e+00 4.000178575515747070e-01
3.864044189453125000e+02 1.277956962585449219e+00 7.374572753906250000e+00 3.577346801757812500e-01 -1.290624618530273438e+00 1.739247888326644897e-01
4.220208129882812500e+02 1.387298822402954102e+00 7.040933609008789062e+00 -2.654172897338867188e+00 -3.819637298583984375e-01 1.639778316020965576e-01
7.966407470703125000e+02 1.876828193664550781e+00 7.969254970550537109e+00 4.925992965698242188e+00 1.764400482177734375e+00 4.938611984252929688e-01
3.427717285156250000e+02 1.831370353698730469e+00 7.989674568176269531e+00 6.608539581298828125e+00 2.540187835693359375e-01 1.020935103297233582e-01
3.612714538574218750e+02 2.246832847595214844e-01 4.929982185363769531e+00 1.719581604003906250e+00 -4.514522552490234375e-01 4.700648598372936249e-03
9.782245635986328125e+01 5.709443092346191406e-01 5.186287879943847656e+00 2.008789062500000000e+00 3.605651855468750000e-02 7.065905630588531494e-02
7.578604736328125000e+02 1.644227027893066406e+00 7.835955619812011719e+00 6.716108322143554688e+00 6.191463470458984375e+00 1.123609781265258789e+00
7.670031738281250000e+01 2.651269435882568359e+00 9.715656280517578125e+00 1.038560104370117188e+01 3.150625228881835938e+00 2.778398692607879639e-01
7.311486206054687500e+02 3.126864910125732422e+00 1.055008316040039062e+01 -5.118814468383789062e+00 -2.053388595581054688e+00 2.482132464647293091e-01
5.651520385742187500e+02 7.210237979888916016e-01 5.746820926666259766e+00 1.854784011840820312e+00 -7.695655822753906250e-01 1.709295213222503662e-01
3.832719726562500000e+02 3.662301063537597656e+00 1.184294223785400391e+01 -1.858965301513671875e+01 -7.211685180664062500e+00 3.788059353828430176e-01
4.343517761230468750e+02 1.590484142303466797e+00 7.567887306213378906e+00 1.019372940063476562e+00 -3.924922943115234375e-01 2.706670388579368591e-02
6.964344482421875000e+02 4.688796997070312500e-01 4.992462158203125000e+00 1.344276428222656250e+00 1.351570129394531250e+00 2.789544105529785156e+00
4.436990356445312500e+02 4.840483665466308594e-01 5.073488712310791016e+00 2.682243347167968750e+00 -9.240570068359375000e-01 2.613214850425720215e-01
6.621463623046875000e+02 1.059369087219238281e+00 6.777812957763671875e+00 -3.345527648925781250e-01 1.984500885009765625e+00 2.349483072757720947e-01
6.543450317382812500e+02 1.123208522796630859e+00 6.431444644927978516e+00 3.274513244628906250e+00 1.439147949218750000e+00 3.082978129386901855e-01
5.154906616210937500e+02 2.750418186187744141e+00 9.646074295043945312e+00 -9.418350219726562500e+00 -2.272333145141601562e+00 2.761192917823791504e-01
5.852658691406250000e+02 8.786435127258300781e-01 5.984218597412109375e+00 3.199054718017578125e+00 9.040069580078125000e-01 2.956699430942535400e-01
7.635067749023437500e+02 2.771079063415527344e+00 9.752191543579101562e+00 -5.177563667297363281e+00 -4.085287094116210938e+00 8.080777525901794434e-01
6.041912231445312500e+02 8.245568275451660156e-01 5.968280792236328125e+00 -7.705898284912109375e-01 -4.798130989074707031e+00 2.227543592453002930e+00
6.566781005859375000e+02 4.464638233184814453e-01 5.308047771453857422e+00 2.326786041259765625e+00 2.787242889404296875e+00 1.827653765678405762e+00
7.621979980468750000e+02 3.617201805114746094e+00 1.163611984252929688e+01 -5.749025344848632812e+00 -2.807273864746093750e-01 6.618703901767730713e-02
7.489708862304687500e+02 2.922328948974609375e+00 1.031232357025146484e+01 -8.337650299072265625e-01 -8.619308471679687500e-01 9.680727124214172363e-01
1.367077026367187500e+02 1.581604003906250000e+00 7.427982330322265625e+00 -1.210615158081054688e+00 -2.536117553710937500e+00 6.911630630493164062e-01
7.223647460937500000e+02 1.151562213897705078e+00 6.595009326934814453e+00 -1.895473480224609375e+00 -6.567889213562011719e+00 2.512446880340576172e+00
6.543450317382812500e+02 1.123208522796630859e+00 6.431444644927978516e+00 3.274513244628906250e+00 1.439147949218750000e+00 3.082978129386901855e-01
5.385545654296875000e+02 2.620130538940429688e+00 9.523681640625000000e+00 -2.138422012329101562e+00 -7.868133544921875000e+00 2.246434926986694336e+00
5.113257751464843750e+02 1.158570766448974609e+00 6.766114234924316406e+00 1.267154693603515625e+00 -1.352825164794921875e-01 8.347849547863006592e-02
7.108066406250000000e+02 1.588717460632324219e+00 7.340803146362304688e+00 4.002075195312500000e+00 3.313850402832031250e+00 6.095828413963317871e-01
4.835163574218750000e+02 2.351069450378417969e+00 8.898998260498046875e+00 1.362607192993164062e+01 3.500680923461914062e+00 2.191900014877319336e-01
6.307113037109375000e+02 1.747844696044921875e+00 7.941470146179199219e+00 1.492012023925781250e+00 -2.627639770507812500e-01 4.852818846702575684e-01
7.351973876953125000e+02 1.578135490417480469e+00 7.657655239105224609e+00 5.573081970214843750e-01 9.134750366210937500e-01 7.095067501068115234e-01
7.901414184570312500e+02 1.808645725250244141e+00 8.140892028808593750e+00 -7.815792083740234375e+00 -3.203016281127929688e+00 5.408939123153686523e-01
5.375413208007812500e+02 1.739773988723754883e+00 7.871281147003173828e+00 -3.438489913940429688e+00 -2.842906951904296875e+00 3.782709836959838867e-01
5.783320922851562500e+02 7.707881927490234375e-01 5.942735671997070312e+00 4.052947998046875000e+00 3.578741073608398438e+00 6.833782792091369629e-01
6.491248779296875000e+02 8.739211559295654297e-01 6.180603027343750000e+00 5.342712402343750000e-01 -2.905559539794921875e-01 6.743009090423583984e-01
5.341698608398437500e+02 7.811822891235351562e-01 5.978503227233886719e+00 1.613822937011718750e+00 6.884288787841796875e-01 7.281883955001831055e-01
7.324046630859375000e+02 3.734087944030761719e+00 1.164673042297363281e+01 4.405593872070312500e-02 9.125041961669921875e-01 6.577388048171997070e-01
2.014855346679687500e+02 2.236704826354980469e+00 8.577802658081054688e+00 6.537944793701171875e+00 3.673606872558593750e+00 5.618867278099060059e-01
1.372754364013671875e+02 3.417079925537109375e+00 1.112227249145507812e+01 1.189935302734375000e+01 2.635734558105468750e+00 2.110481560230255127e-01
6.768272705078125000e+02 2.791905403137207031e+00 9.955456733703613281e+00 -1.246441459655761719e+01 -7.088171005249023438e+00 3.851529657840728760e-01
1.679535980224609375e+02 1.471538066864013672e+00 7.522825717926025391e+00 9.216794967651367188e+00 9.726982116699218750e-01 8.764161169528961182e-02
5.736329345703125000e+02 8.955249786376953125e-01 6.218327045440673828e+00 -1.407030105590820312e+00 -5.950805664062500000e+00 2.121408224105834961e+00
6.822675781250000000e+02 1.953846454620361328e+00 8.103538513183593750e+00 6.005382537841796875e+00 8.266906738281250000e+00 1.494091868400573730e+00
6.293565063476562500e+02 2.679238319396972656e+00 9.578358650207519531e+00 6.871519088745117188e+00 2.285213470458984375e+00 3.642891347408294678e-01
8.437564086914062500e+01 5.003781318664550781e-01 5.319989681243896484e+00 2.313871383666992188e+00 -2.106300354003906250e+00 6.760416030883789062e-01
1.693900756835937500e+02 2.812353134155273438e+00 1.007755279541015625e+01 -8.164247512817382812e+00 -2.068069458007812500e+00 1.485296338796615601e-01
2.331067504882812500e+02 5.904049873352050781e-01 5.194494247436523438e+00 2.766151428222656250e+00 3.798847198486328125e-01 3.597877919673919678e-01
4.576476135253906250e+02 5.206122398376464844e-01 5.185317993164062500e+00 1.188262939453125000e+00 -2.666320800781250000e-01 6.275095939636230469e-01
4.159705505371093750e+02 6.858990192413330078e-01 5.640438556671142578e+00 1.961696624755859375e+00 5.530700683593750000e-01 2.595204859972000122e-03
3.086355285644531250e+02 1.519656658172607422e+00 7.326244354248046875e+00 3.558195114135742188e+00 -2.663116455078125000e-01 2.939913235604763031e-02
5.915913696289062500e+02 1.532448530197143555e+00 7.478301048278808594e+00 9.722244262695312500e+00 2.472372055053710938e+00 3.151723146438598633e-01
5.510083618164062500e+02 1.626834869384765625e+00 7.664371967315673828e+00 -5.985050201416015625e-01 6.580448150634765625e-01 4.803137853741645813e-02
3.634032592773437500e+02 1.761019945144653320e+00 7.789649963378906250e+00 6.748374938964843750e+00 4.987411499023437500e-01 3.460145294666290283e-01
3.906595458984375000e+02 1.755279064178466797e+00 7.820560455322265625e+00 1.931194305419921875e+00 -2.380599975585937500e-01 4.457757174968719482e-01
6.663850708007812500e+02 1.695844173431396484e+00 7.939682960510253906e+00 1.767847061157226562e+00 1.003446578979492188e+00 6.694406270980834961e-01
2.422916107177734375e+02 1.925095319747924805e+00 8.222051620483398438e+00 6.915452957153320312e+00 9.201545715332031250e-01 4.060167074203491211e-01
2.962820739746093750e+02 2.701924324035644531e+00 9.723307609558105469e+00 7.669200897216796875e+00 4.654331207275390625e-01 3.778949379920959473e-02
3.757461853027343750e+02 1.334701538085937500e+00 7.132991313934326172e+00 -1.241924285888671875e+00 -4.707736968994140625e-01 1.231626346707344055e-01
5.950576782226562500e+02 2.487496376037597656e+00 9.352169990539550781e+00 1.601945877075195312e+00 7.427883148193359375e-01 4.415903612971305847e-02
2.862017211914062500e+02 1.082369327545166016e+00 6.456071853637695312e+00 4.738277435302734375e+00 6.492080688476562500e-01 1.283975783735513687e-02
5.596087036132812500e+02 1.902011156082153320e+00 8.132341384887695312e+00 1.152111053466796875e+00 -1.493431091308593750e+00 6.742558479309082031e-01
7.229189453125000000e+02 2.660602569580078125e+00 9.393183708190917969e+00 -4.433163642883300781e+00 -1.966075897216796875e+00 3.246738910675048828e-01
1.177895660400390625e+02 2.225252151489257812e+00 8.952451705932617188e+00 4.583732604980468750e+00 1.052694320678710938e+00 4.789983928203582764e-01
6.294830322265625000e+02 2.070464611053466797e+00 8.555406570434570312e+00 1.761108398437500000e+00 -7.826023101806640625e-01 1.365999281406402588e-01
7.580819091796875000e+02 1.087122917175292969e+00 6.685561180114746094e+00 2.972518920898437500e+00 2.011280059814453125e-01 5.439841747283935547e-01
4.754085998535156250e+02 1.483044624328613281e+00 7.333321571350097656e+00 2.678272247314453125e+00 1.758029937744140625e+00 1.716375589370727539e+00
4.461896057128906250e+02 1.122053146362304688e+00 6.893243312835693359e+00 3.216131210327148438e+00 1.105651855468750000e-01 3.943167626857757568e-01
7.139614868164062500e+02 1.056860685348510742e+00 6.706806182861328125e+00 3.467884063720703125e+00 2.105407714843750000e+00 8.359825015068054199e-01
6.626061401367187500e+02 5.909490585327148438e-01 5.625832557678222656e+00 1.114356994628906250e+00 1.209163665771484375e+00 8.867854475975036621e-01
7.300134277343750000e+02 2.911219596862792969e-01 5.043971538543701172e+00 2.527832031250000000e+00 4.109016418457031250e+00 2.787122726440429688e+00
7.892596435546875000e+02 2.224802970886230469e+00 8.949035644531250000e+00 5.571445465087890625e+00 4.870948791503906250e+00 1.040018081665039062e+00
1.288347167968750000e+02 1.146151781082153320e+00 6.684072971343994141e+00 1.105100631713867188e+00 -1.657886505126953125e+00 3.039053678512573242e-01
6.767672729492187500e+02 1.642489194869995117e+00 7.721639633178710938e+00 -2.344152450561523438e+00 -2.056596755981445312e+00 6.053676605224609375e-01
5.786262207031250000e+02 3.109615802764892578e+00 1.049038124084472656e+01 2.504623413085937500e+00 2.562217712402343750e-01 2.202199101448059082e-01
1.160462875366210938e+02 2.048340797424316406e+00 8.410532951354980469e+00 8.929441452026367188e+00 1.068462371826171875e+00 2.764064446091651917e-02
6.011947021484375000e+02 1.500774145126342773e+00 7.449822425842285156e+00 1.275978088378906250e-01 -1.020488739013671875e-01 2.814580798149108887e-01
3.575600280761718750e+02 1.991123437881469727e+00 8.381205558776855469e+00 8.199462890625000000e+00 1.145059585571289062e+00 1.399820595979690552e-01
3.289692077636718750e+02 6.188707351684570312e-01 5.346800327301025391e+00 3.098426818847656250e+00 6.027908325195312500e-01 6.443296670913696289e-01
4.166581726074218750e+02 5.511760711669921875e-01 5.480365276336669922e+00 2.467197418212890625e+00 -4.416370391845703125e-01 5.291785001754760742e-01
4.969401245117187500e+02 1.216349124908447266e+00 6.843771934509277344e+00 2.691318511962890625e+00 5.016136169433593750e-02 3.185714781284332275e-01
7.597840576171875000e+02 3.078800201416015625e+00 1.032595443725585938e+01 -9.448710441589355469e+00 -2.425172805786132812e+00 4.089476466178894043e-01
3.813392028808593750e+02 6.199533939361572266e-01 5.643881797790527344e+00 1.955558776855468750e+00 7.213172912597656250e-01 1.501886099576950073e-01
4.044735412597656250e+02 1.911950111389160156e+00 8.071825027465820312e+00 5.051261901855468750e+00 1.340599060058593750e+00 1.298893839120864868e-01
6.982538452148437500e+02 4.989852905273437500e-01 5.739677906036376953e+00 2.251190185546875000e+00 3.395614624023437500e-01 5.695729851722717285e-01
7.482374877929687500e+02 2.589973449707031250e+00 9.678572654724121094e+00 1.651274871826171875e+01 7.031610488891601562e+00 4.981717169284820557e-01
1.395655059814453125e+02 1.631354093551635742e+00 7.504682540893554688e+00 2.759880065917968750e+00 1.153869628906250000e+00 3.960598111152648926e-01
1.844102783203125000e+02 3.673018455505371094e+00 1.169990730285644531e+01 1.372942352294921875e+01 1.368434906005859375e+00 1.468631327152252197e-01
6.814130859375000000e+02 3.143709182739257812e+00 1.066954231262207031e+01 3.069658279418945312e+00 2.770702362060546875e+00 1.308730840682983398e+00
3.700917358398437500e+02 1.905052661895751953e+00 8.244310379028320312e+00 -8.236921310424804688e+00 -4.515056610107421875e-01 3.527352958917617798e-02
3.117427978515625000e+02 1.274913549423217773e+00 6.847189903259277344e+00 3.654006958007812500e+00 8.993568420410156250e-01 4.701163172721862793e-01
6.815918579101562500e+02 2.321920871734619141e+00 8.918748855590820312e+00 -1.441209888458251953e+01 -9.032308578491210938e+00 6.508127450942993164e-01
2.572986450195312500e+02 1.703794002532958984e+00 7.789427280426025391e+00 2.774946212768554688e+00 1.107425689697265625e-01 2.284561097621917725e-01
3.275434875488281250e+02 4.410381317138671875e-01 4.957229137420654297e+00 2.266874313354492188e+00 -2.754936218261718750e-01 2.470713704824447632e-01
1.270362625122070312e+02 2.864249706268310547e+00 1.043016242980957031e+01 -9.027679443359375000e+00 -6.501256942749023438e+00 4.117025136947631836e-01
3.193594360351562500e+02 3.358894824981689453e+00 1.114463329315185547e+01 -1.508336257934570312e+01 -4.127000808715820312e+00 2.545861899852752686e-01
7.612303466796875000e+02 1.425902843475341797e+00 7.247818470001220703e+00 3.170333862304687500e+00 -2.008419036865234375e-01 7.782964706420898438e-01
2.116368255615234375e+02 2.228229522705078125e+00 8.737050056457519531e+00 -1.825531005859375000e+00 -1.662782669067382812e+00 4.048047661781311035e-01
3.448891296386718750e+02 1.452121734619140625e+00 7.159734249114990234e+00 4.485635757446289062e+00 5.921745300292968750e-01 1.911944746971130371e-01
6.900764160156250000e+02 1.780406236648559570e+00 7.983191490173339844e+00 4.478414535522460938e+00 5.294345855712890625e+00 1.073110342025756836e+00
2.282555084228515625e+02 1.840512752532958984e+00 8.128862380981445312e+00 -1.438144683837890625e+00 -1.360694885253906250e+00 5.978213157504796982e-03
3.739614562988281250e+02 2.420002937316894531e+00 8.950119018554687500e+00 3.068157196044921875e+00 -1.869819641113281250e+00 6.414979100227355957e-01
2.016222686767578125e+02 1.663267135620117188e+00 7.650414943695068359e+00 5.135383605957031250e+00 7.476043701171875000e-01 7.276302576065063477e-01
3.247877502441406250e+01 1.838726520538330078e+00 7.782565593719482422e+00 -7.477141380310058594e+00 -2.238079071044921875e+00 2.783789038658142090e-01
3.909952392578125000e+02 7.650835514068603516e-01 5.829629898071289062e+00 2.653684616088867188e+00 8.261871337890625000e-02 4.115130901336669922e-01
3.694323425292968750e+02 4.612724781036376953e-01 5.626951217651367188e+00 2.295452117919921875e+00 7.586669921875000000e-01 1.303703546524047852e+00
7.036264648437500000e+02 2.127816200256347656e+00 8.734209060668945312e+00 3.653585433959960938e+00 2.705499649047851562e+00 1.002437949180603027e+00
7.904870605468750000e+02 3.521893501281738281e+00 1.152135944366455078e+01 7.947402954101562500e+00 2.311378479003906250e+00 3.980835974216461182e-01
5.648113403320312500e+02 2.233817100524902344e+00 8.756508827209472656e+00 9.884742736816406250e+00 3.631225585937500000e+00 4.380806684494018555e-01
5.244121704101562500e+02 2.814155101776123047e+00 9.975026130676269531e+00 1.132136535644531250e+01 4.916061401367187500e+00 4.318969845771789551e-01
2.132515869140625000e+02 1.645314693450927734e+00 7.680362701416015625e+00 4.622152328491210938e+00 1.536640167236328125e+00 3.916602134704589844e-01
5.178134765625000000e+02 2.124432563781738281e+00 8.638109207153320312e+00 4.248260498046875000e+00 3.985013961791992188e+00 1.640324831008911133e+00
4.215699768066406250e+02 7.611379623413085938e-01 5.732470035552978516e+00 2.423858642578125000e+00 -7.081432342529296875e-01 8.773545920848846436e-02
7.272135009765625000e+02 2.156213760375976562e+00 8.620891571044921875e+00 6.623485565185546875e+00 1.065290260314941406e+01 1.717706799507141113e+00
6.060757446289062500e+02 2.344777107238769531e+00 8.933396339416503906e+00 1.115735054016113281e+01 -8.264465332031250000e-01 4.590496420860290527e-02
4.336657409667968750e+02 6.452395915985107422e-01 5.765368938446044922e+00 1.035718917846679688e+00 -1.740320205688476562e+00 8.004429936408996582e-01
5.577673339843750000e+02 1.771092414855957031e+00 7.883792877197265625e+00 2.599605560302734375e+00 2.236267089843750000e+00 1.040990233421325684e+00
2.095138549804687500e+02 1.390348672866821289e+00 7.099258422851562500e+00 4.461133956909179688e+00 -7.268657684326171875e-01 2.672984600067138672e-01
7.989469604492187500e+02 1.107887029647827148e+00 6.212090492248535156e+00 4.964328765869140625e+00 6.315196990966796875e+00 1.701231598854064941e+00
3.066122741699218750e+02 3.703066825866699219e+00 1.182248115539550781e+01 -7.684906959533691406e+00 -2.304149627685546875e+00 4.338102042675018311e-01
5.875767822265625000e+02 1.013649225234985352e+00 6.399756431579589844e+00 3.036994934082031250e+00 9.004402160644531250e-01 4.835285246372222900e-01
3.716172180175781250e+02 2.645988464355468750e+00 9.471324920654296875e+00 -1.063650131225585938e+01 -1.224437713623046875e+00 1.538241952657699585e-01
1.940869293212890625e+02 1.631040573120117188e+00 7.619561672210693359e+00 4.214555740356445312e+00 9.222869873046875000e-01 3.802095651626586914e-01
4.020894470214843750e+02 5.825376510620117188e-01 5.513874530792236328e+00 1.105617523193359375e+00 -1.825935363769531250e+00 5.634177327156066895e-01
3.682120361328125000e+02 3.015468120574951172e+00 1.052043914794921875e+01 -1.142168045043945312e+00 -1.927925109863281250e+00 7.518106698989868164e-01
7.612161865234375000e+02 3.691694259643554688e+00 1.194455146789550781e+01 -8.316496849060058594e+00 -1.728209304809570312e+01 1.959721803665161133e+00
4.152208251953125000e+02 3.718633651733398438e-01 5.422191619873046875e+00 2.533246994018554688e+00 -2.941970825195312500e-01 4.091179370880126953e-01
7.951921844482421875e+01 1.210882186889648438e+00 6.878118038177490234e+00 2.822319030761718750e+00 -9.596595764160156250e-01 1.012743934988975525e-01
7.063804931640625000e+02 3.592665672302246094e+00 1.159940338134765625e+01 7.330989837646484375e-01 -4.361667633056640625e-01 3.283287286758422852e-01
7.346267089843750000e+02 9.043681621551513672e-01 6.275467872619628906e+00 2.759687423706054688e+00 1.469440460205078125e+00 7.042443752288818359e-01
3.955418701171875000e+02 8.698220252990722656e-01 6.193295478820800781e+00 1.298427581787109375e+00 1.124250411987304688e+00 2.267830073833465576e-01
6.697712402343750000e+02 2.681986331939697266e+00 9.779577255249023438e+00 -4.481977462768554688e+00 7.625865936279296875e-01 3.060092031955718994e-01
4.325117492675781250e+02 7.799291610717773438e-01 5.809999942779541016e+00 2.805160522460937500e+00 -7.121162414550781250e-01 8.346462249755859375e-02
6.716668090820312500e+02 1.204372167587280273e+00 6.788393020629882812e+00 4.490859985351562500e+00 1.359539031982421875e+00 2.336247861385345459e-01
2.581826782226562500e+02 1.832447052001953125e+00 8.177087783813476562e+00 9.533256530761718750e+00 3.214492797851562500e+00 2.768053412437438965e-01
7.562537231445312500e+02 2.051583290100097656e+00 8.630424499511718750e+00 1.663398742675781250e-01 1.133174896240234375e-01 7.072753310203552246e-01
3.414702758789062500e+02 5.424914360046386719e-01 5.412882804870605469e+00 7.997684478759765625e-01 6.591720581054687500e-01 1.036248356103897095e-01
3.506478271484375000e+02 1.258053541183471680e+00 7.004706859588623047e+00 2.791898727416992188e+00 2.250099182128906250e+00 9.118049740791320801e-01
6.915295410156250000e+02 2.377032279968261719e+00 9.202933311462402344e+00 -1.162456512451171875e+00 6.783771514892578125e-01 3.670383095741271973e-01
3.712422790527343750e+02 5.419142246246337891e-01 5.582982540130615234e+00 1.265914916992187500e+00 -8.116893768310546875e-01 1.993913352489471436e-01
6.159370117187500000e+02 1.368379116058349609e+00 6.911413192749023438e+00 2.419422149658203125e+00 -1.572780609130859375e-01 1.812602281570434570e-01
7.984537353515625000e+02 2.763552188873291016e+00 9.815906524658203125e+00 7.250328063964843750e-01 -6.109390258789062500e-01 1.983974099159240723e+00
7.211981201171875000e+02 2.103107929229736328e+00 8.371754646301269531e+00 3.061979293823242188e+00 2.383026123046875000e+00 5.116433501243591309e-01
3.716945800781250000e+02 6.987338066101074219e-01 5.831559181213378906e+00 1.737926483154296875e+00 1.375389099121093750e-01 4.898078441619873047e-01
6.586856689453125000e+02 3.251721858978271484e-01 4.946720123291015625e+00 2.513750076293945312e+00 2.064193725585937500e+00 1.786139607429504395e+00
6.730722656250000000e+02 1.232828617095947266e+00 7.015403747558593750e+00 -5.120010375976562500e-01 -1.676780700683593750e+00 1.106913208961486816e+00
5.875585327148437500e+02 2.297140121459960938e+00 8.839526176452636719e+00 5.996713638305664062e+00 1.301748275756835938e+00 4.155132174491882324e-01
5.589984130859375000e+02 1.525264263153076172e+00 7.391259193420410156e+00 2.586486816406250000e+00 -4.983901977539062500e-02 3.646168410778045654e-01
5.432280883789062500e+02 1.295211315155029297e+00 6.639628887176513672e+00 -1.304561614990234375e+00 -2.590923309326171875e-01 3.009960353374481201e-01
7.853190917968750000e+02 3.535321235656738281e+00 1.145573902130126953e+01 -1.472667980194091797e+01 -7.457598686218261719e+00 4.377066493034362793e-01
7.246175537109375000e+02 2.891830921173095703e+00 1.018773365020751953e+01 -4.659057617187500000e+00 -6.517048835754394531e+00 1.247428297996520996e+00
5.777340698242187500e+02 3.902054786682128906e+00 1.224444961547851562e+01 -1.347057342529296875e+01 -6.049219131469726562e+00 5.299063920974731445e-01
2.014745788574218750e+02 1.783479690551757812e+00 8.062280654907226562e+00 8.333509445190429688e+00 6.811790466308593750e+00 8.284870386123657227e-01
3.606734619140625000e+02 1.867627382278442383e+00 8.163868904113769531e+00 8.691024780273437500e-01 -1.557867050170898438e+00 4.020586237311363220e-02
7.109125366210937500e+02 2.990550518035888672e+00 1.032629394531250000e+01 -2.223051071166992188e+00 -2.434688568115234375e+00 1.178579926490783691e+00
4.074305419921875000e+02 5.898184776306152344e-01 5.361265659332275391e+00 2.499200820922851562e+00 1.588191986083984375e+00 5.831420794129371643e-02
3.773380737304687500e+02 3.742874622344970703e+00 1.184088611602783203e+01 -8.584574699401855469e+00 -2.574882507324218750e+00 3.977045118808746338e-01
7.495751342773437500e+02 1.886645793914794922e+00 8.032686233520507812e+00 9.799354553222656250e+00 1.472156143188476562e+01 1.611551761627197266e+00
4.269947052001953125e+00 2.089707374572753906e+00 8.603536605834960938e+00 2.875122070312500000e+00 4.585475921630859375e-01 1.572738438844680786e-01
6.491026611328125000e+02 3.081598281860351562e+00 1.034279823303222656e+01 -1.938255119323730469e+01 -8.433784484863281250e+00 3.873831033706665039e-01
3.631960449218750000e+02 6.399693489074707031e-01 5.468209743499755859e+00 1.838090896606445312e+00 -1.243637084960937500e+00 9.579534828662872314e-02
5.169600219726562500e+02 4.492464065551757812e-01 5.357472419738769531e+00 2.938306808471679688e+00 -7.606639862060546875e-01 9.386210143566131592e-02
6.984236450195312500e+02 2.865296840667724609e+00 1.026350784301757812e+01 -6.171015739440917969e+00 -1.720363998413085938e+01 2.405506610870361328e+00
7.246029052734375000e+02 1.993072032928466797e+00 8.349665641784667969e+00 2.238590240478515625e+00 4.269336700439453125e+00 2.402317047119140625e+00
6.273562622070312500e+02 1.394359588623046875e+00 7.292440891265869141e+00 1.684391021728515625e+00 1.189689636230468750e-01 3.333750069141387939e-01
2.965362243652343750e+02 3.516621589660644531e-01 5.064406394958496094e+00 2.758792877197265625e+00 5.464153289794921875e-01 2.225547283887863159e-01
1.865717926025390625e+02 2.457880973815917969e+00 9.236854553222656250e+00 -4.945381164550781250e+00 -3.886409759521484375e+00 6.376924514770507812e-01
6.279140625000000000e+02 9.916791915893554688e-01 5.986856460571289062e+00 5.885902404785156250e+00 2.288150787353515625e-01 4.917187616229057312e-02
7.886053466796875000e+02 2.598165035247802734e+00 9.676945686340332031e+00 1.367408370971679688e+01 1.073817253112792969e+01 8.072072267532348633e-01
5.767851562500000000e+02 1.685681343078613281e+00 7.620569705963134766e+00 2.741592407226562500e+00 1.320617675781250000e+00 3.032096624374389648e-01
6.121215820312500000e+02 1.973586797714233398e+00 8.538633346557617188e+00 3.875581741333007812e+00 3.421474456787109375e+00 1.008736133575439453e+00
1.132671203613281250e+02 1.576700687408447266e+00 7.552016258239746094e+00 -1.769847869873046875e-01 -9.508056640625000000e-01 2.246475070714950562e-01
6.948034667968750000e+02 1.818690299987792969e+00 8.002958297729492188e+00 2.303535461425781250e+00 1.663669586181640625e+00 7.241169214248657227e-01
6.360860443115234375e+01 5.732462406158447266e-01 5.541268348693847656e+00 1.252704620361328125e+00 4.613113403320312500e-02 7.862547636032104492e-01
6.877106323242187500e+02 1.899418354034423828e+00 8.166708946228027344e+00 7.815143585205078125e+00 2.212038040161132812e+00 3.263726830482482910e-01
3.232430725097656250e+02 2.772632122039794922e+00 9.929703712463378906e+00 -5.532493591308593750e+00 -3.716037750244140625e+00 5.334514975547790527e-01
3.441618041992187500e+02 1.199984073638916016e+00 6.836652755737304688e+00 4.282199859619140625e+00 9.107437133789062500e-01 1.067674309015274048e-01
6.560499877929687500e+02 8.578720092773437500e-01 6.142673492431640625e+00 3.095005035400390625e+00 2.980230331420898438e+00 1.142455577850341797e+00
2.159133605957031250e+02 1.755166530609130859e+00 7.719856262207031250e+00 1.467046737670898438e+00 1.476228713989257812e+00 4.949531555175781250e-01
6.591143188476562500e+02 6.129951477050781250e-01 5.741536140441894531e+00 1.914388656616210938e+00 5.364322662353515625e-01 8.932549357414245605e-01
7.702789916992187500e+02 1.834260463714599609e+00 7.774020195007324219e+00 3.895990371704101562e+00 3.026979446411132812e+00 6.812685132026672363e-01
5.196401367187500000e+02 2.987376213073730469e+00 1.040651988983154297e+01 -1.153693771362304688e+01 -3.516578674316406250e+00 2.732613682746887207e-01
2.278483963012695312e+01 2.122099876403808594e+00 8.776811599731445312e+00 -8.584209442138671875e+00 -3.648794174194335938e+00 1.588943749666213989e-01
9.553883361816406250e+01 1.464289665222167969e+00 7.173367977142333984e+00 -4.302215576171875000e-02 -7.199592590332031250e-01 3.819346660748124123e-03
5.757443237304687500e+02 1.179381847381591797e+00 6.698197364807128906e+00 9.638938903808593750e-01 -1.092517852783203125e+00 6.636865139007568359e-01
7.505125122070312500e+02 1.276675224304199219e+00 6.795317649841308594e+00 -1.730714797973632812e+00 -2.276407241821289062e+00 1.180551409721374512e+00
4.023902282714843750e+02 7.024209499359130859e-01 5.635081291198730469e+00 2.119844436645507812e+00 1.962738037109375000e-01 5.145065784454345703e-01
4.017069396972656250e+02 3.761482238769531250e-01 5.101604938507080078e+00 1.670101165771484375e+00 9.060459136962890625e-01 4.166702032089233398e-01
3.313833312988281250e+02 2.883346557617187500e+00 1.004862117767333984e+01 -3.643344879150390625e+00 -1.733671188354492188e+00 3.450417816638946533e-01
6.770787963867187500e+02 3.013150691986083984e+00 1.022881031036376953e+01 -3.585754394531250000e+00 -1.032241821289062500e+00 2.732127308845520020e-01
2.847169189453125000e+02 1.509294509887695312e+00 7.566771507263183594e+00 3.283321380615234375e+00 1.068000793457031250e+00 1.337469518184661865e-01
4.584602966308593750e+02 1.209876537322998047e+00 6.737839221954345703e+00 2.720302581787109375e+00 1.155281066894531250e-01 2.477013319730758667e-01
7.423044433593750000e+02 2.249667167663574219e+00 8.932851791381835938e+00 -2.471761703491210938e+00 -1.926136016845703125e+00 4.969884455204010010e-01
6.799884033203125000e+02 1.580264091491699219e+00 7.820050716400146484e+00 -3.758838653564453125e+00 -6.378574371337890625e-01 2.785213589668273926e-01
2.107149124145507812e+01 1.299853801727294922e+00 6.969253063201904297e+00 -2.309484481811523438e+00 -4.533546447753906250e+00 4.736240208148956299e-01
4.165595397949218750e+02 1.884111166000366211e+00 8.197938919067382812e+00 8.237438201904296875e-01 -8.273334503173828125e-01 8.083170056343078613e-01
3.547999877929687500e+02 1.725644588470458984e+00 7.728782176971435547e+00 3.194017410278320312e+00 2.084869384765625000e+00 1.353815495967864990e-01
7.642550048828125000e+02 1.280535221099853516e+00 7.071568489074707031e+00 -1.474670410156250000e+00 3.997688293457031250e-01 5.947914347052574158e-02
6.346531372070312500e+02 2.626160621643066406e+00 9.817477226257324219e+00 7.643589019775390625e+00 5.449592590332031250e+00 8.690633773803710938e-01
6.548677368164062500e+02 2.680927753448486328e+00 9.531256675720214844e+00 9.498107910156250000e+00 3.826423645019531250e+00 4.318960309028625488e-01
3.309722900390625000e+02 6.937417984008789062e-01 5.685168266296386719e+00 1.155220031738281250e+00 1.151912689208984375e+00 1.632191538810729980e-01
7.505685424804687500e+02 9.311480522155761719e-01 6.215671539306640625e+00 5.071254730224609375e+00 9.376239776611328125e+00 2.354337930679321289e+00
5.878673095703125000e+02 2.454881668090820312e+00 9.446771621704101562e+00 -2.989847183227539062e+00 -3.327415466308593750e+00 1.011220097541809082e+00
4.377732849121093750e+02 2.672407150268554688e+00 9.585230827331542969e+00 -8.516998291015625000e-01 5.966453552246093750e-01 6.445296108722686768e-02
4.352442321777343750e+02 1.122925996780395508e+00 6.753438949584960938e+00 4.209804534912109375e-01 1.712341308593750000e-01 8.484981954097747803e-02
6.990283203125000000e+02 1.902394771575927734e+00 8.300108909606933594e+00 8.855690002441406250e+00 4.677661895751953125e+00 6.857757568359375000e-01
4.820053482055664062e+01 2.119589805603027344e+00 8.867415428161621094e+00 -9.512672424316406250e-01 -3.396070480346679688e+00 3.788754045963287354e-01
5.972189331054687500e+02 2.104201316833496094e+00 8.775624275207519531e+00 8.319019317626953125e+00 1.365245819091796875e+00 4.943801090121269226e-02
2.357265014648437500e+02 7.252800464630126953e-01 5.703580856323242188e+00 3.492069244384765625e-01 -2.436368942260742188e+00 2.637491822242736816e-01
6.401066894531250000e+02 1.257419586181640625e+00 6.654641628265380859e+00 6.251335144042968750e-01 4.714927673339843750e-01 1.133396290242671967e-03
6.724259643554687500e+02 2.223875999450683594e+00 8.878297805786132812e+00 -9.471949577331542969e+00 -1.171925354003906250e+01 1.232120752334594727e+00
5.947215576171875000e+02 2.435627460479736328e+00 9.298879623413085938e+00 7.154083251953125000e-01 -1.252204895019531250e+00 1.464216113090515137e+00
4.821708679199218750e+02 6.952362060546875000e-01 5.886534690856933594e+00 1.498790740966796875e+00 5.018844604492187500e-01 1.619841337203979492e+00
7.049149780273437500e+02 2.484306812286376953e+00 9.547327041625976562e+00 1.280565261840820312e+00 5.880184173583984375e-01 1.367392420768737793e+00
4.188168640136718750e+02 2.415726661682128906e+00 9.165741920471191406e+00 -8.209533691406250000e-01 4.559249877929687500e-01 8.359552919864654541e-02
4.206155395507812500e+02 1.335301160812377930e+00 7.114669799804687500e+00 6.143264770507812500e+00 3.204267501831054688e+00 1.776669770479202271e-01
6.909497070312500000e+02 2.109982490539550781e+00 8.727634429931640625e+00 6.196115493774414062e+00 3.946846008300781250e+00 9.680951833724975586e-01
6.837605590820312500e+02 7.244825363159179688e-01 5.750595569610595703e+00 3.121974945068359375e+00 3.964700698852539062e+00 1.660552144050598145e+00
4.111439208984375000e+02 1.912574768066406250e+00 8.307086944580078125e+00 5.626190185546875000e+00 3.512607574462890625e+00 6.723237633705139160e-01
3.462020568847656250e+02 2.821114063262939453e+00 9.929044723510742188e+00 3.012903213500976562e+00 1.630725860595703125e+00 8.757449388504028320e-01
6.185048828125000000e+02 3.042829990386962891e+00 1.073211479187011719e+01 -7.799415588378906250e-01 -1.606565475463867188e+00 9.866067767143249512e-01
2.388300170898437500e+02 9.965615272521972656e-01 6.061706066131591797e+00 5.736045837402343750e-01 1.720275878906250000e-01 3.476129472255706787e-01
4.050443725585937500e+02 1.367364406585693359e+00 6.873435497283935547e+00 2.081333160400390625e+00 -9.446277618408203125e-01 3.188246488571166992e-01
6.335125732421875000e+02 3.389525413513183594e+00 1.141376876831054688e+01 8.390159606933593750e-01 5.828323364257812500e-01 8.708567619323730469e-01
9.501488494873046875e+01 1.636290550231933594e+00 7.497580051422119141e+00 5.269649505615234375e+00 4.580495834350585938e+00 1.493620753288269043e+00
3.133617858886718750e+02 8.953745365142822266e-01 5.969358444213867188e+00 9.443817138671875000e-01 2.673320770263671875e-01 1.786708831787109375e-02
2.206756591796875000e+02 3.140818595886230469e+00 1.034207439422607422e+01 4.606485366821289062e+00 1.673791885375976562e+00 5.571636557579040527e-01
5.952168579101562500e+02 9.554145336151123047e-01 6.404609680175781250e+00 -1.210975646972656250e+00 -6.796226501464843750e-01 5.579414367675781250e-01
3.578017883300781250e+02 7.912578582763671875e-01 6.002353191375732422e+00 3.806690216064453125e+00 3.265380859375000000e-01 3.229660987854003906e-01
6.456367187500000000e+02 2.133629798889160156e+00 8.428240776062011719e+00 4.702476501464843750e+00 2.516540527343750000e+00 5.672286152839660645e-01
1.535529174804687500e+02 8.544671535491943359e-01 6.101727485656738281e+00 2.186050415039062500e+00 -1.080400466918945312e+00 2.245547771453857422e-01
3.070597534179687500e+02 2.761354446411132812e+00 9.936567306518554688e+00 -8.299074172973632812e+00 -3.449344635009765625e+00 1.655143499374389648e-01
1.621932220458984375e+01 2.876763343811035156e+00 1.017309474945068359e+01 1.621515655517578125e+01 3.261167526245117188e+00 2.520706653594970703e-01
4.977079772949218750e+02 1.651593208312988281e+00 7.841903209686279297e+00 7.679574966430664062e+00 3.126056671142578125e+00 5.872907638549804688e-01
3.388598327636718750e+02 3.059418201446533203e+00 1.033868122100830078e+01 -1.589005470275878906e+01 -2.896545410156250000e+00 2.419352829456329346e-01
5.418762207031250000e+02 2.043647766113281250e+00 8.556169509887695312e+00 2.258644104003906250e-01 1.052186965942382812e+00 1.232291907072067261e-01
4.162115478515625000e+02 1.245361804962158203e+00 6.889264583587646484e+00 1.134571075439453125e+00 -6.082477569580078125e-01 1.403833776712417603e-01
7.891606445312500000e+02 2.428456306457519531e+00 9.088409423828125000e+00 4.210445404052734375e+00 2.396966934204101562e+00 5.630158185958862305e-01
4.611203308105468750e+02 1.829776287078857422e+00 8.176990509033203125e+00 4.286018371582031250e+00 2.781999588012695312e+00 2.756061553955078125e-01
4.812160949707031250e+02 8.400692939758300781e-01 5.916440963745117188e+00 8.654994964599609375e-01 -4.592819213867187500e-01 6.525048613548278809e-02
1.459121398925781250e+02 1.063113689422607422e+00 6.421249389648437500e+00 3.104110717773437500e+00 1.154041290283203125e-01 8.891184628009796143e-02
3.630925598144531250e+02 1.416557312011718750e+00 7.265049934387207031e+00 3.954208374023437500e+00 2.089729309082031250e+00 8.267127275466918945e-01
6.916201171875000000e+02 2.346058368682861328e+00 9.063706398010253906e+00 9.976453781127929688e+00 1.830683898925781250e+01 1.901712417602539062e+00
5.117165222167968750e+02 4.238331317901611328e-01 5.026379585266113281e+00 2.188716888427734375e+00 8.369789123535156250e-01 2.142203748226165771e-01
4.509681091308593750e+02 3.622854232788085938e+00 1.127709770202636719e+01 3.996788024902343750e+00 7.865161895751953125e-01 1.427494138479232788e-01
1.938544464111328125e+02 9.096210002899169922e-01 6.108731269836425781e+00 3.003673553466796875e-01 -1.881313323974609375e-01 1.689367368817329407e-02
4.678572082519531250e+02 3.293418407440185547e+00 1.101041221618652344e+01 -1.464971828460693359e+01 -1.221867942810058594e+01 7.058377265930175781e-01
4.516739807128906250e+02 2.364521026611328125e-01 4.815253257751464844e+00 2.137155532836914062e+00 -5.072994232177734375e-01 1.867629587650299072e-01
5.947368774414062500e+02 1.229622364044189453e+00 6.851689815521240234e+00 6.770172119140625000e+00 5.145929336547851562e+00 6.703343391418457031e-01
2.665042419433593750e+02 1.262965202331542969e+00 7.172682285308837891e+00 -1.380271911621093750e-01 -3.181781768798828125e-01 1.389376074075698853e-01
3.340470275878906250e+02 2.575454711914062500e+00 9.250228881835937500e+00 1.306330108642578125e+01 1.149503898620605469e+01 8.655902743339538574e-01
6.264137573242187500e+02 2.026381969451904297e+00 8.461416244506835938e+00 7.483863830566406250e-01 7.265472412109375000e-02 5.748703479766845703e-01
6.200294189453125000e+02 1.154888153076171875e+00 6.859538078308105469e+00 -9.623374938964843750e-01 -2.140655517578125000e+00 8.613897562026977539e-01
5.586941528320312500e+02 3.293591976165771484e+00 1.092409896850585938e+01 -6.204410552978515625e+00 -2.760179519653320312e+00 5.708536505699157715e-01
6.723999633789062500e+02 1.416070461273193359e+00 7.364267826080322266e+00 -1.229877471923828125e-01 -1.435585021972656250e+00 1.315182447433471680e+00
6.746294555664062500e+02 1.144899845123291016e+00 6.257665634155273438e+00 2.033884048461914062e+00 1.317089080810546875e+00 5.054761171340942383e-01
2.160035552978515625e+02 1.602051258087158203e+00 7.616885185241699219e+00 2.157928466796875000e+00 -1.893590927124023438e+00 2.984797358512878418e-01
3.670626220703125000e+02 3.266295433044433594e+00 1.107853317260742188e+01 5.187904357910156250e+00 -8.709716796875000000e-02 2.865889966487884521e-01
3.394905090332031250e+02 3.021303176879882812e+00 1.039845657348632812e+01 4.380607604980468750e+00 8.837604522705078125e-01 6.014333963394165039e-01
4.764401550292968750e+02 2.163931846618652344e+00 8.607056617736816406e+00 4.218116760253906250e+00 9.137306213378906250e-01 2.412767857313156128e-01
3.708895568847656250e+02 1.861270427703857422e+00 8.312736511230468750e+00 6.573677062988281250e+00 1.464157104492187500e-01 3.933886066079139709e-02
3.077456970214843750e+02 2.408219337463378906e+00 9.161885261535644531e+00 2.220373153686523438e+00 -1.554584503173828125e-01 1.212257385253906250e+00
5.280002441406250000e+02 2.204539299011230469e+00 8.622942924499511719e+00 1.834533691406250000e+00 -1.621608734130859375e-01 3.335765004158020020e-01
2.663765869140625000e+02 2.534783363342285156e+00 9.665390014648437500e+00 -6.415562629699707031e+00 -2.626571655273437500e-01 1.503443717956542969e-01
6.855985717773437500e+02 2.059740066528320312e+00 8.563609123229980469e+00 5.681404113769531250e+00 3.794729232788085938e+00 6.264811158180236816e-01
7.959475708007812500e+02 2.201076507568359375e+00 8.568325996398925781e+00 4.521072387695312500e+00 1.751747131347656250e+00 2.806217074394226074e-01
2.753607788085937500e+02 4.075045585632324219e-01 5.386314868927001953e+00 2.895143508911132812e+00 2.763023376464843750e-01 4.088920354843139648e-02
3.244973754882812500e+02 5.064973831176757812e-01 5.033529281616210938e+00 1.731407165527343750e+00 -8.957977294921875000e-01 5.463769435882568359e-01
4.023912048339843750e+02 3.951649665832519531e-01 5.019227981567382812e+00 8.351364135742187500e-01 -3.331909179687500000e-01 1.120312362909317017e-01
4.932682495117187500e+02 3.756586074829101562e+00 1.184330558776855469e+01 -1.192466354370117188e+01 -1.049577236175537109e+01 8.796467781066894531e-01
1.503071746826171875e+02 2.189904689788818359e+00 8.745660781860351562e+00 -8.027218818664550781e+00 -2.795886993408203125e+00 2.439343929290771484e-01
3.082355651855468750e+02 6.443848609924316406e-01 5.596302986145019531e+00 2.643548965454101562e+00 2.201671600341796875e-01 3.478594422340393066e-01
6.857554321289062500e+02 2.136436939239501953e+00 8.566296577453613281e+00 4.811313629150390625e+00 -3.793067932128906250e-01 4.539693892002105713e-02
4.784032287597656250e+02 1.681740999221801758e+00 7.757587432861328125e+00 1.875188827514648438e+00 1.596641540527343750e-01 3.119591623544692993e-02
1.500950164794921875e+02 2.667411804199218750e+00 9.794512748718261719e+00 -1.178253173828125000e+00 9.537124633789062500e-02 2.369688823819160461e-02
7.400566406250000000e+02 5.335266590118408203e-01 5.277151107788085938e+00 4.707794189453125000e-01 2.707824707031250000e-01 5.086690783500671387e-01
7.668594970703125000e+02 3.094842910766601562e+00 1.070845985412597656e+01 1.439205932617187500e+01 1.392036056518554688e+01 1.094554424285888672e+00
2.725787963867187500e+02 4.381060600280761719e-01 5.068498134613037109e+00 1.648723602294921875e+00 -7.691612243652343750e-01 9.792317450046539307e-02
7.583087768554687500e+02 7.293295860290527344e-01 5.704021453857421875e+00 3.401441574096679688e+00 1.133926391601562500e+00 2.439396977424621582e-01
4.153866882324218750e+02 1.520834445953369141e+00 7.650565147399902344e+00 3.469261169433593750e+00 2.321754455566406250e+00 1.192328810691833496e+00
3.999266052246093750e+02 8.581695556640625000e-01 5.840753555297851562e+00 2.615468978881835938e+00 1.276090621948242188e+00 3.807926774024963379e-01
1.310216369628906250e+02 2.335521697998046875e+00 8.941920280456542969e+00 9.675264358520507812e+00 3.673067092895507812e+00 5.779805183410644531e-01
6.504990844726562500e+02 3.416081905364990234e+00 1.133925247192382812e+01 9.632335662841796875e+00 5.904003143310546875e+00 5.373860001564025879e-01
4.249261779785156250e+02 1.773810148239135742e+00 7.894071578979492188e+00 5.646295547485351562e+00 2.132379531860351562e+00 5.185783505439758301e-01
4.984135742187500000e+02 2.021211624145507812e+00 8.340126991271972656e+00 1.280029678344726562e+01 4.198772430419921875e+00 2.767675817012786865e-01
2.980806884765625000e+02 3.567664146423339844e+00 1.137759304046630859e+01 -1.748989486694335938e+01 -7.226567268371582031e+00 2.973645627498626709e-01
1.515539703369140625e+02 2.055833816528320312e+00 8.634810447692871094e+00 4.072551727294921875e-01 -3.979187011718750000e-01 2.270008325576782227e-01
1.281416778564453125e+02 1.695157527923583984e+00 7.899709701538085938e+00 3.212558746337890625e+00 4.890174865722656250e-01 3.419842123985290527e-01
6.934008789062500000e+02 2.708054542541503906e+00 9.959295272827148438e+00 1.555500793457031250e+01 1.986894989013671875e+01 1.348183155059814453e+00
3.559509887695312500e+02 1.056543827056884766e+00 6.245449066162109375e+00 2.031461715698242188e+00 8.378219604492187500e-01 8.247411251068115234e-01
3.433208007812500000e+02 3.443337440490722656e+00 1.125581550598144531e+01 -8.464872360229492188e+00 -2.283323287963867188e+00 2.687080800533294678e-01
3.192008972167968750e+02 3.440304756164550781e+00 1.129125976562500000e+01 -3.902137756347656250e+00 -1.175422668457031250e+00 1.440494954586029053e-01
7.084122314453125000e+02 3.025214195251464844e+00 1.051385974884033203e+01 -1.698024749755859375e+00 -1.422822952270507812e+00 1.704865396022796631e-01
5.750781860351562500e+02 9.823014736175537109e-01 6.065000057220458984e+00 3.903179168701171875e+00 4.811649322509765625e-01 2.372046113014221191e-01
6.502642822265625000e+02 2.574871540069580078e+00 9.741576194763183594e+00 -4.107235908508300781e+00 -3.475200653076171875e+00 5.971759557723999023e-01
5.217310180664062500e+02 3.604070663452148438e+00 1.169674968719482422e+01 1.313884735107421875e+00 -2.267906188964843750e+00 3.207649588584899902e-01
6.434846191406250000e+02 1.694122076034545898e+00 7.963047504425048828e+00 -3.222677230834960938e+00 -2.358686447143554688e+00 3.577074110507965088e-01
4.638341369628906250e+02 2.039826393127441406e+00 8.309126853942871094e+00 -7.798118591308593750e-01 -6.694812774658203125e-01 8.025418967008590698e-02
6.306162719726562500e+02 1.426522016525268555e+00 7.285047054290771484e+00 2.290630340576171875e-01 1.694955825805664062e+00 3.175529539585113525e-01
4.706875305175781250e+02 7.444725036621093750e-01 5.934505939483642578e+00 1.651342391967773438e+00 -7.396392822265625000e-01 4.890342950820922852e-01
4.046312255859375000e+02 2.163100719451904297e+00 8.587438583374023438e+00 -1.551834106445312500e+01 -9.798311233520507812e+00 5.823448896408081055e-01
5.456822509765625000e+02 3.826029300689697266e-01 5.105334758758544922e+00 1.771028518676757812e+00 2.933502197265625000e-03 8.268350362777709961e-02
1.195376739501953125e+02 1.764308452606201172e+00 8.217779159545898438e+00 2.292793273925781250e+00 8.149948120117187500e-01 1.524279415607452393e-01
7.840538330078125000e+02 2.418260097503662109e+00 9.113374710083007812e+00 5.823104858398437500e+00 1.874160766601562500e-02 2.579334937036037445e-02
5.833659667968750000e+02 1.090770721435546875e+00 6.566468238830566406e+00 8.906440734863281250e-01 -1.532411575317382812e+00 1.053121328353881836e+00
1.462719268798828125e+02 1.063341140747070312e+00 6.656271934509277344e+00 2.887714385986328125e+00 4.548072814941406250e-01 2.695350050926208496e-01
5.712445068359375000e+02 1.834036350250244141e+00 7.887903213500976562e+00 8.589744567871093750e-02 -1.172382354736328125e+00 1.309098154306411743e-01
1.419691619873046875e+02 6.748471260070800781e-01 5.805588722229003906e+00 9.327487945556640625e-01 -4.327621459960937500e-01 1.823820471763610840e-01
4.418946228027343750e+02 1.786698818206787109e+00 7.962936401367187500e+00 1.900085449218750000e+00 6.456680297851562500e-01 8.521944284439086914e-01
2.579376525878906250e+02 2.224350452423095703e+00 8.874078750610351562e+00 -1.729352569580078125e+01 -1.746518516540527344e+01 8.519199490547180176e-01
7.971070556640625000e+02 3.840418815612792969e+00 1.204441642761230469e+01 -1.129108810424804688e+01 -7.866113662719726562e+00 7.374473810195922852e-01
2.459940643310546875e+02 2.569903373718261719e+00 9.634695053100585938e+00 -4.292120933532714844e+00 -1.817344665527343750e+00 2.172543853521347046e-01
2.066430053710937500e+02 1.837403774261474609e+00 7.885011672973632812e+00 1.267219543457031250e+00 2.059528350830078125e+00 4.050823301076889038e-02
7.896375122070312500e+02 1.224404811859130859e+00 6.648919105529785156e+00 1.193027496337890625e+00 -1.112541198730468750e+00 3.586421012878417969e-01
3.962661743164062500e+01 3.110077857971191406e+00 1.048722457885742188e+01 1.147968673706054688e+01 5.789176940917968750e+00 7.443842887878417969e-01
1.345271301269531250e+02 2.749603748321533203e+00 9.848224639892578125e+00 -6.987426757812500000e+00 -2.326448440551757812e+00 1.876041442155838013e-01
1.828467102050781250e+02 9.327697753906250000e-01 6.255169391632080078e+00 -5.077171325683593750e-02 2.061424255371093750e-01 3.223651349544525146e-01
1.111355438232421875e+02 1.496494293212890625e+00 7.323986530303955078e+00 4.819763183593750000e+00 5.346012115478515625e-01 2.690130472183227539e-01
2.628548889160156250e+02 1.735658168792724609e+00 7.925545692443847656e+00 4.951459884643554688e+00 1.883083343505859375e+00 4.725443124771118164e-01
6.995099487304687500e+02 2.362167358398437500e+00 9.235879898071289062e+00 1.363512420654296875e+01 1.703415298461914062e+01 1.291863679885864258e+00
4.311419067382812500e+02 2.487953662872314453e+00 9.121529579162597656e+00 -1.717529296875000000e+00 -1.190956115722656250e+00 1.486918628215789795e-01
6.875916748046875000e+02 3.197823047637939453e+00 1.078290081024169922e+01 -6.991454124450683594e+00 -1.561398220062255859e+01 1.946178436279296875e+00
6.679921875000000000e+02 2.105729103088378906e+00 8.631435394287109375e+00 5.941432952880859375e+00 3.903831481933593750e+00 7.769816517829895020e-01
7.745302124023437500e+02 2.337055206298828125e+00 9.086177825927734375e+00 -5.953273773193359375e-01 3.991889953613281250e-02 4.388968646526336670e-02
2.442703247070312500e+02 1.156022310256958008e+00 6.475274085998535156e+00 2.296770095825195312e+00 -9.573326110839843750e-01 1.000481992959976196e-01
6.607134399414062500e+02 1.758698225021362305e+00 7.772432327270507812e+00 6.363534927368164062e+00 6.120643615722656250e+00 1.120136976242065430e+00
7.423218994140625000e+02 1.577742815017700195e+00 7.509859561920166016e+00 3.747423171997070312e+00 4.728967666625976562e+00 1.303244113922119141e+00
3.650118713378906250e+02 1.624397277832031250e+00 7.462889671325683594e+00 9.336280822753906250e-02 2.949161529541015625e-01 2.188433706760406494e-01
6.098546142578125000e+02 1.245311975479125977e+00 6.775723934173583984e+00 -2.248880386352539062e+00 6.098270416259765625e-01 1.570722460746765137e-01
7.987960815429687500e+02 1.274252414703369141e+00 6.869670867919921875e+00 4.463336944580078125e+00 2.444286346435546875e+00 2.808776795864105225e-01
7.602382812500000000e+02 1.991778850555419922e+00 8.224765777587890625e+00 -3.209024429321289062e+00 -5.195884704589843750e+00 1.375136256217956543e+00
4.575227355957031250e+02 5.434174537658691406e-01 5.431736469268798828e+00 1.409408569335937500e+00 -3.119222640991210938e+00 3.476762771606445312e-01
7.217429199218750000e+02 1.401178836822509766e+00 7.070197105407714844e+00 3.294355392456054688e+00 3.710298538208007812e+00 1.189887404441833496e+00
4.701283874511718750e+02 3.524155616760253906e-01 5.229425430297851562e+00 2.606163024902343750e+00 9.681396484375000000e-01 2.863724827766418457e-01
7.753998413085937500e+02 1.612788915634155273e+00 7.524377346038818359e+00 6.721496582031250000e-03 -9.033813476562500000e-01 6.730955243110656738e-01
5.306659545898437500e+02 7.611179351806640625e-01 5.791869640350341797e+00 1.231208801269531250e+00 6.657028198242187500e-02 1.033964566886425018e-02
1.569404449462890625e+02 6.873550415039062500e-01 5.730260372161865234e+00 2.474708557128906250e+00 -1.756391525268554688e+00 3.803387880325317383e-01
5.942329101562500000e+02 9.711976051330566406e-01 5.921872615814208984e+00 1.619672775268554688e+00 4.085578918457031250e-01 2.528321444988250732e-01
6.075103149414062500e+02 1.775026321411132812e+00 8.031949043273925781e+00 1.005282592773437500e+01 8.121788024902343750e+00 8.735971450805664062e-01
7.934976806640625000e+02 1.736218929290771484e+00 8.042722702026367188e+00 1.219535827636718750e+00 -4.696025848388671875e-01 9.669898748397827148e-01
4.086800537109375000e+02 2.967963218688964844e-01 5.079317569732666016e+00 1.745124816894531250e+00 1.246528625488281250e-01 7.323800772428512573e-02
5.245004272460937500e+02 1.389185667037963867e+00 6.989181518554687500e+00 7.335357666015625000e-01 -8.173599243164062500e-01 3.853222131729125977e-01
4.232926940917968750e+02 9.524407386779785156e-01 6.277225494384765625e+00 5.803070068359375000e-01 -1.391933441162109375e+00 2.692615985870361328e-02
5.784352493286132812e+01 1.355976104736328125e+00 6.926640510559082031e+00 2.362655639648437500e+00 3.918952941894531250e-01 1.798654347658157349e-02
2.895665283203125000e+02 2.396071434020996094e+00 9.058827400207519531e+00 -8.622412681579589844e+00 1.172437667846679688e+00 9.660729765892028809e-02
2.761427612304687500e+02 1.519860744476318359e+00 7.574548721313476562e+00 7.781951904296875000e+00 2.450954437255859375e+00 2.580507397651672363e-01
2.808323059082031250e+02 7.276515960693359375e-01 5.546353816986083984e+00 1.264255523681640625e+00 -2.926540374755859375e-01 6.445553898811340332e-01
5.117734375000000000e+02 5.427961349487304688e-01 5.506764411926269531e+00 2.308729171752929688e+00 3.549308776855468750e-01 2.157248258590698242e-01
