5.624115315090000513e+04 4.157467022797525225e+00 3.656562861519866425e-01
5.624219395190000796e+04 3.317075758225637827e+00 2.796766646475227214e-01
5.624327154319998954e+04 3.003959706808665420e+00 2.524788393090108829e-01
5.624517846329999884e+04 3.697087700222037476e+00 3.236771858100490062e-01
5.624618468459999713e+04 3.586496245250891945e+00 2.954984321730615981e-01
5.624910221679999813e+04 3.041353520730933013e+00 2.400069974447415766e-01
5.625018058609999571e+04 3.142391062230149412e+00 2.415974364259616258e-01
5.625118387660000008e+04 3.235741897178961324e+00 2.526814019347829454e-01
5.625329571199999918e+04 3.131248214320949685e+00 2.774259100277965961e-01
5.625410730030000559e+04 3.008507967791402837e+00 2.900385997890166379e-01
5.625511052750000090e+04 3.392273039283105085e+00 3.420548552641879403e-01
5.625610502660000202e+04 2.845199736882083830e+00 2.867781875566369765e-01
5.626411555569999473e+04 3.032112572354246360e+00 2.514914665033680108e-01
5.626618313350000244e+04 3.471053657911569168e+00 2.367002710767470153e-01
5.626803903649999847e+04 3.126186297796396119e+00 2.723346222109311321e-01
5.627003125529999670e+04 2.835774978722662265e+00 2.568540873781022804e-01
5.627120507139999972e+04 3.168067129505503843e+00 2.151663597175976494e-01
5.627725130549999449e+04 3.083263210187693559e+00 2.096393281176132939e-01
5.627803912780000246e+04 2.739749301898039224e+00 3.021857877515460866e-01
5.628022084279999399e+04 3.883375658061085201e+00 2.737586866884174630e-01
5.628203891799999838e+04 3.329955177279560363e+00 3.319135596705045099e-01
5.628302893190000032e+04 3.043601801057387313e+00 3.780981392831628818e-01
5.628403660160000436e+04 2.873802877006073953e+00 3.008872888652245337e-01
5.628520697929999733e+04 2.959929323380798838e+00 2.060943270745014821e-01
5.629004600100000243e+04 2.165270543015963778e+00 2.646699405881895450e-01
5.629116428960000485e+04 2.912419879771656728e+00 2.030105016116728889e-01
5.629618920040000376e+04 3.306318562107097847e+00 2.262747063923157553e-01
5.630620242680000229e+04 3.027703622285043306e+00 3.428047636545984433e-01
5.630703876980000496e+04 2.812165323005420881e+00 3.461495108568553025e-01
5.630806681209999078e+04 3.092508687334929007e+00 2.105423386260916740e-01
5.630903760530000000e+04 2.683018613829866617e+00 3.088225988730650684e-01
5.631003767009999865e+04 3.049127328057896769e+00 3.529779700409500509e-01
5.631204411560000153e+04 3.795975794767051159e+00 4.636845050267034418e-01
5.631403690989999450e+04 2.862572538600897332e+00 4.172825504580581213e-01
5.631504152819999581e+04 2.304578598166638237e+00 2.638293774570399930e-01
5.632216724589999649e+04 3.990447730088894307e+00 3.209650853442821417e-01
5.632309509460000118e+04 3.371891029809432450e+00 2.622930817860262276e-01
5.632906644509999751e+04 3.105806140488295952e+00 2.112891881989827914e-01
5.653626811299999827e+04 3.243773175573271939e+00 2.902305753410703293e-01
5.654325011069666652e+04 4.131718341562883090e+00 3.343878587959039916e-02
5.654728385646999959e+04 4.291638913407749278e+00 3.270555785405187404e-02
5.655918395174999750e+04 3.259134930942627850e+00 6.029502047656375152e-02
5.656328375047000009e+04 4.247236048493216565e+00 3.851669523116722782e-02
5.656723523783333803e+04 4.065015306969219644e+00 2.888479881202865585e-02
5.657520496178000030e+04 4.190151112522315202e+00 5.740187087611723499e-02
5.657919713529667933e+04 3.210843726623280769e+00 4.107153032185097835e-02
5.659036188799000229e+04 3.340532861957691502e+00 2.644418689336557882e-01
5.659510045708999678e+04 3.572289479228369036e+00 4.287552951291100783e-02
5.660213606374750088e+04 3.182429525154913730e+00 1.739757127560990352e-02
5.661704578252665669e+04 3.510682461866451831e+00 2.834564533799518657e-02
5.662522713026332349e+04 3.267450188174045422e+00 1.179934981422855154e-02
5.663526092727333889e+04 4.380760105671996030e+00 1.660154630725798122e-02
5.664606967140000052e+04 3.330119318384107352e+00 1.794554805763115546e-02
5.666013367709000158e+04 3.467173446767290113e+00 4.816096724076828622e-03
5.666215108447999955e+04 3.429695512874934238e+00 2.483110683581947475e-02
5.666714706902331818e+04 3.653651827570767896e+00 3.183841830988022592e-02
5.667608379068665818e+04 3.944986400949515026e+00 4.750967482917817925e-02
5.668109431703000155e+04 3.669859553957718123e+00 6.194335125085291549e-02
5.668307254053000361e+04 3.716077286590837137e+00 1.516075608089323574e-02
5.668806805668999732e+04 3.842913736216154508e+00 3.651040396443099630e-03
5.669404887867000070e+04 3.655522071832013609e+00 1.724527643478463226e-02
5.688529199054500350e+04 3.533661629909570667e+00 5.590816657501424675e-02
5.691522451576500316e+04 3.780965637151420644e+00 5.663668432815532894e-02
5.691620640940000158e+04 3.359905827043691673e+00 1.465389624703538896e-01
5.692019683584500308e+04 3.443758334320410786e+00 2.639903824430664403e-02
5.692519090416000108e+04 3.341062310546509373e+00 3.111560334854058391e-02
5.693216670085999795e+04 3.617655681828829017e+00 1.033711651379968233e-01
5.693631369264333625e+04 3.649205069215852859e+00 6.100944767259629253e-02
5.694334828689334245e+04 3.447932177560747213e+00 3.403087902436630063e-02
5.696325662782500149e+04 3.547775238510519458e+00 9.097133512678777512e-02
5.697314589703668025e+04 2.983639445218302821e+00 1.555392212673984559e-02
5.698020875517000241e+04 2.908897175839095794e+00 9.963113413456126111e-03
5.698721023858999979e+04 3.019274129583611632e+00 8.837950992352199345e-03
5.699021100340000703e+04 3.364407839806671241e+00 1.717779573918724878e-02
5.700117978543999925e+04 3.033111192327023975e+00 4.728011238796257093e-02
5.700524472011999751e+04 3.079596224367829649e+00 3.497422776976612940e-02
5.701219234526999935e+04 2.954198195715479258e+00 2.678077636667744107e-02
5.701818655027331988e+04 4.143978569743483220e+00 2.598728813226480749e-02
5.702905703656499827e+04 3.073234072735727018e+00 5.897441202592863807e-02
5.703416333289999602e+04 3.303197910963901585e+00 2.515278714440590674e-02
5.724940531287000340e+04 2.479789798779834964e+00 4.493221864867363857e-02
5.725533436901499954e+04 2.555347745793601355e+00 5.681216840534278334e-02
5.726825769592500001e+04 3.038762435596269462e+00 1.385876261848769664e-01
5.727825235563999740e+04 3.375725179058415293e+00 3.118903829922638397e+04
5.728725649883999722e+04 3.409656592515146301e+00 8.808448334593614593e-02
5.729724749801999860e+04 3.088612905042948054e+00 1.534507491064205920e-01
5.731716315446500084e+04 2.478473084317986963e+00 5.663023682018338695e-02
5.732708891672999744e+04 2.503007365426182851e+00 3.126011144851899293e-02
5.733119593350999639e+04 2.443850940533418115e+00 4.078764082661284762e-02
5.735613641286500206e+04 2.451475509215915505e+00 3.435168227535778662e-02
5.737218962526501127e+04 2.468148210649698804e+00 2.884137535434728658e-02
5.737617298618500354e+04 3.072925341071757188e+00 9.792274687461284544e-02
5.738516195886999776e+04 2.428169055798456544e+00 7.023439285087211548e-02
5.738914291752000281e+04 2.522328186850927523e+00 4.390131965806096104e-02
5.739711623896999663e+04 2.537513192591715150e+00 1.135250852376323838e-01
5.739917654197999946e+04 2.472011037493784702e+00 3.774111382400754250e-02
5.740604856793332146e+04 2.633320002529459192e+00 5.651724692749933443e-02
5.742511024423000345e+04 3.419850426678707755e+00 6.945534490258556404e-02
5.762938992468999641e+04 3.924831333750772089e+00 4.075367022131553413e-02
5.763336113373000262e+04 4.293911198850584476e+00 3.146061942883784934e-02
5.763733043607750005e+04 4.244710818734518831e+00 3.372266533771088592e-02
5.764328616170000168e+04 4.099393096376855006e+00 9.562248723933465533e-02
5.764537808683500043e+04 4.090372799046303243e+00 3.940091980495762092e-02
5.766021916983000119e+04 4.233741810154463714e+00 4.200818243347457376e-02
5.768628727266000351e+04 4.526858389077699663e+00 4.123750939104470908e-02
5.768718977967999672e+04 4.452220983064018256e+00 2.992751530890705100e-02
5.768836793490999844e+04 3.566113730674087989e+00 3.463870715955963409e-01
5.769736435681000148e+04 3.259579199710106678e+00 2.807843172514825070e-01
5.769936470330000157e+04 3.416012106981694441e+00 4.750836655421825094e-01
5.770835485093999887e+04 3.730521405715516270e+00 6.922700483141424055e-01
5.771425566344500112e+04 4.407035735026762602e+00 4.247408272961908371e-02
5.771622830591668026e+04 4.430744376778141813e+00 3.050190971290097849e-02
5.772021971435249725e+04 4.354306295292949436e+00 2.773852439044373341e-02
5.772504421505750361e+04 4.348236543551345257e+00 3.692173264886368378e-02
5.773020653790501092e+04 4.466690170865696530e+00 6.487161898702244189e-02
5.773918227843999921e+04 3.216463256336768328e+00 6.962468954096098783e-02
5.774607632855999691e+04 4.176521574090452660e+00 3.713600841888231585e-02
5.775015419411667972e+04 4.451184073576019529e+00 2.251175124104175945e-02
5.775612148092000280e+04 4.562430267943277329e+00 4.545625463985522585e-02
5.776003618042000016e+04 3.374476182101932231e+00 3.654862371730841497e-01
5.777008133877666114e+04 3.450479258950909678e+00 1.917777807172876131e-02
5.777320270778000122e+04 4.128998970817752578e+00 3.690806194605436574e-01
5.777514889403500274e+04 4.537632839211736879e+00 2.768750080271245237e-02
5.777912475534666009e+04 4.400608837542323570e+00 3.369960734386286821e-02
5.778405475460750313e+04 4.519264605725569872e+00 2.420246104749240734e-02
5.780009223413334257e+04 4.535910647204001833e+00 1.652835527167569388e-02
5.798641375782000250e+04 4.478570598075717335e+00 2.402564082367431367e-02
5.799139292415999807e+04 4.409692965248277474e+00 1.628427367403244633e-02
5.799638622605332057e+04 3.445869214511830592e+00 3.110334641915759452e-02
5.799933259250999981e+04 3.808608411845668229e+00 5.802262019212674204e-02
5.800730202295500203e+04 4.162188224898033084e+00 9.837410842121339927e-02
5.801420038009332347e+04 3.929503666054027011e+00 2.676326680194683269e-02
5.802119519431667868e+04 4.372323927668859689e+00 3.219844624247954201e-02
5.802830373394999333e+04 3.952440612388150587e+00 5.162362715980963607e-02
5.803628130882499681e+04 3.315019601056247822e+00 4.622024408549520874e-02
5.804028480075499829e+04 3.921639228648679421e+00 1.900765668930115213e-02
5.804530048932500358e+04 3.846533431855303942e+00 1.288089670738245401e-02
5.805228799494331906e+04 3.613717609804054653e+00 1.286998077030811378e-02
5.805721918465331692e+04 3.536615381139782244e+00 3.646523302475573880e-02
5.806433453574000305e+04 3.378679588523083144e+00 1.626731068257194213e-01
5.806705773264000163e+04 4.660653705231912802e+00 6.878973814359402861e-02
5.807403908459332160e+04 3.419571024109701707e+00 2.275443115850208850e-02
5.807915367156000138e+04 3.619320123195814976e+00 1.387137746626877430e-02
5.808422742922999896e+04 3.620483667440184572e+00 2.082663320123662523e-02
5.809304604430000472e+04 3.681604059791980355e+00 2.020356543144728387e-02
5.809920043332999921e+04 4.590115296605267403e+00 2.379327643177122503e-02
5.810714285149332136e+04 4.464571643426004321e+00 2.150810306932799537e-02
5.811218288993999158e+04 3.972159222541305823e+00 1.875136309933778458e-02
5.812208225672999833e+04 3.312454184838428350e+00 5.357418098066775436e-02
5.812617277748999913e+04 4.274164806122406901e+00 1.437591174402751137e-02
5.813306469379665941e+04 4.453090125861294268e+00 2.547406584419558903e-02
5.814307601510499808e+04 4.002375337972002178e+00 8.883107515082920569e-02
5.815908168529000250e+04 4.378402688610172788e+00 8.754531301626120032e-02
5.816105735121999896e+04 3.842223002640807294e+00 2.020959265323730644e-02
5.840923958169000252e+04 3.677263973702103339e+00 6.928511686959110127e-02
5.841033469858000171e+04 3.859994781406577147e+00 1.419523150061095251e-01
5.843120382280000194e+04 5.032130409319385045e+00 6.804348849361104012e-02
5.845421040310499666e+04 4.286349076003626912e+00 4.172212809688109064e-02
5.845627272747999814e+04 4.939025896686445094e+00 2.069859085727414338e-01
5.845720895035000285e+04 4.106123885489225245e+00 1.378184392773292022e-01
5.846813305750000291e+04 4.070522019653815882e+00 1.823336658951411338e-01
5.846907083881000290e+04 4.786389718031576201e+00 2.527651090255125799e-01
