5.626417357590000756e+04 9.250558433526402169e+00 1.336394769714532860e-01
5.626626962679999997e+04 9.151268602846302613e+00 1.386523346735600293e-01
5.626812705269999424e+04 9.414866458228322799e+00 1.309640190255130232e-01
5.627130260850000195e+04 9.293006474869009992e+00 1.320323782774950605e-01
5.627721783940000751e+04 9.225527523387842876e+00 1.275597745562143392e-01
5.628020310650000465e+04 1.043471265509407431e+01 2.385993306355956856e-01
5.628524240730000747e+04 9.151326295313852555e+00 1.552878239859629139e-01
5.629022763589999522e+04 9.117594484379390352e+00 1.561614121916586884e-01
5.629910085119999712e+04 9.361733450315977478e+00 1.298915756084830508e-01
5.630916840159999992e+04 9.344721880416027915e+00 1.302308327471316807e-01
5.632213200190000498e+04 9.100512231325197376e+00 1.522489010485810479e-01
5.632311080840000068e+04 9.201972049474168358e+00 1.533423507015264087e-01
5.632810400440000376e+04 9.411153362535467082e+00 1.302918217972577064e-01
5.653621771548999823e+04 9.894800744128360748e+00 2.039728283371577133e-01
5.654323392384000181e+04 9.877068183955634240e+00 2.528869516807663240e-02
5.654725409659999423e+04 1.006153507107774558e+01 2.557654485699335269e-03
5.655823173908000172e+04 1.001515894437754639e+01 4.041686685426280207e-02
5.656317822924999928e+04 1.017780622069058793e+01 3.207250500985938529e-02
5.656720569760999933e+04 1.024941461519920161e+01 1.561644053081886856e-02
5.657517786063999665e+04 1.012614632117855962e+01 2.443428108279262906e-02
5.657916714461000083e+04 1.022861617506146636e+01 2.568012049155588700e-02
5.659032613108999794e+04 1.087877261326754663e+01 3.181619253704012079e-02
5.660210497020999901e+04 1.054624922600213743e+01 2.601690447698620096e-02
5.660905456209999102e+04 1.070426266826163619e+01 3.271149106658785555e-02
5.661503694666999945e+04 1.139227124857783480e+01 5.422677424719088424e-02
5.662806215156999679e+04 1.053960947881422427e+01 3.517501898151004919e-02
5.663511392694000097e+04 1.022140123383011101e+01 5.870365607306515104e-02
5.664207009880000260e+04 1.034512624009836834e+01 6.560555021989329383e-01
5.664506419484000071e+04 1.030503342463002525e+01 7.935210070730941423e-02
5.664914610451000044e+04 9.929379455139761390e+00 8.338182641669529549e-02
5.665316088769999624e+04 1.119292216357102454e+01 1.246278220929667724e-01
5.666007513417999871e+04 9.660617982447524454e+00 6.856328924670200553e-02
5.666215935732000071e+04 9.668507707025625564e+00 5.055998761356611526e-02
5.666710260173000279e+04 9.524112433707548675e+00 1.199825589470036313e-01
5.667508617447000142e+04 9.263658654965553296e+00 1.768269785324436683e-01
5.668112105190000875e+04 9.310909618486144623e+00 1.070586549389741793e-01
5.668517135240000789e+04 9.794174384002483080e+00 1.767455188066228422e-01
5.668807169253000029e+04 9.127122233903799398e+00 7.794105263868604874e-03
5.669204454157999862e+04 8.895890697782961709e+00 7.260694885917114150e-02
5.669804636033999850e+04 9.031069570944282532e+00 1.603808769233414644e-01
5.689040046293000341e+04 8.187604357142406641e+00 6.813860693074265396e-02
5.690428188707999652e+04 8.165613703384391187e+00 6.810115904490052219e-02
5.691235724733999814e+04 7.806914413380091844e+00 9.822400866073240089e-02
5.692029132334000315e+04 7.892114466191426203e+00 3.937987809735638001e-02
5.692722143980999681e+04 7.879309873763646443e+00 5.007972876045439087e-02
5.694317806890999782e+04 7.791287397696406991e+00 6.509255602734093094e-02
5.694933679516000120e+04 7.787114064526408974e+00 6.444533483056896772e-02
5.695635148037999897e+04 7.682111269333108616e+00 1.242849354792015248e-01
5.696135662189000141e+04 7.710522518860969399e+00 9.383334075075279446e-02
5.696324181782000232e+04 7.573651823027979013e+00 1.223224016213914495e-01
5.697316835895999975e+04 7.559967337143924659e+00 6.536267365874513791e-02
5.698030319818000135e+04 7.631423720356637297e+00 9.460351385991054574e-02
5.698730317913999897e+04 7.654779180759528678e+00 1.345344433686252728e-01
5.699212251632999687e+04 7.967629814289725054e+00 1.471011260710518020e-01
5.700403747525999643e+04 7.728802207921937395e+00 6.256206421952840990e-02
5.701108498685999803e+04 7.763162681329784931e+00 2.810677259350279761e-02
5.701723774109000078e+04 8.034873387281981749e+00 9.420820434356329265e-02
5.702507174182999734e+04 8.206629364453123188e+00 1.538627094857313027e-01
5.703214467783000146e+04 8.018420308058537671e+00 9.805485503399061220e-02
5.703911240607000218e+04 8.106167652740207785e+00 4.730196242853008243e-02
5.704416907830000127e+04 8.217136802874083656e+00 1.047182712973211416e-01
5.705114446578999923e+04 7.918883238076285025e+00 1.526742346152135388e-01
5.706604306892999739e+04 9.188579642906018918e+00 1.124650428290486087e-01
5.706709630961999937e+04 8.134714872685428588e+00 7.915454930893957297e-02
5.725228864834999695e+04 7.987992283919082226e+00 6.285773782105799623e-02
5.725730862735000119e+04 7.948387729984284888e+00 3.575090544414542826e-02
5.726627025916000275e+04 7.527987708793882682e+00 2.485833842856544421e-02
5.727739236740000342e+04 7.855591201343238517e+00 1.406715713819422196e-02
5.728433819396999752e+04 7.816818126884414575e+00 2.675354386698165429e-02
5.729717351641999994e+04 7.717798541830025449e+00 1.880702327392076711e-01
5.730229086133999954e+04 7.737101724894918320e+00 1.155579432104958913e-02
5.731125625091999973e+04 7.609805758531608788e+00 1.760131176447481127e-02
5.731716955456999858e+04 7.335950576519335797e+00 9.970501778935936255e-03
5.732519764790000045e+04 7.457974070699910030e+00 5.965894476398499874e-02
5.732922466526999779e+04 8.226863417331829353e+00 8.783439449387005563e-03
5.733108940894999978e+04 7.510878762407430465e+00 5.328872649766362019e-02
5.733928147696000087e+04 7.666628244398200565e+00 3.460532174579195736e-02
5.734532814086000144e+04 7.632766720767270918e+00 2.884836719527245422e-02
5.734929883343999973e+04 7.834583276670213259e+00 7.300139150776094321e-02
5.735616758732000017e+04 7.290495045923228723e+00 5.436241934521057403e-03
5.736524481522000133e+04 7.641672383163170323e+00 1.123358917894144195e-02
5.737222317635000218e+04 7.629655146921169084e+00 9.781145561950561895e-02
5.737907325850000052e+04 7.533468307073225567e+00 6.446282783101063563e-02
5.738717849353999918e+04 7.636481686783387346e+00 1.752550424972395757e-02
5.739414407830999698e+04 7.956430590995963392e+00 2.143649287381382135e-02
5.739711623896999663e+04 7.519595109709748648e+00 9.404114455347895030e-02
5.740112234650000028e+04 7.584817701670661272e+00 1.328138279917734192e-02
5.740807838030999847e+04 7.445754860486331062e+00 8.975332903138098783e-02
5.762339897624999867e+04 8.630149301353039704e+00 8.205192811561236310e-02
5.762739194085999770e+04 8.455955654569967450e+00 5.669396299334570483e-02
5.763331296669999574e+04 8.454993029717956077e+00 3.136917216863425312e-02
5.763733888424000179e+04 8.384529219446768877e+00 2.291502854942979728e-02
5.764321800850999716e+04 9.494397388570465779e+00 1.005887462255921072e+00
5.764421513646999665e+04 9.161889850058972939e+00 2.235515187616610167e-01
5.764525947564999660e+04 8.424691749925694140e+00 5.343313119005117795e-02
5.765335957072000019e+04 8.056656296063767542e+00 5.790459828351994520e-02
5.766027973580000253e+04 8.226364398816590651e+00 1.958631288351051283e-02
5.766715270651999890e+04 8.308600821069727971e+00 4.176330960030970318e-03
5.768610836050000216e+04 8.962695066306661573e+00 1.658183001116082453e-02
5.769418416083999909e+04 8.217331946804785403e+00 2.753037250496252406e-02
5.770122544988000300e+04 8.127176683390892720e+00 5.177584368691649092e-02
5.770909851168999739e+04 8.563813413468928104e+00 6.775868016314359754e-02
5.771426064934000169e+04 8.996939215455043382e+00 9.071490326463202414e-02
5.771822372331000224e+04 9.402473809534736660e+00 8.056223994369821062e-02
5.771930168169998797e+04 8.312142552498727355e+00 1.175587288439895600e-01
5.772505790341000102e+04 8.401552138316128904e+00 3.355175207623131012e-02
5.773021158573999855e+04 8.639074651727307597e+00 9.243561288017880517e-02
5.774011175770000409e+04 8.232464667703242256e+00 5.365169016130608842e-02
5.774711302697000065e+04 8.216508304045214928e+00 5.115752774230728633e-02
5.775114304730999720e+04 8.465405905093676964e+00 7.930787760594552871e-02
5.775618371487999684e+04 8.457267965060941250e+00 8.819026313868690015e-02
5.776105447309999727e+04 9.035561480601261408e+00 1.581996061916551011e-01
5.777014806033999776e+04 8.157195448561363804e+00 1.163770656118315455e-01
5.777812241555000219e+04 8.387305387560857639e+00 1.093214692739865879e-01
5.778403392375999829e+04 8.542874897442807480e+00 9.974273980544072493e-02
5.779109055343000364e+04 8.679975878581272397e+00 1.317996369868643936e-01
5.780009852338000201e+04 8.990474954689991804e+00 1.320596460875004263e-01
5.798935055204999662e+04 9.477675083329506478e+00 5.805193340214555298e-02
5.799838382034000097e+04 9.231154162336281388e+00 2.887693530369629322e-02
5.800834514101999957e+04 9.819118483137723175e+00 1.179157897545198425e-01
5.801919424294999772e+04 8.952519748665807242e+00 5.327094656945009776e-02
5.802916160769999988e+04 8.899143539686502180e+00 1.089684496975745764e-01
5.803619930793000094e+04 8.623389554279400571e+00 7.701346936484343431e-02
5.804112845237999863e+04 1.020567163019018331e+01 7.324115707131501063e-02
5.804715518059000169e+04 9.732798156227129738e+00 6.418149719132441866e-02
5.805409432152999943e+04 8.190769027537148972e+00 2.170760409274910888e-02
5.805732580566000252e+04 8.388047405123218780e+00 5.843954256337877823e-02
5.806430326986999717e+04 8.269636163297217735e+00 1.794466424716529285e-01
5.807129156569999759e+04 8.408627196084385247e+00 8.304444350475331804e-02
5.807632177642000170e+04 8.440895033427690208e+00 1.127522600732246416e-01
5.808225248827999894e+04 8.384398170459474997e+00 7.506824996947802919e-02
5.808428231919000245e+04 8.324918036313409431e+00 3.715884472536110095e-02
5.809317177629999787e+04 8.121889409217093458e+00 1.133688911411153410e-01
5.809918430171000364e+04 8.504015676078482855e+00 9.323818387478441383e-02
5.810806129866999981e+04 8.315020725939733737e+00 5.500725781615237869e-02
5.811717263580000144e+04 8.035852014650773256e+00 1.558027190232703085e-01
5.812510689244999958e+04 8.044829017012739669e+00 7.152686982784355052e-02
5.813212663605000125e+04 7.969785354543037492e+00 1.029401625485304450e-01
5.813905381094999757e+04 8.132268596740622968e+00 6.713290375802309640e-02
5.814309595970000373e+04 8.287078205568414901e+00 1.412892310144545915e-01
5.815410211231999710e+04 8.037295374220217781e+00 5.399019512706679236e-02
5.816404339107000123e+04 7.903211671719730269e+00 7.825341879103515919e-02
5.816702629724999861e+04 7.961459688178190497e+00 9.558627095237381965e-02
5.837230961463999847e+04 9.069411889237418478e+00 3.119206562693306942e-02
5.840924582724000356e+04 9.091167115394897635e+00 1.104639529334025885e-02
5.843121686803000193e+04 9.465350700515781313e+00 7.211017184289652236e-04
5.845421803743999772e+04 9.407008304013075417e+00 3.923473916376474073e-03
