3.325395202636718750e+02 2.091148376464843750e+00 4.812397480010986328e+00 -2.579996585845947266e+00 1.931519508361816406e+00 1.207918748259544373e-01
2.297101745605468750e+02 2.127168655395507812e+00 4.574597358703613281e+00 -6.134259700775146484e+00 3.382229804992675781e-01 1.869893968105316162e-01
7.631934204101562500e+02 2.386687755584716797e+00 5.086641788482666016e+00 -1.249758005142211914e+00 1.641623973846435547e+00 5.274312943220138550e-02
7.341907958984375000e+02 1.999798059463500977e+00 4.266942024230957031e+00 -6.345792770385742188e+00 -1.813623905181884766e+00 2.357154339551925659e-01
4.212343139648437500e+02 2.189321994781494141e+00 4.713004112243652344e+00 -4.745779991149902344e+00 -1.284021139144897461e+00 1.265338212251663208e-01
4.147930297851562500e+02 2.089415311813354492e+00 4.562991142272949219e+00 -3.655257225036621094e+00 -2.050106525421142578e+00 4.916040226817131042e-02
7.168886108398437500e+02 2.113533735275268555e+00 4.418015480041503906e+00 -4.079998970031738281e+00 2.535653114318847656e-01 4.163468629121780396e-02
2.498131103515625000e+02 2.135864257812500000e+00 4.552286148071289062e+00 -1.593331098556518555e+00 4.087376594543457031e-01 1.053289175033569336e-01
5.963978271484375000e+02 2.252188682556152344e+00 4.322188377380371094e+00 -7.314353942871093750e+00 -8.492767810821533203e-01 1.566906273365020752e-01
5.298585205078125000e+02 2.280738353729248047e+00 4.711397171020507812e+00 -3.157752752304077148e+00 3.247392177581787109e+00 2.191773355007171631e-01
3.175558776855468750e+02 3.571177721023559570e+00 7.662415981292724609e+00 -2.973241806030273438e+00 -9.399187564849853516e-01 1.526885107159614563e-02
3.154008789062500000e+02 2.701782226562500000e+00 5.768787860870361328e+00 -3.153704404830932617e+00 5.015921592712402344e-01 2.507994771003723145e-01
1.755083770751953125e+02 2.752846479415893555e+00 5.861059188842773438e+00 -6.489813327789306641e-01 2.238001823425292969e+00 1.863688975572586060e-01
3.506091613769531250e+02 2.216346025466918945e+00 4.766549110412597656e+00 -6.148690223693847656e+00 -2.028895616531372070e+00 7.496213167905807495e-02
4.016966857910156250e+02 2.141534566879272461e+00 4.681584358215332031e+00 -1.755901575088500977e+00 4.402709007263183594e-01 1.286105215549468994e-01
7.696080932617187500e+02 2.330628156661987305e+00 4.945916175842285156e+00 -2.746039628982543945e+00 8.968281745910644531e-01 2.876697480678558350e-02
3.557838745117187500e+02 3.231203556060791016e+00 6.870083332061767578e+00 6.565136909484863281e+00 -5.793201923370361328e-01 1.008253730833530426e-02
6.280270385742187500e+02 2.971361398696899414e+00 6.579027175903320312e+00 -1.241650390625000000e+01 -1.912444829940795898e+00 3.991605341434478760e-02
2.687894287109375000e+02 2.141880989074707031e+00 4.780143737792968750e+00 -5.047720909118652344e+00 -6.547498703002929688e-01 3.715360537171363831e-02
4.422009887695312500e+02 2.330559253692626953e+00 4.887943267822265625e+00 -9.789354324340820312e+00 1.819670200347900391e+00 9.049840271472930908e-02
3.550374755859375000e+02 2.207980394363403320e+00 4.837855339050292969e+00 -7.340364456176757812e+00 -2.748229503631591797e+00 4.237281978130340576e-01
2.358923492431640625e+02 2.709824085235595703e+00 5.922218322753906250e+00 -1.859718561172485352e+00 1.498272418975830078e+00 7.995463907718658447e-02
3.535088195800781250e+02 2.099138736724853516e+00 4.698949813842773438e+00 -1.384266614913940430e+00 3.574681282043457031e-01 2.075193077325820923e-01
3.507476196289062500e+02 2.222409963607788086e+00 4.910309314727783203e+00 -2.565741539001464844e-01 -1.478301286697387695e+00 1.582046002149581909e-01
4.667839965820312500e+02 3.530343532562255859e+00 7.319673538208007812e+00 -9.793621063232421875e+00 -2.783159017562866211e+00 1.525984406471252441e-01
2.268451385498046875e+02 2.237925529479980469e+00 4.650134086608886719e+00 -7.396037578582763672e+00 -1.256597042083740234e+00 5.919803399592638016e-03
2.956053161621093750e+02 1.923020362854003906e+00 4.181206226348876953e+00 1.095273494720458984e+00 5.035901069641113281e-01 8.322141319513320923e-02
2.408467712402343750e+02 2.404122829437255859e+00 5.226002693176269531e+00 -4.367115497589111328e+00 3.655600547790527344e-01 1.181871742010116577e-01
7.912150878906250000e+02 2.546620845794677734e+00 5.125936508178710938e+00 -5.053102970123291016e+00 -2.595663070678710938e-02 1.719648987054824829e-01
1.578705596923828125e+02 2.165260791778564453e+00 4.410080432891845703e+00 -6.602106094360351562e+00 -9.003031253814697266e-01 2.820328474044799805e-01
3.795430297851562500e+02 2.076819658279418945e+00 4.556623458862304688e+00 -1.860502958297729492e+00 -1.239013671875000000e-01 2.352864444255828857e-01
5.039533081054687500e+02 2.115750312805175781e+00 4.713067054748535156e+00 -3.688796758651733398e+00 1.296186447143554688e+00 4.502557218074798584e-01
4.177983398437500000e+02 2.287077903747558594e+00 4.741107940673828125e+00 -3.510088920593261719e+00 -8.145570755004882812e-01 3.371520340442657471e-02
2.094779663085937500e+02 2.003110408782958984e+00 4.149019241333007812e+00 -7.397218704223632812e+00 8.345174789428710938e-01 2.019498348236083984e-01
7.339710083007812500e+02 2.229825496673583984e+00 4.808014392852783203e+00 -4.322128295898437500e+00 1.295735836029052734e+00 4.801255092024803162e-02
5.679100341796875000e+02 2.313841819763183594e+00 5.050042629241943359e+00 2.467274665832519531e+00 -1.212470531463623047e+00 1.733042113482952118e-02
4.422738037109375000e+02 2.919710636138916016e+00 6.462473869323730469e+00 -1.809259796142578125e+01 -4.953974723815917969e+00 2.803743183612823486e-01
9.250920104980468750e+01 2.392050266265869141e+00 5.196951389312744141e+00 -1.010886001586914062e+01 -2.904456853866577148e+00 6.462177634239196777e-02
2.043252182006835938e+01 2.944053649902343750e+00 6.198229789733886719e+00 -4.855085372924804688e+00 -2.888245582580566406e+00 2.940823435783386230e-01
3.900525817871093750e+02 2.578825473785400391e+00 5.417528152465820312e+00 -1.237530517578125000e+01 -1.244642734527587891e+00 1.454412937164306641e-01
2.511096649169921875e+02 3.131099462509155273e+00 6.708735942840576172e+00 9.492151260375976562e+00 1.564836502075195312e+00 1.943742334842681885e-01
4.395791015625000000e+02 2.247055530548095703e+00 4.595535278320312500e+00 -6.355863571166992188e+00 2.023100852966308594e+00 3.368736505508422852e-01
7.934127807617187500e+02 2.206068515777587891e+00 4.879570484161376953e+00 -5.081229209899902344e+00 3.849196434020996094e-01 8.638320490717887878e-03
6.076104736328125000e+02 2.244637250900268555e+00 4.801425933837890625e+00 -5.171169281005859375e+00 -1.915569305419921875e+00 1.570340537000447512e-04
6.231454467773437500e+01 1.995071649551391602e+00 4.466184139251708984e+00 -2.303652763366699219e+00 3.141338825225830078e+00 3.544487357139587402e-01
2.960368347167968750e+02 2.650495529174804688e+00 5.440855979919433594e+00 -8.295780181884765625e+00 -1.736254692077636719e+00 8.034765720367431641e-02
7.511682739257812500e+02 2.504919052124023438e+00 5.284665107727050781e+00 -5.152792930603027344e+00 2.309110164642333984e+00 3.285839408636093140e-02
2.217333984375000000e+02 2.335024833679199219e+00 5.213710784912109375e+00 -4.855142593383789062e+00 6.464242935180664062e-01 5.393414497375488281e-01
7.407201538085937500e+02 2.270963668823242188e+00 4.700941562652587891e+00 -5.313996315002441406e+00 3.379328250885009766e+00 1.612001359462738037e-01
4.724002456665039062e+01 3.371767044067382812e+00 7.289973258972167969e+00 1.548770427703857422e+01 3.472068309783935547e+00 1.702526956796646118e-01
6.210278320312500000e+02 2.647241115570068359e+00 5.761608123779296875e+00 -1.696701049804687500e+00 -7.675659656524658203e-01 7.887601107358932495e-02
5.797618103027343750e+01 2.455691814422607422e+00 5.329080581665039062e+00 -6.017560958862304688e+00 -9.505438804626464844e-01 3.159391283988952637e-01
1.713018951416015625e+02 2.145503044128417969e+00 4.585342884063720703e+00 -1.351171731948852539e+00 2.161717414855957031e-01 1.086945757269859314e-01
7.100951538085937500e+02 2.363323211669921875e+00 4.987381935119628906e+00 -1.354620456695556641e+00 -8.079993724822998047e-01 1.011231616139411926e-01
3.838347625732421875e+01 2.830673217773437500e+00 5.946074962615966797e+00 -1.356484794616699219e+01 -4.551255702972412109e+00 3.654049336910247803e-01
2.437628479003906250e+02 2.061940908432006836e+00 4.595345973968505859e+00 -6.001620292663574219e+00 -1.138131618499755859e+00 1.950632929801940918e-01
7.790455322265625000e+02 2.479008197784423828e+00 5.363539695739746094e+00 -8.146329879760742188e+00 -1.180988550186157227e+00 2.364518046379089355e-01
3.162574157714843750e+02 2.424431085586547852e+00 5.344889163970947266e+00 -4.425024986267089844e+00 -9.059071540832519531e-01 2.391943894326686859e-02
1.874956970214843750e+02 2.425944566726684570e+00 5.299592971801757812e+00 -5.899311065673828125e+00 -1.290411949157714844e+00 3.626249730587005615e-01
3.682865142822265625e+01 2.444565773010253906e+00 5.457749843597412109e+00 -1.370937824249267578e+00 8.558416366577148438e-01 6.433513015508651733e-02
2.810321655273437500e+02 2.816936254501342773e+00 5.727287292480468750e+00 2.366838455200195312e+00 3.753864765167236328e+00 4.461854323744773865e-02
3.451188049316406250e+02 2.614069461822509766e+00 5.688369750976562500e+00 -5.416587829589843750e+00 -9.950089454650878906e-01 4.349232092499732971e-02
3.762105102539062500e+02 2.233671665191650391e+00 4.786821842193603516e+00 -2.495919466018676758e+00 2.438888549804687500e+00 8.168976008892059326e-02
2.066897583007812500e+02 2.426485061645507812e+00 5.370863914489746094e+00 1.441774368286132812e+00 2.820243835449218750e+00 8.677086234092712402e-02
4.840021972656250000e+02 2.031027317047119141e+00 4.543665885925292969e+00 -9.800910949707031250e-01 -1.314411163330078125e+00 1.939189136028289795e-01
5.553314819335937500e+02 2.038633584976196289e+00 4.549306869506835938e+00 -1.109475994110107422e+01 2.555472850799560547e+00 1.386619359254837036e-02
3.000021362304687500e+02 3.641407966613769531e+00 7.656159400939941406e+00 -5.044201850891113281e+00 -8.564662933349609375e-01 7.143515348434448242e-02
5.678444213867187500e+02 2.926460742950439453e+00 6.192542552947998047e+00 -5.756211280822753906e-01 5.075764656066894531e-01 1.999140977859497070e-01
6.060740966796875000e+02 2.288134574890136719e+00 5.127130508422851562e+00 5.145733356475830078e+00 -8.475613594055175781e-01 4.576852545142173767e-02
3.408403320312500000e+02 2.553691387176513672e+00 5.518492698669433594e+00 -1.617076396942138672e+00 5.705785751342773438e-01 7.490697503089904785e-02
2.986255493164062500e+02 2.214234352111816406e+00 4.628590583801269531e+00 -3.877255916595458984e+00 -4.626607894897460938e-01 1.386230885982513428e-01
1.087033767700195312e+02 2.267931461334228516e+00 5.017271518707275391e+00 -2.194046974182128906e-02 1.168062686920166016e+00 1.746439933776855469e-01
3.723106079101562500e+02 2.196619987487792969e+00 4.790173053741455078e+00 -9.517039299011230469e+00 -1.085596084594726562e+00 2.215344458818435669e-01
1.887798004150390625e+02 3.500761508941650391e+00 7.358382225036621094e+00 -6.982916831970214844e+00 -1.021480560302734375e-01 2.358285784721374512e-01
1.808953094482421875e+02 2.803925514221191406e+00 6.129321098327636719e+00 -7.106399536132812500e+00 -3.333652019500732422e-01 2.230418920516967773e-01
7.322038574218750000e+02 2.683617115020751953e+00 5.719797611236572266e+00 -1.078687191009521484e+01 -1.392960548400878906e+00 8.853732794523239136e-02
6.927667236328125000e+02 2.171027660369873047e+00 4.646824836730957031e+00 -3.018432855606079102e+00 1.368370056152343750e+00 5.427444819360971451e-03
5.723535766601562500e+02 2.433686494827270508e+00 5.425124645233154297e+00 -1.194750976562500000e+01 -1.909648180007934570e+00 2.650376558303833008e-01
4.489344482421875000e+02 2.914216518402099609e+00 6.248747825622558594e+00 6.373732089996337891e+00 1.204738616943359375e+00 1.683890968561172485e-01
7.591065673828125000e+02 2.078406333923339844e+00 4.720818519592285156e+00 -5.929664611816406250e+00 -1.148365736007690430e+00 8.558636531233787537e-03
4.250304565429687500e+02 2.926768779754638672e+00 6.637428283691406250e+00 -9.641957283020019531e+00 -1.233881711959838867e+00 1.279056817293167114e-01
3.627415466308593750e+02 2.308560848236083984e+00 4.853499889373779297e+00 -3.716927766799926758e+00 -2.769676446914672852e+00 6.386593729257583618e-02
1.544385375976562500e+02 2.516051054000854492e+00 5.623821258544921875e+00 -3.362588882446289062e+00 1.015670299530029297e+00 2.493248879909515381e-01
7.351612091064453125e+01 2.165884733200073242e+00 4.576361656188964844e+00 1.332416534423828125e+00 2.178525924682617188e-01 2.090343236923217773e-01
2.359957885742187500e+01 2.235866785049438477e+00 5.086174011230468750e+00 -4.706330299377441406e+00 -1.034044027328491211e+00 2.125525474548339844e-01
5.796849822998046875e+01 2.204012870788574219e+00 4.770651340484619141e+00 -7.033633232116699219e+00 3.041839599609375000e-01 9.943179786205291748e-03
2.900025024414062500e+02 2.313423633575439453e+00 4.914142131805419922e+00 -7.060380935668945312e+00 1.478481292724609375e-01 1.899013668298721313e-01
5.550307617187500000e+02 2.364653110504150391e+00 5.161791324615478516e+00 -4.908160209655761719e+00 -7.960748672485351562e-01 1.763641536235809326e-01
3.516594238281250000e+02 2.289031982421875000e+00 4.967786312103271484e+00 -3.985625505447387695e+00 -2.608680725097656250e-01 3.425029665231704712e-02
2.392497253417968750e+02 2.481541395187377930e+00 5.290982246398925781e+00 -4.403649330139160156e+00 -9.263706207275390625e-01 3.038966357707977295e-01
2.824014282226562500e+02 2.368715524673461914e+00 5.135810852050781250e+00 -1.034342193603515625e+01 -3.017332553863525391e+00 1.849842667579650879e-01
3.825628662109375000e+02 2.280783176422119141e+00 5.007462978363037109e+00 1.629042625427246094e+00 2.560281753540039062e-01 1.322107762098312378e-01
6.005042724609375000e+02 2.296609878540039062e+00 4.695300102233886719e+00 -5.617655754089355469e+00 1.100308895111083984e+00 8.864375948905944824e-02
4.330800170898437500e+02 2.699049234390258789e+00 5.864209651947021484e+00 9.695315361022949219e+00 2.792422771453857422e+00 1.719401776790618896e-01
1.757275695800781250e+02 2.351141691207885742e+00 5.169654846191406250e+00 -3.835549354553222656e+00 1.598589420318603516e+00 1.972395479679107666e-01
7.698787841796875000e+02 2.463543891906738281e+00 5.263475894927978516e+00 2.227735519409179688e+00 -1.155542135238647461e+00 1.391904652118682861e-01
7.707316284179687500e+02 2.710182666778564453e+00 5.867191791534423828e+00 -1.163993167877197266e+01 -2.850019931793212891e-01 9.785418212413787842e-02
3.332998352050781250e+02 2.327627182006835938e+00 5.106245994567871094e+00 -3.996652364730834961e+00 2.332592010498046875e-01 2.666655778884887695e-01
7.469269409179687500e+02 2.670113563537597656e+00 5.948740005493164062e+00 -1.017649745941162109e+01 1.234524250030517578e+00 2.586977370083332062e-02
6.549486083984375000e+02 2.844937801361083984e+00 6.176167488098144531e+00 -2.722464799880981445e+00 1.843633651733398438e+00 1.989873349666595459e-01
4.572561645507812500e+02 2.191106081008911133e+00 4.928629875183105469e+00 -2.870293855667114258e+00 -4.920923709869384766e-01 2.163158953189849854e-01
4.888413085937500000e+02 2.513577699661254883e+00 5.400556564331054688e+00 -5.779599189758300781e+00 -5.982780456542968750e-01 2.758522704243659973e-02
3.006093139648437500e+02 3.413664340972900391e+00 7.349696159362792969e+00 -4.527148246765136719e+00 1.542484760284423828e+00 1.809077113866806030e-01
4.120941772460937500e+02 2.976602077484130859e+00 6.477940082550048828e+00 -4.421451091766357422e+00 1.359462738037109375e-02 1.928704679012298584e-01
5.490199584960937500e+02 3.060689687728881836e+00 6.414840698242187500e+00 -5.938508510589599609e+00 2.268028259277343750e-01 2.848243117332458496e-01
4.842634277343750000e+02 2.667548179626464844e+00 6.031915187835693359e+00 -7.464710235595703125e+00 2.641201019287109375e+00 2.356900423765182495e-01
4.143305358886718750e+02 2.713186264038085938e+00 5.691770076751708984e+00 -1.408057117462158203e+01 -1.550033092498779297e+00 1.547896713018417358e-01
3.579320068359375000e+02 2.947507858276367188e+00 6.157268524169921875e+00 -1.635798263549804688e+01 -4.971775054931640625e+00 3.006210625171661377e-01
2.441743621826171875e+02 2.476478099822998047e+00 5.320147514343261719e+00 -5.293569564819335938e+00 -1.657030582427978516e+00 2.185094207525253296e-01
1.925327301025390625e+02 2.149882793426513672e+00 4.548697471618652344e+00 -2.294046878814697266e+00 2.635273933410644531e+00 2.415462583303451538e-01
3.190517883300781250e+02 2.588310480117797852e+00 5.526224136352539062e+00 -5.409937858581542969e+00 1.328227519989013672e+00 4.527159035205841064e-02
2.595664787292480469e+01 2.132908344268798828e+00 4.719145298004150391e+00 1.925396919250488281e+00 6.215095520019531250e-02 2.902221381664276123e-01
6.599844455718994141e+00 2.737652778625488281e+00 5.907438278198242188e+00 -1.779411697387695312e+01 -2.794669866561889648e+00 1.754665672779083252e-01
2.875674438476562500e+02 2.235526084899902344e+00 4.756644725799560547e+00 -4.220569133758544922e-01 -2.271157503128051758e+00 1.509469598531723022e-01
1.812541351318359375e+02 2.500185251235961914e+00 5.656869411468505859e+00 -6.845277786254882812e+00 -9.704744815826416016e-01 9.650035202503204346e-02
2.616299133300781250e+02 2.263745784759521484e+00 5.000525951385498047e+00 -1.960055828094482422e+00 -4.920840263366699219e-01 1.907038539648056030e-01
2.856598205566406250e+02 2.524087667465209961e+00 5.303378105163574219e+00 3.253459930419921875e+00 1.963684558868408203e+00 1.879575848579406738e-01
4.668113098144531250e+02 2.552623510360717773e+00 5.291516780853271484e+00 -2.811416387557983398e+00 6.797051429748535156e-01 1.546652987599372864e-02
3.289855957031250000e+02 2.198347330093383789e+00 4.850010871887207031e+00 -4.521569252014160156e+00 -9.080553054809570312e-01 1.017417758703231812e-01
3.348014221191406250e+02 2.309340476989746094e+00 4.956938743591308594e+00 -8.428148269653320312e+00 -1.396502256393432617e+00 3.047163486480712891e-01
1.090519104003906250e+02 2.910801410675048828e+00 6.343539237976074219e+00 -1.659409999847412109e+00 1.480185985565185547e+00 1.270512044429779053e-01
2.585639953613281250e+02 2.204144001007080078e+00 4.973707199096679688e+00 -2.077866792678833008e+00 -2.635338306427001953e+00 1.454665232449769974e-02
5.490866088867187500e+02 2.120509624481201172e+00 4.765097141265869141e+00 -6.056385040283203125e+00 -1.993697881698608398e+00 1.999341547489166260e-01
2.130010032653808594e+01 2.639384031295776367e+00 5.570030212402343750e+00 -3.791874647140502930e+00 9.585976600646972656e-01 3.020947799086570740e-02
6.745584487915039062e+00 2.792629718780517578e+00 5.893353462219238281e+00 -2.284950017929077148e+00 -1.871514320373535156e-01 1.151235550642013550e-01
7.063787078857421875e+01 2.436118364334106445e+00 5.499449729919433594e+00 -1.033281993865966797e+01 -1.769016981124877930e+00 2.685559540987014771e-02
5.674544677734375000e+02 2.469806671142578125e+00 5.364535331726074219e+00 -5.943348407745361328e+00 -1.585431098937988281e+00 1.530812531709671021e-01
4.640253906250000000e+02 1.846931457519531250e+00 3.854004859924316406e+00 -5.411903858184814453e+00 -2.721881866455078125e-01 5.045763254165649414e-01
5.109856262207031250e+02 2.250716924667358398e+00 4.802967071533203125e+00 -5.787272453308105469e+00 -7.379591464996337891e-01 6.948769092559814453e-03
1.691657714843750000e+02 2.417798042297363281e+00 5.101716995239257812e+00 -2.743602991104125977e+00 1.058933734893798828e+00 3.159118443727493286e-02
6.020736083984375000e+02 2.287656784057617188e+00 4.967834949493408203e+00 -6.196187973022460938e+00 -5.037534236907958984e-01 4.191552102565765381e-02
5.824376220703125000e+02 2.587921142578125000e+00 5.702551841735839844e+00 1.369128417968750000e+01 4.993309974670410156e+00 1.854158192873001099e-01
7.792189941406250000e+02 1.965087413787841797e+00 4.356817722320556641e+00 -5.291775703430175781e+00 -1.932969093322753906e+00 9.237939119338989258e-02
4.964613037109375000e+02 2.119403839111328125e+00 4.303395271301269531e+00 -7.861041069030761719e+00 -7.081127166748046875e-01 1.282952129840850830e-01
2.983687744140625000e+02 2.394122123718261719e+00 5.268639087677001953e+00 -6.507478713989257812e+00 1.377048492431640625e+00 9.766377508640289307e-02
1.224278106689453125e+02 2.676724910736083984e+00 5.885734081268310547e+00 3.992366790771484375e-01 2.317318916320800781e+00 1.436781734228134155e-01
2.185412139892578125e+02 2.271392822265625000e+00 4.670238971710205078e+00 -2.733461856842041016e+00 3.025536537170410156e+00 3.333446979522705078e-01
2.697804260253906250e+02 2.328485012054443359e+00 5.081665039062500000e+00 -3.558332920074462891e+00 9.271764755249023438e-01 3.140088617801666260e-01
7.936153564453125000e+02 2.115895748138427734e+00 4.545074939727783203e+00 -2.216031551361083984e+00 1.790571212768554688e+00 2.482828646898269653e-01
4.151944580078125000e+02 2.334769487380981445e+00 5.134795188903808594e+00 -2.064654827117919922e+00 -2.308280467987060547e+00 2.896420843899250031e-02
9.449456024169921875e+01 2.757077693939208984e+00 5.651259422302246094e+00 3.337321281433105469e+00 -7.202136516571044922e-01 1.155848056077957153e-01
5.462852783203125000e+02 2.356491565704345703e+00 5.038749217987060547e+00 -3.894718885421752930e+00 -3.357087373733520508e+00 1.294399946928024292e-01
6.919160156250000000e+02 1.936726450920104980e+00 4.440293788909912109e+00 -3.185200691223144531e+00 2.116932868957519531e+00 1.694190502166748047e-01
7.787779541015625000e+02 2.618961811065673828e+00 5.655445098876953125e+00 -6.227445602416992188e+00 -1.429140567779541016e-01 1.775839626789093018e-01
4.266626281738281250e+02 2.602389812469482422e+00 5.668036460876464844e+00 -5.785890579223632812e+00 -1.805273294448852539e+00 1.272125989198684692e-01
6.657378540039062500e+02 2.821644783020019531e+00 5.978031158447265625e+00 -1.700667762756347656e+01 -3.117153644561767578e+00 2.360430359840393066e-01
9.392268657684326172e-01 2.090436458587646484e+00 4.558130264282226562e+00 -5.330510139465332031e+00 -2.713466882705688477e+00 4.677115678787231445e-01
4.665676574707031250e+02 2.601206779479980469e+00 5.742624282836914062e+00 -3.819792270660400391e+00 -3.340148925781250000e-01 2.132478356361389160e-01
7.687138671875000000e+02 2.254346370697021484e+00 4.725471973419189453e+00 -5.198842048645019531e+00 -6.375741958618164062e-01 1.726853251457214355e-01
7.165076904296875000e+02 2.417431592941284180e+00 5.245596408843994141e+00 9.389424324035644531e-01 2.863698005676269531e+00 1.368939727544784546e-01
3.152413024902343750e+02 2.289360761642456055e+00 5.044114112854003906e+00 -1.085877418518066406e+00 2.176756858825683594e+00 1.139146238565444946e-01
8.344803619384765625e+01 2.218239307403564453e+00 4.789747238159179688e+00 -4.062957763671875000e+00 2.128188610076904297e+00 4.432927966117858887e-01
3.984714355468750000e+02 3.784663200378417969e+00 8.245913505554199219e+00 -1.148516464233398438e+01 -1.345151662826538086e+00 1.765784770250320435e-01
7.292282714843750000e+02 2.598268508911132812e+00 5.480788230895996094e+00 -1.508910655975341797e+00 2.512931823730468750e-01 1.161344721913337708e-02
5.524691772460937500e+02 2.339947938919067383e+00 5.223323822021484375e+00 -1.140983104705810547e+00 5.278193950653076172e+00 1.330813914537429810e-01
2.164421386718750000e+02 2.820379495620727539e+00 6.030502319335937500e+00 -1.375258636474609375e+01 -1.409175395965576172e+00 4.544826224446296692e-02
8.526939392089843750e+01 2.792901039123535156e+00 5.964356899261474609e+00 1.106095314025878906e+00 2.737271785736083984e+00 1.777937859296798706e-01
3.313965606689453125e+01 2.298550605773925781e+00 4.950216293334960938e+00 -4.906222820281982422e+00 -8.186841011047363281e-01 1.295310854911804199e-01
2.843789367675781250e+02 2.290766954421997070e+00 4.944810390472412109e+00 -6.194740295410156250e+00 -1.034662723541259766e+00 4.683031439781188965e-01
2.640701599121093750e+02 2.263951778411865234e+00 4.659254074096679688e+00 -8.594774246215820312e+00 -1.041071414947509766e+00 1.057950221002101898e-02
1.758615417480468750e+02 2.069809436798095703e+00 4.678705215454101562e+00 5.094218254089355469e-01 -1.587289571762084961e+00 2.351393699645996094e-01
3.862372741699218750e+02 2.080461978912353516e+00 4.502403736114501953e+00 -4.638315200805664062e+00 5.826807022094726562e-01 7.058051228523254395e-02
4.363037719726562500e+02 2.465772867202758789e+00 5.337787628173828125e+00 -3.795769214630126953e+00 -1.066572666168212891e+00 8.344827592372894287e-02
2.114683380126953125e+02 2.500453948974609375e+00 5.205885410308837891e+00 -1.121438503265380859e+01 -2.826008796691894531e+00 2.449759989976882935e-01
2.419372863769531250e+02 2.028011798858642578e+00 4.346508979797363281e+00 -3.809243440628051758e+00 -2.985149621963500977e+00 1.623438149690628052e-01
7.502248535156250000e+02 2.078345298767089844e+00 4.414426803588867188e+00 1.281025409698486328e+00 -2.211045026779174805e+00 8.252688497304916382e-02
2.671322937011718750e+02 2.289418220520019531e+00 5.069272041320800781e+00 -1.277013111114501953e+01 -1.803213357925415039e+00 2.343775331974029541e-01
6.769549560546875000e+01 2.696563005447387695e+00 6.000747680664062500e+00 -9.116743087768554688e+00 -8.196485042572021484e-01 3.876994922757148743e-02
4.418941650390625000e+02 2.964870452880859375e+00 6.476747512817382812e+00 -1.621035003662109375e+01 1.926822662353515625e+00 8.785631507635116577e-03
3.087620353698730469e+01 2.165004253387451172e+00 4.799966335296630859e+00 -4.152102470397949219e+00 1.027472019195556641e+00 1.210446208715438843e-01
2.375863494873046875e+02 2.054871082305908203e+00 4.390751361846923828e+00 -4.375103950500488281e+00 1.908462047576904297e+00 8.259766548871994019e-02
6.750833740234375000e+02 2.441202640533447266e+00 5.153999328613281250e+00 -1.454569101333618164e+00 3.628125190734863281e+00 2.476485073566436768e-02
7.911787109375000000e+02 2.323511362075805664e+00 4.969352722167968750e+00 -1.540244817733764648e+00 -9.548187255859375000e-02 1.353872716426849365e-01
6.748141479492187500e+02 2.147817611694335938e+00 4.363580703735351562e+00 -3.442289829254150391e+00 2.048525810241699219e+00 1.522335596382617950e-02
3.146469116210937500e+02 3.599270820617675781e+00 7.744397640228271484e+00 4.544069766998291016e+00 -6.339585781097412109e-01 4.381673410534858704e-02
1.210905456542968750e+02 2.451251029968261719e+00 5.561279296875000000e+00 -5.652948379516601562e+00 1.367163658142089844e+00 3.705963790416717529e-01
1.147804718017578125e+02 2.068638801574707031e+00 4.455222129821777344e+00 -9.083390235900878906e-02 4.340100288391113281e-01 1.718354076147079468e-01
2.725502624511718750e+02 3.300699710845947266e+00 7.120927333831787109e+00 1.419341564178466797e+00 -8.348941802978515625e-02 3.246402740478515625e-02
3.383572692871093750e+02 2.597744703292846680e+00 5.670355319976806641e+00 -5.772336959838867188e+00 2.333564758300781250e+00 6.911776959896087646e-02
4.236773376464843750e+02 2.114828348159790039e+00 4.485546112060546875e+00 -3.268560171127319336e+00 2.983002662658691406e+00 2.835351042449474335e-03
6.816381225585937500e+02 2.270933151245117188e+00 4.833855628967285156e+00 -2.690460681915283203e+00 -2.331135272979736328e+00 6.726180016994476318e-02
2.179224243164062500e+02 2.293384075164794922e+00 5.044250488281250000e+00 -1.551635265350341797e+00 4.975724220275878906e-01 7.829501479864120483e-02
4.288890380859375000e+02 2.241045475006103516e+00 4.492814540863037109e+00 -8.880394935607910156e+00 -1.067388057708740234e+00 1.724684536457061768e-01
5.071156921386718750e+02 2.259943008422851562e+00 4.943366050720214844e+00 -2.849897146224975586e+00 -5.966269969940185547e-01 3.455801606178283691e-01
7.480576171875000000e+02 2.045474052429199219e+00 4.302929878234863281e+00 -2.770547866821289062e+00 -5.934953689575195312e-02 1.534521579742431641e-01
3.448973083496093750e+01 2.753087520599365234e+00 5.795903682708740234e+00 -3.028004169464111328e+00 1.282193660736083984e+00 2.793623208999633789e-01
3.397782897949218750e+02 3.038891315460205078e+00 6.286129474639892578e+00 -9.437493324279785156e+00 -4.040161132812500000e+00 3.036748170852661133e-01
3.024380798339843750e+02 3.047959804534912109e+00 6.673007011413574219e+00 -2.630003690719604492e+00 -2.841144800186157227e+00 1.910057365894317627e-01
7.078034210205078125e+01 2.894392967224121094e+00 6.473367214202880859e+00 2.664761543273925781e+00 -7.481622695922851562e-01 1.776071190834045410e-01
7.755665588378906250e+01 2.218687534332275391e+00 4.659000873565673828e+00 5.461668968200683594e-01 2.024140357971191406e+00 2.832937538623809814e-01
5.853724365234375000e+02 2.714952945709228516e+00 5.785992145538330078e+00 -7.977462768554687500e+00 -1.714423894882202148e+00 2.912470102310180664e-01
3.146817932128906250e+02 2.208794593811035156e+00 4.941199779510498047e+00 -5.360279083251953125e+00 -6.615781784057617188e-01 2.396501004695892334e-01
3.682600402832031250e+02 2.104441642761230469e+00 4.600642204284667969e+00 -9.319567680358886719e-01 4.103136062622070312e-01 5.113344639539718628e-02
4.982507324218750000e+02 2.707153797149658203e+00 5.789461135864257812e+00 8.212347030639648438e+00 2.140309810638427734e+00 1.121104955673217773e-01
1.097305297851562500e+02 2.524439334869384766e+00 5.207647800445556641e+00 -2.719906568527221680e+00 -3.854262828826904297e-01 6.423608213663101196e-02
5.913513183593750000e+02 3.206728935241699219e+00 6.966235160827636719e+00 1.064257812500000000e+01 3.194563388824462891e+00 1.163855493068695068e-01
7.900009765625000000e+02 2.506139278411865234e+00 5.175602436065673828e+00 -1.927193403244018555e+00 -1.844836473464965820e+00 1.865352988243103027e-01
7.206158447265625000e+02 2.417119503021240234e+00 4.958149433135986328e+00 -1.206420707702636719e+01 1.700377464294433594e-01 1.389124691486358643e-01
1.304836883544921875e+02 2.092888593673706055e+00 4.591225624084472656e+00 -2.495387792587280273e+00 3.783950805664062500e+00 2.171598672866821289e-01
4.098801574707031250e+02 2.056833744049072266e+00 4.332126140594482422e+00 -6.571753025054931641e+00 5.490970611572265625e-01 4.123124852776527405e-02
3.725575561523437500e+02 2.063733339309692383e+00 4.745830535888671875e+00 1.066296100616455078e+00 -1.770169734954833984e+00 1.077702641487121582e-01
1.438160705566406250e+02 2.415933609008789062e+00 5.239428997039794922e+00 -1.633832168579101562e+01 -1.046884059906005859e-01 3.257453441619873047e-02
2.776147766113281250e+02 2.013344764709472656e+00 4.386963844299316406e+00 -1.810549497604370117e+00 1.817467212677001953e+00 2.137295156717300415e-02
9.590212821960449219e+00 2.246801853179931641e+00 4.909507751464843750e+00 -5.058917999267578125e+00 -2.259551286697387695e+00 1.554998457431793213e-01
4.430529479980468750e+02 2.215563774108886719e+00 4.683024406433105469e+00 -1.758284568786621094e+00 -7.102131843566894531e-01 2.494401857256889343e-02
1.173549652099609375e+02 2.868516921997070312e+00 6.115154266357421875e+00 -2.612171173095703125e+00 -1.628839969635009766e-01 7.414937019348144531e-02
5.490199584960937500e+02 3.060689687728881836e+00 6.414840698242187500e+00 -5.938508510589599609e+00 2.268028259277343750e-01 2.848243117332458496e-01
3.712473144531250000e+02 2.183889389038085938e+00 4.518039226531982422e+00 -1.734161376953125000e+00 2.669529914855957031e+00 5.682831257581710815e-02
1.173707275390625000e+02 2.326445341110229492e+00 5.218295097351074219e+00 -7.481393814086914062e+00 -6.499218940734863281e-01 3.609983921051025391e-01
5.261743164062500000e+02 2.432678699493408203e+00 5.239732265472412109e+00 -1.981453895568847656e+00 9.342098236083984375e-01 1.218156963586807251e-01
2.765289306640625000e+02 2.109193563461303711e+00 4.573561668395996094e+00 -2.840503454208374023e+00 1.432895660400390625e-03 3.194174915552139282e-02
1.871238327026367188e+01 2.372349739074707031e+00 5.179298400878906250e+00 -3.920334577560424805e+00 -2.916338443756103516e+00 1.449486911296844482e-01
3.515031127929687500e+02 2.716331481933593750e+00 6.143234252929687500e+00 -5.659008026123046875e-01 2.582001686096191406e+00 1.937213391065597534e-01
2.749749755859375000e+02 2.416532039642333984e+00 5.413045406341552734e+00 -1.230680942535400391e-01 1.263787746429443359e+00 1.334617137908935547e-01
3.655654907226562500e+02 2.170731306076049805e+00 4.591678619384765625e+00 -4.495278358459472656e+00 1.214647293090820312e-01 4.429813474416732788e-02
5.750986328125000000e+02 1.825720191001892090e+00 4.371429920196533203e+00 -4.406543731689453125e+00 4.986195564270019531e+00 8.626911789178848267e-02
3.797256469726562500e+02 2.476536750793457031e+00 5.220679759979248047e+00 -6.933712959289550781e-01 3.372430801391601562e-01 4.424764961004257202e-02
6.748499145507812500e+02 2.289037466049194336e+00 4.749096870422363281e+00 -1.297061443328857422e+00 4.588866233825683594e-01 1.959103196859359741e-01
3.284209289550781250e+02 2.465028285980224609e+00 5.280962467193603516e+00 -3.586884737014770508e+00 4.434466361999511719e-01 1.060742065310478210e-01
1.679213104248046875e+02 2.514856576919555664e+00 5.357383251190185547e+00 -5.252686500549316406e+00 -9.605133533477783203e-01 1.176590099930763245e-01
3.624682922363281250e+02 2.183891296386718750e+00 5.058651447296142578e+00 -7.391296386718750000e+00 -1.105192899703979492e+00 1.180197596549987793e-01
7.723193969726562500e+02 2.039380550384521484e+00 4.420443534851074219e+00 -3.778549432754516602e+00 -8.248782157897949219e-01 1.064324453473091125e-01
7.598550415039062500e+02 2.119588851928710938e+00 4.738928794860839844e+00 -3.623068332672119141e-01 -1.350883245468139648e+00 8.740600198507308960e-02
4.664794311523437500e+02 2.155080080032348633e+00 4.730994224548339844e+00 6.569910049438476562e-01 2.800083160400390625e+00 1.380627006292343140e-01
2.541951446533203125e+02 2.052728414535522461e+00 4.250369071960449219e+00 -4.988546371459960938e+00 -1.908115148544311523e+00 4.106065258383750916e-02
7.851029663085937500e+02 2.298264026641845703e+00 4.889800071716308594e+00 -5.453728675842285156e+00 -1.438752412796020508e+00 1.640617731027305126e-03
1.295854492187500000e+02 2.527004241943359375e+00 5.257932662963867188e+00 1.442930698394775391e+00 -1.363468170166015625e-01 2.599529922008514404e-01
1.203487854003906250e+02 2.274694919586181641e+00 4.832633972167968750e+00 -1.020168781280517578e+01 -2.864961624145507812e+00 2.014824151992797852e-01
4.625511779785156250e+02 2.649626493453979492e+00 5.954773426055908203e+00 -8.975201606750488281e+00 -3.882181644439697266e-01 2.242843806743621826e-01
1.068025302886962891e+01 2.863183498382568359e+00 6.069766044616699219e+00 -1.233143997192382812e+01 -2.217607498168945312e+00 7.367128878831863403e-02
5.498811035156250000e+02 2.279774904251098633e+00 4.664341926574707031e+00 -2.585766315460205078e+00 9.617257118225097656e-01 2.102451175451278687e-01
6.862635498046875000e+02 2.083935022354125977e+00 4.429740905761718750e+00 -4.568176269531250000e+00 -1.033902168273925781e-02 3.004360496997833252e-01
1.086060791015625000e+02 2.396503448486328125e+00 4.757609844207763672e+00 -5.035824775695800781e+00 8.085083961486816406e-01 8.272129110991954803e-03
1.996778564453125000e+02 2.185984134674072266e+00 4.804384231567382812e+00 -9.000263214111328125e+00 -1.234179735183715820e+00 1.013798937201499939e-01
1.947329559326171875e+02 2.149078845977783203e+00 4.545522689819335938e+00 -7.351082801818847656e+00 2.790911197662353516e+00 1.944646537303924561e-01
4.115515136718750000e+02 2.096809387207031250e+00 4.568086624145507812e+00 -3.331072330474853516e+00 3.190150260925292969e+00 2.610744237899780273e-01
4.603734207153320312e+01 2.368793487548828125e+00 5.293004035949707031e+00 -2.620843648910522461e+00 2.191290855407714844e+00 2.409242093563079834e-01
6.952548217773437500e+02 2.444211483001708984e+00 5.262464523315429688e+00 -3.256418704986572266e+00 1.847715377807617188e+00 8.783516287803649902e-02
1.092813720703125000e+02 2.270808219909667969e+00 4.636597633361816406e+00 -4.674147605895996094e+00 2.682030200958251953e+00 3.582937121391296387e-01
4.647973022460937500e+02 2.191816806793212891e+00 4.556094646453857422e+00 -5.020475387573242188e+00 -1.761584281921386719e+00 6.130288913846015930e-02
2.181340026855468750e+02 2.329158306121826172e+00 5.100776672363281250e+00 -1.737825870513916016e+00 3.779349327087402344e+00 5.202602148056030273e-01
2.399709014892578125e+02 2.175379276275634766e+00 4.741596698760986328e+00 -4.865036010742187500e+00 -1.085121631622314453e+00 2.640767097473144531e-01
5.213328857421875000e+02 2.381907463073730469e+00 5.124218940734863281e+00 -8.392393112182617188e+00 1.819443702697753906e-01 6.920848973095417023e-03
3.206765747070312500e+02 2.176606178283691406e+00 4.708545684814453125e+00 -2.877573966979980469e+00 8.670568466186523438e-02 2.420101314783096313e-01
2.142841033935546875e+02 2.214729309082031250e+00 4.811175823211669922e+00 -8.927713394165039062e+00 -5.239510536193847656e-01 3.174623548984527588e-01
7.831354980468750000e+02 2.066205263137817383e+00 4.553229808807373047e+00 -4.325133323669433594e+00 -1.279485225677490234e-01 1.137060225009918213e-01
2.432187042236328125e+02 2.892424583435058594e+00 6.167696475982666016e+00 1.108906269073486328e+00 3.967146873474121094e+00 2.760422527790069580e-01
2.931234436035156250e+02 2.612280130386352539e+00 5.593003749847412109e+00 -1.092753410339355469e+00 2.557651996612548828e+00 2.378316372632980347e-01
4.179721374511718750e+02 2.192566871643066406e+00 4.811346054077148438e+00 -2.932977676391601562e-01 -3.478264808654785156e-01 3.873878624290227890e-03
1.737377471923828125e+02 2.355511188507080078e+00 4.982197761535644531e+00 -5.292810440063476562e+00 -2.876151800155639648e+00 4.183010458946228027e-01
3.042734680175781250e+02 2.669219970703125000e+00 5.702371597290039062e+00 -3.411594629287719727e+00 4.109072685241699219e-01 2.147673964500427246e-01
4.371393127441406250e+02 2.576938629150390625e+00 5.221323490142822266e+00 -9.359670639038085938e+00 2.526674270629882812e+00 9.850858710706233978e-03
6.849879760742187500e+02 2.968786716461181641e+00 6.742554664611816406e+00 3.418021202087402344e+00 7.112050056457519531e-01 1.533563584089279175e-01
3.438544921875000000e+02 2.235501766204833984e+00 4.797477722167968750e+00 1.383590698242187500e+00 1.924214363098144531e+00 1.621148139238357544e-01
2.490267944335937500e+02 2.261542320251464844e+00 4.853813171386718750e+00 1.621747016906738281e-01 -8.335196971893310547e-01 2.008708119392395020e-01
2.693826599121093750e+02 2.141334056854248047e+00 4.673020362854003906e+00 -4.241389274597167969e+00 -2.739100456237792969e+00 2.471700310707092285e-02
5.603127441406250000e+02 2.243538379669189453e+00 4.730544090270996094e+00 -1.271500587463378906e+00 -6.274831295013427734e-01 1.138409525156021118e-01
7.487473144531250000e+02 2.290043115615844727e+00 4.954401016235351562e+00 -8.564972877502441406e-01 -5.470240116119384766e-01 9.079390019178390503e-02
5.662554931640625000e+02 1.910858511924743652e+00 4.071058273315429688e+00 -3.492790460586547852e+00 6.031966209411621094e-01 2.281953394412994385e-01
2.140340118408203125e+02 2.234572887420654297e+00 5.131425380706787109e+00 -6.517516136169433594e+00 -1.120388507843017578e-01 4.124713242053985596e-01
2.127620239257812500e+02 2.437655448913574219e+00 5.324277877807617188e+00 -1.145043182373046875e+01 -1.315701007843017578e+00 3.140076398849487305e-01
3.643625488281250000e+02 2.284668445587158203e+00 4.991023540496826172e+00 -4.031562805175781250e+00 -6.554186344146728516e-01 1.441236436367034912e-01
2.483476104736328125e+02 2.503157854080200195e+00 4.971182346343994141e+00 -4.734239578247070312e+00 -7.402455806732177734e-01 2.911823093891143799e-01
3.603430480957031250e+02 2.209806919097900391e+00 4.579885482788085938e+00 -2.391153573989868164e+00 1.487228870391845703e+00 6.235795095562934875e-02
2.246899032592773438e+01 3.060821294784545898e+00 6.586775779724121094e+00 -5.147777557373046875e+00 -1.568524837493896484e+00 6.505501270294189453e-02
3.011050109863281250e+02 2.478926181793212891e+00 5.437720298767089844e+00 -5.772552490234375000e+00 1.158990859985351562e+00 1.164813041687011719e-01
4.211559448242187500e+02 2.722443819046020508e+00 5.574621200561523438e+00 4.080700874328613281e+00 4.399931430816650391e+00 3.106828331947326660e-01
5.494475097656250000e+02 2.178375244140625000e+00 4.737923145294189453e+00 -1.685863733291625977e+00 -6.270122528076171875e-01 1.961713135242462158e-01
8.934275817871093750e+01 2.456518650054931641e+00 5.168595314025878906e+00 -1.232053184509277344e+01 -1.715769767761230469e+00 3.862104117870330811e-01
2.897293701171875000e+02 2.114971399307250977e+00 4.677467823028564453e+00 -3.638914823532104492e+00 7.689976692199707031e-01 2.147694677114486694e-01
2.084759674072265625e+02 2.794701099395751953e+00 6.135086059570312500e+00 -5.053649902343750000e+00 -1.597970724105834961e+00 9.823587536811828613e-02
1.523477020263671875e+02 3.245954036712646484e+00 6.582299709320068359e+00 1.787373352050781250e+01 4.787597656250000000e+00 1.830485612154006958e-01
2.726772766113281250e+02 2.385668516159057617e+00 5.137073040008544922e+00 -7.562169075012207031e+00 3.408455848693847656e-01 3.895807266235351562e-02
5.240185546875000000e+02 1.965133547782897949e+00 4.234531402587890625e+00 -5.027532577514648438e+00 -2.965155839920043945e+00 1.165274977684020996e-01
7.221894531250000000e+02 2.302297115325927734e+00 5.113552093505859375e+00 3.736784458160400391e+00 5.251049995422363281e-01 3.504322841763496399e-03
4.984465026855468750e+02 2.765578269958496094e+00 5.976271629333496094e+00 -1.518842792510986328e+01 -1.310954093933105469e+00 1.150750368833541870e-01
2.405425567626953125e+02 2.422787427902221680e+00 4.898268699645996094e+00 -8.548583984375000000e+00 4.042172431945800781e-01 2.990906834602355957e-01
5.494475097656250000e+02 2.178375244140625000e+00 4.737923145294189453e+00 -1.685863733291625977e+00 -6.270122528076171875e-01 1.961713135242462158e-01
3.507840270996093750e+02 1.763911366462707520e+00 3.781196832656860352e+00 -2.539038658142089844e-01 2.210130691528320312e+00 2.296759188175201416e-01
7.919638061523437500e+02 2.319115161895751953e+00 5.115544319152832031e+00 -2.884131669998168945e+00 1.085238456726074219e+00 1.156847923994064331e-03
6.249247436523437500e+02 2.594432830810546875e+00 5.408095359802246094e+00 -8.471894264221191406e+00 6.641340255737304688e-01 1.050653383135795593e-01
1.277761001586914062e+02 2.452552795410156250e+00 5.224399566650390625e+00 -5.878138542175292969e+00 -1.959779262542724609e+00 4.805392622947692871e-01
4.430682983398437500e+02 2.090775728225708008e+00 4.482812404632568359e+00 -6.043148040771484375e-01 1.768591403961181641e+00 1.275132596492767334e-01
2.877673034667968750e+02 2.335021257400512695e+00 4.925119876861572266e+00 1.577639579772949219e+00 1.502666473388671875e+00 1.148601323366165161e-01
7.453331298828125000e+02 2.753575801849365234e+00 5.954923629760742188e+00 -1.632286643981933594e+01 -3.600798845291137695e+00 2.502858340740203857e-01
5.533734741210937500e+02 2.293190956115722656e+00 4.974263191223144531e+00 -9.006632804870605469e+00 -1.159836053848266602e+00 3.328680694103240967e-01
5.281724853515625000e+02 2.375416278839111328e+00 4.855874538421630859e+00 -6.464472770690917969e+00 1.482434272766113281e+00 1.233725696802139282e-01
2.161831207275390625e+02 2.217988967895507812e+00 4.686709403991699219e+00 -5.348122119903564453e+00 1.206729412078857422e+00 1.670871526002883911e-01
2.177324218750000000e+02 2.275318145751953125e+00 5.025075912475585938e+00 -2.693370580673217773e+00 1.332824230194091797e+00 5.105408281087875366e-02
4.009749755859375000e+02 3.801268339157104492e+00 8.043354034423828125e+00 1.933083724975585938e+01 2.992928028106689453e+00 6.912312656641006470e-02
2.052241973876953125e+02 2.279746055603027344e+00 4.705617904663085938e+00 -2.463395595550537109e+00 -1.507847309112548828e+00 6.734018325805664062e-01
3.482083435058593750e+02 3.153265953063964844e+00 6.717276573181152344e+00 -1.124181747436523438e+01 -1.858222484588623047e+00 2.928234636783599854e-02
1.031329879760742188e+02 2.376876354217529297e+00 5.532730102539062500e+00 -9.599252700805664062e+00 -2.800840139389038086e+00 1.218316555023193359e-01
5.911088867187500000e+02 2.156818389892578125e+00 4.511624336242675781e+00 -5.200265884399414062e+00 3.962066173553466797e+00 1.761873364448547363e-01
1.907604522705078125e+02 2.662132263183593750e+00 5.230014324188232422e+00 5.304293632507324219e+00 3.716692924499511719e+00 9.376698732376098633e-02
2.163573913574218750e+02 2.553828239440917969e+00 5.289030551910400391e+00 -1.721942424774169922e+00 2.508814334869384766e+00 8.934818953275680542e-02
6.691947937011718750e+01 2.638770341873168945e+00 5.527482032775878906e+00 -5.667642593383789062e+00 -2.407358884811401367e+00 1.399678140878677368e-01
4.223150329589843750e+02 2.485507011413574219e+00 5.537388801574707031e+00 -2.820860147476196289e+00 8.546090126037597656e-01 7.363770902156829834e-02
2.228374023437500000e+02 2.428834438323974609e+00 5.191917419433593750e+00 -6.413804054260253906e+00 -1.906725168228149414e+00 4.193156361579895020e-01
7.096375122070312500e+02 2.319468021392822266e+00 5.055562019348144531e+00 -1.045329570770263672e+00 -2.068281173706054688e+00 9.679115563631057739e-02
1.463887634277343750e+02 2.245567083358764648e+00 4.779149055480957031e+00 -1.130237579345703125e+00 1.765425205230712891e+00 1.625889688730239868e-01
2.945065917968750000e+02 2.206878185272216797e+00 4.829590320587158203e+00 -3.338180780410766602e+00 -6.150972843170166016e-01 1.023666262626647949e-01
6.803148193359375000e+02 2.052846431732177734e+00 4.645555019378662109e+00 -3.275170326232910156e+00 8.785772323608398438e-01 3.731447085738182068e-02
6.559956665039062500e+02 2.709918022155761719e+00 5.803895473480224609e+00 2.877907752990722656e+00 1.715462207794189453e+00 8.535481989383697510e-02
2.350337677001953125e+02 2.563499450683593750e+00 5.625626564025878906e+00 -5.090594291687011719e+00 1.149845123291015625e-01 1.637088507413864136e-02
1.610799865722656250e+02 2.230914592742919922e+00 4.918736457824707031e+00 -5.555255413055419922e+00 3.533556461334228516e+00 3.590151667594909668e-02
1.465039062500000000e+02 2.598594188690185547e+00 5.546843528747558594e+00 -1.023225879669189453e+01 -1.402091979980468750e-01 6.404799222946166992e-02
2.993725280761718750e+02 2.479782581329345703e+00 5.491878509521484375e+00 -5.972708702087402344e+00 4.345917701721191406e-01 1.784953176975250244e-01
2.266286926269531250e+02 2.282924652099609375e+00 5.170605659484863281e+00 -1.345992088317871094e-02 1.920113563537597656e+00 2.876234352588653564e-01
2.773660888671875000e+02 2.184987545013427734e+00 4.999622821807861328e+00 -3.197219371795654297e+00 1.945703029632568359e+00 3.578707203269004822e-02
7.093973999023437500e+02 2.521399497985839844e+00 5.404101848602294922e+00 -8.668666839599609375e+00 -8.404612541198730469e-01 7.028690725564956665e-02
3.643883666992187500e+02 2.349963188171386719e+00 5.066157341003417969e+00 -8.852279186248779297e-01 -7.027935981750488281e-01 3.180924654006958008e-01
3.189199829101562500e+02 2.341255187988281250e+00 5.020325183868408203e+00 -8.186124801635742188e+00 -1.547195911407470703e+00 3.523866459727287292e-02
3.500277099609375000e+02 2.804494857788085938e+00 6.196860313415527344e+00 -5.120359420776367188e+00 3.721237182617187500e-02 2.128437459468841553e-01
7.344887084960937500e+02 2.508055686950683594e+00 5.325734615325927734e+00 -1.478255653381347656e+01 -9.747993946075439453e-01 2.156239002943038940e-01
6.775843048095703125e+01 2.116431236267089844e+00 4.382845878601074219e+00 -9.160905838012695312e+00 -7.059907913208007812e-01 1.129295527935028076e-01
2.203435668945312500e+02 2.613405942916870117e+00 5.579816341400146484e+00 -2.391415834426879883e+00 9.254717826843261719e-01 2.205293476581573486e-01
7.975823364257812500e+02 2.253540992736816406e+00 4.639811515808105469e+00 -3.833260536193847656e+00 -7.592892646789550781e-01 7.838495820760726929e-02
5.891676635742187500e+02 3.581935882568359375e+00 7.700997352600097656e+00 -1.247626590728759766e+01 -2.201905250549316406e+00 3.433334454894065857e-02
2.901697998046875000e+02 2.081939458847045898e+00 4.260661602020263672e+00 -5.843961238861083984e+00 1.362898349761962891e+00 1.900504380464553833e-01
3.807988281250000000e+02 2.038567543029785156e+00 4.411650657653808594e+00 -5.069940090179443359e+00 -9.779810905456542969e-02 3.026698827743530273e-01
2.056129913330078125e+02 2.309393882751464844e+00 4.993771553039550781e+00 -7.396502494812011719e+00 -3.963470458984375000e-02 9.357035160064697266e-02
1.737377471923828125e+02 2.355511188507080078e+00 4.982197761535644531e+00 -5.292810440063476562e+00 -2.876151800155639648e+00 4.183010458946228027e-01
3.829553833007812500e+02 1.979678273200988770e+00 4.436524391174316406e+00 -4.491129875183105469e+00 5.429530143737792969e-01 3.337295353412628174e-01
3.672390747070312500e+02 2.375091314315795898e+00 5.076035022735595703e+00 -3.111622333526611328e+00 2.161517143249511719e+00 1.553197298198938370e-02
4.397673950195312500e+02 2.334865570068359375e+00 5.035856723785400391e+00 -5.206148624420166016e+00 -1.678391695022583008e+00 2.632785141468048096e-01
2.798611755371093750e+02 2.714491605758666992e+00 5.711679935455322266e+00 4.784107208251953125e+00 2.710199356079101562e-01 2.423328161239624023e-02
2.995290756225585938e+01 2.378102779388427734e+00 4.983452320098876953e+00 -1.009457778930664062e+01 -2.361341714859008789e+00 2.395232021808624268e-01
7.412098388671875000e+02 2.241089344024658203e+00 4.986204147338867188e+00 -4.575272560119628906e+00 8.968019485473632812e-01 1.412617862224578857e-01
1.746227569580078125e+02 2.511959075927734375e+00 5.197505950927734375e+00 -2.057341337203979492e+00 9.393334388732910156e-01 5.158652365207672119e-02
7.542634582519531250e+01 2.151253461837768555e+00 4.712960720062255859e+00 -8.395108222961425781e+00 1.140358448028564453e+00 8.743254840373992920e-02
7.603734741210937500e+02 2.190404891967773438e+00 4.673179626464843750e+00 -1.826540231704711914e+00 -4.837036132812500000e-01 1.109903752803802490e-01
2.605627441406250000e+02 2.252855777740478516e+00 4.857738018035888672e+00 -6.599376201629638672e+00 -1.767435073852539062e+00 1.610565930604934692e-01
3.961094360351562500e+02 3.578889846801757812e+00 7.594152450561523438e+00 8.123087882995605469e+00 3.567860126495361328e+00 2.978752553462982178e-01
4.114220581054687500e+02 2.140264987945556641e+00 4.729316711425781250e+00 -3.940602540969848633e+00 -6.335508823394775391e-01 9.475751221179962158e-02
5.611099243164062500e+02 2.296884059906005859e+00 5.192952156066894531e+00 -1.062844991683959961e+00 1.327054500579833984e+00 1.587101519107818604e-01
2.324753265380859375e+02 2.659115791320800781e+00 5.720619678497314453e+00 -6.280035018920898438e+00 -2.125976085662841797e+00 2.128705084323883057e-01
3.398384704589843750e+02 2.086232185363769531e+00 4.823957443237304688e+00 -7.854341506958007812e+00 1.900651454925537109e+00 7.262863218784332275e-03
1.123488693237304688e+02 2.218724250793457031e+00 4.585013389587402344e+00 -6.142604351043701172e-01 -2.320342063903808594e+00 7.495118677616119385e-02
1.195886840820312500e+02 2.701526165008544922e+00 5.842505455017089844e+00 8.927972793579101562e+00 9.525132179260253906e-01 1.398792304098606110e-02
3.738801574707031250e+02 1.945685029029846191e+00 4.065718173980712891e+00 -9.783601760864257812e-01 -5.922448635101318359e-01 2.086271494626998901e-01
2.639688110351562500e+02 2.455924510955810547e+00 5.251674175262451172e+00 -1.579359769821166992e+00 -2.685649394989013672e+00 1.311924755573272705e-01
4.093868713378906250e+02 2.441807746887207031e+00 5.127437591552734375e+00 -1.345237493515014648e+00 -1.480972766876220703e-01 1.331469267606735229e-01
6.257607421875000000e+02 2.772699356079101562e+00 5.679871082305908203e+00 3.615627288818359375e+00 2.411651611328125000e-01 1.176382005214691162e-01
1.876083068847656250e+02 2.607971429824829102e+00 5.553361415863037109e+00 -5.493676662445068359e+00 -5.158329010009765625e-01 9.278301149606704712e-04
7.081217041015625000e+02 2.120355844497680664e+00 4.741270542144775391e+00 -1.377128362655639648e+00 3.242158889770507812e-01 3.457503765821456909e-02
6.510161743164062500e+02 2.863401412963867188e+00 5.892643928527832031e+00 1.447259140014648438e+01 4.939363002777099609e+00 3.353568315505981445e-01
7.010444946289062500e+02 2.815122365951538086e+00 6.238268375396728516e+00 -5.066745281219482422e+00 -4.381775856018066406e-01 1.219165772199630737e-01
7.806722412109375000e+02 1.814755678176879883e+00 4.062261581420898438e+00 -4.016022682189941406e+00 1.064610481262207031e-01 2.216445468366146088e-02
8.500376129150390625e+01 2.383766651153564453e+00 5.242716789245605469e+00 -1.103169059753417969e+01 -1.156464815139770508e+00 2.898917198181152344e-01
3.662507629394531250e+02 2.418538570404052734e+00 5.193852424621582031e+00 -1.434081792831420898e+00 1.807169914245605469e+00 1.270157694816589355e-01
7.661541748046875000e+02 2.248196125030517578e+00 5.100552558898925781e+00 -4.883015155792236328e+00 -2.785146236419677734e-01 2.010338157415390015e-01
3.796598052978515625e+01 2.588444232940673828e+00 5.364818572998046875e+00 -6.479475498199462891e+00 -1.884906291961669922e+00 3.400011733174324036e-02
4.890574340820312500e+02 2.646832704544067383e+00 6.261484146118164062e+00 1.534895896911621094e+00 1.230814456939697266e+00 8.089625835418701172e-02
5.664401855468750000e+02 2.271691083908081055e+00 4.605662345886230469e+00 -2.084195613861083984e+00 -2.466697692871093750e+00 2.025494724512100220e-01
3.663025207519531250e+02 3.234090566635131836e+00 7.167368888854980469e+00 -4.915815353393554688e+00 -2.893304824829101562e-01 1.121831536293029785e-01
7.018083496093750000e+02 2.063414335250854492e+00 4.411768913269042969e+00 -4.313724040985107422e+00 5.889296531677246094e-01 7.907336950302124023e-02
3.157251281738281250e+02 3.805109262466430664e+00 8.056646347045898438e+00 1.275638389587402344e+01 9.305453300476074219e-01 1.430673301219940186e-01
1.869074249267578125e+02 2.442237854003906250e+00 5.185072898864746094e+00 -2.843434810638427734e+00 -1.455819606781005859e+00 2.114631533622741699e-01
1.263232116699218750e+02 2.310935974121093750e+00 4.829299449920654297e+00 -6.701064109802246094e-01 4.188380241394042969e+00 2.855496406555175781e-01
3.516455383300781250e+02 2.649386167526245117e+00 5.474692821502685547e+00 -3.779976367950439453e+00 -8.787822723388671875e-01 4.055798053741455078e-02
2.286049652099609375e+02 2.337487697601318359e+00 4.987238407135009766e+00 -1.020479869842529297e+01 -2.728599309921264648e+00 1.046518050134181976e-02
3.869282836914062500e+02 2.380833387374877930e+00 5.260182857513427734e+00 -6.521739006042480469e+00 2.318165302276611328e+00 1.816801168024539948e-02
3.682900390625000000e+02 3.506237506866455078e+00 7.468782901763916016e+00 1.478352355957031250e+01 5.918061733245849609e+00 1.946877241134643555e-01
2.389196166992187500e+02 2.193715095520019531e+00 4.634174346923828125e+00 -4.707472324371337891e+00 -1.779913902282714844e-01 2.141263186931610107e-01
5.126385116577148438e+01 2.160999298095703125e+00 4.695092201232910156e+00 -5.310954093933105469e+00 1.076941490173339844e+00 3.625869154930114746e-01
5.079780960083007812e+01 3.195699214935302734e+00 6.799019813537597656e+00 4.644346237182617188e-01 -5.845153331756591797e-01 1.649487763643264771e-02
5.569791870117187500e+02 2.347028970718383789e+00 5.202901840209960938e+00 1.704859733581542969e-01 -2.641534805297851562e-01 1.580551266670227051e-01
4.063525695800781250e+02 2.874036550521850586e+00 6.078297615051269531e+00 -5.353643894195556641e+00 -1.477067470550537109e+00 2.290924079716205597e-02
3.685429077148437500e+02 2.337066173553466797e+00 4.985778331756591797e+00 2.930808067321777344e-01 1.078155040740966797e+00 2.865061461925506592e-01
1.276150665283203125e+02 3.494490146636962891e+00 7.458255767822265625e+00 4.743435382843017578e+00 3.539738655090332031e+00 7.547366619110107422e-02
4.316326293945312500e+02 3.231574058532714844e+00 7.122075557708740234e+00 -9.686946868896484375e-01 2.336714267730712891e+00 2.772301733493804932e-01
7.508835449218750000e+02 2.259858131408691406e+00 4.833493232727050781e+00 -5.501433372497558594e+00 -4.841434955596923828e-01 1.398598253726959229e-01
1.570715942382812500e+02 2.143771171569824219e+00 4.569674968719482422e+00 -5.995981693267822266e+00 -2.882288694381713867e+00 5.320963859558105469e-01
4.826265335083007812e+00 2.411350488662719727e+00 5.408151149749755859e+00 -7.075071334838867188e+00 -1.045690774917602539e+00 8.603921532630920410e-02
3.666814422607421875e+01 2.211003303527832031e+00 4.913430213928222656e+00 -7.217654228210449219e+00 -1.644904613494873047e+00 1.528714876621961594e-02
5.296197509765625000e+02 2.927142143249511719e+00 6.146249771118164062e+00 -6.042772293090820312e+00 -1.398782730102539062e+00 2.605576515197753906e-01
7.862512207031250000e+02 2.299683332443237305e+00 4.662284851074218750e+00 -1.331651210784912109e+00 3.667092323303222656e-01 4.306417703628540039e-01
2.473175354003906250e+02 2.135901451110839844e+00 4.426623821258544922e+00 -3.457300662994384766e+00 1.479966640472412109e+00 4.452263116836547852e-01
5.011812133789062500e+02 2.366757154464721680e+00 5.161854743957519531e+00 -6.147189140319824219e+00 -1.678198575973510742e+00 9.829316288232803345e-02
3.217380371093750000e+02 2.405419349670410156e+00 5.171505451202392578e+00 -4.600261688232421875e+00 3.159294128417968750e+00 2.493451386690139771e-01
5.446725463867187500e+02 2.309996128082275391e+00 5.017330169677734375e+00 -5.034391880035400391e+00 -7.903492450714111328e-01 1.155435219407081604e-01
3.183241882324218750e+02 2.125621557235717773e+00 4.693540573120117188e+00 -7.264773845672607422e+00 -6.726706027984619141e-01 1.415212154388427734e-01
3.435007934570312500e+02 3.419033050537109375e+00 6.981420993804931641e+00 1.224299430847167969e+01 -1.352632045745849609e-01 3.952233120799064636e-02
3.325558471679687500e+02 2.173413276672363281e+00 4.632527828216552734e+00 -3.415521383285522461e+00 8.845567703247070312e-02 2.385088503360748291e-01
3.964963989257812500e+02 2.255889892578125000e+00 4.904406547546386719e+00 -4.968981742858886719e+00 1.485323905944824219e-01 2.653772234916687012e-01
5.712838745117187500e+02 2.031640529632568359e+00 4.212874412536621094e+00 -5.406952857971191406e+00 3.254170417785644531e+00 2.439705729484558105e-01
4.358985900878906250e+02 2.758611440658569336e+00 5.860882759094238281e+00 -4.113080501556396484e+00 -4.689276218414306641e-01 9.799144417047500610e-02
3.480014038085937500e+02 2.323618412017822266e+00 5.053408622741699219e+00 -6.727066040039062500e+00 1.079199314117431641e+00 6.504850462079048157e-03
2.452404327392578125e+02 2.441634178161621094e+00 5.603058815002441406e+00 -7.334712982177734375e+00 9.680652618408203125e-01 1.958320885896682739e-01
6.580934448242187500e+02 2.683421134948730469e+00 5.913848876953125000e+00 -7.610224723815917969e+00 -1.181119680404663086e+00 1.963322162628173828e-01
2.562745666503906250e+02 2.059072494506835938e+00 4.503780364990234375e+00 -1.695146560668945312e+00 6.941080093383789062e-01 3.211472555994987488e-02
3.733099670410156250e+02 2.417788982391357422e+00 5.169718742370605469e+00 -3.345971107482910156e+00 -3.031325340270996094e-01 2.699868977069854736e-01
6.543351440429687500e+02 2.997397422790527344e+00 6.391745567321777344e+00 -1.699460792541503906e+01 -4.164796829223632812e+00 1.957834959030151367e-01
4.403233642578125000e+02 2.902310848236083984e+00 6.165909290313720703e+00 -8.582513809204101562e+00 -1.096434593200683594e+00 4.728898406028747559e-03
6.925584106445312500e+02 2.250412940979003906e+00 4.882524490356445312e+00 -5.242066383361816406e+00 1.401174068450927734e+00 1.111098751425743103e-02
2.767427635192871094e+01 2.123206853866577148e+00 4.714658260345458984e+00 -4.514646530151367188e+00 -2.824469804763793945e+00 1.618798375129699707e-01
1.974766387939453125e+02 2.045886039733886719e+00 4.331690788269042969e+00 -2.674511671066284180e+00 -2.328305244445800781e+00 2.786207012832164764e-02
3.630796813964843750e+02 2.180820465087890625e+00 4.599813938140869141e+00 -4.296002388000488281e+00 2.315018177032470703e+00 3.200214505195617676e-01
4.241334152221679688e+01 2.187762260437011719e+00 4.672865390777587891e+00 4.202699661254882812e-01 9.793210029602050781e-01 7.409061491489410400e-02
3.186376342773437500e+02 2.529307842254638672e+00 5.281211853027343750e+00 3.189778327941894531e+00 -1.498225927352905273e+00 1.076579391956329346e-01
7.010444946289062500e+02 2.815122365951538086e+00 6.238268375396728516e+00 -5.066745281219482422e+00 -4.381775856018066406e-01 1.219165772199630737e-01
1.718230895996093750e+02 2.035050392150878906e+00 4.117309570312500000e+00 -5.260519981384277344e+00 6.334900856018066406e-01 9.046784043312072754e-02
5.887249755859375000e+02 2.776853561401367188e+00 5.752063274383544922e+00 -1.471640968322753906e+01 -3.527795076370239258e+00 7.309280335903167725e-03
7.051707153320312500e+02 2.003140926361083984e+00 4.309536933898925781e+00 -3.067568540573120117e+00 8.400201797485351562e-02 5.980897545814514160e-01
2.038926086425781250e+02 2.145321846008300781e+00 4.744692802429199219e+00 -6.330738067626953125e+00 4.664659500122070312e-02 4.815621972084045410e-01
1.099406585693359375e+02 2.262868404388427734e+00 4.865622997283935547e+00 -1.212763404846191406e+01 -1.276810169219970703e+00 1.331312805414199829e-01
3.595187683105468750e+02 2.388216495513916016e+00 4.995131969451904297e+00 -3.811938762664794922e+00 1.062207221984863281e+00 1.107468307018280029e-01
1.904716796875000000e+02 2.407141923904418945e+00 5.318710327148437500e+00 -8.372488975524902344e+00 2.356555461883544922e+00 4.553852081298828125e-01
5.342819824218750000e+02 2.642382383346557617e+00 5.615719795227050781e+00 1.746909618377685547e+00 -1.501774787902832031e-01 1.654729247093200684e-01
1.796654663085937500e+02 2.617817640304565430e+00 5.461027145385742188e+00 -5.310601234436035156e+00 -3.201866149902343750e-01 4.423728678375482559e-03
2.367604217529296875e+02 2.688968181610107422e+00 6.042315006256103516e+00 -3.959882259368896484e+00 2.422938346862792969e+00 5.466784909367561340e-02
1.219847564697265625e+02 2.356353759765625000e+00 5.020421504974365234e+00 -2.989393472671508789e+00 7.446765899658203125e-01 1.738840937614440918e-01
7.984204711914062500e+02 2.080374240875244141e+00 4.617731571197509766e+00 -1.386791467666625977e+00 -7.955265045166015625e-01 3.256407799199223518e-03
2.756728515625000000e+02 3.195708513259887695e+00 6.790847778320312500e+00 1.347781658172607422e+01 7.488064765930175781e+00 3.029423356056213379e-01
6.434055175781250000e+02 2.975363969802856445e+00 6.362446784973144531e+00 -5.571795463562011719e+00 3.569436073303222656e-01 5.749417468905448914e-02
3.782745056152343750e+02 2.287039279937744141e+00 4.847500801086425781e+00 -1.505755186080932617e+00 1.180958747863769531e-01 2.632486820220947266e-01
4.317511901855468750e+02 2.368729114532470703e+00 4.957402706146240234e+00 -1.162807941436767578e+00 2.770757675170898438e-01 2.549837902188301086e-02
8.294627380371093750e+01 2.274836778640747070e+00 4.848675251007080078e+00 6.648135185241699219e-01 4.700837135314941406e+00 1.285438835620880127e-01
3.871231079101562500e+00 2.924339056015014648e+00 6.330359458923339844e+00 -1.635641860961914062e+01 -2.232100963592529297e+00 3.274635076522827148e-01
5.533734741210937500e+02 2.293190956115722656e+00 4.974263191223144531e+00 -9.006632804870605469e+00 -1.159836053848266602e+00 3.328680694103240967e-01
6.592047729492187500e+02 2.313516139984130859e+00 4.845062732696533203e+00 -8.022241592407226562e+00 5.595660209655761719e-01 1.491623371839523315e-01
7.529995117187500000e+02 2.550160884857177734e+00 5.481553554534912109e+00 -3.164343833923339844e+00 1.225843429565429688e+00 3.253231644630432129e-01
2.838526306152343750e+02 2.395651340484619141e+00 5.165657043457031250e+00 1.657629013061523438e-01 1.794898509979248047e+00 1.961406916379928589e-01
7.731646728515625000e+02 2.244057178497314453e+00 4.825700283050537109e+00 -5.437287330627441406e+00 2.248106002807617188e+00 6.360352784395217896e-02
1.376891174316406250e+02 2.213124275207519531e+00 4.479774475097656250e+00 -3.012412786483764648e+00 6.059670448303222656e-01 1.361936181783676147e-01
6.884291381835937500e+02 2.164884567260742188e+00 4.500738143920898438e+00 -3.831315040588378906e-01 8.595085144042968750e-01 7.007210701704025269e-02
3.318650817871093750e+02 2.833449840545654297e+00 6.133600234985351562e+00 -1.545344924926757812e+01 -1.312577724456787109e+00 1.393630984239280224e-03
4.498228149414062500e+02 2.381765365600585938e+00 5.231070041656494141e+00 -4.947021007537841797e+00 1.344535350799560547e+00 1.044636145234107971e-01
6.195368652343750000e+02 2.299900770187377930e+00 4.949082374572753906e+00 -9.644174575805664062e-01 -6.267440319061279297e-01 2.229569107294082642e-02
3.249313964843750000e+02 3.817743539810180664e+00 7.914508342742919922e+00 -6.177251338958740234e+00 9.048056602478027344e-01 5.166791751980781555e-02
3.365313415527343750e+02 2.109440326690673828e+00 4.572763919830322266e+00 -5.609559059143066406e+00 2.071952819824218750e-01 1.686352193355560303e-01
1.980933837890625000e+02 2.738221645355224609e+00 5.822159767150878906e+00 -3.467381000518798828e-01 2.850747108459472656e+00 2.164251357316970825e-01
4.718381042480468750e+02 1.974873542785644531e+00 4.064551830291748047e+00 -6.275761127471923828e+00 -2.865099906921386719e-01 8.302316069602966309e-02
7.498433685302734375e+01 2.662650108337402344e+00 5.526507377624511719e+00 -6.553504467010498047e+00 -1.729768514633178711e+00 5.411433577537536621e-01
3.541041259765625000e+02 2.387474536895751953e+00 5.111628055572509766e+00 -5.020317077636718750e+00 -2.320996522903442383e+00 9.929819405078887939e-02
7.582647094726562500e+02 2.125562667846679688e+00 4.356290817260742188e+00 -2.034831047058105469e+00 -1.040589809417724609e-01 8.013996994122862816e-04
7.864514160156250000e+02 2.085527896881103516e+00 4.722255706787109375e+00 -6.391637325286865234e+00 -2.394437789916992188e-02 1.699040979146957397e-01
7.434285888671875000e+02 2.168643951416015625e+00 4.574430465698242188e+00 -5.291178226470947266e+00 2.701163291931152344e-01 7.324208319187164307e-02
2.888269042968750000e+02 2.185841560363769531e+00 4.722746372222900391e+00 -1.513749361038208008e+00 1.404638290405273438e+00 5.240568891167640686e-02
5.631948852539062500e+02 2.349772930145263672e+00 4.788976669311523438e+00 1.640186309814453125e+00 7.637953758239746094e-01 1.317010074853897095e-01
3.944889221191406250e+02 2.003718376159667969e+00 4.121810913085937500e+00 -3.066122531890869141e-01 7.740974426269531250e-01 1.548021882772445679e-01
2.026703643798828125e+02 2.572437286376953125e+00 5.356456279754638672e+00 -2.271832227706909180e+00 1.055598258972167969e-01 1.901500225067138672e-01
7.224143676757812500e+02 2.404457092285156250e+00 5.158111572265625000e+00 -5.145644187927246094e+00 -9.250998497009277344e-01 9.939274191856384277e-02
4.904168701171875000e+02 2.064798831939697266e+00 4.466972827911376953e+00 -5.543273925781250000e+00 1.978111267089843750e-01 3.505512773990631104e-01
2.756440124511718750e+02 2.101650714874267578e+00 4.593632221221923828e+00 -5.299653053283691406e+00 -4.367551803588867188e+00 2.676810324192047119e-01
2.984710121154785156e+01 2.576806068420410156e+00 5.597441196441650391e+00 -1.176599788665771484e+01 -9.258341789245605469e-01 4.039646983146667480e-01
6.298682861328125000e+02 2.280151367187500000e+00 4.639880180358886719e+00 -1.589751243591308594e-01 1.414122581481933594e+00 1.850968897342681885e-01
5.922440795898437500e+02 2.766854047775268555e+00 5.964867115020751953e+00 9.153421401977539062e+00 7.553100585937500000e-03 2.247132547199726105e-02
7.619144897460937500e+02 2.196873903274536133e+00 4.526387691497802734e+00 -5.955893993377685547e+00 -4.227828979492187500e-01 1.677630096673965454e-01
3.807727813720703125e+01 2.223277568817138672e+00 4.651724815368652344e+00 -5.425529479980468750e+00 1.711044311523437500e+00 3.816309571266174316e-01
1.381887512207031250e+02 2.811312675476074219e+00 6.004801273345947266e+00 -9.717189788818359375e+00 9.793829917907714844e-01 1.622743606567382812e-01
9.751377868652343750e+01 2.018438339233398438e+00 4.333810329437255859e+00 -4.977508544921875000e+00 -7.990181446075439453e-01 2.655789628624916077e-02
1.860820922851562500e+02 2.608761310577392578e+00 5.375030517578125000e+00 -1.127263832092285156e+01 1.588535308837890625e+00 1.200987398624420166e-02
5.752872085571289062e+01 3.125093936920166016e+00 6.496473789215087891e+00 4.844772815704345703e+00 2.174627780914306641e+00 1.997397691011428833e-01
1.171505451202392578e+01 2.391998529434204102e+00 5.026635169982910156e+00 2.435092926025390625e+00 -1.586513519287109375e+00 1.311158835887908936e-01
6.515891723632812500e+02 2.283817529678344727e+00 4.847826480865478516e+00 -5.395650863647460938e-02 1.086666584014892578e+00 6.308231502771377563e-02
3.926927490234375000e+02 2.491892576217651367e+00 5.555609703063964844e+00 -7.959986686706542969e+00 -2.406353950500488281e+00 1.362831592559814453e-01
1.716374664306640625e+02 2.383378505706787109e+00 5.335364818572998047e+00 -5.687472820281982422e+00 -1.494345664978027344e+00 7.358632087707519531e-01
2.090623779296875000e+02 2.433373212814331055e+00 5.165772438049316406e+00 -5.284037590026855469e+00 -1.609042882919311523e+00 4.556525051593780518e-01
3.161671752929687500e+02 2.540606498718261719e+00 5.572866439819335938e+00 -8.921632766723632812e+00 -2.434452772140502930e+00 6.616580486297607422e-02
7.868703002929687500e+02 2.478831291198730469e+00 5.247437953948974609e+00 -1.314934492111206055e+00 1.232724189758300781e+00 5.560165643692016602e-02
2.019239654541015625e+02 1.962973475456237793e+00 4.476754188537597656e+00 -2.810434103012084961e+00 3.465161323547363281e+00 1.267696619033813477e-01
4.724002456665039062e+01 3.371767044067382812e+00 7.289973258972167969e+00 1.548770427703857422e+01 3.472068309783935547e+00 1.702526956796646118e-01
5.714569702148437500e+02 2.350938558578491211e+00 5.036152839660644531e+00 4.800567626953125000e+00 -9.515273571014404297e-01 7.397917099297046661e-03
2.094779663085937500e+02 2.003110408782958984e+00 4.149019241333007812e+00 -7.397218704223632812e+00 8.345174789428710938e-01 2.019498348236083984e-01
1.233355560302734375e+02 1.969872474670410156e+00 4.344582080841064453e+00 -1.812329292297363281e+00 2.192156314849853516e+00 8.772371709346771240e-02
2.349817657470703125e+01 1.831920027732849121e+00 3.839800596237182617e+00 -5.937810897827148438e+00 2.496385574340820312e-01 1.191146373748779297e-01
3.853961486816406250e+02 2.696803331375122070e+00 5.583169460296630859e+00 -3.578652143478393555e+00 -3.391611576080322266e-01 3.085453510284423828e-01
6.406832885742187500e+02 2.067596435546875000e+00 4.510170936584472656e+00 -6.352590560913085938e+00 -6.158483028411865234e-01 4.643245600163936615e-03
4.699757080078125000e+02 2.242303371429443359e+00 4.917249679565429688e+00 -7.281226158142089844e+00 -1.139119863510131836e+00 4.273988604545593262e-01
2.270563354492187500e+02 2.207534790039062500e+00 4.948581218719482422e+00 -1.162897872924804688e+01 -2.397775650024414062e+00 3.859393000602722168e-01
3.269700317382812500e+02 3.279050111770629883e+00 6.721815109252929688e+00 -2.664887905120849609e-01 -7.583248615264892578e-01 1.788746416568756104e-01
6.181472167968750000e+02 2.444549798965454102e+00 5.341083526611328125e+00 -2.936298847198486328e+00 7.589316368103027344e-01 3.129312396049499512e-01
4.763277893066406250e+02 2.475926876068115234e+00 5.190973758697509766e+00 -7.016667366027832031e+00 -2.147209644317626953e-01 2.480917572975158691e-01
1.152143249511718750e+02 2.713906526565551758e+00 5.602688789367675781e+00 -1.577357959747314453e+01 -3.195475339889526367e+00 3.443082571029663086e-01
3.525918579101562500e+02 2.579706192016601562e+00 5.049457550048828125e+00 6.140842437744140625e+00 1.771788597106933594e+00 1.774400323629379272e-01
2.222328491210937500e+02 2.337307929992675781e+00 5.086602210998535156e+00 -7.507252693176269531e+00 6.219840049743652344e-01 1.749011874198913574e-02
5.520786743164062500e+02 3.441976070404052734e+00 7.296090126037597656e+00 1.761324405670166016e+00 4.353148937225341797e+00 1.362555325031280518e-01
5.607649536132812500e+02 1.995394229888916016e+00 4.391827106475830078e+00 -5.030069351196289062e+00 2.209284305572509766e+00 2.312622666358947754e-01
2.603328857421875000e+02 2.386182785034179688e+00 5.077652454376220703e+00 -9.463012218475341797e-01 -3.672552108764648438e-01 1.307621896266937256e-01
1.428490295410156250e+02 1.909176945686340332e+00 4.298853874206542969e+00 -4.489634037017822266e+00 -6.858158111572265625e-01 2.953477799892425537e-01
1.200416564941406250e+02 2.297168493270874023e+00 4.778232574462890625e+00 -3.018943071365356445e+00 2.850127220153808594e-01 2.332408353686332703e-02
4.899035263061523438e+01 2.764946460723876953e+00 6.203515052795410156e+00 -1.681061553955078125e+01 -3.260773420333862305e+00 2.207819521427154541e-01
2.905858459472656250e+02 2.592932462692260742e+00 5.754122734069824219e+00 -3.571825027465820312e+00 2.244045734405517578e+00 1.648358255624771118e-01
4.123332519531250000e+02 2.336639881134033203e+00 5.367670059204101562e+00 8.530831336975097656e-01 3.474116325378417969e-01 7.780357450246810913e-02
7.755828857421875000e+02 2.317467212677001953e+00 5.266921520233154297e+00 -4.819382667541503906e+00 -3.290613889694213867e+00 3.070657253265380859e-01
4.226130065917968750e+02 2.030213594436645508e+00 4.223679542541503906e+00 -6.251884460449218750e+00 1.198232173919677734e+00 1.563487648963928223e-01
2.008149108886718750e+02 2.172261238098144531e+00 4.808396339416503906e+00 -4.037594795227050781e+00 -1.880940198898315430e+00 2.182871289551258087e-02
1.753110809326171875e+02 2.090094566345214844e+00 4.741655349731445312e+00 -6.135590076446533203e+00 -1.089200973510742188e+00 3.079531490802764893e-01
3.161653747558593750e+02 3.219839096069335938e+00 7.021519184112548828e+00 -6.740114688873291016e+00 1.597983837127685547e+00 5.873821675777435303e-02
3.096191101074218750e+02 2.328868627548217773e+00 5.047156333923339844e+00 -1.456357240676879883e+00 7.451558113098144531e-01 8.393202908337116241e-03
7.124810180664062500e+02 2.170738697052001953e+00 4.537304401397705078e+00 -5.387532711029052734e+00 -2.733373641967773438e-01 6.022885441780090332e-02
3.127763671875000000e+02 2.147986173629760742e+00 4.864878654479980469e+00 -6.192040443420410156e+00 -2.073467969894409180e+00 1.521637141704559326e-01
2.705433959960937500e+02 2.155905723571777344e+00 4.384924888610839844e+00 1.301357746124267578e+00 -1.584970951080322266e-01 9.606307744979858398e-02
1.114121398925781250e+02 2.195480585098266602e+00 4.674718379974365234e+00 -3.958590030670166016e+00 1.510508060455322266e+00 1.032677590847015381e-01
2.712362060546875000e+02 3.875643491744995117e+00 7.933027744293212891e+00 1.288804244995117188e+01 1.668062210083007812e+00 1.079095080494880676e-01
2.912627868652343750e+02 2.208245754241943359e+00 4.776939392089843750e+00 -2.434028387069702148e+00 1.754705905914306641e+00 1.863636225461959839e-01
5.490199584960937500e+02 3.060689687728881836e+00 6.414840698242187500e+00 -5.938508510589599609e+00 2.268028259277343750e-01 2.848243117332458496e-01
4.633647155761718750e+01 2.417535781860351562e+00 5.309264659881591797e+00 -4.872107505798339844e+00 -8.544290065765380859e-01 4.937429726123809814e-02
3.336861267089843750e+02 2.412718296051025391e+00 5.246774196624755859e+00 -1.254825019836425781e+01 1.560487747192382812e+00 6.358405947685241699e-02
3.260493469238281250e+02 2.148430347442626953e+00 4.915171623229980469e+00 -5.747646331787109375e+00 -2.573626041412353516e+00 1.498373150825500488e-01
3.629976196289062500e+02 2.669928312301635742e+00 6.049049854278564453e+00 5.033109188079833984e+00 6.252837181091308594e+00 3.679338097572326660e-01
2.164975585937500000e+02 2.505364894866943359e+00 5.272246837615966797e+00 -5.946555137634277344e+00 -1.511752605438232422e-01 2.282150238752365112e-01
2.099832534790039062e+01 2.170318603515625000e+00 4.951346874237060547e+00 -5.073986053466796875e+00 2.126119136810302734e+00 4.596964269876480103e-02
5.487276611328125000e+02 2.262144088745117188e+00 4.994354248046875000e+00 -9.981923103332519531e+00 -3.571577072143554688e+00 4.646380543708801270e-01
4.274947204589843750e+02 2.147809505462646484e+00 4.548685550689697266e+00 -5.952915191650390625e+00 2.470490932464599609e+00 8.031873404979705811e-02
2.999916687011718750e+02 2.290100097656250000e+00 4.904552936553955078e+00 7.315587997436523438e-01 2.275624275207519531e+00 4.226031899452209473e-01
3.466878051757812500e+02 2.792890071868896484e+00 5.885970115661621094e+00 -1.096482467651367188e+01 -7.059252262115478516e-01 2.252898961305618286e-01
9.662179565429687500e+01 2.695238113403320312e+00 5.870488643646240234e+00 -2.000436782836914062e+00 3.378891944885253906e-01 4.924294948577880859e-01
2.950778198242187500e+02 1.847873806953430176e+00 4.224734306335449219e+00 -3.644907474517822266e+00 -2.101006507873535156e+00 6.572511047124862671e-02
2.885195617675781250e+02 2.233826875686645508e+00 5.129457473754882812e+00 -3.836853504180908203e+00 2.179408073425292969e-01 7.897824794054031372e-02
3.779065856933593750e+02 2.221679210662841797e+00 4.796002388000488281e+00 -2.357802391052246094e+00 -2.983638048171997070e+00 1.919150352478027344e-01
3.336902465820312500e+02 3.127825021743774414e+00 6.949798107147216797e+00 -3.692305088043212891e+00 -1.232150793075561523e+00 1.656363531947135925e-02
1.677162628173828125e+02 2.304897308349609375e+00 4.852845191955566406e+00 -1.105458354949951172e+01 -6.832492351531982422e-01 9.512463212013244629e-02
3.570869445800781250e+01 3.260550022125244141e+00 6.991263866424560547e+00 8.896081924438476562e+00 1.284770965576171875e+00 2.381869554519653320e-01
4.692122802734375000e+02 2.060413122177124023e+00 4.705139160156250000e+00 -1.849347352981567383e+00 -4.734790325164794922e-01 1.275772154331207275e-01
1.571615753173828125e+02 2.443953990936279297e+00 5.010416030883789062e+00 -9.925436973571777344e-01 1.972770690917968750e+00 4.125922918319702148e-02
2.586155700683593750e+02 2.474112749099731445e+00 5.251676559448242188e+00 -4.953563213348388672e+00 1.589972972869873047e+00 8.743503689765930176e-02
7.678683471679687500e+02 2.145694255828857422e+00 4.558066368103027344e+00 -3.678753376007080078e+00 -2.384357452392578125e+00 1.217002049088478088e-01
2.045849304199218750e+02 2.435348749160766602e+00 5.262131214141845703e+00 -6.359714508056640625e+00 -1.035614013671875000e+00 1.840682178735733032e-01
5.414515991210937500e+02 2.890718936920166016e+00 6.183917522430419922e+00 1.733109283447265625e+01 4.314563274383544922e+00 1.122368276119232178e-01
7.163458251953125000e+02 2.270860195159912109e+00 4.901113510131835938e+00 -3.306897878646850586e+00 1.821360588073730469e+00 2.823119759559631348e-01
4.552229309082031250e+02 2.147487163543701172e+00 4.766034126281738281e+00 -2.569342851638793945e+00 2.014493942260742188e-01 6.352791190147399902e-02
7.077904663085937500e+02 2.090851783752441406e+00 4.604978561401367188e+00 -8.246555328369140625e+00 5.210494995117187500e-01 6.132829934358596802e-02
2.795769958496093750e+02 2.319934844970703125e+00 5.142772197723388672e+00 -3.666851520538330078e+00 -5.941438674926757812e-01 2.215372323989868164e-01
2.504120330810546875e+02 2.445393085479736328e+00 5.428681373596191406e+00 -1.517927646636962891e-01 4.282641410827636719e-01 2.553803324699401855e-01
2.291663360595703125e+02 1.962218523025512695e+00 4.406244754791259766e+00 -3.525073528289794922e+00 -1.020681858062744141e-01 6.239721924066543579e-02
8.605783843994140625e+01 2.677755832672119141e+00 5.433772087097167969e+00 -7.265794277191162109e-01 2.718989849090576172e+00 1.562403440475463867e-01
4.206962585449218750e+02 2.337419509887695312e+00 5.088490486145019531e+00 -2.186059951782226562e+00 3.665423393249511719e-01 9.241409599781036377e-02
2.971249084472656250e+02 2.400211811065673828e+00 5.161111831665039062e+00 -6.884180068969726562e+00 1.132202148437500000e-01 1.071786954998970032e-01
6.518409423828125000e+02 2.653653144836425781e+00 5.672663211822509766e+00 -1.794085121154785156e+01 -2.354972362518310547e+00 2.799697220325469971e-01
5.238667602539062500e+02 2.285495519638061523e+00 4.737481117248535156e+00 -1.755994558334350586e+00 1.195664405822753906e+00 1.731570623815059662e-02
3.888726806640625000e+02 2.437458753585815430e+00 5.222929000854492188e+00 -5.717968940734863281e-01 -2.863861322402954102e+00 2.190833091735839844e-01
2.812552185058593750e+02 2.436114788055419922e+00 5.226882934570312500e+00 -1.316576576232910156e+01 -4.377751350402832031e+00 1.725183427333831787e-01
3.682865142822265625e+01 2.444565773010253906e+00 5.457749843597412109e+00 -1.370937824249267578e+00 8.558416366577148438e-01 6.433513015508651733e-02
2.332612457275390625e+02 2.359883785247802734e+00 4.802284717559814453e+00 -2.796993255615234375e+00 2.403354644775390625e-01 4.090854227542877197e-01
2.761967163085937500e+02 2.964270114898681641e+00 6.627259254455566406e+00 -1.893081665039062500e+01 -2.746509313583374023e+00 1.236432790756225586e-01
7.038886108398437500e+02 2.122241497039794922e+00 4.360166549682617188e+00 -2.425014972686767578e+00 -2.280260324478149414e+00 6.271793693304061890e-02
6.065625000000000000e+02 2.298415660858154297e+00 5.142485618591308594e+00 -7.252275943756103516e+00 4.856514930725097656e-01 2.115442454814910889e-01
4.685155029296875000e+02 2.455214262008666992e+00 5.619815826416015625e+00 -5.329182147979736328e+00 1.965568065643310547e+00 6.802064180374145508e-02
1.361233825683593750e+02 2.168669700622558594e+00 4.771167755126953125e+00 -7.503855228424072266e+00 1.777420043945312500e+00 1.862577497959136963e-01
5.569635009765625000e+02 2.394371032714843750e+00 4.962626934051513672e+00 -9.227264404296875000e+00 -2.918872833251953125e+00 1.752137392759323120e-01
6.687733459472656250e+01 2.720579147338867188e+00 5.999517440795898438e+00 -1.348523902893066406e+01 -8.418631553649902344e-01 1.454927176237106323e-01
9.204215240478515625e+01 2.874132156372070312e+00 6.050932884216308594e+00 -6.349969863891601562e+00 2.826619148254394531e-01 2.445527166128158569e-01
7.946430664062500000e+02 2.548877716064453125e+00 5.355987071990966797e+00 -5.627938270568847656e+00 7.294225692749023438e-01 3.219705820083618164e-02
6.877850341796875000e+02 2.899478435516357422e+00 6.161859512329101562e+00 -1.538703727722167969e+01 -2.777178287506103516e+00 1.374991685152053833e-01
3.331532897949218750e+02 2.266260623931884766e+00 5.214474201202392578e+00 -5.273952484130859375e+00 3.259181976318359375e-03 6.227790117263793945e-01
2.572430725097656250e+02 2.494662046432495117e+00 5.313695907592773438e+00 -6.401051521301269531e+00 -3.434298038482666016e+00 1.725166887044906616e-01
4.036898498535156250e+02 2.555641174316406250e+00 5.691979885101318359e+00 -5.221062660217285156e+00 -4.100048542022705078e-01 3.276327997446060181e-02
7.648148803710937500e+02 2.528251886367797852e+00 5.274241447448730469e+00 -1.196572208404541016e+01 -1.078795194625854492e+00 8.258698880672454834e-02
4.165527954101562500e+02 2.230402946472167969e+00 4.939916610717773438e+00 -7.237540245056152344e+00 1.388382911682128906e-01 6.060549989342689514e-02
2.469426574707031250e+02 3.375720500946044922e+00 7.228761672973632812e+00 1.977972984313964844e+00 3.771927356719970703e+00 2.163995653390884399e-01
2.744827270507812500e+02 2.141387224197387695e+00 4.544250011444091797e+00 -3.831304311752319336e+00 -8.838176727294921875e-03 4.485168308019638062e-02
3.122172546386718750e+02 2.913991451263427734e+00 5.915360450744628906e+00 -6.035819053649902344e+00 7.674121856689453125e-01 1.548478901386260986e-01
6.910302734375000000e+02 2.069137573242187500e+00 4.751063823699951172e+00 -2.601462602615356445e+00 9.179520606994628906e-01 1.150389909744262695e-01
1.387223339080810547e+01 2.633142948150634766e+00 5.810526371002197266e+00 -3.558113574981689453e+00 -1.196100711822509766e+00 5.729976668953895569e-02
2.468842773437500000e+02 2.309255123138427734e+00 4.825122833251953125e+00 -1.568076610565185547e+00 -9.699177742004394531e-01 1.302479058504104614e-01
5.030500488281250000e+02 2.142872333526611328e+00 4.470872879028320312e+00 -4.487209320068359375e+00 -9.266376495361328125e-01 3.552498817443847656e-01
2.344701843261718750e+02 2.294878005981445312e+00 5.026972770690917969e+00 -4.509119033813476562e+00 1.296198368072509766e+00 6.784228142350912094e-03
3.325887451171875000e+02 2.692547798156738281e+00 5.582870483398437500e+00 -6.038140296936035156e+00 9.882164001464843750e-01 5.570523440837860107e-02
4.700876770019531250e+02 2.373720884323120117e+00 4.571430206298828125e+00 -2.212010622024536133e+00 2.925179004669189453e+00 2.346048951148986816e-01
3.482386474609375000e+02 3.072594404220581055e+00 6.690095424652099609e+00 6.385560035705566406e+00 1.329646110534667969e+00 7.107544690370559692e-02
3.225148010253906250e+01 2.634307146072387695e+00 5.908349990844726562e+00 -2.212064266204833984e+00 -2.654778957366943359e-01 1.189118474721908569e-01
4.054557800292968750e+01 2.525702476501464844e+00 5.391347408294677734e+00 4.720990657806396484e+00 -1.117540597915649414e+00 2.759230434894561768e-01
2.861373291015625000e+02 2.222774028778076172e+00 4.913847446441650391e+00 -3.569242954254150391e+00 -2.476882934570312500e+00 3.948156535625457764e-02
2.756926269531250000e+02 2.896739959716796875e+00 6.134486675262451172e+00 -1.726902198791503906e+01 -6.079174041748046875e+00 3.907610177993774414e-01
1.593889141082763672e+01 2.527419567108154297e+00 5.575227737426757812e+00 -1.129658699035644531e+01 -2.322217226028442383e+00 2.638655006885528564e-01
5.562757568359375000e+02 2.050410985946655273e+00 4.518126487731933594e+00 -4.023226737976074219e+00 3.715300559997558594e-01 3.444814085960388184e-01
5.509143066406250000e+02 2.142470121383666992e+00 4.782911777496337891e+00 -7.875066757202148438e+00 1.790165901184082031e-01 9.536483883857727051e-02
6.493062744140625000e+02 2.596190452575683594e+00 5.351173877716064453e+00 -5.474057197570800781e+00 -1.384403705596923828e+00 1.232192516326904297e-01
3.139444580078125000e+02 2.863886356353759766e+00 6.031982421875000000e+00 -3.605068922042846680e+00 -1.035753488540649414e+00 2.051873803138732910e-01
3.856430969238281250e+02 2.303678989410400391e+00 5.001611232757568359e+00 -9.383855819702148438e+00 2.705016136169433594e+00 1.528559029102325439e-01
5.825374755859375000e+02 2.780413150787353516e+00 6.223269462585449219e+00 1.186203956604003906e+00 1.959228515625000000e+00 1.313131451606750488e-01
9.470088958740234375e+00 2.582053184509277344e+00 5.443901538848876953e+00 -6.712663173675537109e+00 -1.078140735626220703e+00 9.769782423973083496e-03
3.470754394531250000e+02 2.422615766525268555e+00 5.154601573944091797e+00 -3.248255252838134766e+00 -1.563938856124877930e+00 2.400220781564712524e-01
4.827935180664062500e+02 2.382818222045898438e+00 5.022380828857421875e+00 -5.527562141418457031e+00 1.688206195831298828e+00 9.416241198778152466e-02
1.183180084228515625e+02 2.335464715957641602e+00 4.988912582397460938e+00 -2.848706245422363281e+00 -2.246299982070922852e+00 1.686997562646865845e-01
3.888977050781250000e+02 2.206346035003662109e+00 4.509257793426513672e+00 -1.684172153472900391e+00 2.135300636291503906e-01 3.708620741963386536e-02
8.232807159423828125e+01 1.962464570999145508e+00 4.322747230529785156e+00 -5.121780395507812500e+00 -1.848238706588745117e+00 5.081649124622344971e-02
1.387526702880859375e+02 2.144971370697021484e+00 4.591601848602294922e+00 -5.990695953369140625e+00 -1.414029598236083984e+00 4.330264031887054443e-01
2.753316345214843750e+02 2.525828599929809570e+00 5.563153266906738281e+00 -6.545133590698242188e+00 2.609753608703613281e-01 2.764827571809291840e-03
6.303347778320312500e+02 2.393652200698852539e+00 4.913043498992919922e+00 -1.677447557449340820e+00 -1.263462305068969727e+00 1.253803074359893799e-01
1.042291259765625000e+02 3.426126003265380859e+00 7.161529064178466797e+00 -1.165888690948486328e+01 -2.060943841934204102e+00 5.516158416867256165e-03
7.446893920898437500e+02 2.026207923889160156e+00 4.327541351318359375e+00 -3.512969017028808594e+00 -9.687578678131103516e-01 1.405686736106872559e-01
2.709980583190917969e+01 2.444514036178588867e+00 5.144113540649414062e+00 -6.720595359802246094e+00 -1.294763088226318359e+00 1.439394205808639526e-01
4.746556701660156250e+02 2.337416648864746094e+00 4.950765609741210938e+00 -4.642677307128906250e+00 -2.254818677902221680e+00 3.302367031574249268e-02
7.812864990234375000e+02 2.178164005279541016e+00 4.597500801086425781e+00 -4.471068382263183594e+00 -4.551684856414794922e-01 5.287233740091323853e-02
1.331248931884765625e+02 2.136954069137573242e+00 4.568229675292968750e+00 -4.502460956573486328e+00 -8.483135700225830078e-01 3.140369057655334473e-01
5.036149597167968750e+02 2.676487207412719727e+00 5.678727149963378906e+00 -3.753508329391479492e+00 9.361720085144042969e-01 9.750781953334808350e-02
3.414339599609375000e+02 2.183933734893798828e+00 4.509604454040527344e+00 1.066391468048095703e+00 -1.026723384857177734e+00 1.674908697605133057e-01
1.946580963134765625e+02 2.132644653320312500e+00 4.332242488861083984e+00 -5.871997833251953125e+00 1.488182544708251953e+00 2.664263546466827393e-01
3.847258605957031250e+02 2.240775585174560547e+00 4.906361103057861328e+00 -1.639544963836669922e+00 1.119225025177001953e+00 1.421858668327331543e-01
4.042855072021484375e+01 2.029549121856689453e+00 4.468143463134765625e+00 -1.753401756286621094e+00 -5.487978458404541016e-01 2.695380151271820068e-01
3.589645385742187500e+02 2.267104864120483398e+00 4.866138935089111328e+00 -4.947501182556152344e+00 -2.237210273742675781e+00 1.804780364036560059e-01
4.016559143066406250e+02 2.045613765716552734e+00 4.395309925079345703e+00 -4.553814888000488281e+00 -7.555997371673583984e-01 2.529689669609069824e-01
6.811927490234375000e+02 3.084995746612548828e+00 6.526495933532714844e+00 -2.557821273803710938e+00 1.876664161682128906e+00 3.344095051288604736e-01
3.038466491699218750e+02 2.376948356628417969e+00 5.302559852600097656e+00 -1.092621088027954102e+00 1.073362827301025391e+00 4.636521637439727783e-01
7.859442138671875000e+02 2.456880092620849609e+00 5.109688758850097656e+00 -6.218709945678710938e+00 7.236862182617187500e-01 1.323564648628234863e-01
4.579419555664062500e+02 2.293608665466308594e+00 4.874950408935546875e+00 -4.416047096252441406e+00 -1.878118515014648438e-01 3.808918967843055725e-02
