5.626411196039999777e+04 3.092451537462394651e+00 6.973577335356280493e-02
5.627124293369999941e+04 3.304966225897018717e+00 7.898411957584311471e-02
5.627815239199999633e+04 3.178378347275380378e+00 7.107545389474750896e-02
5.628017218090000097e+04 3.588336066743489816e+00 1.103083095104216843e-01
5.628512651480000204e+04 2.792152015021875933e+00 1.295814577949126467e-01
5.629115573759999097e+04 3.140488910747262885e+00 9.992563869705349544e-02
5.629615408500000194e+04 3.228874291605009272e+00 8.812255016100918603e-02
5.630614228880000155e+04 3.008366571244251109e+00 7.553388266645436055e-02
5.632208297459999449e+04 2.830475820056507441e+00 1.237954093596065064e-01
5.632807108680000238e+04 3.120094099492445316e+00 7.926688688949171113e-02
5.653624095941000269e+04 3.304105342988201688e+00 1.369304460711335270e-01
5.654328207737000048e+04 3.465885988721890243e+00 2.698174575434427250e-02
5.654723975762999908e+04 3.591693361754012326e+00 3.320070946842492571e-02
5.656324386996000248e+04 3.479529233573828595e+00 2.276773748965681132e-02
5.656718465362999996e+04 3.592209117748323521e+00 3.484779493477373896e-02
5.657516352383999765e+04 3.556363584687649126e+00 2.176232923041538855e-02
5.657915273696999793e+04 3.498088808579146392e+00 6.537677009999884326e-02
5.659216659054999764e+04 3.711854982216100218e+00 3.563200464160659608e-02
5.659417734445999668e+04 3.701900889425467245e+00 8.999807093398982938e-02
5.660209068583999760e+04 3.674734612314495497e+00 1.960044155012173606e-02
5.660908249952000187e+04 3.280875344046095599e+00 7.892688221310145691e-02
5.661607300355000189e+04 3.540393712954129413e+00 6.969897678170040856e-02
5.662521024703999865e+04 3.778441397160673620e+00 3.032777757494102555e-02
5.662903759877999983e+04 4.194693977969230048e+00 5.143467986280419318e-02
5.663604141733999859e+04 3.678376626707897223e+00 6.273296329353629519e-02
5.664513591112999711e+04 3.340717940951936082e+00 9.843930787484500566e-02
5.664913182665999921e+04 3.611791238055760189e+00 4.771839077103734450e-02
5.665314658772999974e+04 3.969606280317413027e+00 1.610489599754887091e-02
5.665413601793000271e+04 3.595268112250697534e+00 3.460783015428450793e-02
5.666006078325999988e+04 3.494388899046487751e+00 3.130251652379557187e-02
5.666904393436999817e+04 3.496229945149641694e+00 1.150340356548690407e-01
5.667605758924000111e+04 3.430985216046142483e+00 6.687640097639797887e-02
5.668303932922000240e+04 3.636064266586755522e+00 7.154168397236199128e-02
5.669006528347000130e+04 3.369380700570296927e+00 4.029309375099333207e-02
5.669703655630000867e+04 3.292198159328978857e+00 1.041913575114533502e-01
5.689038605552000081e+04 3.747646039990896405e+00 6.070502120311556393e-02
5.690339675947000069e+04 3.428801464852746950e+00 5.660897898371406584e-02
5.692332891589000064e+04 3.471897876944858741e+00 4.703592290462497300e-02
5.692729392037999787e+04 3.189505914533899755e+00 3.399333494987696880e-02
5.693028767797000182e+04 3.218873785572812007e+00 4.715689274288335786e-02
5.693227049409999745e+04 3.284069724199029761e+00 2.277018849456569072e-02
5.693331976592000137e+04 3.204567700530779994e+00 5.727107028623299595e-02
5.695614097256000241e+04 3.156070746972234886e+00 1.997688946728931603e-02
5.696025691412000015e+04 3.396682817015498568e+00 7.520991678264474234e-02
5.696322753645999910e+04 3.130980438901382890e+00 8.136603667990810473e-02
5.697312880990999838e+04 3.232887250635731569e+00 3.222505267730223222e-02
5.698019227605999913e+04 3.141964815068853945e+00 3.017060873566485696e-02
5.698719338194999727e+04 3.095438387518102186e+00 3.165606465998048458e-02
5.699019409959000041e+04 3.127016374427160628e+00 4.970442015617140830e-02
5.700116010939999978e+04 3.047854120033160807e+00 8.870224776334004191e-02
5.700520021445999737e+04 3.107811249566566403e+00 6.811459955482221384e-02
5.701206746130000101e+04 3.208711599149906224e+00 3.497336338173815534e-02
5.701805644413999835e+04 3.268926067592354379e+00 8.368759810133964694e-02
5.701905590708999807e+04 3.370299850941494757e+00 9.997254414889744645e-02
5.703310024325999984e+04 3.114552825296242222e+00 4.029386499224636708e-02
5.704011314367000159e+04 3.147315555928354325e+00 3.839300544672088339e-02
5.704510629334999976e+04 3.195286824365292766e+00 5.453316711084590929e-02
5.705209550219000084e+04 3.276425932938753949e+00 1.826338884449698052e-01
5.725340075113999774e+04 2.554822512054894190e+00 2.160881638806780997e-02
5.725835799720000068e+04 2.537336774048888799e+00 1.846537905560360210e-02
5.727638188236000133e+04 2.718936133292066515e+00 3.502875354175553207e-02
5.728326013929000328e+04 2.563876359235329527e+00 1.864210068172807155e-02
5.728733711567000137e+04 2.585581767370470629e+00 2.295959565470093861e-02
5.729920439602000260e+04 2.409029906772918839e+00 5.227057194891782110e-02
5.730317973417999747e+04 2.649209251080026473e+00 1.908797716857414326e-02
5.730425433077000343e+04 2.819967328953251862e+00 1.363669684276811456e-01
5.731213773056000355e+04 2.523017513914497911e+00 2.157588460910056516e-02
5.731817754327000148e+04 2.862433632269654193e+00 1.347312484654149545e-01
5.732711981237000145e+04 2.515869437135453968e+00 1.286066276936385228e-02
5.733116400414999953e+04 2.466635191090817525e+00 1.588417426247840103e-02
5.733916234227999666e+04 2.571660272887562826e+00 1.753069889028000330e-02
5.734524036126999999e+04 2.509774956273891799e+00 2.271287506186390678e-02
5.735522348565999710e+04 2.437576637253157319e+00 1.101520353535933999e-01
5.736512097566000011e+04 2.534930600189269523e+00 1.120828689904320927e-02
5.737211312994999753e+04 2.657604625614303107e+00 2.130014144385509317e-02
5.738507784040999832e+04 2.567918676181821347e+00 1.834075895396540534e-02
5.739404185375000088e+04 2.603352156540879925e+00 3.902852009349511847e-02
5.740106051701999968e+04 2.439735772471108621e+00 2.944296050395325479e-02
5.761533561036000174e+04 2.579323333250519656e+00 7.913493846161286094e-02
5.762628997178000282e+04 2.590494893300740120e+00 5.437632345908954834e-02
5.763327650924000045e+04 2.731942351219209364e+00 3.916376998982689511e-02
5.763728525326000090e+04 2.631460145934083172e+00 3.987953029135145322e-02
5.764326927763999993e+04 2.997052519055990683e+00 1.047871550144138381e-01
5.765327819294999790e+04 2.404575350402653910e+00 5.948338518679801429e-02
5.766020370374000049e+04 2.730861191330875570e+00 3.656444695225171543e-02
5.766617526224999892e+04 2.668184246753015909e+00 3.647347843685668639e-02
5.767117008394000004e+04 2.839116525162185489e+00 5.336697364908168234e-02
5.768126713352999650e+04 2.923754146613109395e+00 1.120097192260801761e-01
5.768614757220000320e+04 2.926017133066008302e+00 4.005466554567928966e-02
5.768730523599000298e+04 2.692280765204915660e+00 6.453538583050530408e-02
5.768811206084000150e+04 2.718698353076745899e+00 3.818951670414778149e-02
5.768922523566999735e+04 2.532449423561832891e+00 4.728578165613055856e-02
5.769510590945999866e+04 2.707292113404262235e+00 4.255351864080341578e-02
5.770210416483999870e+04 2.525862585749667932e+00 8.253785572203295451e-02
5.771005054692999693e+04 2.598370198095623529e+00 2.619980372183125170e-02
5.771511044329000288e+04 2.823988407630600772e+00 6.524263881394350151e-02
5.771604323534000287e+04 2.989369473300385938e+00 2.682016750374236619e-02
5.771704152818000148e+04 2.636955533360981985e+00 2.789183879928546980e-02
5.772108717764499306e+04 2.566090481686563063e+00 2.946975366985742431e-02
5.772514626455999678e+04 2.570673513787161912e+00 3.089262610792209082e-02
5.773908755101999850e+04 2.678689840391912380e+00 3.801651695201625075e-02
5.774605680374000076e+04 2.486979701068491977e+00 1.943771239515047766e-02
5.775610077127999830e+04 2.757459866215576927e+00 4.752163954312497995e-02
5.777006432813999709e+04 2.539989520692029767e+00 3.884873902047510791e-02
5.777806138413999724e+04 2.892675132931507243e+00 8.905831969912524071e-02
5.778206714937999641e+04 2.843439381339950778e+00 7.438017680652204977e-02
5.798632098679000046e+04 2.417582938153785221e+00 5.339860421244756877e-02
5.799129758102000051e+04 2.405345356161535886e+00 8.205430157595247631e-02
5.799636930733999907e+04 2.152501218739216071e+00 7.815155338968128584e-02
5.799931497780000063e+04 2.734550081563888124e+00 1.581583026814178672e-01
5.801023988814999757e+04 2.323058785090142742e+00 3.747355768105044976e-02
5.801524621040999773e+04 2.586828529506745245e+00 4.749595142190985581e-02
5.802129110250999656e+04 2.335479415500853140e+00 5.238774822570489709e-02
5.802819123868000315e+04 2.615239688850475197e+00 1.628543896253751289e-01
5.803626445663000050e+04 2.157034241143793718e+00 8.347811093348390943e-02
5.804026792307999858e+04 2.597543938419325737e+00 4.423583600302819635e-02
5.804525633135999669e+04 2.401538595520831709e+00 3.580735568096696242e-02
5.805227111927000078e+04 2.501739642516497941e+00 3.595571027229574335e-02
5.805528773155000090e+04 2.317596419318801448e+00 4.283405491260557779e-02
5.805720236396000109e+04 2.450858266721991363e+00 9.739508224005979931e-02
5.807119072127999971e+04 2.508132097358475754e+00 3.841401601293038121e-02
5.807624494905999745e+04 2.444960122216199405e+00 4.728768881167315363e-02
5.808218694577000133e+04 2.413866049285813720e+00 4.501958314911356368e-02
5.809409432548000041e+04 2.248506958839697312e+00 3.432530615559981763e-02
5.809612099642999965e+04 2.163390303368277756e+00 4.810621051820539867e-02
5.810011195515000145e+04 2.219523151598261634e+00 3.427177811067821239e-02
5.810815222686999914e+04 2.332773998949774441e+00 3.793255396503446980e-02
5.811307685607000167e+04 2.298244368640641522e+00 5.935623905384603688e-02
5.812304409997000039e+04 2.250895565951428701e+00 4.550848190674722238e-02
5.813004272574999777e+04 2.235536281061677677e+00 6.840910062850218132e-02
5.813704051217000233e+04 2.432808023195580205e+00 7.292217287609252530e-02
5.837229011429999809e+04 2.205063362445119690e+00 1.879596264719316998e-02
5.840923257423000177e+04 2.627653860670359887e+00 8.255861265650905889e-02
5.843117592005000188e+04 2.250055629354530851e+00 3.364959296415383910e-02
5.845315859919999639e+04 2.111415025058021921e+00 1.919986160183204463e-02
5.845721784419999312e+04 2.380124564668131271e+00 2.299501202331363514e-01
5.846814211642999726e+04 1.937158892267100363e+00 1.824830946826915545e-01
