2.429400634765625000e+02 6.605895161628723145e-01 7.719799041748046875e+00 6.674122810363769531e-01 1.607050895690917969e+00 1.662878870964050293e+00
2.464157409667968750e+02 3.241403698921203613e-01 7.147951126098632812e+00 -1.122554540634155273e+00 -8.720862865447998047e-01 1.409303069114685059e+00
2.432485809326171875e+02 3.978054523468017578e-01 7.089941024780273438e+00 -1.012893915176391602e+00 -9.288871288299560547e-01 1.543721675872802734e+00
2.506530303955078125e+02 8.225353956222534180e-01 8.076786041259765625e+00 3.895030021667480469e+00 6.349277496337890625e+00 1.470036387443542480e+00
2.458293457031250000e+02 2.778724431991577148e-01 6.950338840484619141e+00 -1.284532546997070312e+00 -1.263278722763061523e+00 1.516041636466979980e+00
2.481130371093750000e+02 4.517654180526733398e-01 7.487958908081054688e+00 -1.258074045181274414e+00 -1.257442235946655273e+00 1.528723001480102539e+00
2.465882720947265625e+02 5.935972332954406738e-01 7.653844833374023438e+00 5.376935005187988281e-01 1.475851535797119141e+00 1.425922155380249023e+00
2.451399078369140625e+02 4.528366923332214355e-01 7.348231315612792969e+00 1.866626739501953125e-01 8.721971511840820312e-01 1.404337882995605469e+00
2.490455932617187500e+02 1.405006766319274902e+00 9.082592010498046875e+00 7.892179489135742188e+00 1.276836204528808594e+01 1.496335148811340332e+00
2.451860198974609375e+02 9.622918963432312012e-01 8.055920600891113281e+00 -3.061780929565429688e+00 -4.139616489410400391e+00 1.599257707595825195e+00
2.458798828125000000e+02 3.456173419952392578e+00 1.358257102966308594e+01 -7.181863784790039062e+00 -1.060117912292480469e+01 1.555254936218261719e+00
2.422367095947265625e+02 3.788340091705322266e-01 7.295712471008300781e+00 -2.272665500640869141e-01 3.951907157897949219e-01 1.827390074729919434e+00
2.451531372070312500e+02 6.835520863533020020e-01 7.796759605407714844e+00 -2.431458234786987305e+00 -3.794353008270263672e+00 1.890822052955627441e+00
2.445183105468750000e+02 2.741470336914062500e-01 7.010485649108886719e+00 -1.538556814193725586e+00 -1.658284664154052734e+00 1.499954581260681152e+00
2.469438476562500000e+02 5.804533362388610840e-01 7.603906154632568359e+00 -7.610511779785156250e-01 -4.293704032897949219e-01 1.534592986106872559e+00
2.446977844238281250e+02 5.661696791648864746e-01 7.540941715240478516e+00 -8.894479274749755859e-01 -7.347893714904785156e-01 1.609840631484985352e+00
2.467333831787109375e+02 2.943297624588012695e+00 1.241442871093750000e+01 -9.405402183532714844e+00 -1.585241413116455078e+01 1.771954774856567383e+00
2.493592529296875000e+02 3.516952753067016602e+00 1.330292224884033203e+01 -6.778248786926269531e+00 -7.667397499084472656e+00 1.232619285583496094e+00
2.474680175781250000e+02 3.146544694900512695e-01 7.080855369567871094e+00 -3.425776958465576172e-01 2.926683425903320312e-01 1.501085996627807617e+00
2.442003936767578125e+02 6.451519727706909180e-01 8.004133224487304688e+00 -1.596761941909790039e+00 -1.800225973129272461e+00 1.473076581954956055e+00
2.485190582275390625e+02 1.122214317321777344e+00 8.755706787109375000e+00 2.790403366088867188e+00 4.368014335632324219e+00 1.291543483734130859e+00
2.485354461669921875e+02 8.826857209205627441e-01 8.416289329528808594e+00 -2.937837839126586914e+00 -3.259221315383911133e+00 1.316953897476196289e+00
2.445698699951171875e+02 6.509070992469787598e-01 7.729010105133056641e+00 -2.128158807754516602e+00 -2.555794715881347656e+00 1.534588932991027832e+00
2.531834564208984375e+02 9.265764951705932617e-01 8.233912467956542969e+00 -1.100012063980102539e+00 -7.707905769348144531e-01 1.289635658264160156e+00
2.372752227783203125e+02 1.035457015037536621e+00 8.150664329528808594e+00 3.911995887756347656e-01 1.206798553466796875e+00 1.739095687866210938e+00
2.451298522949218750e+02 3.083106875419616699e-01 7.035731792449951172e+00 -1.283092498779296875e+00 -1.500947475433349609e+00 1.580216169357299805e+00
2.510180206298828125e+02 3.380878210067749023e+00 1.337801837921142578e+01 -4.537138938903808594e+00 -5.853524208068847656e+00 1.473098874092102051e+00
2.449029388427734375e+02 5.839241147041320801e-01 7.584564208984375000e+00 -3.034913539886474609e-01 1.581883430480957031e-01 1.425339221954345703e+00
2.557202148437500000e+02 2.518332004547119141e-01 7.047171115875244141e+00 -5.793857574462890625e-01 -3.088581562042236328e-01 1.435807943344116211e+00
2.475679931640625000e+02 2.476266026496887207e-01 6.756621360778808594e+00 1.728701591491699219e+00 3.128128051757812500e+00 1.486301302909851074e+00
2.455779266357421875e+02 5.262909531593322754e-01 7.344003200531005859e+00 1.097340583801269531e+00 2.454795837402343750e+00 1.582340121269226074e+00
2.439746856689453125e+02 3.051986098289489746e-01 7.016568183898925781e+00 5.907773971557617188e-01 1.526579856872558594e+00 1.330483198165893555e+00
2.498047790527343750e+02 3.865405321121215820e-01 7.106318473815917969e+00 -9.458899497985839844e-01 -5.831551551818847656e-01 1.474205136299133301e+00
2.496729888916015625e+02 1.619216203689575195e+00 9.435131072998046875e+00 6.725866794586181641e+00 9.283990859985351562e+00 1.280640125274658203e+00
2.508840332031250000e+02 3.394200205802917480e-01 7.141958236694335938e+00 -1.503872871398925781e-01 5.135297775268554688e-01 1.515929460525512695e+00
2.464901275634765625e+02 7.639310956001281738e-01 7.886219024658203125e+00 -3.565524816513061523e+00 -4.963141441345214844e+00 1.574986100196838379e+00
2.457183074951171875e+02 1.015138745307922363e+00 8.343347549438476562e+00 -2.790119647979736328e+00 -4.672529697418212891e+00 2.040278673171997070e+00
2.441364288330078125e+02 1.863300085067749023e+00 1.010433006286621094e+01 6.135616302490234375e+00 1.049652862548828125e+01 1.587935924530029297e+00
2.497783660888671875e+02 2.167950153350830078e+00 1.054803657531738281e+01 4.932188987731933594e+00 6.172964572906494141e+00 1.150115966796875000e+00
2.443883972167968750e+02 7.048175334930419922e-01 7.672369003295898438e+00 -2.144573926925659180e+00 -2.548127174377441406e+00 1.404251933097839355e+00
2.458028106689453125e+02 3.545249938964843750e+00 1.357192134857177734e+01 -6.450728416442871094e+00 -7.429220676422119141e+00 1.237659931182861328e+00
2.527319183349609375e+02 3.743996381759643555e+00 1.395975971221923828e+01 -5.408478736877441406e+00 -6.900810241699218750e+00 1.400499939918518066e+00
2.472226867675781250e+02 5.720789432525634766e-01 7.599199771881103516e+00 -4.247105121612548828e-01 5.329132080078125000e-02 1.533879280090332031e+00
2.457886962890625000e+02 1.068349480628967285e-01 6.642925739288330078e+00 -4.088962078094482422e-01 -1.097309589385986328e-01 1.629059433937072754e+00
2.566644287109375000e+02 9.101998209953308105e-01 8.107846260070800781e+00 -2.083637714385986328e+00 -2.063372135162353516e+00 1.305958986282348633e+00
2.543925781250000000e+02 5.484105944633483887e-01 7.679876327514648438e+00 2.219724655151367188e+00 3.709821701049804688e+00 1.363927602767944336e+00
2.480470581054687500e+02 4.011696577072143555e-01 7.458583354949951172e+00 -2.014968395233154297e+00 -2.529610395431518555e+00 1.601245284080505371e+00
2.397632904052734375e+02 7.430281043052673340e-01 7.936411380767822266e+00 -2.577394247055053711e+00 -3.347117900848388672e+00 1.527774333953857422e+00
2.490839233398437500e+02 2.648842811584472656e+00 1.149567317962646484e+01 5.891485214233398438e+00 1.033985614776611328e+01 1.613123893737792969e+00
2.469500579833984375e+02 3.510560512542724609e+00 1.339904594421386719e+01 -5.301600456237792969e+00 -7.886004447937011719e+00 1.662950038909912109e+00
2.465997924804687500e+02 7.714802622795104980e-01 7.866425514221191406e+00 -3.179156780242919922e+00 -4.421697616577148438e+00 1.596399068832397461e+00
2.437380523681640625e+02 3.954894542694091797e-01 7.332303524017333984e+00 -1.115524768829345703e+00 -8.912026882171630859e-01 1.395593404769897461e+00
2.495360870361328125e+02 3.444997668266296387e-01 7.002096652984619141e+00 -3.293466567993164062e-01 1.554226875305175781e-01 1.505567789077758789e+00
2.458568115234375000e+02 7.407552003860473633e-01 8.029634475708007812e+00 -1.176488399505615234e+00 -1.235710382461547852e+00 1.595924019813537598e+00
2.476842956542968750e+02 2.699940204620361328e+00 1.203921127319335938e+01 -1.040057849884033203e+01 -1.710107231140136719e+01 1.710980057716369629e+00
2.446920623779296875e+02 6.421766877174377441e-01 7.728981018066406250e+00 -7.466840744018554688e-01 -6.313455104827880859e-01 1.645355820655822754e+00
2.490954132080078125e+02 1.216935634613037109e+00 8.943231582641601562e+00 -1.598967313766479492e+00 -1.554776430130004883e+00 1.529486656188964844e+00
2.441869964599609375e+02 3.900354504585266113e-01 7.186938285827636719e+00 -1.172471046447753906e+00 -9.975171089172363281e-01 1.393670797348022461e+00
2.408266601562500000e+02 -1.734800338745117188e-01 6.145606040954589844e+00 1.206445693969726562e-01 7.859110832214355469e-01 1.381732940673828125e+00
2.517917633056640625e+02 7.755532860755920410e-01 7.984510421752929688e+00 -8.112335205078125000e-01 -5.973684787750244141e-01 1.531339645385742188e+00
2.504837493896484375e+02 3.427937030792236328e+00 1.369491958618164062e+01 -1.021726608276367188e+01 -1.447172641754150391e+01 1.499179720878601074e+00
2.466884613037109375e+02 8.285287022590637207e-01 8.089348793029785156e+00 -3.065406084060668945e+00 -4.192454814910888672e+00 1.610127687454223633e+00
2.482482147216796875e+02 8.278835415840148926e-01 7.970431327819824219e+00 1.062552928924560547e+00 2.400588989257812500e+00 1.550333976745605469e+00
2.504531555175781250e+02 1.394300460815429688e+00 9.284406661987304688e+00 6.456000804901123047e+00 1.059750366210937500e+01 1.528524160385131836e+00
2.459194183349609375e+02 7.010942697525024414e-01 7.974946975708007812e+00 2.865164279937744141e+00 5.498120784759521484e+00 1.672161817550659180e+00
2.478197021484375000e+02 1.980652809143066406e+00 1.062829780578613281e+01 8.708364486694335938e+00 1.204577922821044922e+01 1.338547468185424805e+00
2.369168090820312500e+02 5.288664102554321289e-01 7.543255329132080078e+00 9.104299545288085938e-01 2.226860523223876953e+00 1.621632695198059082e+00
2.467646789550781250e+02 3.316782474517822266e+00 1.291895484924316406e+01 -5.923825263977050781e+00 -8.090304374694824219e+00 1.458360195159912109e+00
2.509112854003906250e+02 6.919343471527099609e-01 7.898574829101562500e+00 -4.506356716156005859e+00 -5.044162273406982422e+00 1.246846199035644531e+00
2.449168395996093750e+02 2.806052565574645996e-01 6.934170246124267578e+00 6.009721755981445312e-01 1.773321628570556641e+00 1.569236636161804199e+00
2.502239685058593750e+02 5.210431218147277832e-01 7.439991474151611328e+00 -6.049180030822753906e-01 -1.222121715545654297e-01 1.329675316810607910e+00
2.461195068359375000e+02 5.917461514472961426e-01 7.512305736541748047e+00 1.906394958496093750e-02 5.544376373291015625e-01 1.521329879760742188e+00
2.475989074707031250e+02 8.410875201225280762e-01 7.850432395935058594e+00 -1.745871305465698242e+00 -2.013381719589233398e+00 1.553255319595336914e+00
2.299107513427734375e+02 5.179020762443542480e-01 7.566013813018798828e+00 -1.101195812225341797e+00 -1.080453395843505859e+00 1.535571813583374023e+00
2.432275085449218750e+02 8.100770711898803711e-01 7.832502365112304688e+00 2.450079917907714844e+00 4.034101963043212891e+00 1.413451194763183594e+00
2.488090972900390625e+02 6.427571177482604980e-01 7.912871360778808594e+00 -8.140552043914794922e-01 -6.949210166931152344e-01 1.607024908065795898e+00
2.464250335693359375e+02 4.859421253204345703e-01 7.487208843231201172e+00 -6.555497646331787109e-01 -3.463375568389892578e-01 1.586952924728393555e+00
2.451166381835937500e+02 2.822787284851074219e+00 1.224610328674316406e+01 -9.182156562805175781e+00 -1.506393527984619141e+01 1.717468619346618652e+00
2.567897033691406250e+02 7.133070826530456543e-01 7.957961559295654297e+00 -1.689950227737426758e+00 -1.479799747467041016e+00 1.282608985900878906e+00
2.438251800537109375e+02 7.471442222595214844e-03 6.670587539672851562e+00 -3.240668773651123047e-01 1.620602607727050781e-01 1.779009580612182617e+00
2.546743621826171875e+02 8.454675674438476562e-01 7.859218597412109375e+00 -1.798980236053466797e+00 -1.703295707702636719e+00 1.152365088462829590e+00
2.453509826660156250e+02 3.572751283645629883e-01 6.975211143493652344e+00 6.075167655944824219e-01 1.315429210662841797e+00 1.229413628578186035e+00
2.484045562744140625e+02 2.240938186645507812e+00 1.087999343872070312e+01 9.583883285522460938e+00 1.363129615783691406e+01 1.348676800727844238e+00
2.458128662109375000e+02 8.046559691429138184e-01 8.103722572326660156e+00 -1.976014375686645508e+00 -2.200387716293334961e+00 1.555355668067932129e+00
2.470885009765625000e+02 5.401390194892883301e-01 7.505622386932373047e+00 -1.636751890182495117e+00 -1.766860485076904297e+00 1.374343037605285645e+00
2.471732177734375000e+02 6.121148467063903809e-01 7.637338161468505859e+00 -3.303074836730957031e-01 2.531909942626953125e-01 1.481554985046386719e+00
2.508179473876953125e+02 5.705023407936096191e-01 7.607174873352050781e+00 -3.009915351867675781e-01 3.545928001403808594e-01 1.458813548088073730e+00
2.517434997558593750e+02 3.214200735092163086e-01 7.245301723480224609e+00 -5.834901332855224609e-01 -1.444220542907714844e-01 1.459978342056274414e+00
2.456284484863281250e+02 2.375833392143249512e-01 6.798632621765136719e+00 -4.227697849273681641e-01 2.884864807128906250e-04 1.536430239677429199e+00
2.511913299560546875e+02 1.073945641517639160e+00 8.576082229614257812e+00 -2.137035131454467773e+00 -2.217620611190795898e+00 1.412284493446350098e+00
2.500849914550781250e+02 3.655946254730224609e-02 6.781242370605468750e+00 1.084089279174804688e-01 1.097195148468017578e+00 1.664070606231689453e+00
2.483552246093750000e+02 2.377691268920898438e-01 6.720312118530273438e+00 9.242200851440429688e-01 2.049694061279296875e+00 1.546948075294494629e+00
2.462611846923828125e+02 6.804122924804687500e-01 7.883871555328369141e+00 -1.861494779586791992e+00 -2.179416418075561523e+00 1.623428583145141602e+00
2.439614257812500000e+02 2.549065828323364258e+00 1.157400226593017578e+01 3.925411701202392578e+00 6.106398105621337891e+00 1.442581295967102051e+00
2.453134307861328125e+02 4.540840983390808105e-01 7.105445384979248047e+00 -4.498648643493652344e-01 -6.418824195861816406e-02 1.387078762054443359e+00
2.424700927734375000e+02 1.625083088874816895e-01 6.942848205566406250e+00 -6.357884407043457031e-01 -1.814532279968261719e-01 1.471855759620666504e+00
2.452000427246093750e+02 1.060491323471069336e+00 8.823707580566406250e+00 -2.485947608947753906e+00 -2.934288978576660156e+00 1.437985897064208984e+00
2.523717193603515625e+02 2.971535921096801758e-01 6.915370941162109375e+00 -6.256234645843505859e-01 -2.035319805145263672e-01 1.262685537338256836e+00
2.443561248779296875e+02 6.171209216117858887e-01 7.753520965576171875e+00 -2.182918787002563477e+00 -2.959851026535034180e+00 1.561547279357910156e+00
2.506186523437500000e+02 6.421149969100952148e-01 7.692845344543457031e+00 -3.457785844802856445e+00 -3.620039224624633789e+00 1.189016461372375488e+00
2.455838165283203125e+02 7.155442237854003906e-01 7.944640159606933594e+00 -1.578992605209350586e+00 -1.896849870681762695e+00 1.703504085540771484e+00
2.468068847656250000e+02 -1.550418138504028320e-02 6.563570499420166016e+00 6.310987472534179688e-01 1.494607925415039062e+00 1.386403322219848633e+00
2.380489044189453125e+02 5.258809328079223633e-01 7.589919567108154297e+00 3.348588943481445312e-01 8.801054954528808594e-01 1.554534554481506348e+00
2.439269714355468750e+02 1.812543392181396484e+00 1.031502914428710938e+01 -4.358713626861572266e+00 -5.648148059844970703e+00 1.443906426429748535e+00
2.476576843261718750e+02 2.732599735260009766e+00 1.203325271606445312e+01 -1.030550861358642578e+01 -1.448221111297607422e+01 1.493095397949218750e+00
2.298264465332031250e+02 1.625448226928710938e+00 9.729197502136230469e+00 6.854548454284667969e+00 1.164900016784667969e+01 1.617550730705261230e+00
2.456866912841796875e+02 2.918476104736328125e+00 1.227262020111083984e+01 -9.741134643554687500e+00 -1.545874881744384766e+01 1.669498443603515625e+00
2.508852691650390625e+02 3.640375137329101562e+00 1.343000888824462891e+01 -6.211308479309082031e+00 -7.584583759307861328e+00 1.327415704727172852e+00
2.524128265380859375e+02 4.957840442657470703e-01 7.296017646789550781e+00 -1.186099052429199219e+00 -8.428454399108886719e-01 1.280517697334289551e+00
2.483575286865234375e+02 4.050470590591430664e-01 7.452646255493164062e+00 -1.626713275909423828e+00 -1.771353483200073242e+00 1.475795626640319824e+00
2.511271514892578125e+02 4.491178989410400391e-01 7.174837112426757812e+00 -1.107634305953979492e+00 -7.144343852996826172e-01 1.326170921325683594e+00
2.508461914062500000e+02 5.887701511383056641e-01 7.681317329406738281e+00 -1.631662845611572266e+00 -1.281560659408569336e+00 1.308844208717346191e+00
2.476433715820312500e+02 4.797405004501342773e-01 7.352775573730468750e+00 -3.272643089294433594e+00 -3.864761590957641602e+00 1.334152340888977051e+00
2.435972442626953125e+02 4.409986734390258789e-01 7.463962554931640625e+00 -1.283123493194580078e+00 -1.407052278518676758e+00 1.772052764892578125e+00
2.541991424560546875e+02 2.908053398132324219e-01 6.648244857788085938e+00 -1.761245727539062500e-01 4.112243652343750000e-01 1.342505812644958496e+00
2.490945587158203125e+02 2.809984683990478516e-01 7.096593856811523438e+00 3.451108932495117188e-02 7.165861129760742188e-01 1.594120383262634277e+00
2.500565338134765625e+02 2.730196475982666016e+00 1.189486598968505859e+01 -9.931819915771484375e+00 -1.345428466796875000e+01 1.428347706794738770e+00
2.496298980712890625e+02 6.015667915344238281e-01 7.499439716339111328e+00 -3.208839893341064453e-01 2.527618408203125000e-01 1.679367423057556152e+00
2.450890808105468750e+02 2.500228881835937500e-01 6.905900478363037109e+00 -2.218699455261230469e-01 2.647805213928222656e-01 1.367810845375061035e+00
2.428970031738281250e+02 4.069868326187133789e-01 7.360735416412353516e+00 -6.439125537872314453e-01 -4.095077514648437500e-01 1.428544998168945312e+00
2.469217987060546875e+02 2.969411849975585938e+00 1.237201404571533203e+01 -9.104060173034667969e+00 -1.462838554382324219e+01 1.695021152496337891e+00
2.541618652343750000e+02 9.813282489776611328e-01 8.302156448364257812e+00 -2.594366073608398438e+00 -2.797180414199829102e+00 1.348112344741821289e+00
2.440631103515625000e+02 4.980642795562744141e-01 7.321285724639892578e+00 1.451086997985839844e-01 1.071770191192626953e+00 1.578269958496093750e+00
2.518925933837890625e+02 7.804113030433654785e-01 7.873556137084960938e+00 -1.027475595474243164e+00 -6.769442558288574219e-01 1.239843487739562988e+00
2.486571350097656250e+02 7.926564812660217285e-01 7.977085113525390625e+00 3.751301765441894531e+00 6.149170398712158203e+00 1.452617168426513672e+00
2.455187072753906250e+02 3.559381961822509766e+00 1.360344696044921875e+01 -4.373488426208496094e+00 -5.584520339965820312e+00 1.424724817276000977e+00
2.424110107421875000e+02 2.830818295478820801e-01 7.019863128662109375e+00 7.263612747192382812e-01 1.752538681030273438e+00 1.513826131820678711e+00
2.429535369873046875e+02 3.677738189697265625e+00 1.389123153686523438e+01 -3.840302228927612305e+00 -6.109812259674072266e+00 1.838679194450378418e+00
2.489602508544921875e+02 -4.126662015914916992e-02 6.323256492614746094e+00 -7.878649234771728516e-01 -5.412757396697998047e-01 1.421766281127929688e+00
2.498620452880859375e+02 3.627285957336425781e-01 7.004606246948242188e+00 -1.312888860702514648e+00 -1.176384687423706055e+00 1.375641107559204102e+00
2.506918945312500000e+02 1.670054793357849121e-01 6.840546131134033203e+00 -7.808172702789306641e-01 -4.198348522186279297e-01 1.358433842658996582e+00
2.548910217285156250e+02 1.954473376274108887e+00 1.053041553497314453e+01 8.619621276855468750e+00 1.451955795288085938e+01 1.570017933845520020e+00
2.497618255615234375e+02 4.181265830993652344e-01 7.496356487274169922e+00 1.002640724182128906e+00 2.027997970581054688e+00 1.434984326362609863e+00
2.492632446289062500e+02 3.957989811897277832e-01 7.380961418151855469e+00 -9.549057483673095703e-01 -8.306062221527099609e-01 1.308786869049072266e+00
2.520715637207031250e+02 3.821129202842712402e-01 7.144679546356201172e+00 -1.686391830444335938e+00 -1.663725376129150391e+00 1.397133946418762207e+00
2.456174316406250000e+02 5.961172580718994141e-01 7.828816890716552734e+00 2.767298221588134766e+00 5.107314586639404297e+00 1.616173028945922852e+00
2.447436523437500000e+02 7.885843515396118164e-01 7.910878181457519531e+00 2.952558994293212891e+00 5.946955680847167969e+00 1.722128868103027344e+00
2.472214050292968750e+02 2.711812257766723633e-01 6.773953437805175781e+00 -2.706432342529296875e-01 1.930236816406250000e-01 1.660110473632812500e+00
2.491750946044921875e+02 9.105638861656188965e-01 8.179460525512695312e+00 2.851984500885009766e+00 4.448385238647460938e+00 1.359856009483337402e+00
2.418023376464843750e+02 5.153825879096984863e-01 7.510967731475830078e+00 -1.770222187042236328e-01 2.879762649536132812e-01 1.605006694793701172e+00
2.464476776123046875e+02 5.337517857551574707e-01 7.033510208129882812e+00 1.138086318969726562e+00 2.509324550628662109e+00 1.546791911125183105e+00
2.415799865722656250e+02 8.144914507865905762e-01 8.099665641784667969e+00 2.656733989715576172e+00 5.014300346374511719e+00 1.649546504020690918e+00
2.480624694824218750e+02 2.341981887817382812e+00 1.098423671722412109e+01 5.719141960144042969e+00 9.160337448120117188e+00 1.457611203193664551e+00
2.466016998291015625e+02 1.090937972068786621e+00 8.757862091064453125e+00 3.167405128479003906e+00 5.193016529083251953e+00 1.407680988311767578e+00
2.454788513183593750e+02 5.077726244926452637e-01 7.103170394897460938e+00 -1.939356327056884766e-01 4.463791847229003906e-01 1.511122941970825195e+00
2.482986907958984375e+02 3.460687637329101562e+00 1.328038215637207031e+01 -6.559480667114257812e+00 -7.252149581909179688e+00 1.198165893554687500e+00
2.467930603027343750e+02 2.659857869148254395e-01 6.768591880798339844e+00 1.105914115905761719e+00 1.838746070861816406e+00 1.195275068283081055e+00
2.425655670166015625e+02 6.041150689125061035e-01 7.599354743957519531e+00 1.786642074584960938e+00 3.921813964843750000e+00 1.791484832763671875e+00
2.475368041992187500e+02 6.272282004356384277e-01 7.852153778076171875e+00 -9.746539592742919922e-01 -8.490359783172607422e-01 1.562237143516540527e+00
2.543412628173828125e+02 8.346351981163024902e-01 8.192277908325195312e+00 2.829582691192626953e+00 4.614439010620117188e+00 1.398831129074096680e+00
2.510329437255859375e+02 4.788913130760192871e-01 7.155418395996093750e+00 4.089951515197753906e-01 1.288557052612304688e+00 1.431653738021850586e+00
2.447452545166015625e+02 1.711185932159423828e+00 9.862391471862792969e+00 6.491618156433105469e+00 9.081132888793945312e+00 1.317622661590576172e+00
2.522476959228515625e+02 1.495456933975219727e+00 8.893436431884765625e+00 1.190319061279296875e+00 2.366685867309570312e+00 1.404150247573852539e+00
2.445000152587890625e+02 6.900884509086608887e-01 7.726635932922363281e+00 -1.792787313461303711e+00 -1.834747791290283203e+00 1.379820585250854492e+00
2.477875671386718750e+02 6.763616204261779785e-01 7.519365310668945312e+00 4.667682647705078125e+00 6.561367511749267578e+00 1.274222016334533691e+00
2.448082275390625000e+02 6.086102724075317383e-01 7.686227321624755859e+00 2.853596210479736328e+00 4.361042976379394531e+00 1.318506598472595215e+00
2.498199157714843750e+02 6.110650300979614258e-01 7.382861137390136719e+00 -2.769732475280761719e+00 -3.410634994506835938e+00 1.441363573074340820e+00
2.480380096435546875e+02 2.234309315681457520e-01 6.977902889251708984e+00 -8.522248268127441406e-01 -5.384635925292968750e-01 1.415345788002014160e+00
2.476944427490234375e+02 6.897438764572143555e-01 7.856875419616699219e+00 3.594093322753906250e+00 6.323511600494384766e+00 1.570743322372436523e+00
2.443908386230468750e+02 6.787267923355102539e-01 7.828206062316894531e+00 -2.877131700515747070e+00 -4.020041465759277344e+00 1.676211833953857422e+00
2.511096496582031250e+02 3.601049900054931641e+00 1.367109870910644531e+01 -4.710624217987060547e+00 -6.676420211791992188e+00 1.574556708335876465e+00
2.510230560302734375e+02 2.129944562911987305e-01 6.869498729705810547e+00 2.181553840637207031e-01 1.014583110809326172e+00 1.397773146629333496e+00
2.473050079345703125e+02 2.793446183204650879e-01 6.989517211914062500e+00 -5.910062789916992188e-01 -2.909016609191894531e-01 1.738990664482116699e+00
2.466337890625000000e+02 7.431268095970153809e-01 7.909220695495605469e+00 3.565633296966552734e+00 6.244900226593017578e+00 1.514057397842407227e+00
2.459373168945312500e+02 6.231494545936584473e-01 7.477495193481445312e+00 -2.107297182083129883e+00 -2.131575345993041992e+00 1.249494194984436035e+00
2.444740295410156250e+02 1.048041939735412598e+00 8.768967628479003906e+00 -2.430106401443481445e+00 -2.468068599700927734e+00 1.269085168838500977e+00
2.551599273681640625e+02 7.644830942153930664e-01 7.748362541198730469e+00 -7.401549816131591797e-01 -4.587590694427490234e-01 1.317533969879150391e+00
2.505710144042968750e+02 8.169878721237182617e-01 7.959425926208496094e+00 -3.087842464447021484e+00 -4.319137573242187500e+00 1.666010022163391113e+00
2.477502136230468750e+02 2.738946199417114258e+00 1.220831775665283203e+01 -9.474746704101562500e+00 -1.394777584075927734e+01 1.538653969764709473e+00
2.473083953857421875e+02 8.301888108253479004e-01 8.061374664306640625e+00 3.511381149291992188e-01 1.193420886993408203e+00 1.444760084152221680e+00
2.484429321289062500e+02 9.585679173469543457e-01 8.313165664672851562e+00 -6.179380416870117188e-01 -1.766359806060791016e-01 1.539567470550537109e+00
2.394612274169921875e+02 2.489759325981140137e-01 6.860899448394775391e+00 -7.051587104797363281e-01 -5.480575561523437500e-01 1.338443756103515625e+00
2.461630859375000000e+02 4.624116420745849609e-01 7.387924194335937500e+00 -2.603125572204589844e-01 1.604533195495605469e-01 1.344117999076843262e+00
2.498472442626953125e+02 1.080209493637084961e+00 8.723920822143554688e+00 -2.986824512481689453e-01 4.254388809204101562e-01 1.418527603149414062e+00
2.470934906005859375e+02 3.370827198028564453e+00 1.297930526733398438e+01 -1.170716381072998047e+01 -1.421846485137939453e+01 1.275755286216735840e+00
2.697088623046875000e+02 5.912989377975463867e-02 6.415328025817871094e+00 3.254055976867675781e-01 1.271076202392578125e+00 1.353331208229064941e+00
2.466782073974609375e+02 2.665241956710815430e-01 6.973675727844238281e+00 -1.377816200256347656e+00 -1.105432510375976562e+00 1.232791781425476074e+00
2.443144073486328125e+02 3.447301149368286133e+00 1.346997737884521484e+01 -5.953036308288574219e+00 -9.505071640014648438e+00 1.727112770080566406e+00
2.528847045898437500e+02 1.258777737617492676e+00 9.036938667297363281e+00 3.235297203063964844e+00 5.729284286499023438e+00 1.535283565521240234e+00
2.412359771728515625e+02 5.037130117416381836e-01 7.390402793884277344e+00 -2.031326293945312500e-01 1.843428611755371094e-01 1.515459775924682617e+00
2.441613616943359375e+02 1.621419191360473633e-01 6.876341342926025391e+00 5.115818977355957031e-01 1.282985210418701172e+00 1.506190776824951172e+00
2.457744903564453125e+02 1.002740859985351562e-02 6.389037132263183594e+00 -2.621388435363769531e-01 2.358531951904296875e-01 1.250376820564270020e+00
2.549054565429687500e+02 1.206406354904174805e+00 8.765001296997070312e+00 2.933824062347412109e+00 4.991815090179443359e+00 1.492105126380920410e+00
2.449321441650390625e+02 7.500395774841308594e-01 7.966799259185791016e+00 2.824966907501220703e+00 4.584746360778808594e+00 1.397183060646057129e+00
2.489224395751953125e+02 9.090076684951782227e-01 8.264305114746093750e+00 -9.418356418609619141e-01 -7.013452053070068359e-01 1.341191768646240234e+00
2.462665557861328125e+02 3.629010200500488281e+00 1.376648712158203125e+01 -6.794259548187255859e+00 -8.775287628173828125e+00 1.388845682144165039e+00
2.521136932373046875e+02 3.078250408172607422e+00 1.250382804870605469e+01 -9.560453414916992188e+00 -1.608265495300292969e+01 1.776407241821289062e+00
2.715890502929687500e+02 4.104171991348266602e-01 7.419975757598876953e+00 -1.518750190734863281e-01 6.804418563842773438e-01 1.532016992568969727e+00
2.524079284667968750e+02 2.734437942504882812e+00 1.203826141357421875e+01 7.471561431884765625e+00 9.089328765869140625e+00 1.134351968765258789e+00
2.468450012207031250e+02 1.665625214576721191e+00 9.806921005249023438e+00 5.204813480377197266e+00 8.144361495971679688e+00 1.459437370300292969e+00
2.482311553955078125e+02 1.087077021598815918e+00 8.337854385375976562e+00 -2.017899751663208008e+00 -2.707891464233398438e+00 1.651707649230957031e+00
2.470225372314453125e+02 1.624255180358886719e-01 6.645703792572021484e+00 7.111644744873046875e-01 1.444313526153564453e+00 1.328472852706909180e+00
2.512863922119140625e+02 6.380444765090942383e-01 7.687606811523437500e+00 -4.532945156097412109e-01 7.657766342163085938e-02 1.396968245506286621e+00
2.498721313476562500e+02 6.519663929939270020e-01 7.914567470550537109e+00 2.781181335449218750e+00 5.116848945617675781e+00 1.518636703491210938e+00
2.492913513183593750e+02 1.111121058464050293e+00 8.690047264099121094e+00 -2.805444002151489258e+00 -3.109602928161621094e+00 1.310024380683898926e+00
2.377299041748046875e+02 1.963160157203674316e+00 1.030096340179443359e+01 4.201064109802246094e+00 6.872408390045166016e+00 1.519420742988586426e+00
2.404112854003906250e+02 9.968957901000976562e-01 8.361182212829589844e+00 -7.084000110626220703e-01 -4.282021522521972656e-01 1.371938586235046387e+00
2.445580749511718750e+02 3.470222234725952148e+00 1.349574184417724609e+01 -5.080367088317871094e+00 -8.333796501159667969e+00 1.795172691345214844e+00
2.457989044189453125e+02 1.988732337951660156e+00 1.026285457611083984e+01 5.075552463531494141e+00 9.427886009216308594e+00 1.708376288414001465e+00
2.487866363525390625e+02 7.826657891273498535e-01 8.002130508422851562e+00 4.374265670776367188e-02 8.085465431213378906e-01 1.654924273490905762e+00
2.466682739257812500e+02 1.076364994049072266e+00 8.335861206054687500e+00 5.968899726867675781e+00 1.004271984100341797e+01 1.559115171432495117e+00
2.432824401855468750e+02 6.916021108627319336e-01 8.001821517944335938e+00 3.725898265838623047e+00 6.476824283599853516e+00 1.562295198440551758e+00
2.486792602539062500e+02 1.986626982688903809e-01 6.528036594390869141e+00 -2.038645744323730469e-01 2.915596961975097656e-01 1.264486193656921387e+00
2.504485778808593750e+02 4.239010214805603027e-01 7.211855888366699219e+00 -1.354274749755859375e+00 -1.277644634246826172e+00 1.488493561744689941e+00
2.481333770751953125e+02 4.352977275848388672e-01 7.250427246093750000e+00 -3.948152065277099609e-01 1.738882064819335938e-01 1.336836934089660645e+00
2.463120727539062500e+02 4.049630165100097656e-01 7.061758041381835938e+00 1.695287227630615234e+00 3.597564697265625000e+00 1.707348942756652832e+00
2.476576843261718750e+02 2.732599735260009766e+00 1.203325271606445312e+01 -1.030550861358642578e+01 -1.448221111297607422e+01 1.493095397949218750e+00
2.536617584228515625e+02 6.739628314971923828e-01 7.941598892211914062e+00 -5.790984630584716797e-01 -2.059257030487060547e-01 1.342597246170043945e+00
2.422346343994140625e+02 8.929144144058227539e-01 8.238141059875488281e+00 -2.744826078414916992e+00 -4.033217430114746094e+00 1.738110780715942383e+00
2.441165466308593750e+02 4.077730774879455566e-01 7.266588211059570312e+00 -1.510072946548461914e+00 -1.653463840484619141e+00 1.497626781463623047e+00
2.488550872802734375e+02 4.682731628417968750e-02 6.597054004669189453e+00 -2.797853946685791016e-01 3.552293777465820312e-01 1.420846462249755859e+00
2.497671813964843750e+02 8.641906380653381348e-01 8.101522445678710938e+00 -2.611593008041381836e+00 -3.105701208114624023e+00 1.404985189437866211e+00
2.542736816406250000e+02 1.126712560653686523e+00 8.408240318298339844e+00 4.575154781341552734e+00 6.950190067291259766e+00 1.396035552024841309e+00
2.459291381835937500e+02 8.157962560653686523e-01 8.098735809326171875e+00 -3.526923656463623047e+00 -4.819856643676757812e+00 1.536309599876403809e+00
2.468397827148437500e+02 4.328780174255371094e-01 7.315523147583007812e+00 -2.611386775970458984e-01 2.870488166809082031e-01 1.465156316757202148e+00
2.596568603515625000e+02 2.675197124481201172e+00 1.148008155822753906e+01 5.209138393402099609e+00 9.482429504394531250e+00 1.628190755844116211e+00
2.508422393798828125e+02 5.727058649063110352e-01 7.586602210998535156e+00 -6.765198707580566406e-01 -3.884613513946533203e-01 1.504400491714477539e+00
2.493505249023437500e+02 2.868764400482177734e-01 6.895056724548339844e+00 -1.236197948455810547e+00 -1.043322086334228516e+00 1.239322543144226074e+00
2.460874023437500000e+02 2.317899465560913086e-01 6.895523548126220703e+00 -1.018537282943725586e+00 -7.483744621276855469e-01 1.295613646507263184e+00
2.470317382812500000e+02 2.397965192794799805e-01 6.963472366333007812e+00 4.298186302185058594e-01 1.173164844512939453e+00 1.515042185783386230e+00
2.496317596435546875e+02 5.392764210700988770e-01 7.768279075622558594e+00 -1.458246707916259766e+00 -1.186078786849975586e+00 1.380609273910522461e+00
2.448544921875000000e+02 5.937447547912597656e-01 7.649089336395263672e+00 -5.691850185394287109e-01 -1.555466651916503906e-01 1.415782570838928223e+00
2.470941314697265625e+02 4.644082784652709961e-01 7.611707687377929688e+00 -1.079502105712890625e+00 -7.674157619476318359e-01 1.332786321640014648e+00
2.449702911376953125e+02 2.206806659698486328e+00 1.081772804260253906e+01 9.043310165405273438e+00 1.380809783935546875e+01 1.462439894676208496e+00
2.507406921386718750e+02 6.074962615966796875e-01 7.503567695617675781e+00 -6.050240993499755859e-01 -3.235781192779541016e-01 1.542788505554199219e+00
2.473298339843750000e+02 4.446743726730346680e-01 7.166754245758056641e+00 -1.225246191024780273e+00 -1.094163656234741211e+00 1.468295335769653320e+00
2.478058776855468750e+02 3.654839754104614258e+00 1.379633140563964844e+01 -6.373561859130859375e+00 -8.015379905700683594e+00 1.349446773529052734e+00
2.505007324218750000e+02 3.189268350601196289e+00 1.284321117401123047e+01 -7.030963897705078125e+00 -9.621587753295898438e+00 1.471541047096252441e+00
2.434791870117187500e+02 1.360717415809631348e-01 6.492646217346191406e+00 -1.052595376968383789e+00 -1.234216690063476562e+00 2.030041694641113281e+00
2.457336883544921875e+02 2.773191928863525391e+00 1.189122104644775391e+01 -8.577033996582031250e+00 -1.374749279022216797e+01 1.693183779716491699e+00
2.509423675537109375e+02 4.329937100410461426e-01 7.076054573059082031e+00 -1.199452877044677734e+00 -9.288287162780761719e-01 1.223988413810729980e+00
2.532951660156250000e+02 1.926903128623962402e-01 6.660384178161621094e+00 -9.893393516540527344e-01 -5.643880367279052734e-01 1.400333762168884277e+00
2.458847503662109375e+02 3.541218757629394531e+00 1.345631885528564453e+01 -3.812451362609863281e+00 -4.725624084472656250e+00 1.387830734252929688e+00
2.426072082519531250e+02 -1.919731497764587402e-01 6.257615089416503906e+00 -5.784511566162109375e-02 4.724669456481933594e-01 1.557338118553161621e+00
2.494216918945312500e+02 8.628604412078857422e-01 8.446060180664062500e+00 1.750595569610595703e+00 3.671221733093261719e+00 1.615694761276245117e+00
2.442141113281250000e+02 8.079343438148498535e-01 7.905154705047607422e+00 -1.917971372604370117e+00 -2.403191328048706055e+00 1.488487601280212402e+00
2.435711364746093750e+02 8.682879805564880371e-01 8.075965881347656250e+00 -8.769726753234863281e-01 -9.359765052795410156e-01 1.577065706253051758e+00
2.437852172851562500e+02 6.337642073631286621e-01 7.785954475402832031e+00 -6.311213970184326172e-01 -2.546048164367675781e-01 1.631747722625732422e+00
2.445164489746093750e+02 9.538745880126953125e-02 6.812385559082031250e+00 -2.331564426422119141e+00 -3.127104043960571289e+00 1.600876808166503906e+00
2.444919586181640625e+02 4.401736259460449219e-01 7.503264427185058594e+00 2.113890647888183594e-01 9.538006782531738281e-01 1.589391231536865234e+00
2.433720397949218750e+02 2.174152851104736328e+00 1.068248367309570312e+01 7.887823581695556641e+00 1.148414611816406250e+01 1.376084208488464355e+00
2.461691894531250000e+02 4.849919080734252930e-01 7.492691040039062500e+00 -1.444070339202880859e+00 -1.432454586029052734e+00 1.499673128128051758e+00
2.456622314453125000e+02 5.879307985305786133e-01 7.444158554077148438e+00 -1.032904386520385742e+00 -9.382438659667968750e-01 1.525298237800598145e+00
2.471462554931640625e+02 5.594843626022338867e-01 7.458013057708740234e+00 3.715991973876953125e-02 7.046198844909667969e-01 1.560512304306030273e+00
2.480662078857421875e+02 6.899999380111694336e-01 8.032394409179687500e+00 -8.080899715423583984e-01 -6.379950046539306641e-01 1.467526674270629883e+00
2.485257415771484375e+02 3.699882626533508301e-01 7.063206195831298828e+00 -7.430803775787353516e-01 -2.974641323089599609e-01 1.334465026855468750e+00
2.481481018066406250e+02 3.557298660278320312e+00 1.361499881744384766e+01 -6.113739013671875000e+00 -9.387453079223632812e+00 1.679518461227416992e+00
2.462052612304687500e+02 4.887357354164123535e-01 7.223495483398437500e+00 4.240989685058593750e-02 1.015639305114746094e+00 1.708770871162414551e+00
2.450722198486328125e+02 3.782655596733093262e-01 7.266156196594238281e+00 -1.556729078292846680e+00 -1.665506362915039062e+00 1.500844359397888184e+00
2.489089660644531250e+02 1.723214387893676758e+00 9.784000396728515625e+00 8.242506980895996094e+00 1.445386409759521484e+01 1.650197267532348633e+00
2.452470550537109375e+02 6.960828304290771484e-01 7.745769977569580078e+00 -3.259508609771728516e+00 -4.408204555511474609e+00 1.566822409629821777e+00
2.418904724121093750e+02 -5.150300264358520508e-02 5.942402839660644531e+00 5.617189407348632812e-01 1.405198574066162109e+00 1.398105740547180176e+00
2.583924255371093750e+02 7.705084085464477539e-01 8.200799942016601562e+00 1.379718780517578125e+00 2.314431667327880859e+00 1.326108217239379883e+00
2.480260925292968750e+02 1.002288460731506348e+00 8.327127456665039062e+00 -3.820089101791381836e+00 -5.049351692199707031e+00 1.495375752449035645e+00
2.434770050048828125e+02 4.140152931213378906e-01 7.132746219635009766e+00 -8.833646774291992188e-01 -5.980956554412841797e-01 1.356816053390502930e+00
2.472451171875000000e+02 2.854841947555541992e-01 6.877061843872070312e+00 4.407644271850585938e-01 1.557250022888183594e+00 1.556415677070617676e+00
2.452578582763671875e+02 4.009895920753479004e-01 7.242233753204345703e+00 1.039397716522216797e+00 2.207453250885009766e+00 1.446537375450134277e+00
2.461691894531250000e+02 4.849919080734252930e-01 7.492691040039062500e+00 -1.444070339202880859e+00 -1.432454586029052734e+00 1.499673128128051758e+00
2.444572906494140625e+02 7.127686738967895508e-01 7.684842109680175781e+00 -2.962189912796020508e+00 -4.159243106842041016e+00 1.615103483200073242e+00
2.492039947509765625e+02 2.217072725296020508e+00 1.093269348144531250e+01 6.965556144714355469e+00 9.014284133911132812e+00 1.199527263641357422e+00
2.476777954101562500e+02 7.312600016593933105e-01 7.972072601318359375e+00 -8.944320678710937500e-01 -4.565107822418212891e-01 1.569012522697448730e+00
2.480339508056640625e+02 5.935223102569580078e-01 7.588523387908935547e+00 -7.730543613433837891e-01 -4.656803607940673828e-01 1.448696851730346680e+00
2.450573730468750000e+02 3.363173961639404297e+00 1.340186214447021484e+01 -7.977070808410644531e+00 -1.008611869812011719e+01 1.339554309844970703e+00
2.483737182617187500e+02 5.959075093269348145e-01 7.839756488800048828e+00 -6.524038314819335938e-01 -2.597808837890625000e-01 1.468414187431335449e+00
2.394890289306640625e+02 6.430737972259521484e-01 7.786199569702148438e+00 -2.593934535980224609e-01 2.370595932006835938e-01 1.515175104141235352e+00
2.458955535888671875e+02 2.631614208221435547e-01 7.219787120819091797e+00 -1.090908050537109375e+00 -9.730756282806396484e-01 1.506791353225708008e+00
2.484065704345703125e+02 4.183424115180969238e-01 6.772626876831054688e+00 2.011804580688476562e+00 3.746852874755859375e+00 1.526520133018493652e+00
2.447170715332031250e+02 6.192362904548645020e-01 7.593073844909667969e+00 -4.653215408325195312e-02 6.209874153137207031e-01 1.414096951484680176e+00
2.508911437988281250e+02 9.600425958633422852e-01 8.289828300476074219e+00 -7.439684867858886719e-01 -8.847117424011230469e-02 1.410238504409790039e+00
2.489380187988281250e+02 6.710928678512573242e-01 7.812769412994384766e+00 -5.930376052856445312e-01 -1.436424255371093750e-01 1.520970106124877930e+00
2.496112823486328125e+02 8.878638148307800293e-01 7.839429378509521484e+00 -7.332193851470947266e-01 -2.413868904113769531e-01 1.294943332672119141e+00
2.451867828369140625e+02 3.725292444229125977e+00 1.382733917236328125e+01 -5.048380851745605469e+00 -6.786949634552001953e+00 1.538367748260498047e+00
2.465563354492187500e+02 5.846640467643737793e-01 7.474843502044677734e+00 -1.400036811828613281e+00 -1.389094591140747070e+00 1.467572212219238281e+00
2.480381927490234375e+02 8.112769126892089844e-01 8.148829460144042969e+00 5.286955833435058594e-01 1.834058761596679688e+00 1.860468268394470215e+00
2.492879333496093750e+02 5.269502401351928711e-01 7.305362701416015625e+00 1.180434226989746094e-01 6.911921501159667969e-01 1.529157638549804688e+00
2.526131439208984375e+02 6.589440703392028809e-01 7.676461219787597656e+00 -3.479951620101928711e+00 -4.376115798950195312e+00 1.442844390869140625e+00
2.498065032958984375e+02 3.651555061340332031e+00 1.352333831787109375e+01 -6.149432659149169922e+00 -7.755372524261474609e+00 1.377615928649902344e+00
2.447170715332031250e+02 6.192362904548645020e-01 7.593073844909667969e+00 -4.653215408325195312e-02 6.209874153137207031e-01 1.414096951484680176e+00
2.549931335449218750e+02 3.390300989151000977e+00 1.297721958160400391e+01 -5.770753860473632812e+00 -7.469289302825927734e+00 1.363483071327209473e+00
2.480134277343750000e+02 6.639479994773864746e-01 7.643200397491455078e+00 -1.454830169677734375e-02 5.996489524841308594e-01 1.496967315673828125e+00
2.463444671630859375e+02 5.336713194847106934e-01 7.784486770629882812e+00 4.750728607177734375e-01 1.549611091613769531e+00 1.547187685966491699e+00
2.467787322998046875e+02 3.252556800842285156e+00 1.317840385437011719e+01 -1.019473934173583984e+01 -1.496638011932373047e+01 1.536048531532287598e+00
2.437239685058593750e+02 7.480674386024475098e-01 7.962655544281005859e+00 -1.053392887115478516e-01 3.777480125427246094e-01 1.557545781135559082e+00
2.480378417968750000e+02 5.912517309188842773e-01 7.504155158996582031e+00 1.184999942779541016e+00 2.662479877471923828e+00 1.534899711608886719e+00
2.439823608398437500e+02 3.488730430603027344e+00 1.329574584960937500e+01 -4.549027442932128906e+00 -7.409141063690185547e+00 1.810422182083129883e+00
2.478496093750000000e+02 3.236674070358276367e-01 6.836297988891601562e+00 -1.737352609634399414e+00 -1.942440271377563477e+00 1.604092001914978027e+00
2.483976593017578125e+02 1.853570103645324707e+00 1.006534194946289062e+01 5.118184089660644531e+00 8.056585311889648438e+00 1.422956109046936035e+00
2.448544921875000000e+02 5.937447547912597656e-01 7.649089336395263672e+00 -5.691850185394287109e-01 -1.555466651916503906e-01 1.415782570838928223e+00
2.457382659912109375e+02 4.226115942001342773e-01 7.218232154846191406e+00 -1.200556755065917969e-02 6.358432769775390625e-01 1.672775626182556152e+00
2.741618347167968750e+02 2.695429325103759766e-01 6.933101654052734375e+00 2.755570411682128906e-01 1.366796493530273438e+00 1.502785444259643555e+00
2.494880371093750000e+02 2.590673446655273438e+00 1.135607337951660156e+01 -7.634923458099365234e+00 -1.180027770996093750e+01 1.616548538208007812e+00
2.421687164306640625e+02 1.016961216926574707e+00 8.340038299560546875e+00 -4.996777534484863281e+00 -6.757344245910644531e+00 1.469327211380004883e+00
2.404285430908203125e+02 2.832859039306640625e+00 1.203706264495849609e+01 -8.335426330566406250e+00 -1.410453987121582031e+01 1.758138895034790039e+00
2.451032867431640625e+02 2.820754289627075195e+00 1.208815002441406250e+01 -9.783819198608398438e+00 -1.728117561340332031e+01 1.845403194427490234e+00
2.379749603271484375e+02 1.527776479721069336e+00 9.683024406433105469e+00 2.708170413970947266e+00 4.568655490875244141e+00 1.584185123443603516e+00
2.505883483886718750e+02 7.025258541107177734e-01 7.643787384033203125e+00 2.859268188476562500e+00 4.867217540740966797e+00 1.433322191238403320e+00
2.521722259521484375e+02 8.200622200965881348e-01 8.051816940307617188e+00 3.230404853820800781e-01 8.641743659973144531e-01 1.155522584915161133e+00
2.489611663818359375e+02 6.455004811286926270e-01 7.620827674865722656e+00 -2.436386346817016602e+00 -2.770043611526489258e+00 1.370007872581481934e+00
2.476145477294921875e+02 3.796724677085876465e-01 7.037976741790771484e+00 -6.613612174987792969e-01 -3.864765167236328125e-02 1.436237335205078125e+00
2.542382202148437500e+02 1.679251194000244141e-01 6.759557723999023438e+00 5.853295326232910156e-01 1.656816005706787109e+00 1.519377231597900391e+00
2.495782623291015625e+02 2.066866159439086914e-01 7.055362701416015625e+00 -8.880984783172607422e-01 -5.491900444030761719e-01 1.485827565193176270e+00
2.456420135498046875e+02 1.791844964027404785e-01 6.802267074584960938e+00 -9.729862213134765625e-03 6.207251548767089844e-01 1.366452217102050781e+00
2.446580352783203125e+02 6.396707892417907715e-01 7.642210960388183594e+00 -1.520844697952270508e+00 -1.745804548263549805e+00 1.643353819847106934e+00
2.456870727539062500e+02 7.381733059883117676e-01 7.952363014221191406e+00 -3.127568960189819336e+00 -4.575320243835449219e+00 1.740008831024169922e+00
2.499707641601562500e+02 8.869389891624450684e-01 8.107371330261230469e+00 -1.906456947326660156e+00 -1.801483631134033203e+00 1.290151119232177734e+00
2.488045196533203125e+02 2.513124942779541016e-01 7.263584136962890625e+00 -1.492540836334228516e+00 -1.520626544952392578e+00 1.568890929222106934e+00
2.513839416503906250e+02 3.697189688682556152e-01 7.077403545379638672e+00 -1.399395465850830078e+00 -1.482355594635009766e+00 1.599484920501708984e+00
2.503012847900390625e+02 4.058426022529602051e-01 7.118173599243164062e+00 1.181626319885253906e-01 7.182693481445312500e-01 1.468420028686523438e+00
2.446213073730468750e+02 7.507181763648986816e-01 7.882166862487792969e+00 -1.477959156036376953e+00 -1.963850259780883789e+00 1.670609712600708008e+00
2.514514465332031250e+02 8.750076293945312500e-01 8.204859733581542969e+00 -1.884006261825561523e+00 -1.630809307098388672e+00 1.195452690124511719e+00
2.536340942382812500e+02 4.235253334045410156e-01 7.278782367706298828e+00 -6.939995288848876953e-01 -3.288197517395019531e-01 1.485159873962402344e+00
2.502017517089843750e+02 3.380542397499084473e-01 7.201343536376953125e+00 -1.655360460281372070e+00 -1.519112586975097656e+00 1.441710114479064941e+00
2.450023956298828125e+02 2.177634239196777344e-01 7.072909355163574219e+00 -5.644702911376953125e-01 -1.002192497253417969e-01 1.567369222640991211e+00
2.497918548583984375e+02 5.887919664382934570e-01 7.566790580749511719e+00 3.526449203491210938e+00 5.252597332000732422e+00 1.322061419486999512e+00
2.474071807861328125e+02 3.862438797950744629e-01 7.050683975219726562e+00 3.013327121734619141e+00 5.446617603302001953e+00 1.574630260467529297e+00
2.513910217285156250e+02 6.748864054679870605e-01 7.440093517303466797e+00 -2.534246444702148438e-01 2.781176567077636719e-01 1.180821776390075684e+00
2.466874847412109375e+02 5.281411409378051758e-01 7.409186840057373047e+00 -6.755292415618896484e-01 -1.326954364776611328e-01 1.465595006942749023e+00
2.500083007812500000e+02 5.646930336952209473e-01 7.710498332977294922e+00 -9.061217308044433594e-01 -6.984400749206542969e-01 1.500168085098266602e+00
2.356288604736328125e+02 1.974737644195556641e+00 1.040714073181152344e+01 4.840152263641357422e+00 7.851221561431884766e+00 1.532947063446044922e+00
2.481517028808593750e+02 1.236320495605468750e+00 8.826986312866210938e+00 2.955813407897949219e+00 5.822470188140869141e+00 1.685607552528381348e+00
2.486264953613281250e+02 4.425098299980163574e-01 7.352015495300292969e+00 -1.060688495635986328e+00 -1.048040390014648438e+00 1.534204006195068359e+00
2.493732910156250000e+02 2.272015810012817383e-01 6.986286163330078125e+00 -8.916258811950683594e-01 -5.564224720001220703e-01 1.314755558967590332e+00
2.489089660644531250e+02 1.723214387893676758e+00 9.784000396728515625e+00 8.242506980895996094e+00 1.445386409759521484e+01 1.650197267532348633e+00
2.482430725097656250e+02 7.259392142295837402e-01 8.013263702392578125e+00 3.038485050201416016e+00 4.999647140502929688e+00 1.437162041664123535e+00
2.458772583007812500e+02 5.533991456031799316e-01 7.403179645538330078e+00 -1.996988058090209961e+00 -2.429454326629638672e+00 1.579174876213073730e+00
2.473478393554687500e+02 9.934196472167968750e-01 8.200669288635253906e+00 -4.916036128997802734e-01 -9.286403656005859375e-03 1.423216938972473145e+00
2.425903625488281250e+02 2.944588661193847656e-01 7.272376537322998047e+00 1.032977104187011719e+00 2.438807487487792969e+00 1.681088209152221680e+00
2.417033843994140625e+02 1.438040137290954590e-01 6.724281787872314453e+00 -1.567507982254028320e+00 -1.799088716506958008e+00 1.545141696929931641e+00
2.513383789062500000e+02 5.087466239929199219e-01 7.330236434936523438e+00 -1.109434366226196289e+00 -7.722353935241699219e-01 1.357415199279785156e+00
2.445504150390625000e+02 7.517558336257934570e-01 7.922999382019042969e+00 -3.240382671356201172e-01 1.387929916381835938e-01 1.824853420257568359e+00
2.460382232666015625e+02 5.208163857460021973e-01 7.370935916900634766e+00 -1.746274232864379883e+00 -2.237378358840942383e+00 1.622996211051940918e+00
2.437959442138671875e+02 3.460999727249145508e-01 7.040358066558837891e+00 -4.742610454559326172e-01 -1.346075534820556641e-01 1.484176993370056152e+00
2.481902770996093750e+02 5.295197963714599609e-01 7.563209533691406250e+00 -1.410996913909912109e-01 6.033921241760253906e-01 1.493985414505004883e+00
2.476812133789062500e+02 3.664807796478271484e+00 1.363958835601806641e+01 -4.968074798583984375e+00 -8.263446807861328125e+00 1.804436683654785156e+00
2.454919586181640625e+02 3.843919038772583008e-01 7.196660995483398438e+00 2.053475379943847656e-01 9.010648727416992188e-01 1.488568067550659180e+00
2.478274993896484375e+02 7.900304198265075684e-01 7.987218856811523438e+00 -3.784623146057128906e+00 -4.842593669891357422e+00 1.475368499755859375e+00
2.463889312744140625e+02 6.899516582489013672e-01 7.694138526916503906e+00 7.240748405456542969e-01 1.779217720031738281e+00 1.344619274139404297e+00
2.443773498535156250e+02 8.186492323875427246e-01 7.715603351593017578e+00 -2.703003883361816406e+00 -3.294979333877563477e+00 1.429812312126159668e+00
2.445789642333984375e+02 6.980188488960266113e-01 7.597325801849365234e+00 2.199869155883789062e+00 4.335944652557373047e+00 1.675371527671813965e+00
2.421202392578125000e+02 7.844389081001281738e-01 7.855133056640625000e+00 2.911617755889892578e+00 4.677724838256835938e+00 1.412434816360473633e+00
2.482956695556640625e+02 9.048430919647216797e-01 8.141998291015625000e+00 -2.397425174713134766e+00 -3.474391698837280273e+00 1.809235095977783203e+00
2.465507812500000000e+02 9.221587181091308594e-01 8.112640380859375000e+00 -3.780546188354492188e+00 -5.087719917297363281e+00 1.564067363739013672e+00
2.507715148925781250e+02 6.070762276649475098e-01 7.749186038970947266e+00 -5.916202068328857422e-01 -1.290667057037353516e-01 1.268028020858764648e+00
2.496715240478515625e+02 6.822533607482910156e-01 7.634121894836425781e+00 -1.004825830459594727e+00 -4.539370536804199219e-01 1.054337143898010254e+00
2.498786163330078125e+02 2.065623402595520020e-01 6.860695838928222656e+00 -1.827485561370849609e+00 -1.893150806427001953e+00 1.378393888473510742e+00
2.461976928710937500e+02 7.680284380912780762e-01 7.920336246490478516e+00 -9.294164180755615234e-01 -6.508171558380126953e-01 1.344771862030029297e+00
2.296300354003906250e+02 3.062769412994384766e+00 1.270716381072998047e+01 -1.153558540344238281e+01 -1.770786094665527344e+01 1.595256209373474121e+00
2.481531677246093750e+02 3.403957843780517578e+00 1.312852096557617188e+01 -4.553541183471679688e+00 -5.887613296508789062e+00 1.464949607849121094e+00
2.486882019042968750e+02 2.270661830902099609e+00 1.101447010040283203e+01 7.458341121673583984e+00 9.634702682495117188e+00 1.221650600433349609e+00
2.500514068603515625e+02 5.276880264282226562e-01 7.476317405700683594e+00 -1.354818344116210938e+00 -8.674740791320800781e-01 1.148773431777954102e+00
2.467431030273437500e+02 5.261693596839904785e-01 7.298082828521728516e+00 -1.834511756896972656e-01 3.478884696960449219e-01 1.274474620819091797e+00
2.484326171875000000e+02 6.870856285095214844e-01 7.784427642822265625e+00 2.917799949645996094e+00 5.286486148834228516e+00 1.570227861404418945e+00
2.489980010986328125e+02 4.527878761291503906e-01 7.524439811706542969e+00 -3.960847854614257812e-02 5.676960945129394531e-01 1.662708759307861328e+00
2.286461639404296875e+02 6.615490317344665527e-01 7.440341472625732422e+00 -1.101427078247070312e+00 -1.124764680862426758e+00 1.173682093620300293e+00
2.467447052001953125e+02 6.797036528587341309e-01 7.640806674957275391e+00 3.595840930938720703e+00 6.519782543182373047e+00 1.637425541877746582e+00
2.480956115722656250e+02 3.339142799377441406e+00 1.275701045989990234e+01 -4.662729263305664062e+00 -5.307703971862792969e+00 1.261415481567382812e+00
2.501102752685546875e+02 4.232651591300964355e-01 7.308362960815429688e+00 -6.653463840484619141e-01 -3.213083744049072266e-01 1.381093502044677734e+00
2.531925201416015625e+02 7.876800894737243652e-01 7.827338218688964844e+00 2.485938072204589844e+00 3.468639850616455078e+00 1.116665244102478027e+00
2.494027099609375000e+02 3.979075551033020020e-01 7.004230499267578125e+00 -4.779994487762451172e-01 -1.399445533752441406e-01 1.306417465209960938e+00
2.477458190917968750e+02 3.514891147613525391e+00 1.331588935852050781e+01 -5.676276683807373047e+00 -6.765170097351074219e+00 1.297851920127868652e+00
2.493463745117187500e+02 9.539656043052673340e-01 8.436048507690429688e+00 -1.405044794082641602e+00 -1.637371778488159180e+00 1.610129475593566895e+00
2.495528869628906250e+02 5.253090858459472656e-01 7.373964786529541016e+00 2.957768440246582031e+00 5.232007503509521484e+00 1.522794365882873535e+00
2.497604827880859375e+02 1.912848353385925293e-01 6.866086006164550781e+00 2.455711364746093750e-02 9.986448287963867188e-01 1.733719348907470703e+00
2.325693817138671875e+02 3.640507459640502930e-01 7.198822975158691406e+00 1.596546173095703125e+00 3.406584262847900391e+00 1.841013550758361816e+00
2.513214569091796875e+02 4.115920066833496094e-01 7.251240730285644531e+00 -5.763268470764160156e-01 -1.055920124053955078e-01 1.340197443962097168e+00
2.477749328613281250e+02 6.477013230323791504e-01 7.883917331695556641e+00 2.153716087341308594e+00 4.279506206512451172e+00 1.605429649353027344e+00
2.497104339599609375e+02 1.584259867668151855e+00 9.743310928344726562e+00 7.193291187286376953e+00 9.929695129394531250e+00 1.279985308647155762e+00
2.447679443359375000e+02 1.791526675224304199e-01 6.421298980712890625e+00 -6.057608127593994141e-01 -2.627778053283691406e-01 1.440723419189453125e+00
2.446560668945312500e+02 3.079639673233032227e+00 1.258417987823486328e+01 -1.049206352233886719e+01 -1.526833534240722656e+01 1.511819124221801758e+00
2.455589294433593750e+02 8.639551401138305664e-01 8.120132446289062500e+00 -3.574588298797607422e+00 -4.865202903747558594e+00 1.563924431800842285e+00
2.538720397949218750e+02 3.533931493759155273e+00 1.358374023437500000e+01 -8.348302841186523438e+00 -1.004573059082031250e+01 1.300752758979797363e+00
2.403191375732421875e+02 1.180547714233398438e+00 8.778031349182128906e+00 -3.855264186859130859e+00 -4.377888679504394531e+00 1.215679645538330078e+00
2.514418640136718750e+02 1.291337609291076660e-01 6.550978660583496094e+00 -8.841609954833984375e-01 -5.337846279144287109e-01 1.330187201499938965e+00
2.539981079101562500e+02 8.376560807228088379e-01 7.821634292602539062e+00 -1.040309667587280273e+00 -9.587526321411132812e-01 1.547653079032897949e+00
2.442914276123046875e+02 5.347601175308227539e-01 7.525697708129882812e+00 -1.791656017303466797e+00 -2.148132324218750000e+00 1.485239267349243164e+00
2.468859252929687500e+02 9.196721315383911133e-01 8.315104484558105469e+00 -1.584105491638183594e+00 -1.473648548126220703e+00 1.374401330947875977e+00
2.532322387695312500e+02 1.055161595344543457e+00 8.813521385192871094e+00 -5.419993400573730469e-01 -9.952187538146972656e-02 1.668562650680541992e+00
2.439245300292968750e+02 8.222578763961791992e-01 7.752552032470703125e+00 4.559223651885986328e+00 7.372524738311767578e+00 1.478479385375976562e+00
2.493500213623046875e+02 7.280744314193725586e-01 7.667134284973144531e+00 -3.020260334014892578e+00 -3.877649307250976562e+00 1.538960456848144531e+00
2.485908508300781250e+02 1.619058847427368164e-02 6.669808864593505859e+00 -1.091916561126708984e+00 -8.722007274627685547e-01 1.496914744377136230e+00
2.468462219238281250e+02 9.777850508689880371e-01 8.461644172668457031e+00 4.399623870849609375e+00 7.899539470672607422e+00 1.652636528015136719e+00
2.458832550048828125e+02 6.829702258110046387e-01 7.853469371795654297e+00 -2.911317348480224609e-01 2.633786201477050781e-01 1.539976596832275391e+00
2.469544372558593750e+02 5.972614884376525879e-01 7.696169853210449219e+00 -1.571573019027709961e+00 -1.567379236221313477e+00 1.478219509124755859e+00
2.401452941894531250e+02 3.669176578521728516e+00 1.370198535919189453e+01 -6.194311141967773438e+00 -8.352197647094726562e+00 1.446127295494079590e+00
2.456036834716796875e+02 3.449763059616088867e-01 7.094392299652099609e+00 -4.169797897338867188e-01 -1.521587371826171875e-02 1.333302855491638184e+00
2.471203613281250000e+02 4.682996273040771484e-01 7.388013839721679688e+00 -7.771766185760498047e-01 -3.892886638641357422e-01 1.261229634284973145e+00
2.434519348144531250e+02 4.225844144821166992e-02 6.855490684509277344e+00 -1.595091819763183594e+00 -1.959528923034667969e+00 1.595393538475036621e+00
2.456471862792968750e+02 3.041409254074096680e-01 7.038757324218750000e+00 -9.357976913452148438e-01 -5.802726745605468750e-01 1.615152955055236816e+00
2.465893096923828125e+02 1.767234802246093750e-01 6.972554683685302734e+00 -3.357517719268798828e-01 2.573394775390625000e-01 1.442379951477050781e+00
2.503390808105468750e+02 1.982916593551635742e+00 1.036406135559082031e+01 6.938374042510986328e+00 9.162530899047851562e+00 1.254681825637817383e+00
2.491235656738281250e+02 3.513561248779296875e+00 1.347642326354980469e+01 -6.339922904968261719e+00 -8.497885704040527344e+00 1.441964864730834961e+00
2.458297271728515625e+02 2.513498663902282715e-01 6.951117992401123047e+00 -1.167604923248291016e+00 -1.243262290954589844e+00 1.681962966918945312e+00
2.522176513671875000e+02 2.779804468154907227e-01 7.104241371154785156e+00 -1.165828704833984375e+00 -9.494054317474365234e-01 1.462753772735595703e+00
2.537322692871093750e+02 8.661212921142578125e-01 8.285641670227050781e+00 4.967403411865234375e+00 7.128074169158935547e+00 1.300619602203369141e+00
2.450482177734375000e+02 2.953024387359619141e+00 1.230545711517333984e+01 5.860517024993896484e+00 8.777098655700683594e+00 1.392069101333618164e+00
2.460664520263671875e+02 -9.516310691833496094e-02 6.397152900695800781e+00 -3.730130195617675781e-01 -3.609657287597656250e-03 1.493045806884765625e+00
2.492758941650390625e+02 6.245450973510742188e-01 7.602252960205078125e+00 -1.549074649810791016e+00 -1.306002140045166016e+00 1.221653103828430176e+00
2.531766967773437500e+02 4.700242877006530762e-01 7.193705558776855469e+00 -1.694309711456298828e-01 5.024671554565429688e-01 1.495923042297363281e+00
2.442493743896484375e+02 6.463786363601684570e-01 7.820749282836914062e+00 3.056731224060058594e+00 5.166280269622802734e+00 1.476320147514343262e+00
2.475128936767578125e+02 6.251360774040222168e-01 7.689340591430664062e+00 -7.924115657806396484e-01 -6.448388099670410156e-01 1.662698864936828613e+00
2.488912353515625000e+02 2.991443634033203125e+00 1.247899913787841797e+01 -9.356774330139160156e+00 -1.464175128936767578e+01 1.653193831443786621e+00
2.455317230224609375e+02 5.663905143737792969e-01 7.650778770446777344e+00 -2.083561420440673828e+00 -2.419871091842651367e+00 1.618048667907714844e+00
2.482515258789062500e+02 1.190328836441040039e+00 8.658719062805175781e+00 -2.375541925430297852e+00 -2.483173608779907227e+00 1.252221584320068359e+00
2.411179504394531250e+02 2.877505302429199219e+00 1.188672637939453125e+01 -1.097897815704345703e+01 -1.529804039001464844e+01 1.441772222518920898e+00
2.372040710449218750e+02 3.264227390289306641e+00 1.307131385803222656e+01 -5.826692581176757812e+00 -1.029396057128906250e+01 1.864159107208251953e+00
2.459006347656250000e+02 5.760208964347839355e-01 7.666321277618408203e+00 7.934308052062988281e-01 1.599929332733154297e+00 1.469380617141723633e+00
2.417075805664062500e+02 3.138160109519958496e-01 7.354539871215820312e+00 -7.089507579803466797e-01 -5.331838130950927734e-01 1.605260252952575684e+00
2.437248992919921875e+02 3.298674225807189941e-01 7.250206470489501953e+00 -6.465947628021240234e-01 -3.568005561828613281e-01 1.543899297714233398e+00
2.428522644042968750e+02 3.882709980010986328e+00 1.398123073577880859e+01 -5.564626693725585938e+00 -8.622814178466796875e+00 1.648899197578430176e+00
2.486661224365234375e+02 5.625479817390441895e-01 7.268391609191894531e+00 -7.764017581939697266e-01 -2.437102794647216797e-01 1.361261367797851562e+00
2.476284790039062500e+02 3.794630765914916992e-01 7.329799175262451172e+00 -3.303468227386474609e-01 1.730203628540039062e-02 1.360653162002563477e+00
2.402261199951171875e+02 6.666961908340454102e-01 7.964927673339843750e+00 1.013448238372802734e+00 2.201783657073974609e+00 1.681080937385559082e+00
2.442597808837890625e+02 3.920601606369018555e-01 7.122719287872314453e+00 -4.634177684783935547e-01 -1.419138908386230469e-01 1.491119623184204102e+00
2.435492553710937500e+02 -7.108473777770996094e-02 6.322690010070800781e+00 -7.133829593658447266e-01 -4.240679740905761719e-01 1.718227863311767578e+00
2.467731933593750000e+02 3.599321365356445312e+00 1.345036125183105469e+01 -5.106829643249511719e+00 -6.713764667510986328e+00 1.393494129180908203e+00
2.509858398437500000e+02 7.318597435951232910e-01 7.651578903198242188e+00 -2.922198772430419922e+00 -3.316843509674072266e+00 1.395501852035522461e+00
2.455882720947265625e+02 4.079061150550842285e-01 7.194252967834472656e+00 -1.763077974319458008e+00 -2.210589647293090820e+00 1.635424375534057617e+00
2.464902648925781250e+02 3.215731382369995117e-01 6.987053394317626953e+00 -3.119826316833496094e-01 9.241580963134765625e-02 1.282357573509216309e+00
2.489701232910156250e+02 2.743775367736816406e+00 1.217184257507324219e+01 -1.005007076263427734e+01 -1.383552169799804688e+01 1.461030244827270508e+00
2.346503906250000000e+02 3.809254169464111328e-01 6.844854354858398438e+00 -1.297599077224731445e+00 -1.316416263580322266e+00 1.376125097274780273e+00
2.478496093750000000e+02 3.236674070358276367e-01 6.836297988891601562e+00 -1.737352609634399414e+00 -1.942440271377563477e+00 1.604092001914978027e+00
2.441170196533203125e+02 3.630737066268920898e-01 7.188867092132568359e+00 -1.606650352478027344e+00 -1.930481195449829102e+00 1.707328438758850098e+00
2.515324401855468750e+02 6.743723154067993164e-01 8.015739440917968750e+00 8.547925949096679688e-01 2.370212078094482422e+00 1.753251433372497559e+00
2.495584411621093750e+02 2.420418858528137207e-01 7.184523582458496094e+00 3.367185592651367188e-01 1.199960708618164062e+00 1.492670655250549316e+00
2.436462707519531250e+02 5.489259362220764160e-01 7.617711067199707031e+00 -3.625726699829101562e-01 1.270794868469238281e-01 1.427769899368286133e+00
2.473138122558593750e+02 5.832605361938476562e-01 7.600151062011718750e+00 -2.345801591873168945e+00 -2.971941232681274414e+00 1.615528821945190430e+00
2.472951660156250000e+02 5.296848416328430176e-01 7.367527961730957031e+00 -4.247164726257324219e-01 7.098436355590820312e-02 1.735176563262939453e+00
2.553021392822265625e+02 2.490403056144714355e-01 6.981728553771972656e+00 1.720857620239257812e-01 9.996724128723144531e-01 1.644408464431762695e+00
2.438225250244140625e+02 5.271556973457336426e-01 7.444337368011474609e+00 -1.211607456207275391e-01 4.875636100769042969e-01 1.738125205039978027e+00
2.516613922119140625e+02 3.803267478942871094e-01 7.194542407989501953e+00 -7.526767253875732422e-01 -3.317403793334960938e-01 1.340407371520996094e+00
2.444707641601562500e+02 8.577442169189453125e-01 8.419075012207031250e+00 -4.516041278839111328e-01 -2.863979339599609375e-01 1.486753106117248535e+00
2.477431488037109375e+02 3.670197725296020508e-01 7.262435913085937500e+00 -5.320549011230468750e-01 -1.672554016113281250e-01 1.379009723663330078e+00
2.487726745605468750e+02 1.747577786445617676e+00 1.008150100708007812e+01 4.060120582580566406e+00 5.632467269897460938e+00 1.260596752166748047e+00
2.481131591796875000e+02 5.954055786132812500e-01 7.801421165466308594e+00 3.196804523468017578e+00 5.646402835845947266e+00 1.541108965873718262e+00
2.715086364746093750e+02 1.226734995841979980e+00 8.908845901489257812e+00 1.915729045867919922e+00 3.480539321899414062e+00 1.382963776588439941e+00
2.435557556152343750e+02 4.825348258018493652e-01 7.474630832672119141e+00 -9.611928462982177734e-01 -9.434080123901367188e-01 1.547778964042663574e+00
2.461822967529296875e+02 2.526410818099975586e-01 6.996857643127441406e+00 -1.699436902999877930e+00 -1.922688484191894531e+00 1.600389957427978516e+00
2.456734619140625000e+02 8.770630955696105957e-01 8.033704757690429688e+00 -8.158779144287109375e-01 -3.956997394561767578e-01 1.387871503829956055e+00
2.471572570800781250e+02 6.269748210906982422e-01 7.695800304412841797e+00 -6.128466129302978516e-01 -2.962791919708251953e-01 1.547591090202331543e+00
2.468131256103515625e+02 5.550506711006164551e-01 7.575194358825683594e+00 -3.548502922058105469e-02 5.361890792846679688e-01 1.518417000770568848e+00
2.467628784179687500e+02 5.850068330764770508e-01 7.333775520324707031e+00 -1.484106779098510742e+00 -1.153832674026489258e+00 1.178481459617614746e+00
2.450527191162109375e+02 6.399604678153991699e-01 7.648705482482910156e+00 2.874488830566406250e+00 4.342041015625000000e+00 1.348540663719177246e+00
2.462971954345703125e+02 7.879930138587951660e-01 8.147754669189453125e+00 -2.151799201965332031e+00 -2.930381298065185547e+00 1.740085363388061523e+00
2.472045898437500000e+02 4.348835945129394531e-01 7.284029006958007812e+00 -1.441805362701416016e+00 -1.382673978805541992e+00 1.348993897438049316e+00
2.478800354003906250e+02 9.588881731033325195e-01 8.278162956237792969e+00 -3.766748905181884766e+00 -5.016194343566894531e+00 1.518346786499023438e+00
2.491544189453125000e+02 8.388101458549499512e-01 7.892191886901855469e+00 4.219691753387451172e+00 7.262439727783203125e+00 1.518957018852233887e+00
2.400320587158203125e+02 8.687010407447814941e-01 7.928820133209228516e+00 3.205575942993164062e+00 5.174329280853271484e+00 1.438044905662536621e+00
2.446378936767578125e+02 1.626082658767700195e-01 7.067512989044189453e+00 -8.782958984375000000e-01 -6.936824321746826172e-01 1.760223388671875000e+00
2.532121887207031250e+02 -7.456016540527343750e-02 5.953125476837158203e+00 8.522272109985351562e-02 1.000037193298339844e+00 1.641232967376708984e+00
2.450029602050781250e+02 4.360435605049133301e-01 7.131460189819335938e+00 1.031682491302490234e+00 1.899445056915283203e+00 1.338209390640258789e+00
2.469567718505859375e+02 6.332685351371765137e-01 7.794586181640625000e+00 4.143812656402587891e+00 6.422495841979980469e+00 1.385081291198730469e+00
2.507843933105468750e+02 5.915004611015319824e-01 7.623150825500488281e+00 -1.521673202514648438e+00 -1.072330474853515625e+00 1.216521143913269043e+00
2.487514801025390625e+02 4.641405940055847168e-01 7.244956493377685547e+00 -1.482975482940673828e+00 -1.467217206954956055e+00 1.467056393623352051e+00
2.438303527832031250e+02 4.951226115226745605e-01 7.399734973907470703e+00 -2.435710430145263672e+00 -2.846076488494873047e+00 1.505600094795227051e+00
2.516317138671875000e+02 2.981431007385253906e+00 1.213249683380126953e+01 -1.127097034454345703e+01 -1.404813957214355469e+01 1.301803708076477051e+00
2.472550811767578125e+02 2.822710037231445312e+00 1.201683521270751953e+01 7.133264541625976562e+00 1.011378097534179688e+01 1.341191411018371582e+00
2.483220520019531250e+02 3.732416033744812012e-01 7.056801319122314453e+00 -1.286997795104980469e+00 -1.192791461944580078e+00 1.551510214805603027e+00
2.427182922363281250e+02 1.193740248680114746e+00 8.866744041442871094e+00 2.974300384521484375e+00 4.933769702911376953e+00 1.452032923698425293e+00
2.343799591064453125e+02 4.253193736076354980e-01 6.864320755004882812e+00 -5.565726757049560547e-01 -5.301594734191894531e-01 1.613677501678466797e+00
2.494057464599609375e+02 2.714870929718017578e+00 1.201581382751464844e+01 -1.097798919677734375e+01 -1.683755302429199219e+01 1.601915121078491211e+00
2.421650695800781250e+02 6.551979184150695801e-01 7.767251491546630859e+00 -1.423608064651489258e+00 -1.593832969665527344e+00 1.670501232147216797e+00
2.493240051269531250e+02 3.541521430015563965e-01 6.916931152343750000e+00 -1.474579572677612305e+00 -1.474463939666748047e+00 1.456335067749023438e+00
2.481068420410156250e+02 4.434915184974670410e-01 7.247763633728027344e+00 -1.106535196304321289e+00 -1.371865272521972656e+00 1.868198394775390625e+00
2.469500579833984375e+02 3.510560512542724609e+00 1.339904594421386719e+01 -5.301600456237792969e+00 -7.886004447937011719e+00 1.662950038909912109e+00
2.555823059082031250e+02 3.437442779541015625e-01 7.228167533874511719e+00 -4.466712474822998047e-01 -2.970218658447265625e-02 1.555888891220092773e+00
2.466110687255859375e+02 3.483929634094238281e+00 1.340476894378662109e+01 -5.333028793334960938e+00 -6.954915523529052734e+00 1.448409557342529297e+00
2.498096923828125000e+02 4.566221833229064941e-01 7.653757572174072266e+00 -1.268894672393798828e+00 -1.083357334136962891e+00 1.394717216491699219e+00
2.433825225830078125e+02 3.628413200378417969e+00 1.384899806976318359e+01 -5.241479873657226562e+00 -7.147259712219238281e+00 1.454897880554199219e+00
2.462583312988281250e+02 6.246708035469055176e-01 7.842218399047851562e+00 1.550216674804687500e+00 2.967462539672851562e+00 1.378006219863891602e+00
2.472341308593750000e+02 3.297966122627258301e-01 6.961794853210449219e+00 7.104635238647460938e-02 9.203839302062988281e-01 1.642782449722290039e+00
2.447699127197265625e+02 8.945959806442260742e-02 6.739491462707519531e+00 -2.126336097717285156e+00 -2.843385934829711914e+00 1.690182566642761230e+00
2.421658325195312500e+02 6.944032311439514160e-01 7.999612808227539062e+00 -2.857400178909301758e+00 -3.459234237670898438e+00 1.362694978713989258e+00
2.528892822265625000e+02 3.356551170349121094e+00 1.312879371643066406e+01 -3.614403009414672852e+00 -5.179750919342041016e+00 1.679891586303710938e+00
2.512879333496093750e+02 5.572597384452819824e-01 7.719706535339355469e+00 -1.649314165115356445e+00 -1.450617313385009766e+00 1.374338984489440918e+00
2.484277038574218750e+02 2.553395628929138184e-01 7.266726493835449219e+00 -2.698254585266113281e-01 2.232933044433593750e-01 1.554114937782287598e+00
2.346207885742187500e+02 1.237707018852233887e+00 8.812435150146484375e+00 4.503989219665527344e+00 8.126978874206542969e+00 1.659740447998046875e+00
2.418545989990234375e+02 2.016749978065490723e-01 6.290696620941162109e+00 -1.229524612426757812e-01 1.149392127990722656e-01 1.529536485671997070e+00
2.461551666259765625e+02 4.478390216827392578e-01 7.406313419342041016e+00 -1.328740119934082031e+00 -1.280080080032348633e+00 1.410400271415710449e+00
2.412478027343750000e+02 1.573104381561279297e+00 9.759127616882324219e+00 8.074297904968261719e+00 1.229012489318847656e+01 1.474998235702514648e+00
2.446345367431640625e+02 5.452636480331420898e-01 7.786086082458496094e+00 -1.088397502899169922e+00 -1.176495552062988281e+00 1.709498047828674316e+00
2.476100158691406250e+02 3.089953660964965820e-01 7.020953178405761719e+00 -1.019686460494995117e+00 -9.996473789215087891e-01 1.678233385086059570e+00
2.421647033691406250e+02 8.575688004493713379e-01 8.155117988586425781e+00 2.169275283813476562e-01 1.158668994903564453e+00 1.811562776565551758e+00
2.511666564941406250e+02 8.182263374328613281e-02 6.460334777832031250e+00 3.852367401123046875e-02 6.418967247009277344e-01 1.233633041381835938e+00
2.430605621337890625e+02 5.987342000007629395e-01 7.840614318847656250e+00 3.158533573150634766e+00 4.911930561065673828e+00 1.399052262306213379e+00
2.518497009277343750e+02 2.211689352989196777e-01 7.207860469818115234e+00 -1.192107200622558594e+00 -1.028189659118652344e+00 1.549868583679199219e+00
2.410939636230468750e+02 4.339392781257629395e-01 7.138114452362060547e+00 -1.999083757400512695e+00 -2.453494071960449219e+00 1.472805857658386230e+00
2.469993286132812500e+02 3.676764488220214844e+00 1.380943107604980469e+01 -6.362601280212402344e+00 -7.974740028381347656e+00 1.384029984474182129e+00
2.415840148925781250e+02 7.104700207710266113e-01 7.794722080230712891e+00 -1.375999450683593750e+00 -1.370271444320678711e+00 1.461536288261413574e+00
2.498210601806640625e+02 4.419730305671691895e-01 7.397939205169677734e+00 -1.628104448318481445e+00 -1.680092811584472656e+00 1.433178424835205078e+00
2.540631103515625000e+02 4.525430798530578613e-01 7.234215736389160156e+00 3.010463714599609375e-01 1.188559532165527344e+00 1.565864324569702148e+00
2.508474121093750000e+02 1.104601502418518066e+00 8.739109992980957031e+00 -1.811596155166625977e+00 -2.329554557800292969e+00 1.829405426979064941e+00
2.498221893310546875e+02 4.343889951705932617e-01 7.404026508331298828e+00 -9.958672523498535156e-01 -7.798409461975097656e-01 1.491432785987854004e+00
2.495434722900390625e+02 3.852664828300476074e-01 7.163929939270019531e+00 -1.156708002090454102e+00 -1.021906137466430664e+00 1.547351121902465820e+00
2.410966796875000000e+02 2.165848612785339355e-01 6.931609630584716797e+00 -5.637896060943603516e-01 -2.534174919128417969e-01 1.417809247970581055e+00
2.490492095947265625e+02 2.252027988433837891e+00 1.105327320098876953e+01 4.847445487976074219e+00 7.704777717590332031e+00 1.475762009620666504e+00
2.494695129394531250e+02 4.777444005012512207e-01 7.486865043640136719e+00 -5.685782432556152344e-01 -1.664435863494873047e-01 1.401433944702148438e+00
2.456544799804687500e+02 3.336252212524414062e+00 1.332362174987792969e+01 -7.372305393218994141e+00 -8.070699691772460938e+00 1.161743640899658203e+00
2.470555267333984375e+02 5.384227633476257324e-01 7.641807079315185547e+00 -1.096477508544921875e+00 -9.499132633209228516e-01 1.440421819686889648e+00
2.459276123046875000e+02 8.279277086257934570e-01 7.918069839477539062e+00 4.536621570587158203e+00 7.608613967895507812e+00 1.490933656692504883e+00
2.472769927978515625e+02 7.422297000885009766e-01 7.970362663269042969e+00 -2.264976501464843750e-01 4.199552536010742188e-01 1.435778737068176270e+00
2.522387542724609375e+02 7.134086489677429199e-01 7.995105743408203125e+00 -5.942165851593017578e-01 4.398584365844726562e-02 1.458394527435302734e+00
2.490936279296875000e+02 1.132431387901306152e+00 8.604015350341796875e+00 3.274509906768798828e+00 6.253447532653808594e+00 1.647213816642761230e+00
2.758093872070312500e+02 7.363123893737792969e-01 8.193321228027343750e+00 2.195408344268798828e+00 3.446779251098632812e+00 1.225909709930419922e+00
2.474206695556640625e+02 6.683709621429443359e-01 7.792058944702148438e+00 -8.681726455688476562e-01 -4.266524314880371094e-01 1.240102291107177734e+00
2.490259704589843750e+02 3.712487220764160156e-01 7.421083927154541016e+00 4.649162292480468750e-01 1.306314468383789062e+00 1.544065952301025391e+00
2.424395141601562500e+02 3.280810713768005371e-01 7.489319324493408203e+00 1.105928421020507812e+00 2.345268726348876953e+00 1.585530638694763184e+00
2.500159301757812500e+02 9.032679200172424316e-01 8.318611145019531250e+00 -2.619135379791259766e+00 -2.707291841506958008e+00 1.264321208000183105e+00
2.458734741210937500e+02 8.420010805130004883e-01 7.912497520446777344e+00 -1.202523708343505859e+00 -1.467814445495605469e+00 1.841871261596679688e+00
2.489051513671875000e+02 1.408531188964843750e+00 9.172107696533203125e+00 -1.584258079528808594e+00 -1.904772520065307617e+00 1.765146732330322266e+00
2.331830291748046875e+02 3.270906209945678711e-01 7.325595855712890625e+00 -5.273735523223876953e-01 -2.889931201934814453e-01 1.610133767127990723e+00
2.494954376220703125e+02 2.276893615722656250e+00 1.082257080078125000e+01 8.932617187500000000e+00 1.137431621551513672e+01 1.215646386146545410e+00
2.497671813964843750e+02 8.641906380653381348e-01 8.101522445678710938e+00 -2.611593008041381836e+00 -3.105701208114624023e+00 1.404985189437866211e+00
2.532776336669921875e+02 5.487524867057800293e-01 7.621797084808349609e+00 -2.017067670822143555e+00 -2.275111675262451172e+00 1.413141965866088867e+00
2.517211608886718750e+02 2.960890769958496094e+00 1.256867885589599609e+01 -1.016234588623046875e+01 -1.565050888061523438e+01 1.604415893554687500e+00
2.523705291748046875e+02 1.072349190711975098e+00 8.402261734008789062e+00 -2.275804281234741211e+00 -2.523128986358642578e+00 1.367302536964416504e+00
2.512494354248046875e+02 3.472956180572509766e+00 1.336718940734863281e+01 -6.250402927398681641e+00 -7.525905609130859375e+00 1.335412144660949707e+00
2.504996337890625000e+02 6.251255273818969727e-01 7.877333164215087891e+00 -1.910003423690795898e+00 -1.875950098037719727e+00 1.348785042762756348e+00
2.455091247558593750e+02 2.651648521423339844e-01 6.933519840240478516e+00 -9.230327606201171875e-01 -7.627463340759277344e-01 1.877077221870422363e+00
2.507067871093750000e+02 3.243642449378967285e-01 6.912032604217529297e+00 -1.242954730987548828e+00 -1.037881374359130859e+00 1.466727733612060547e+00
2.468458404541015625e+02 2.622594833374023438e-01 6.806195735931396484e+00 -7.845270633697509766e-01 -2.976703643798828125e-01 1.276880264282226562e+00
2.466450653076171875e+02 5.301125645637512207e-01 7.305764198303222656e+00 -1.383064985275268555e+00 -1.257567405700683594e+00 1.382268548011779785e+00
2.439063720703125000e+02 1.049635529518127441e+00 8.236853599548339844e+00 2.691397666931152344e+00 3.727076053619384766e+00 1.168291091918945312e+00
2.452724914550781250e+02 1.083500027656555176e+00 8.805106163024902344e+00 3.462045192718505859e+00 5.369315147399902344e+00 1.370269298553466797e+00
2.480490417480468750e+02 5.562580227851867676e-01 7.524215698242187500e+00 -8.710801601409912109e-01 -6.269073486328125000e-01 1.437653899192810059e+00
2.498084259033203125e+02 6.682729721069335938e-01 7.955572605133056641e+00 -2.220590114593505859e+00 -2.342587709426879883e+00 1.352791666984558105e+00
2.482587127685546875e+02 2.775092720985412598e-01 6.893592834472656250e+00 -8.517682552337646484e-01 -7.498824596405029297e-01 1.615518569946289062e+00
2.433261413574218750e+02 6.445461511611938477e-01 7.696543693542480469e+00 4.702687263488769531e-01 1.703090667724609375e+00 1.821038961410522461e+00
2.510070343017578125e+02 4.689000844955444336e-01 7.511282444000244141e+00 -1.263711452484130859e+00 -1.079251766204833984e+00 1.447067141532897949e+00
2.333841552734375000e+02 7.278317809104919434e-01 7.749626159667968750e+00 1.221611499786376953e+00 2.533762454986572266e+00 1.652095198631286621e+00
2.468295593261718750e+02 4.050039649009704590e-01 7.190083980560302734e+00 -8.240306377410888672e-01 -5.243766307830810547e-01 1.336678862571716309e+00
2.492212524414062500e+02 6.756544113159179688e-01 7.791937828063964844e+00 -5.445528030395507812e-01 -1.156163215637207031e-01 1.332935333251953125e+00
2.505550689697265625e+02 3.525309801101684570e+00 1.360579013824462891e+01 -4.675364494323730469e+00 -7.190321922302246094e+00 1.689474105834960938e+00
2.525500030517578125e+02 4.523791074752807617e-01 7.394448280334472656e+00 -4.670500755310058594e-02 6.687164306640625000e-01 1.343171119689941406e+00
2.471033782958984375e+02 3.087321519851684570e+00 1.234660530090332031e+01 -7.671562194824218750e+00 -1.093478488922119141e+01 1.514543414115905762e+00
2.466804504394531250e+02 2.821666240692138672e+00 1.226054382324218750e+01 -7.644999027252197266e+00 -1.216786003112792969e+01 1.707431077957153320e+00
2.517876892089843750e+02 4.545416831970214844e-01 7.136140346527099609e+00 2.745723724365234375e-01 9.866666793823242188e-01 1.445023417472839355e+00
2.509953765869140625e+02 2.469351291656494141e-01 6.699937820434570312e+00 -1.032745838165283203e-01 3.358936309814453125e-01 1.544139981269836426e+00
2.419369049072265625e+02 7.722169756889343262e-01 8.112222671508789062e+00 2.594649791717529297e+00 4.974451065063476562e+00 1.740704774856567383e+00
2.442008972167968750e+02 1.014268994331359863e+00 8.471268653869628906e+00 3.964538574218750000e+00 6.569900512695312500e+00 1.510130286216735840e+00
2.481093597412109375e+02 2.900999188423156738e-01 6.982515335083007812e+00 -1.121512651443481445e+00 -7.954657077789306641e-01 1.523538231849670410e+00
2.446553039550781250e+02 1.184542417526245117e+00 8.764378547668457031e+00 3.459665775299072266e+00 5.203807353973388672e+00 1.390560269355773926e+00
2.486285705566406250e+02 1.044751405715942383e-01 6.560477256774902344e+00 -1.142686605453491211e+00 -1.112501621246337891e+00 1.384730458259582520e+00
2.430647430419921875e+02 5.851776003837585449e-01 7.856506824493408203e+00 -2.529735565185546875e+00 -3.134235143661499023e+00 1.490797519683837891e+00
2.450525054931640625e+02 6.240175962448120117e-01 7.264858245849609375e+00 -3.816711902618408203e-01 6.813049316406250000e-02 1.348827838897705078e+00
2.522270507812500000e+02 7.833043336868286133e-01 7.715795040130615234e+00 -2.279635667800903320e+00 -2.708586454391479492e+00 1.534203171730041504e+00
2.465561828613281250e+02 4.205090999603271484e-01 7.420572757720947266e+00 -1.266174316406250000e+00 -1.010143756866455078e+00 1.367656946182250977e+00
2.490634460449218750e+02 1.136570215225219727e+00 8.482524871826171875e+00 3.847031593322753906e+00 5.029146671295166016e+00 1.168626785278320312e+00
2.524481048583984375e+02 1.575837373733520508e+00 9.765147209167480469e+00 1.198817443847656250e+01 1.503939437866210938e+01 1.194691181182861328e+00
2.447004547119140625e+02 9.532986283302307129e-01 8.635671615600585938e+00 -2.420517206192016602e+00 -2.706736326217651367e+00 1.392281174659729004e+00
2.456575622558593750e+02 7.815510630607604980e-01 8.129118919372558594e+00 2.246868610382080078e+00 4.581880569458007812e+00 1.700172305107116699e+00
2.466119537353515625e+02 2.730352401733398438e+00 1.188041114807128906e+01 -1.092283439636230469e+01 -1.612011718750000000e+01 1.531900882720947266e+00
2.455000610351562500e+02 4.402079582214355469e-01 7.240266323089599609e+00 -3.771710395812988281e-01 -1.383423805236816406e-02 1.404898881912231445e+00
2.398962707519531250e+02 2.141713619232177734e+00 1.072305297851562500e+01 8.414308547973632812e+00 1.425927925109863281e+01 1.609860897064208984e+00
2.458903503417968750e+02 1.311184167861938477e-01 6.694422721862792969e+00 -7.218325138092041016e-01 -3.530526161193847656e-01 1.492912888526916504e+00
2.542840423583984375e+02 2.263377666473388672e+00 1.076201057434082031e+01 8.015897750854492188e+00 1.104625225067138672e+01 1.288412809371948242e+00
2.481918792724609375e+02 5.971869230270385742e-01 7.377105712890625000e+00 -1.402500867843627930e+00 -1.432621479034423828e+00 1.405694484710693359e+00
2.453220825195312500e+02 9.014697670936584473e-01 7.975005149841308594e+00 -1.191698312759399414e+00 -1.132376194000244141e+00 1.609690189361572266e+00
2.451225280761718750e+02 7.879613637924194336e-01 8.040112495422363281e+00 -1.676183938980102539e+00 -1.893380880355834961e+00 1.590477228164672852e+00
2.438092498779296875e+02 3.206184506416320801e-01 7.028800487518310547e+00 -2.205463647842407227e+00 -2.800816297531127930e+00 1.605520844459533691e+00
2.452536163330078125e+02 2.797676920890808105e-01 6.940647602081298828e+00 -6.893885135650634766e-01 -5.197930335998535156e-01 1.642013072967529297e+00
2.443226776123046875e+02 1.595222949981689453e-01 7.038886547088623047e+00 -1.484974622726440430e+00 -1.523087024688720703e+00 1.507534027099609375e+00
2.460322875976562500e+02 2.879905223846435547e+00 1.247016048431396484e+01 -1.001456832885742188e+01 -1.317984199523925781e+01 1.406226038932800293e+00
2.497694702148437500e+02 1.796090364456176758e+00 9.872798919677734375e+00 5.705099105834960938e+00 1.034568977355957031e+01 1.685400962829589844e+00
2.413133544921875000e+02 3.807703852653503418e-01 7.161417961120605469e+00 -1.230717897415161133e+00 -1.226860284805297852e+00 1.335551023483276367e+00
2.451700134277343750e+02 3.478750944137573242e+00 1.339991760253906250e+01 -5.579774379730224609e+00 -7.425785064697265625e+00 1.482553362846374512e+00
2.437169036865234375e+02 6.800484061241149902e-01 7.691635131835937500e+00 -6.318175792694091797e-01 -2.692437171936035156e-01 1.642997980117797852e+00
2.419316558837890625e+02 3.698167085647583008e+00 1.399536323547363281e+01 -1.063231277465820312e+01 -1.669597625732421875e+01 1.637102961540222168e+00
2.399681091308593750e+02 3.903630375862121582e-01 7.067545890808105469e+00 -9.545838832855224609e-01 -1.008931398391723633e+00 1.660697340965270996e+00
2.447711181640625000e+02 5.453607439994812012e-01 7.284583091735839844e+00 -2.519905567169189453e-01 1.634240150451660156e-01 1.430747747421264648e+00
2.486023406982421875e+02 3.418016433715820312e-01 7.008598327636718750e+00 -1.820533275604248047e+00 -1.965043544769287109e+00 1.402051329612731934e+00
2.463889312744140625e+02 6.899516582489013672e-01 7.694138526916503906e+00 7.240748405456542969e-01 1.779217720031738281e+00 1.344619274139404297e+00
2.525670471191406250e+02 1.939827799797058105e-01 6.829921245574951172e+00 -2.100582122802734375e+00 -2.244780063629150391e+00 1.466877698898315430e+00
2.483247528076171875e+02 2.995864629745483398e+00 1.234220695495605469e+01 -9.085316658020019531e+00 -1.279701519012451172e+01 1.501538276672363281e+00
2.492644500732421875e+02 3.010130882263183594e+00 1.231367588043212891e+01 -7.456112861633300781e+00 -9.318981170654296875e+00 1.313624382019042969e+00
2.486747283935546875e+02 5.826423764228820801e-01 7.744408130645751953e+00 -7.434141635894775391e-01 -4.860365390777587891e-01 1.357841253280639648e+00
2.470566558837890625e+02 8.909075856208801270e-01 8.330321311950683594e+00 3.011364936828613281e+00 5.080358982086181641e+00 1.458419561386108398e+00
2.516537017822265625e+02 5.723221302032470703e-01 7.681893348693847656e+00 -1.354174613952636719e+00 -1.237978935241699219e+00 1.470600128173828125e+00
2.489611663818359375e+02 6.455004811286926270e-01 7.620827674865722656e+00 -2.436386346817016602e+00 -2.770043611526489258e+00 1.370007872581481934e+00
2.456012420654296875e+02 7.100598216056823730e-01 7.619740962982177734e+00 -3.370130062103271484e-01 1.615691184997558594e-01 1.399064302444458008e+00
2.508112182617187500e+02 1.016412615776062012e+00 8.424739837646484375e+00 -1.785774230957031250e+00 -1.827287673950195312e+00 1.333501458168029785e+00
2.494261016845703125e+02 4.588083624839782715e-01 7.425547599792480469e+00 -5.993986129760742188e-01 -3.958094120025634766e-01 1.486318349838256836e+00
2.496671142578125000e+02 4.543558955192565918e-01 7.272994041442871094e+00 7.752871513366699219e-01 2.097275257110595703e+00 1.584643840789794922e+00
2.502279357910156250e+02 9.390553832054138184e-01 8.086663246154785156e+00 -1.950756311416625977e+00 -2.307333946228027344e+00 1.518712759017944336e+00
2.471998291015625000e+02 7.624818086624145508e-01 8.288291931152343750e+00 2.718279361724853516e+00 4.321935176849365234e+00 1.310848474502563477e+00
2.460726470947265625e+02 4.897868037223815918e-01 7.592705726623535156e+00 2.455711364746093750e-02 8.092761039733886719e-01 1.642263054847717285e+00
2.483516235351562500e+02 7.908195257186889648e-01 7.990139007568359375e+00 -1.493835449218750000e+00 -1.497162580490112305e+00 1.379161357879638672e+00
2.501322479248046875e+02 1.578847169876098633e-01 6.919225215911865234e+00 -7.341217994689941406e-01 -3.340852260589599609e-01 1.233247995376586914e+00
2.474302368164062500e+02 4.390395879745483398e-01 7.296130180358886719e+00 -6.221163272857666016e-01 -2.745056152343750000e-01 1.382008194923400879e+00
2.450653991699218750e+02 3.865813016891479492e-01 7.216070175170898438e+00 -1.338933706283569336e+00 -1.444400548934936523e+00 1.464515805244445801e+00
2.451813201904296875e+02 8.639279603958129883e-01 8.218338966369628906e+00 -3.332597017288208008e+00 -4.765034675598144531e+00 1.625379562377929688e+00
2.478123168945312500e+02 9.294655919075012207e-01 8.060437202453613281e+00 -2.398363351821899414e+00 -2.211844921112060547e+00 1.162402749061584473e+00
2.468941650390625000e+02 8.835209608078002930e-01 8.311940193176269531e+00 4.020178318023681641e+00 6.968464851379394531e+00 1.580085277557373047e+00
2.478830566406250000e+02 3.366780877113342285e-01 7.138383388519287109e+00 -1.124382019042968750e+00 -9.247088432312011719e-01 1.521590352058410645e+00
2.461699676513671875e+02 5.584440231323242188e-01 7.666471481323242188e+00 -2.070295810699462891e+00 -2.319836616516113281e+00 1.399083375930786133e+00
2.508059692382812500e+02 4.949150085449218750e-01 7.236113071441650391e+00 -1.141884326934814453e+00 -8.943748474121093750e-01 1.349794745445251465e+00
2.428560028076171875e+02 4.464528560638427734e-01 7.326650142669677734e+00 -1.675498485565185547e-01 3.203797340393066406e-01 1.523517489433288574e+00
2.539794006347656250e+02 3.231066465377807617e+00 1.297668266296386719e+01 -6.112327575683593750e+00 -7.995184898376464844e+00 1.459879636764526367e+00
2.506186523437500000e+02 6.421149969100952148e-01 7.692845344543457031e+00 -3.457785844802856445e+00 -3.620039224624633789e+00 1.189016461372375488e+00
2.491483001708984375e+02 3.784751296043395996e-01 7.405322074890136719e+00 -1.511430740356445312e-01 5.886483192443847656e-01 1.687578082084655762e+00
2.466945343017578125e+02 3.122324347496032715e-01 6.972460269927978516e+00 -9.072935581207275391e-01 -6.462049484252929688e-01 1.456564903259277344e+00
