0.000000000000000000e+00 -2.039505690336227417e-01 1.317374706268310547e-01 0.000000000000000000e+00
7.128906250000000000e+00 -1.656834334135055542e-01 1.354897320270538330e-01 0.000000000000000000e+00
1.403906250000000000e+01 1.452480722218751907e-02 1.334012597799301147e-01 0.000000000000000000e+00
1.605859375000000000e+01 5.550970435142517090e-01 1.668148487806320190e-01 0.000000000000000000e+00
2.704296875000000000e+01 -1.484243869781494141e-01 1.571731120347976685e-01 0.000000000000000000e+00
3.203906250000000000e+01 -3.447290882468223572e-02 1.466146558523178101e-01 0.000000000000000000e+00
4.202734375000000000e+01 -2.946921586990356445e-01 1.381860673427581787e-01 0.000000000000000000e+00
5.796875000000000000e+01 -7.139955163002014160e-01 1.777253597974777222e-01 0.000000000000000000e+00
6.395703125000000000e+01 -6.313076615333557129e-01 1.328598409891128540e-01 0.000000000000000000e+00
2.721289062500000000e+02 -1.212004423141479492e+00 3.705979883670806885e-01 0.000000000000000000e+00
2.791679687500000000e+02 -5.966821312904357910e-01 2.979056537151336670e-02 0.000000000000000000e+00
2.831250000000000000e+02 -3.887883424758911133e-01 4.409842565655708313e-02 0.000000000000000000e+00
2.991289062500000000e+02 -5.567052960395812988e-01 4.830564185976982117e-02 0.000000000000000000e+00
3.030703125000000000e+02 -3.991720974445343018e-01 2.096932567656040192e-02 0.000000000000000000e+00
3.110507812500000000e+02 -8.391562700271606445e-01 4.916084557771682739e-02 0.000000000000000000e+00
3.150390625000000000e+02 -9.617653489112854004e-01 2.416126430034637451e-02 0.000000000000000000e+00
3.300625000000000000e+02 -8.280752301216125488e-01 1.231396570801734924e-01 0.000000000000000000e+00
3.379765625000000000e+02 -1.182353377342224121e+00 7.265953719615936279e-02 0.000000000000000000e+00
3.449687500000000000e+02 -1.725637316703796387e+00 1.626872271299362183e-02 0.000000000000000000e+00
3.519609375000000000e+02 -1.054841876029968262e+00 7.066991645842790604e-03 0.000000000000000000e+00
3.610976562500000000e+02 -1.464085698127746582e+00 2.418948896229267120e-02 0.000000000000000000e+00
3.649257812500000000e+02 -9.160166382789611816e-01 5.651260167360305786e-02 0.000000000000000000e+00
3.719296875000000000e+02 -1.637846112251281738e+00 5.432049930095672607e-02 0.000000000000000000e+00
3.810234375000000000e+02 -1.974020719528198242e+00 1.382499188184738159e-01 0.000000000000000000e+00
3.850195312500000000e+02 -1.763992309570312500e+00 1.056370064616203308e-01 0.000000000000000000e+00
3.890351562500000000e+02 -1.309559702873229980e+00 2.111539840698242188e-01 0.000000000000000000e+00
3.900234375000000000e+02 -1.847862839698791504e+00 5.206468328833580017e-02 0.000000000000000000e+00
3.959492187500000000e+02 -1.908999800682067871e+00 4.594038054347038269e-02 0.000000000000000000e+00
4.049296875000000000e+02 -2.412692070007324219e+00 1.418733894824981689e-01 0.000000000000000000e+00
4.119453125000000000e+02 -2.064912557601928711e+00 1.044847592711448669e-01 0.000000000000000000e+00
4.189257812500000000e+02 -2.034167289733886719e+00 1.075751483440399170e-01 0.000000000000000000e+00
4.259531250000000000e+02 -2.165854692459106445e+00 9.636134654283523560e-02 0.000000000000000000e+00
4.329218750000000000e+02 -2.211168050765991211e+00 1.437850892543792725e-01 0.000000000000000000e+00
6.262734375000000000e+02 -6.253946572542190552e-02 1.079986020922660828e-01 0.000000000000000000e+00
6.392851562500000000e+02 -7.789773941040039062e-01 1.537307649850845337e-01 0.000000000000000000e+00
6.592148437500000000e+02 -4.338635876774787903e-02 7.031749933958053589e-02 0.000000000000000000e+00
6.631796875000000000e+02 -4.574581682682037354e-01 5.035402625799179077e-02 0.000000000000000000e+00
6.681562500000000000e+02 -5.267752408981323242e-01 3.376621380448341370e-02 0.000000000000000000e+00
6.920273437500000000e+02 -6.836856603622436523e-01 3.588058054447174072e-02 0.000000000000000000e+00
6.961445312500000000e+02 -3.746066689491271973e-01 1.321782171726226807e-01 0.000000000000000000e+00
6.991132812500000000e+02 -1.227348685264587402e+00 1.118764951825141907e-01 0.000000000000000000e+00
7.090156250000000000e+02 -9.313657283782958984e-01 2.463166601955890656e-02 0.000000000000000000e+00
7.160781250000000000e+02 -1.140759706497192383e+00 3.907330334186553955e-02 0.000000000000000000e+00
7.230820312500000000e+02 -1.010799765586853027e+00 6.392128020524978638e-02 0.000000000000000000e+00
7.260820312500000000e+02 -9.075635671615600586e-01 4.158279299736022949e-02 0.000000000000000000e+00
7.370468750000000000e+02 -8.787544965744018555e-01 1.136892065405845642e-01 0.000000000000000000e+00
7.410859375000000000e+02 -9.667984843254089355e-01 1.012091413140296936e-01 0.000000000000000000e+00
7.479531250000000000e+02 -8.542709350585937500e-01 3.084242343902587891e-02 0.000000000000000000e+00
7.539414062500000000e+02 -2.796397805213928223e-01 1.509806066751480103e-01 0.000000000000000000e+00
7.549414062500000000e+02 -3.236831426620483398e-01 1.125707924365997314e-01 0.000000000000000000e+00
7.620390625000000000e+02 -4.521679878234863281e-01 2.381682395935058594e-01 0.000000000000000000e+00
7.689882812500000000e+02 -7.295168042182922363e-01 7.778503745794296265e-02 0.000000000000000000e+00
7.760000000000000000e+02 -8.334215879440307617e-01 9.788735210895538330e-02 0.000000000000000000e+00
7.809921875000000000e+02 -4.227605462074279785e-01 1.476366519927978516e-01 0.000000000000000000e+00
7.879804687500000000e+02 -4.684012234210968018e-01 2.391445934772491455e-01 0.000000000000000000e+00
9.892890625000000000e+02 1.263153910636901855e+00 1.328974068164825439e-01 0.000000000000000000e+00
9.942460937500000000e+02 1.248642563819885254e+00 1.326773017644882202e-01 0.000000000000000000e+00
1.012269531250000000e+03 1.369935750961303711e+00 7.827842980623245239e-02 0.000000000000000000e+00
1.019148437500000000e+03 1.093685984611511230e+00 1.539229154586791992e-01 0.000000000000000000e+00
1.023222656250000000e+03 1.410362005233764648e+00 1.122075617313385010e-01 0.000000000000000000e+00
1.035089843750000000e+03 1.395573377609252930e+00 2.093173116445541382e-01 0.000000000000000000e+00
1.039066406250000000e+03 1.822954893112182617e+00 1.536172330379486084e-01 0.000000000000000000e+00
1.040140625000000000e+03 1.433719635009765625e+00 3.636386692523956299e-01 0.000000000000000000e+00
1.048023437500000000e+03 1.203133702278137207e+00 1.551804691553115845e-01 0.000000000000000000e+00
1.054062500000000000e+03 1.363912940025329590e+00 1.899544335901737213e-02 0.000000000000000000e+00
1.063007812500000000e+03 9.568238258361816406e-01 1.835517436265945435e-01 0.000000000000000000e+00
1.067050781250000000e+03 1.104789018630981445e+00 1.439814716577529907e-01 0.000000000000000000e+00
1.075050781250000000e+03 1.347872614860534668e+00 1.446044296026229858e-01 0.000000000000000000e+00
1.081128906250000000e+03 1.311523914337158203e+00 1.338957995176315308e-01 0.000000000000000000e+00
1.091109375000000000e+03 1.313614606857299805e+00 2.921824343502521515e-02 0.000000000000000000e+00
1.101007812500000000e+03 6.759470105171203613e-01 1.234654784202575684e-01 0.000000000000000000e+00
1.108000000000000000e+03 6.847761869430541992e-01 1.005544215440750122e-01 0.000000000000000000e+00
1.120964843750000000e+03 3.971571326255798340e-01 1.069979369640350342e-01 0.000000000000000000e+00
1.129929687500000000e+03 1.554743051528930664e-01 8.788011968135833740e-02 0.000000000000000000e+00
1.136945312500000000e+03 2.220742255449295044e-01 7.127940654754638672e-02 0.000000000000000000e+00
1.351222656250000000e+03 1.600717067718505859e+00 2.098090387880802155e-02 0.000000000000000000e+00
1.362175781250000000e+03 1.743451952934265137e+00 4.171917214989662170e-02 0.000000000000000000e+00
1.369164062500000000e+03 1.829670310020446777e+00 4.443177953362464905e-02 0.000000000000000000e+00
1.373171875000000000e+03 1.927811026573181152e+00 7.126390933990478516e-02 0.000000000000000000e+00
1.379214843750000000e+03 1.816008806228637695e+00 4.223705455660820007e-02 0.000000000000000000e+00
1.389164062500000000e+03 1.394822359085083008e+00 9.240510314702987671e-02 0.000000000000000000e+00
1.396089843750000000e+03 1.499252200126647949e+00 2.694383636116981506e-02 0.000000000000000000e+00
1.402062500000000000e+03 1.430831551551818848e+00 1.436588168144226074e-02 0.000000000000000000e+00
1.407058593750000000e+03 1.418601393699645996e+00 3.475116565823554993e-02 0.000000000000000000e+00
1.417152343750000000e+03 1.200420260429382324e+00 1.366472542285919189e-01 0.000000000000000000e+00
1.422035156250000000e+03 1.905230045318603516e+00 2.232659421861171722e-02 0.000000000000000000e+00
1.424000000000000000e+03 1.369973659515380859e+00 6.622466444969177246e-02 0.000000000000000000e+00
1.430992187500000000e+03 1.312991857528686523e+00 2.921037748456001282e-02 0.000000000000000000e+00
1.437992187500000000e+03 7.508216500282287598e-01 1.341377198696136475e-01 0.000000000000000000e+00
1.445937500000000000e+03 8.213806748390197754e-01 6.329441908746957779e-03 0.000000000000000000e+00
1.450996093750000000e+03 2.035834789276123047e+00 1.198890879750251770e-01 0.000000000000000000e+00
1.451929687500000000e+03 2.446489810943603516e+00 4.742732644081115723e-02 0.000000000000000000e+00
1.452929687500000000e+03 7.760477662086486816e-01 1.189416646957397461e-02 0.000000000000000000e+00
1.456972656250000000e+03 1.271444559097290039e+00 2.400946989655494690e-02 0.000000000000000000e+00
1.461031250000000000e+03 7.651804089546203613e-01 6.897032260894775391e-02 0.000000000000000000e+00
1.474972656250000000e+03 7.571205496788024902e-01 6.626808643341064453e-02 0.000000000000000000e+00
1.481945312500000000e+03 6.362082958221435547e-01 4.283053427934646606e-02 0.000000000000000000e+00
1.491988281250000000e+03 9.189901947975158691e-01 1.134446039795875549e-01 0.000000000000000000e+00
1.505949218750000000e+03 5.923811197280883789e-01 9.353899955749511719e-02 0.000000000000000000e+00
1.513949218750000000e+03 1.038557887077331543e+00 2.603851258754730225e-01 0.000000000000000000e+00
1.517953125000000000e+03 8.136578798294067383e-01 1.989068537950515747e-01 0.000000000000000000e+00
1.722207031250000000e+03 2.304991893470287323e-02 1.066676825284957886e-01 0.000000000000000000e+00
1.727183593750000000e+03 -1.964317262172698975e-01 1.369408965110778809e-01 0.000000000000000000e+00
1.732257812500000000e+03 -5.172817111015319824e-01 2.160179466009140015e-01 0.000000000000000000e+00
1.735203125000000000e+03 8.164385557174682617e-01 2.018699198961257935e-01 0.000000000000000000e+00
1.746125000000000000e+03 -1.688511967658996582e-01 4.035263881087303162e-02 0.000000000000000000e+00
1.751132812500000000e+03 -1.261987686157226562e-01 4.887802526354789734e-02 0.000000000000000000e+00
1.757179687500000000e+03 -2.850020229816436768e-01 1.049709916114807129e-01 0.000000000000000000e+00
1.764078125000000000e+03 7.139137387275695801e-01 1.929275244474411011e-01 0.000000000000000000e+00
1.772152343750000000e+03 -3.348851203918457031e-01 1.673934906721115112e-01 0.000000000000000000e+00
1.776156250000000000e+03 -2.521325349807739258e-01 1.015674397349357605e-01 0.000000000000000000e+00
1.781144531250000000e+03 -3.016346096992492676e-01 8.291745930910110474e-02 0.000000000000000000e+00
1.788156250000000000e+03 -3.487175107002258301e-01 9.847969561815261841e-02 0.000000000000000000e+00
1.791175781250000000e+03 -4.554578661918640137e-01 7.294411957263946533e-02 0.000000000000000000e+00
1.793089843750000000e+03 -5.523750185966491699e-01 1.563612818717956543e-01 0.000000000000000000e+00
1.807078125000000000e+03 -8.247621655464172363e-01 9.244441241025924683e-02 0.000000000000000000e+00
1.812132812500000000e+03 -7.112063169479370117e-01 1.255530714988708496e-01 0.000000000000000000e+00
1.818074218750000000e+03 -5.634939074516296387e-01 1.182795912027359009e-01 0.000000000000000000e+00
1.829980468750000000e+03 -9.064412713050842285e-01 6.828203052282333374e-02 0.000000000000000000e+00
1.832007812500000000e+03 -8.746244907379150391e-01 8.584306389093399048e-02 0.000000000000000000e+00
1.836000000000000000e+03 -8.675354719161987305e-01 6.446769088506698608e-02 0.000000000000000000e+00
1.844039062500000000e+03 -9.792943000793457031e-01 1.144843101501464844e-01 0.000000000000000000e+00
1.848964843750000000e+03 -8.717619776725769043e-01 1.237190142273902893e-01 0.000000000000000000e+00
1.858929687500000000e+03 -9.811969399452209473e-01 8.499964326620101929e-02 0.000000000000000000e+00
1.865929687500000000e+03 -7.547819614410400391e-01 7.898876070976257324e-02 0.000000000000000000e+00
1.872925781250000000e+03 -9.742850065231323242e-01 1.598764806985855103e-01 0.000000000000000000e+00
2.108175781250000000e+03 -1.569592714309692383e+00 2.287480048835277557e-02 0.000000000000000000e+00
2.145121093750000000e+03 -7.931516766548156738e-01 3.939387947320938110e-02 0.000000000000000000e+00
2.167062500000000000e+03 -4.380266368389129639e-01 6.670891772955656052e-03 0.000000000000000000e+00
2.189046875000000000e+03 -1.228881254792213440e-01 1.041373703628778458e-02 0.000000000000000000e+00
2.193105468750000000e+03 7.050576806068420410e-01 3.274272382259368896e-01 0.000000000000000000e+00
2.204027343750000000e+03 2.322882413864135742e-01 2.389666438102722168e-01 0.000000000000000000e+00
3.335117187500000000e+02 2.668454349040985107e-01 3.706729114055633545e-01 1.000000000000000000e+00
3.635039062500000000e+02 -3.587979972362518311e-01 5.317774415016174316e-01 1.000000000000000000e+00
6.555820312500000000e+02 -5.817188024520874023e-01 1.080584168434143066e+00 1.000000000000000000e+00
7.184296875000000000e+02 -9.259251877665519714e-03 3.279451429843902588e-01 1.000000000000000000e+00
9.816445312500000000e+02 4.459237098693847656e+00 1.197253823280334473e+00 1.000000000000000000e+00
1.020550781250000000e+03 -2.143277406692504883e+00 5.216830372810363770e-01 1.000000000000000000e+00
1.021562500000000000e+03 -3.144404590129852295e-01 4.350840747356414795e-01 1.000000000000000000e+00
1.044597656250000000e+03 1.085984483361244202e-01 6.599962115287780762e-01 1.000000000000000000e+00
1.095339843750000000e+03 -2.770974636077880859e+00 4.210046827793121338e-01 1.000000000000000000e+00
1.394632812500000000e+03 3.050751611590385437e-02 6.872655153274536133e-01 1.000000000000000000e+00
1.402613281250000000e+03 4.148736000061035156e-01 3.155494332313537598e-01 1.000000000000000000e+00
1.429421875000000000e+03 -2.145528420805931091e-02 3.606924116611480713e-01 1.000000000000000000e+00
1.454449218750000000e+03 1.359578728675842285e+00 3.687470257282257080e-01 1.000000000000000000e+00
1.456437500000000000e+03 7.965949177742004395e-01 3.502498567104339600e-01 1.000000000000000000e+00
1.484414062500000000e+03 -1.522043108940124512e+00 3.902814984321594238e-01 1.000000000000000000e+00
1.723566406250000000e+03 -2.066214382648468018e-01 4.906992018222808838e-01 1.000000000000000000e+00
1.780507812500000000e+03 4.479191005229949951e-01 3.131959140300750732e-01 1.000000000000000000e+00
1.784531250000000000e+03 1.866755783557891846e-01 3.319351971149444580e-01 1.000000000000000000e+00
1.813375000000000000e+03 3.748620450496673584e-01 2.505932450294494629e-01 1.000000000000000000e+00
1.847351562500000000e+03 -5.125312134623527527e-02 5.635382533073425293e-01 1.000000000000000000e+00
2.133523437500000000e+03 -4.282533645629882812e+00 1.572473883628845215e+00 1.000000000000000000e+00
2.166507812500000000e+03 1.290033757686614990e-01 1.051560163497924805e+00 1.000000000000000000e+00
2.167500000000000000e+03 1.233265161514282227e+00 1.319458723068237305e+00 1.000000000000000000e+00
2.189460937500000000e+03 1.107073664665222168e+00 1.140627145767211914e+00 1.000000000000000000e+00
3.335117187500000000e+02 6.994677782058715820e-01 7.206292152404785156e+00 2.000000000000000000e+00
3.635039062500000000e+02 9.154745340347290039e-01 7.545347690582275391e+00 2.000000000000000000e+00
6.563945312500000000e+02 -1.615697860717773438e+00 5.001919269561767578e+00 2.000000000000000000e+00
7.184296875000000000e+02 -1.821000427007675171e-01 6.121057510375976562e+00 2.000000000000000000e+00
9.816445312500000000e+02 1.546112775802612305e+00 7.980735301971435547e+00 2.000000000000000000e+00
1.021058593750000000e+03 -3.044480085372924805e-01 6.014534950256347656e+00 2.000000000000000000e+00
1.044597656250000000e+03 2.931521534919738770e-01 6.811985969543457031e+00 2.000000000000000000e+00
1.095339843750000000e+03 7.699663639068603516e-01 7.296240806579589844e+00 2.000000000000000000e+00
1.400617187500000000e+03 -1.005394458770751953e+00 5.386817455291748047e+00 2.000000000000000000e+00
1.429421875000000000e+03 7.577913403511047363e-01 7.345673561096191406e+00 2.000000000000000000e+00
1.455441406250000000e+03 7.508107423782348633e-01 7.373275756835937500e+00 2.000000000000000000e+00
1.484414062500000000e+03 -1.067919611930847168e+00 5.304353713989257812e+00 2.000000000000000000e+00
1.723566406250000000e+03 5.455233901739120483e-02 6.764996528625488281e+00 2.000000000000000000e+00
1.782117187500000000e+03 7.949761748313903809e-01 7.301821231842041016e+00 2.000000000000000000e+00
1.813375000000000000e+03 6.156842112541198730e-01 6.949146270751953125e+00 2.000000000000000000e+00
1.847351562500000000e+03 -8.197294920682907104e-02 6.570799350738525391e+00 2.000000000000000000e+00
2.133523437500000000e+03 3.603096723556518555e+00 1.072093296051025391e+01 2.000000000000000000e+00
2.167003906250000000e+03 5.736857056617736816e-01 7.340373992919921875e+00 2.000000000000000000e+00
2.189460937500000000e+03 -7.540759444236755371e-01 5.999372959136962891e+00 2.000000000000000000e+00
