3.497100219726562500e+02 1.888789296150207520e+00 9.380834579467773438e+00 1.131845474243164062e+01 1.784666442871093750e+01 1.477359771728515625e+00
3.486056213378906250e+02 3.695312142372131348e-01 6.526190757751464844e+00 5.002140998840332031e-01 1.924269199371337891e+00 1.525310277938842773e+00
3.454990234375000000e+02 1.708290219306945801e+00 9.151271820068359375e+00 1.129561614990234375e+01 1.726969146728515625e+01 1.439448595046997070e+00
3.498929748535156250e+02 1.663152217864990234e+00 9.504887580871582031e+00 -1.544611072540283203e+01 -1.734602928161621094e+01 1.185209512710571289e+00
3.424829101562500000e+02 9.563937187194824219e-01 7.787549972534179688e+00 1.475853919982910156e+00 2.945599555969238281e+00 1.462231636047363281e+00
3.488405151367187500e+02 9.465087056159973145e-01 7.901181697845458984e+00 1.396694183349609375e+00 2.823731899261474609e+00 1.383601665496826172e+00
3.498829040527343750e+02 1.806329250335693359e+00 9.488755226135253906e+00 1.198376655578613281e+01 1.872670173645019531e+01 1.461682200431823730e+00
3.506783752441406250e+02 1.744137763977050781e+00 9.589351654052734375e+00 1.119311809539794922e+01 1.686309814453125000e+01 1.411231637001037598e+00
3.423888854980468750e+02 1.876971840858459473e+00 9.783897399902343750e+00 -1.677059555053710938e+01 -1.975931167602539062e+01 1.221803188323974609e+00
3.543771972656250000e+02 2.168871402740478516e+00 1.032783889770507812e+01 1.201395988464355469e+01 1.933154296875000000e+01 1.509478569030761719e+00
3.465256958007812500e+02 1.830213069915771484e+00 9.410117149353027344e+00 1.137991428375244141e+01 1.700507164001464844e+01 1.409548282623291016e+00
3.512593078613281250e+02 1.755008578300476074e+00 9.457698822021484375e+00 1.079930114746093750e+01 1.843937683105468750e+01 1.597987532615661621e+00
3.672381286621093750e+02 2.342396974563598633e-02 5.773070335388183594e+00 2.855348587036132812e-01 1.287693977355957031e+00 1.378744721412658691e+00
3.506157836914062500e+02 1.779971003532409668e+00 9.546811103820800781e+00 1.225404739379882812e+01 1.810956001281738281e+01 1.382814884185791016e+00
3.521262512207031250e+02 1.816192626953125000e+00 9.422045707702636719e+00 1.154587745666503906e+01 1.780639839172363281e+01 1.446052074432373047e+00
3.468730163574218750e+02 2.562588453292846680e+00 1.084076595306396484e+01 1.224065589904785156e+01 1.917106246948242188e+01 1.477419734001159668e+00
3.499083557128906250e+02 1.687067151069641113e+00 9.266098022460937500e+00 2.017204761505126953e+00 3.474516868591308594e+00 1.287966966629028320e+00
3.487036132812500000e+02 6.839084625244140625e-01 7.085432052612304688e+00 1.245319843292236328e+00 2.709507942199707031e+00 1.333589076995849609e+00
3.486627502441406250e+02 2.270222663879394531e+00 1.068955993652343750e+01 1.363304328918457031e+01 1.992159843444824219e+01 1.393045663833618164e+00
3.457129211425781250e+02 9.376842379570007324e-01 7.511409759521484375e+00 8.562469482421875000e-01 2.259573936462402344e+00 1.446603059768676758e+00
3.388648376464843750e+02 2.380485773086547852e+00 1.054158210754394531e+01 1.386505317687988281e+01 1.893665313720703125e+01 1.303396463394165039e+00
3.462726440429687500e+02 9.253544807434082031e-01 7.440852642059326172e+00 1.270976066589355469e+00 3.000826835632324219e+00 1.511791944503784180e+00
3.509017944335937500e+02 9.494081735610961914e-01 7.497515678405761719e+00 1.138231754302978516e+00 2.840094566345214844e+00 1.482266426086425781e+00
3.560631713867187500e+02 4.873443841934204102e-01 6.561890602111816406e+00 3.597116470336914062e-01 1.660127639770507812e+00 1.482952713966369629e+00
3.580049133300781250e+02 1.924982666969299316e+00 9.495781898498535156e+00 1.079056739807128906e+01 1.770619583129882812e+01 1.532438039779663086e+00
3.497963256835937500e+02 8.400155305862426758e-01 7.513706207275390625e+00 -3.972351551055908203e-01 5.424571037292480469e-01 1.506854891777038574e+00
3.485338134765625000e+02 7.472220063209533691e-01 7.330803871154785156e+00 -1.276636123657226562e-01 9.737992286682128906e-01 1.534391164779663086e+00
3.476692810058593750e+02 9.115884900093078613e-01 7.460457801818847656e+00 8.948564529418945312e-01 2.340419292449951172e+00 1.552649736404418945e+00
3.510397338867187500e+02 1.943308591842651367e+00 9.549452781677246094e+00 1.173103523254394531e+01 1.636408996582031250e+01 1.320285916328430176e+00
3.491228027343750000e+02 1.782863140106201172e+00 9.499710083007812500e+00 1.209351539611816406e+01 1.785852813720703125e+01 1.395397067070007324e+00
3.508273925781250000e+02 7.117122411727905273e-01 7.393994808197021484e+00 -2.082061767578125000e-01 7.272481918334960938e-01 1.402689218521118164e+00
3.493255615234375000e+02 3.341094255447387695e-01 6.394593715667724609e+00 4.159355163574218750e-01 1.819803714752197266e+00 1.661744117736816406e+00
3.520756225585937500e+02 2.304719924926757812e+00 1.031991577148437500e+01 1.314581871032714844e+01 1.923231506347656250e+01 1.379951834678649902e+00
3.501425170898437500e+02 1.788706421852111816e+00 9.530282020568847656e+00 1.046140480041503906e+01 1.853339385986328125e+01 1.661776304244995117e+00
3.484114074707031250e+02 1.782013773918151855e+00 9.565324783325195312e+00 1.111685276031494141e+01 1.835654449462890625e+01 1.548079371452331543e+00
3.536955871582031250e+02 8.370368480682373047e-01 7.196734905242919922e+00 6.624889373779296875e-01 2.237639427185058594e+00 1.412090182304382324e+00
3.516736755371093750e+02 1.809786438941955566e+00 9.537720680236816406e+00 1.222152900695800781e+01 1.822776794433593750e+01 1.407533884048461914e+00
3.521935119628906250e+02 1.875976204872131348e+00 9.486980438232421875e+00 1.135185241699218750e+01 1.773390769958496094e+01 1.463269710540771484e+00
3.478672485351562500e+02 1.956464290618896484e+00 9.728631973266601562e+00 -1.794080352783203125e+01 -1.960333633422851562e+01 1.140218496322631836e+00
3.522291870117187500e+02 1.904937624931335449e+00 9.480205535888671875e+00 1.208434581756591797e+01 1.828539085388183594e+01 1.429421782493591309e+00
3.517638549804687500e+02 8.659206628799438477e-01 7.644026756286621094e+00 4.559874534606933594e-01 1.749227046966552734e+00 1.528867959976196289e+00
3.537804260253906250e+02 8.870502114295959473e-01 7.341777324676513672e+00 -9.654510021209716797e-01 -2.008211612701416016e-01 1.145516633987426758e+00
3.479244384765625000e+02 1.020033240318298340e+00 7.870557785034179688e+00 3.013730049133300781e+00 5.612053871154785156e+00 1.462687492370605469e+00
3.519750671386718750e+02 1.943441271781921387e+00 9.433592796325683594e+00 1.204060363769531250e+01 1.737772750854492188e+01 1.349451780319213867e+00
3.544378356933593750e+02 1.874998092651367188e+00 9.694202423095703125e+00 1.133375167846679688e+01 1.716436767578125000e+01 1.407399296760559082e+00
3.477294006347656250e+02 8.025171756744384766e-01 7.285908699035644531e+00 2.023935317993164062e-01 1.577091217041015625e+00 1.659069538116455078e+00
3.522316589355468750e+02 1.854781746864318848e+00 9.471187591552734375e+00 1.051269054412841797e+01 1.726167678833007812e+01 1.516718149185180664e+00
3.441983337402343750e+02 2.328878879547119141e+00 1.013174629211425781e+01 1.200448513031005859e+01 1.899982452392578125e+01 1.494730949401855469e+00
3.481759643554687500e+02 9.129474759101867676e-01 7.667254447937011719e+00 8.858561515808105469e-01 2.342743873596191406e+00 1.442564010620117188e+00
3.486484680175781250e+02 1.862609505653381348e+00 9.523072242736816406e+00 1.172412395477294922e+01 1.815396881103515625e+01 1.447947025299072266e+00
3.500296020507812500e+02 8.804283738136291504e-01 7.485120296478271484e+00 -3.969824314117431641e-01 5.220150947570800781e-01 1.503665328025817871e+00
3.477192993164062500e+02 1.795743465423583984e+00 9.352499961853027344e+00 1.170974731445312500e+01 1.813373565673828125e+01 1.445698499679565430e+00
3.494702453613281250e+02 1.849189162254333496e+00 9.366374969482421875e+00 1.163236618041992188e+01 1.767996215820312500e+01 1.423344492912292480e+00
3.506440734863281250e+02 1.744976401329040527e+00 9.175010681152343750e+00 1.142511558532714844e+01 1.835198402404785156e+01 1.513356208801269531e+00
3.475050048828125000e+02 1.844289660453796387e+00 9.304610252380371094e+00 1.179115486145019531e+01 1.725978469848632812e+01 1.379953742027282715e+00
3.509461059570312500e+02 1.854108333587646484e+00 9.311971664428710938e+00 1.111098098754882812e+01 1.740266609191894531e+01 1.471913099288940430e+00
3.501673278808593750e+02 1.947580456733703613e+00 9.864291191101074219e+00 -1.741353034973144531e+01 -1.856165313720703125e+01 1.109242081642150879e+00
3.534758911132812500e+02 1.845467686653137207e+00 9.552322387695312500e+00 1.130403041839599609e+01 1.733445930480957031e+01 1.434267878532409668e+00
3.516783447265625000e+02 1.910013437271118164e+00 9.797092437744140625e+00 1.180262374877929688e+01 1.861535263061523438e+01 1.478986024856567383e+00
3.479955444335937500e+02 8.081024289131164551e-01 7.484639167785644531e+00 1.410076618194580078e+00 3.176310062408447266e+00 1.477242112159729004e+00
3.535702514648437500e+02 1.838509321212768555e+00 9.724090576171875000e+00 1.174985694885253906e+01 1.784366226196289062e+01 1.417216777801513672e+00
3.529078369140625000e+02 8.878074884414672852e-01 7.516499519348144531e+00 5.034089088439941406e-01 1.921257972717285156e+00 1.378579854965209961e+00
3.441707458496093750e+02 9.529485106468200684e-01 7.821207523345947266e+00 8.884477615356445312e-01 2.337267398834228516e+00 1.473934412002563477e+00
3.505633239746093750e+02 1.826383233070373535e+00 9.365679740905761719e+00 1.196355342864990234e+01 1.988536834716796875e+01 1.558193683624267578e+00
3.482736816406250000e+02 2.100017070770263672e+00 9.850294113159179688e+00 -1.577843475341796875e+01 -1.967596244812011719e+01 1.323213458061218262e+00
3.528957824707031250e+02 5.918784737586975098e-01 6.986064434051513672e+00 1.634666919708251953e+00 3.574681282043457031e+00 1.459279060363769531e+00
3.447704162597656250e+02 1.678715109825134277e+00 9.258445739746093750e+00 1.107046127319335938e+01 1.912894058227539062e+01 1.612407088279724121e+00
3.483957824707031250e+02 1.925171494483947754e+00 9.442850112915039062e+00 1.098290252685546875e+01 1.812455749511718750e+01 1.531465530395507812e+00
3.481983642578125000e+02 1.055560350418090820e+00 7.663706779479980469e+00 9.545135498046875000e-01 2.500815391540527344e+00 1.479245543479919434e+00
3.608458251953125000e+02 2.285539865493774414e+00 1.040911197662353516e+01 1.296049880981445312e+01 1.820024108886718750e+01 1.334081292152404785e+00
3.535917663574218750e+02 1.811756253242492676e+00 9.378314018249511719e+00 1.142829704284667969e+01 1.927204322814941406e+01 1.569485425949096680e+00
3.547371520996093750e+02 1.873639106750488281e+00 9.071667671203613281e+00 1.252636718750000000e+01 1.737456893920898438e+01 1.295347809791564941e+00
3.560315551757812500e+02 7.357950806617736816e-01 7.322865962982177734e+00 1.943182945251464844e+00 4.220290184020996094e+00 1.482399940490722656e+00
3.533193359375000000e+02 1.890678644180297852e+00 9.620438575744628906e+00 1.128381919860839844e+01 1.976020622253417969e+01 1.629083275794982910e+00
3.492593383789062500e+02 1.790556788444519043e+00 9.342950820922851562e+00 1.021060180664062500e+01 1.792783546447753906e+01 1.645842790603637695e+00
3.490165710449218750e+02 1.784807920455932617e+00 9.390793800354003906e+00 1.233957481384277344e+01 1.829653739929199219e+01 1.390158057212829590e+00
3.559689941406250000e+02 1.515844941139221191e+00 8.877274513244628906e+00 2.620227336883544922e+00 4.010417461395263672e+00 1.150555729866027832e+00
3.473777770996093750e+02 1.931460022926330566e+00 9.366064071655273438e+00 1.111282157897949219e+01 1.836482048034667969e+01 1.540635585784912109e+00
3.483265686035156250e+02 1.810638308525085449e+00 9.551631927490234375e+00 1.169320583343505859e+01 1.850710868835449219e+01 1.484744668006896973e+00
3.594125061035156250e+02 6.797932386398315430e-01 7.074503421783447266e+00 1.336145401000976562e+00 3.073205947875976562e+00 1.411079287528991699e+00
3.502451782226562500e+02 1.883942365646362305e+00 9.582525253295898438e+00 1.135081291198730469e+01 1.690666580200195312e+01 1.400032997131347656e+00
3.553593750000000000e+02 8.557792305946350098e-01 7.424758911132812500e+00 1.539213657379150391e+00 3.434190750122070312e+00 1.515804529190063477e+00
3.470587463378906250e+02 1.893977761268615723e+00 9.482692718505859375e+00 1.293025207519531250e+01 1.936675262451171875e+01 1.417102694511413574e+00
3.475035095214843750e+02 9.233614206314086914e-01 7.485680580139160156e+00 1.145358085632324219e+00 2.742028236389160156e+00 1.456518769264221191e+00
3.526674804687500000e+02 2.451048851013183594e+00 1.065421867370605469e+01 1.330067443847656250e+01 1.922944831848144531e+01 1.380904674530029297e+00
3.461884155273437500e+02 1.154089689254760742e+00 7.998869419097900391e+00 2.748813629150390625e+00 5.916240215301513672e+00 1.708981037139892578e+00
3.498410339355468750e+02 1.979157209396362305e+00 9.434869766235351562e+00 1.058173942565917969e+01 1.608114624023437500e+01 1.403793573379516602e+00
3.543771972656250000e+02 2.168871402740478516e+00 1.032783889770507812e+01 1.201395988464355469e+01 1.933154296875000000e+01 1.509478569030761719e+00
3.503275146484375000e+02 7.029823660850524902e-01 7.057115077972412109e+00 1.667780876159667969e+00 3.702719211578369141e+00 1.570072889328002930e+00
3.444516296386718750e+02 8.117423653602600098e-01 7.043740272521972656e+00 1.427078247070312500e-01 1.266016960144042969e+00 1.433304548263549805e+00
3.508184814453125000e+02 2.071053266525268555e+00 9.839369773864746094e+00 1.407566833496093750e+01 1.944058990478515625e+01 1.312666654586791992e+00
3.487228088378906250e+02 1.825284957885742188e+00 9.424573898315429688e+00 1.171402931213378906e+01 1.796071815490722656e+01 1.445735454559326172e+00
3.507541809082031250e+02 1.654563426971435547e+00 9.173577308654785156e+00 1.171976280212402344e+01 1.850614166259765625e+01 1.485273599624633789e+00
3.430114135742187500e+02 1.260114908218383789e+00 8.197951316833496094e+00 3.166043758392333984e+00 5.890238285064697266e+00 1.514120101928710938e+00
3.491120910644531250e+02 7.523316144943237305e-01 7.310171604156494141e+00 1.594424247741699219e-01 1.289811134338378906e+00 1.331710815429687500e+00
3.492510681152343750e+02 2.176689147949218750e+00 1.004380798339843750e+01 1.402806091308593750e+01 1.966267585754394531e+01 1.326179385185241699e+00
3.540350952148437500e+02 7.527412772178649902e-01 7.207667350769042969e+00 1.012513637542724609e+00 2.750446796417236328e+00 1.446188926696777344e+00
3.509534912109375000e+02 9.500989317893981934e-01 7.686108589172363281e+00 2.335033416748046875e+00 3.782036304473876953e+00 1.252432107925415039e+00
3.425544433593750000e+02 1.778284430503845215e+00 9.288249015808105469e+00 1.131281375885009766e+01 1.675887298583984375e+01 1.399296522140502930e+00
3.465084838867187500e+02 1.865465521812438965e+00 9.621131896972656250e+00 1.070662021636962891e+01 1.715353202819824219e+01 1.490446209907531738e+00
3.501141662597656250e+02 1.810882925987243652e+00 9.395106315612792969e+00 1.141925621032714844e+01 1.788785552978515625e+01 1.467146873474121094e+00
3.526465759277343750e+02 1.830105066299438477e+00 9.440710067749023438e+00 1.093790245056152344e+01 1.703373718261718750e+01 1.441089391708374023e+00
3.510709533691406250e+02 2.001869678497314453e+00 1.005317783355712891e+01 1.244504928588867188e+01 1.847202491760253906e+01 1.408025026321411133e+00
3.488075866699218750e+02 1.829364418983459473e+00 9.242568969726562500e+00 1.186813163757324219e+01 1.736937522888183594e+01 1.390906453132629395e+00
3.476340637207031250e+02 7.921198606491088867e-01 7.400911808013916016e+00 1.647186279296875000e+00 3.079292774200439453e+00 1.370291829109191895e+00
3.499770202636718750e+02 1.749893784523010254e+00 9.420940399169921875e+00 1.182462501525878906e+01 1.789329910278320312e+01 1.423578739166259766e+00
3.506430969238281250e+02 1.804325103759765625e+00 9.565906524658203125e+00 1.034484100341796875e+01 1.802116584777832031e+01 1.615548729896545410e+00
3.475455322265625000e+02 1.802489042282104492e+00 9.553653717041015625e+00 1.119578170776367188e+01 1.686213493347167969e+01 1.415911197662353516e+00
3.493008422851562500e+02 8.487275242805480957e-01 7.259048461914062500e+00 7.639050483703613281e-01 2.119460105895996094e+00 1.444017291069030762e+00
3.501101989746093750e+02 1.828815102577209473e+00 9.606121063232421875e+00 1.195344161987304688e+01 1.810305595397949219e+01 1.421194672584533691e+00
3.544918518066406250e+02 1.978345751762390137e+00 9.602680206298828125e+00 -1.524541568756103516e+01 -1.889985847473144531e+01 1.302344322204589844e+00
3.518168334960937500e+02 2.102015972137451172e+00 1.006871604919433594e+01 1.358025074005126953e+01 1.973759651184082031e+01 1.377520799636840820e+00
3.529550170898437500e+02 1.829569339752197266e+00 9.632850646972656250e+00 1.231143474578857422e+01 1.807019042968750000e+01 1.385856628417968750e+00
3.427140502929687500e+02 1.833433151245117188e+00 9.559089660644531250e+00 1.158078956604003906e+01 1.752027130126953125e+01 1.426282048225402832e+00
3.525251464843750000e+02 3.885589838027954102e-01 6.567600727081298828e+00 3.365373611450195312e-01 1.750969886779785156e+00 1.574367046356201172e+00
3.508616333007812500e+02 9.055660367012023926e-01 7.463481903076171875e+00 1.628327369689941406e+00 3.655946254730224609e+00 1.482053518295288086e+00
3.513986511230468750e+02 2.034571647644042969e+00 1.017994117736816406e+01 -1.661957359313964844e+01 -1.974085617065429688e+01 1.251872062683105469e+00
3.443955688476562500e+02 1.866310954093933105e+00 9.441349983215332031e+00 1.181532859802246094e+01 1.772693824768066406e+01 1.415857195854187012e+00
3.516818542480468750e+02 4.495622515678405762e-01 6.694784641265869141e+00 3.235054016113281250e-01 1.708674430847167969e+00 1.573412537574768066e+00
3.554492492675781250e+02 2.020808696746826172e+00 9.650487899780273438e+00 1.304002571105957031e+01 1.853055000305175781e+01 1.348548531532287598e+00
3.501026916503906250e+02 1.764600872993469238e+00 9.342897415161132812e+00 1.067535209655761719e+01 1.676754760742187500e+01 1.451556682586669922e+00
3.525761718750000000e+02 2.385213971138000488e-01 6.303854942321777344e+00 7.389426231384277344e-01 2.159640789031982422e+00 1.496490359306335449e+00
3.483497924804687500e+02 1.959699034690856934e+00 9.698887825012207031e+00 1.154710769653320312e+01 1.812936401367187500e+01 1.486234903335571289e+00
3.442679748535156250e+02 1.665116667747497559e+00 9.363230705261230469e+00 1.167153549194335938e+01 1.836773872375488281e+01 1.479213476181030273e+00
3.494944152832031250e+02 3.567905426025390625e-01 6.658307075500488281e+00 7.144093513488769531e-01 2.352907657623291016e+00 1.549319028854370117e+00
3.524546203613281250e+02 9.548571705818176270e-01 7.798748016357421875e+00 1.068825721740722656e+00 2.945499420166015625e+00 1.569620847702026367e+00
3.508399658203125000e+02 2.156938314437866211e+00 1.013830852508544922e+01 1.358948898315429688e+01 1.920985031127929688e+01 1.350813984870910645e+00
3.440756225585937500e+02 2.228242874145507812e+00 1.022509384155273438e+01 1.374083709716796875e+01 1.857929229736328125e+01 1.284026026725769043e+00
3.535574951171875000e+02 1.919620037078857422e+00 9.685333251953125000e+00 1.139387130737304688e+01 1.723356056213378906e+01 1.407900452613830566e+00
3.518376464843750000e+02 1.908366560935974121e+00 9.580230712890625000e+00 -1.672190284729003906e+01 -1.974628448486328125e+01 1.243512153625488281e+00
3.516537475585937500e+02 7.125721573829650879e-01 7.188932418823242188e+00 2.384338378906250000e+00 3.402221202850341797e+00 1.080726981163024902e+00
3.490789489746093750e+02 1.862237930297851562e+00 9.507333755493164062e+00 1.161409187316894531e+01 1.806266784667968750e+01 1.460109710693359375e+00
3.450260620117187500e+02 6.997406482696533203e-01 7.229793548583984375e+00 1.150181293487548828e+00 2.488980293273925781e+00 1.245398163795471191e+00
3.538056945800781250e+02 1.779186367988586426e+00 9.170804977416992188e+00 1.267105293273925781e+01 1.850674629211425781e+01 1.367424488067626953e+00
3.542129211425781250e+02 6.698247194290161133e-01 7.130774497985839844e+00 1.807026863098144531e+00 3.021361827850341797e+00 1.167096138000488281e+00
3.491451110839843750e+02 8.195540308952331543e-01 7.363451004028320312e+00 1.625659465789794922e+00 3.019793033599853516e+00 1.312038898468017578e+00
3.505120239257812500e+02 1.640119552612304688e+00 8.872123718261718750e+00 2.090759277343750000e+00 4.498188495635986328e+00 1.549234151840209961e+00
3.499785156250000000e+02 2.766160964965820312e-01 6.369676589965820312e+00 -2.320337295532226562e-01 7.795572280883789062e-01 1.449714899063110352e+00
3.569292297363281250e+02 7.517606616020202637e-01 7.490187644958496094e+00 1.171340942382812500e+00 2.748284339904785156e+00 1.372170686721801758e+00
3.472713928222656250e+02 2.016582489013671875e+00 9.595942497253417969e+00 1.075391769409179688e+01 1.828812599182128906e+01 1.604767799377441406e+00
3.522952575683593750e+02 8.811001777648925781e-01 7.217590332031250000e+00 8.860802650451660156e-01 2.181403636932373047e+00 1.362105131149291992e+00
3.505537414550781250e+02 8.017405867576599121e-01 7.414558410644531250e+00 7.108569145202636719e-01 2.384629249572753906e+00 1.703931093215942383e+00
3.488755493164062500e+02 1.782797694206237793e+00 9.290805816650390625e+00 9.433185577392578125e+00 1.827496528625488281e+01 1.796983361244201660e+00
3.515887451171875000e+02 9.751468300819396973e-01 7.695226192474365234e+00 1.357769966125488281e+00 2.634952068328857422e+00 1.227825999259948730e+00
3.549893493652343750e+02 1.714801192283630371e+00 9.451901435852050781e+00 1.141258716583251953e+01 1.830602645874023438e+01 1.508948922157287598e+00
3.521958618164062500e+02 1.748176097869873047e+00 9.271474838256835938e+00 1.204839229583740234e+01 1.878807067871093750e+01 1.465575814247131348e+00
3.513077392578125000e+02 1.775370121002197266e+00 9.325068473815917969e+00 1.116313457489013672e+01 1.794495773315429688e+01 1.513562083244323730e+00
3.471265258789062500e+02 1.747627139091491699e+00 9.420619964599609375e+00 1.171531486511230469e+01 1.873975944519042969e+01 1.518936634063720703e+00
3.466491088867187500e+02 1.779170274734497070e+00 9.343910217285156250e+00 1.072293090820312500e+01 1.751376342773437500e+01 1.532185196876525879e+00
3.502091979980468750e+02 6.075261235237121582e-01 6.717544555664062500e+00 -8.179426193237304688e-01 -1.926517486572265625e-01 1.241622686386108398e+00
3.548101806640625000e+02 6.899811625480651855e-01 7.378476142883300781e+00 1.541721820831298828e+00 3.336603641510009766e+00 1.444101929664611816e+00
3.506370544433593750e+02 1.855334639549255371e+00 9.465953826904296875e+00 1.180202293395996094e+01 1.733945083618164062e+01 1.378878951072692871e+00
3.544277343750000000e+02 1.038347721099853516e+00 7.564883232116699219e+00 1.043479442596435547e+00 2.550988197326660156e+00 1.421118497848510742e+00
3.445702209472656250e+02 1.722800970077514648e+00 9.398118019104003906e+00 1.083927917480468750e+01 1.914262962341308594e+01 1.663905501365661621e+00
3.480025634765625000e+02 2.350500583648681641e+00 1.033479881286621094e+01 1.320258140563964844e+01 1.954326629638671875e+01 1.406394958496093750e+00
3.504707946777343750e+02 1.974895715713500977e+00 9.727461814880371094e+00 1.197517585754394531e+01 1.715181541442871094e+01 1.350269436836242676e+00
3.494711303710937500e+02 1.850294232368469238e+00 9.483913421630859375e+00 1.104235172271728516e+01 1.793454742431640625e+01 1.524629116058349609e+00
3.626466979980468750e+02 7.833781838417053223e-01 7.324346542358398438e+00 1.704411506652832031e+00 3.323857784271240234e+00 1.344789981842041016e+00
3.550762023925781250e+02 1.755114078521728516e+00 9.469791412353515625e+00 1.177689075469970703e+01 1.887113952636718750e+01 1.486359238624572754e+00
3.453527526855468750e+02 1.761093616485595703e+00 9.454504966735839844e+00 1.172167587280273438e+01 1.737092781066894531e+01 1.397043704986572266e+00
3.507997131347656250e+02 2.058405876159667969e+00 9.855726242065429688e+00 -1.495377349853515625e+01 -1.803332328796386719e+01 1.273219466209411621e+00
3.501551818847656250e+02 7.426953315734863281e-01 7.175200462341308594e+00 1.532957553863525391e+00 3.655192852020263672e+00 1.621118068695068359e+00
3.410928955078125000e+02 1.774800777435302734e+00 9.558752059936523438e+00 1.188900470733642578e+01 1.835679817199707031e+01 1.455333828926086426e+00
3.453096618652343750e+02 1.947600841522216797e+00 9.511095046997070312e+00 1.150716590881347656e+01 1.737329864501953125e+01 1.425285100936889648e+00
3.496688537597656250e+02 1.734439611434936523e+00 9.125544548034667969e+00 1.145758819580078125e+01 1.834336471557617188e+01 1.502590179443359375e+00
3.526319885253906250e+02 2.280663251876831055e+00 1.048958015441894531e+01 1.407048034667968750e+01 1.947138786315917969e+01 1.313989162445068359e+00
3.529127807617187500e+02 6.795622110366821289e-01 7.287355899810791016e+00 1.344017982482910156e+00 2.898976802825927734e+00 1.370552778244018555e+00
3.482135009765625000e+02 2.636048793792724609e-01 6.396818161010742188e+00 9.408879280090332031e-01 2.409315109252929688e+00 1.453416347503662109e+00
3.505344543457031250e+02 1.080214858055114746e+00 7.993856906890869141e+00 2.687215805053710938e+00 3.940949440002441406e+00 1.150908708572387695e+00
3.585968627929687500e+02 9.487537145614624023e-01 7.562896728515625000e+00 -5.200529098510742188e-01 3.020834922790527344e-01 1.228241443634033203e+00
3.531068725585937500e+02 1.808319091796875000e+00 9.556003570556640625e+00 1.141436386108398438e+01 1.691937255859375000e+01 1.392667412757873535e+00
3.547211914062500000e+02 2.268382072448730469e+00 1.040977478027343750e+01 1.382260799407958984e+01 1.826398086547851562e+01 1.260094761848449707e+00
3.603288879394531250e+02 2.258286476135253906e+00 1.029154300689697266e+01 1.413810253143310547e+01 1.965772247314453125e+01 1.317436575889587402e+00
3.524190063476562500e+02 1.793470025062561035e+00 9.491054534912109375e+00 1.204226493835449219e+01 1.781448745727539062e+01 1.389495015144348145e+00
3.577985534667968750e+02 2.101231575012207031e+00 1.002063274383544922e+01 1.397552680969238281e+01 1.946623802185058594e+01 1.323923945426940918e+00
3.537671813964843750e+02 2.060225486755371094e+00 1.013072013854980469e+01 -1.664706802368164062e+01 -1.900354385375976562e+01 1.199876070022583008e+00
3.457473144531250000e+02 8.173083066940307617e-01 7.618962287902832031e+00 1.849780082702636719e+00 3.709416389465332031e+00 1.431240916252136230e+00
3.522339172363281250e+02 8.403089642524719238e-01 7.374978065490722656e+00 5.602955818176269531e-01 2.144482135772705078e+00 1.438112497329711914e+00
3.477818603515625000e+02 1.809631586074829102e+00 9.339683532714843750e+00 1.135585784912109375e+01 1.720527458190917969e+01 1.423157453536987305e+00
3.502571716308593750e+02 1.842512965202331543e+00 9.516628265380859375e+00 1.102728080749511719e+01 1.812290382385253906e+01 1.530966997146606445e+00
3.533045654296875000e+02 2.368559360504150391e+00 1.070183944702148438e+01 1.366362380981445312e+01 1.871076393127441406e+01 1.300111532211303711e+00
3.480287780761718750e+02 1.809567928314208984e+00 9.343777656555175781e+00 1.191985321044921875e+01 1.793262100219726562e+01 1.416976332664489746e+00
3.506894226074218750e+02 1.749119520187377930e+00 9.476833343505859375e+00 1.120712757110595703e+01 1.714836883544921875e+01 1.437621593475341797e+00
3.472052917480468750e+02 1.929526329040527344e+00 9.481859207153320312e+00 1.081240844726562500e+01 1.836234855651855469e+01 1.585041999816894531e+00
3.518470764160156250e+02 1.764804363250732422e+00 9.436771392822265625e+00 1.128789901733398438e+01 1.726994323730468750e+01 1.433194994926452637e+00
3.536285400390625000e+02 7.458383440971374512e-01 7.457288265228271484e+00 1.393218040466308594e+00 3.120629787445068359e+00 1.393055319786071777e+00
3.538885498046875000e+02 3.800551295280456543e-01 6.565259456634521484e+00 6.722688674926757812e-01 2.199313640594482422e+00 1.529858589172363281e+00
3.507627563476562500e+02 9.457617998123168945e-01 7.478300094604492188e+00 2.686436176300048828e+00 4.890863895416259766e+00 1.398381590843200684e+00
3.513208007812500000e+02 1.864753842353820801e+00 9.532298088073730469e+00 1.094168663024902344e+01 1.699013137817382812e+01 1.465958356857299805e+00
3.514184265136718750e+02 1.718547344207763672e+00 9.140855789184570312e+00 1.081405830383300781e+01 1.758822250366210938e+01 1.514392375946044922e+00
3.415289306640625000e+02 2.505604743957519531e+00 1.084577369689941406e+01 -1.536457824707031250e+01 -1.541488742828369141e+01 1.052658915519714355e+00
3.519763793945312500e+02 1.834860444068908691e+00 9.664067268371582031e+00 1.106891155242919922e+01 1.722783851623535156e+01 1.457649350166320801e+00
3.513306274414062500e+02 6.649954915046691895e-01 7.169972419738769531e+00 8.265614509582519531e-01 2.000846862792968750e+00 1.354212760925292969e+00
3.527017517089843750e+02 1.764925241470336914e+00 9.358470916748046875e+00 1.133368015289306641e+01 1.725804138183593750e+01 1.422538161277770996e+00
3.472534790039062500e+02 1.866479396820068359e+00 9.524991989135742188e+00 1.181116294860839844e+01 1.813999938964843750e+01 1.442197561264038086e+00
3.525333251953125000e+02 1.907572627067565918e+00 9.489743232727050781e+00 1.037667083740234375e+01 1.621960067749023438e+01 1.457951188087463379e+00
3.499531555175781250e+02 1.805539608001708984e+00 9.466794013977050781e+00 1.243243026733398438e+01 1.800481796264648438e+01 1.378955841064453125e+00
3.526712951660156250e+02 8.650294542312622070e-01 7.492172241210937500e+00 1.048250198364257812e+00 2.517142295837402344e+00 1.398770809173583984e+00
3.474445190429687500e+02 2.969421386718750000e+00 1.191089916229248047e+01 1.353017044067382812e+01 1.583415794372558594e+01 1.119136929512023926e+00
3.554611816406250000e+02 2.275247573852539062e+00 1.011941146850585938e+01 1.360756683349609375e+01 1.889251327514648438e+01 1.308570623397827148e+00
3.495570983886718750e+02 9.221742749214172363e-01 7.361098289489746094e+00 1.807329654693603516e+00 3.294737339019775391e+00 1.315591573715209961e+00
3.506325683593750000e+02 1.743570566177368164e+00 9.445704460144042969e+00 1.133911132812500000e+01 1.685157012939453125e+01 1.386495709419250488e+00
3.525749816894531250e+02 2.143895626068115234e+00 1.013059902191162109e+01 -1.720815277099609375e+01 -1.857041931152343750e+01 1.136814355850219727e+00
3.524920959472656250e+02 1.939756989479064941e+00 9.531892776489257812e+00 1.142493438720703125e+01 1.741237640380859375e+01 1.424418687820434570e+00
3.514353637695312500e+02 1.889902591705322266e+00 9.484119415283203125e+00 1.146014022827148438e+01 1.726051712036132812e+01 1.410394668579101562e+00
3.509971313476562500e+02 2.305489778518676758e+00 1.031500053405761719e+01 1.289717483520507812e+01 1.817594528198242188e+01 1.325579762458801270e+00
3.518228759765625000e+02 2.144136905670166016e+00 9.996261596679687500e+00 -1.724963569641113281e+01 -1.888772773742675781e+01 1.143354415893554688e+00
3.489871826171875000e+02 1.232616901397705078e+00 8.268464088439941406e+00 2.447452545166015625e+00 5.247886180877685547e+00 1.673243045806884766e+00
3.526211242675781250e+02 9.559955000877380371e-01 7.576069355010986328e+00 7.383298873901367188e-01 1.893529891967773438e+00 1.274312257766723633e+00
3.551515502929687500e+02 1.962630152702331543e+00 9.611852645874023438e+00 -1.702818870544433594e+01 -1.911583900451660156e+01 1.184233903884887695e+00
3.461834411621093750e+02 1.313484787940979004e+00 8.261138916015625000e+00 2.137808799743652344e+00 4.329683780670166016e+00 1.472797989845275879e+00
3.555664672851562500e+02 1.974766969680786133e+00 9.778825759887695312e+00 -1.791676712036132812e+01 -1.990856933593750000e+01 1.167084455490112305e+00
3.506129760742187500e+02 1.837969660758972168e+00 9.696754455566406250e+00 1.112799167633056641e+01 1.812191963195800781e+01 1.524214148521423340e+00
3.543179626464843750e+02 1.823170304298400879e+00 9.461006164550781250e+00 1.125038909912109375e+01 1.816984558105468750e+01 1.512346029281616211e+00
3.560172119140625000e+02 1.882491111755371094e+00 9.360201835632324219e+00 1.202740669250488281e+01 1.744539070129394531e+01 1.364969611167907715e+00
3.512941894531250000e+02 1.752955436706542969e+00 9.439470291137695312e+00 1.142877101898193359e+01 1.739354133605957031e+01 1.418470263481140137e+00
3.568914489746093750e+02 1.806726217269897461e+00 9.510725021362304688e+00 1.192968845367431641e+01 1.741608810424804688e+01 1.372157812118530273e+00
3.470520629882812500e+02 1.817001938819885254e+00 9.367811203002929688e+00 1.165692329406738281e+01 1.795635032653808594e+01 1.452493190765380859e+00
3.501230468750000000e+02 1.839583635330200195e+00 9.298799514770507812e+00 1.335584640502929688e+01 1.941826629638671875e+01 1.379273414611816406e+00
3.495199890136718750e+02 1.676748156547546387e+00 8.995597839355468750e+00 3.187735080718994141e+00 5.030739307403564453e+00 1.337765216827392578e+00
3.499450073242187500e+02 1.937019348144531250e+00 9.882160186767578125e+00 -1.553252124786376953e+01 -1.794761657714843750e+01 1.208676576614379883e+00
3.521786499023437500e+02 1.783879160881042480e+00 9.376268386840820312e+00 1.156020164489746094e+01 1.708681869506835938e+01 1.393452644348144531e+00
3.461878662109375000e+02 1.571598410606384277e+00 9.107500076293945312e+00 1.658024787902832031e+00 3.147919178009033203e+00 1.329613327980041504e+00
3.522054138183593750e+02 1.241940617561340332e+00 8.365110397338867188e+00 2.954983711242675781e+00 6.075234413146972656e+00 1.657919406890869141e+00
3.516772155761718750e+02 2.255373239517211914e+00 1.040716934204101562e+01 1.413803291320800781e+01 1.910933685302734375e+01 1.277426719665527344e+00
3.464164733886718750e+02 1.973896861076354980e+00 9.571739196777343750e+00 1.101657676696777344e+01 1.720153617858886719e+01 1.470113873481750488e+00
3.478010559082031250e+02 9.739135503768920898e-01 7.649943351745605469e+00 1.651825904846191406e+00 3.911037445068359375e+00 1.587482929229736328e+00
3.474928283691406250e+02 2.108757257461547852e+00 9.758157730102539062e+00 1.251091480255126953e+01 1.984873199462890625e+01 1.496219515800476074e+00
3.538364257812500000e+02 2.010720729827880859e+00 9.900525093078613281e+00 1.351122379302978516e+01 1.973972320556640625e+01 1.376746654510498047e+00
3.456318969726562500e+02 2.381141185760498047e+00 1.030889987945556641e+01 1.387229156494140625e+01 1.987647819519042969e+01 1.365326404571533203e+00
3.467835083007812500e+02 8.305965065956115723e-01 7.561213970184326172e+00 1.130175590515136719e+00 2.851791381835937500e+00 1.551877737045288086e+00
3.535844421386718750e+02 2.499513149261474609e+00 1.058592033386230469e+01 1.333886146545410156e+01 1.961616706848144531e+01 1.393446922302246094e+00
3.532780456542968750e+02 8.741598725318908691e-01 7.419550418853759766e+00 1.324460506439208984e+00 2.985556125640869141e+00 1.408747673034667969e+00
3.468748474121093750e+02 2.242431640625000000e+00 1.019337558746337891e+01 1.364401054382324219e+01 1.970570373535156250e+01 1.369203567504882812e+00
3.594090576171875000e+02 8.903956413269042969e-01 7.578054428100585938e+00 1.665577888488769531e+00 3.539776802062988281e+00 1.440998315811157227e+00
3.481763610839843750e+02 1.636280059814453125e+00 9.176649093627929688e+00 1.179915618896484375e+01 1.929960060119628906e+01 1.529309749603271484e+00
3.511967773437500000e+02 2.289263248443603516e+00 1.051474571228027344e+01 1.415878486633300781e+01 1.969440078735351562e+01 1.324613213539123535e+00
3.546636352539062500e+02 1.855568528175354004e+00 9.589147567749023438e+00 -1.788561058044433594e+01 -1.776035499572753906e+01 1.034493923187255859e+00
3.510360412597656250e+02 1.804613351821899414e+00 9.276472091674804688e+00 1.202760887145996094e+01 1.696776962280273438e+01 1.320301175117492676e+00
3.491680297851562500e+02 1.784581899642944336e+00 9.322960853576660156e+00 1.116668891906738281e+01 1.812905311584472656e+01 1.531038880348205566e+00
3.447210693359375000e+02 2.461184978485107422e+00 1.035283088684082031e+01 1.351961326599121094e+01 1.824432563781738281e+01 1.272892355918884277e+00
3.461915588378906250e+02 2.236333370208740234e+00 1.023409938812255859e+01 1.425545501708984375e+01 1.999791908264160156e+01 1.340772867202758789e+00
3.491458740234375000e+02 5.237500071525573730e-01 7.094278335571289062e+00 9.337186813354492188e-02 1.513226032257080078e+00 1.831539630889892578e+00
3.443308715820312500e+02 1.804619789123535156e+00 9.516996383666992188e+00 9.543535232543945312e+00 1.800012207031250000e+01 1.746719479560852051e+00
3.536282043457031250e+02 1.789334058761596680e+00 9.362360000610351562e+00 1.114084243774414062e+01 1.754982757568359375e+01 1.466027259826660156e+00
3.507697448730468750e+02 1.802981138229370117e+00 9.531249046325683594e+00 1.257794189453125000e+01 1.871400451660156250e+01 1.406457185745239258e+00
3.523603820800781250e+02 2.280903339385986328e+00 1.023417091369628906e+01 1.512518119812011719e+01 1.906059455871582031e+01 1.208047032356262207e+00
3.560729980468750000e+02 1.741269230842590332e+00 9.042681694030761719e+00 -1.816847991943359375e+01 -1.953281593322753906e+01 1.124843120574951172e+00
3.436674804687500000e+02 5.954720973968505859e-01 6.769111633300781250e+00 2.717971801757812500e-01 1.255643367767333984e+00 1.379473209381103516e+00
3.508284301757812500e+02 1.145906448364257812e+00 7.807844638824462891e+00 1.310145854949951172e+00 3.200926780700683594e+00 1.547643065452575684e+00
3.504273986816406250e+02 1.740802884101867676e+00 9.395103454589843750e+00 1.151893806457519531e+01 1.795971870422363281e+01 1.469728350639343262e+00
3.528394165039062500e+02 1.102563023567199707e+00 7.764599323272705078e+00 1.937417984008789062e+00 4.139902591705322266e+00 1.495381355285644531e+00
3.537594299316406250e+02 9.131967425346374512e-01 7.599322319030761719e+00 8.061575889587402344e-01 2.248086929321289062e+00 1.406936407089233398e+00
3.531704101562500000e+02 1.816632866859436035e+00 9.467700004577636719e+00 1.082699584960937500e+01 1.737174797058105469e+01 1.494100093841552734e+00
3.488673095703125000e+02 1.806840658187866211e+00 9.467116355895996094e+00 1.200489234924316406e+01 1.781464576721191406e+01 1.399783372879028320e+00
3.513779907226562500e+02 7.247678041458129883e-01 7.330230712890625000e+00 6.677079200744628906e-01 1.877598762512207031e+00 1.298619270324707031e+00
3.531283874511718750e+02 7.037503719329833984e-01 7.211971282958984375e+00 1.081938743591308594e+00 3.098566532135009766e+00 1.626050233840942383e+00
3.520621948242187500e+02 1.779891252517700195e+00 9.229511260986328125e+00 1.167165565490722656e+01 1.838981246948242188e+01 1.476186037063598633e+00
3.513804931640625000e+02 1.842213988304138184e+00 9.549392700195312500e+00 1.209851455688476562e+01 1.855250167846679688e+01 1.444287419319152832e+00
3.505823364257812500e+02 2.082624912261962891e+00 9.769596099853515625e+00 -1.548895931243896484e+01 -1.991400718688964844e+01 1.350372910499572754e+00
3.522714843750000000e+02 2.101468801498413086e+00 9.740828514099121094e+00 -1.737574386596679688e+01 -1.886912345886230469e+01 1.135868668556213379e+00
3.437669982910156250e+02 7.333818078041076660e-01 7.311792850494384766e+00 -1.829326152801513672e-01 1.170160770416259766e+00 1.698901653289794922e+00
3.482034301757812500e+02 8.378735184669494629e-01 7.231072425842285156e+00 1.460599899291992188e-01 1.100065708160400391e+00 1.289940953254699707e+00
3.426747436523437500e+02 2.024289131164550781e+00 9.613531112670898438e+00 1.035087108612060547e+01 1.821593093872070312e+01 1.659991264343261719e+00
3.486422424316406250e+02 1.951133489608764648e+00 9.393646240234375000e+00 -1.693356132507324219e+01 -1.924916648864746094e+01 1.191211462020874023e+00
3.513031005859375000e+02 1.708833813667297363e+00 9.356172561645507812e+00 1.245041847229003906e+01 1.801178741455078125e+01 1.352909684181213379e+00
3.449334411621093750e+02 7.411362528800964355e-01 7.392835617065429688e+00 9.609937667846679688e-02 1.238405704498291016e+00 1.450033307075500488e+00
3.566239624023437500e+02 2.220747470855712891e+00 1.036942386627197266e+01 1.395700263977050781e+01 1.951667404174804688e+01 1.322303295135498047e+00
3.566129150390625000e+02 1.634057760238647461e+00 9.168182373046875000e+00 1.210137844085693359e+01 1.908982467651367188e+01 1.476677656173706055e+00
3.553483581542968750e+02 1.787872433662414551e+00 9.400598526000976562e+00 1.048329162597656250e+01 1.806208038330078125e+01 1.589291572570800781e+00
3.544394531250000000e+02 1.906313419342041016e+00 9.437988281250000000e+00 1.260458183288574219e+01 1.863885879516601562e+01 1.391587138175964355e+00
3.496799011230468750e+02 1.773160696029663086e+00 9.358887672424316406e+00 1.184991073608398438e+01 1.907004356384277344e+01 1.516633510589599609e+00
3.510524902343750000e+02 1.842225074768066406e+00 9.378885269165039062e+00 1.132304382324218750e+01 1.711677551269531250e+01 1.419067859649658203e+00
3.532360534667968750e+02 7.568091154098510742e-01 7.128298282623291016e+00 1.357836723327636719e+00 2.701225280761718750e+00 1.308916807174682617e+00
3.500093383789062500e+02 2.182985305786132812e+00 1.029659557342529297e+01 1.316991615295410156e+01 1.972782897949218750e+01 1.424081802368164062e+00
3.524736022949218750e+02 1.452546596527099609e+00 8.701435089111328125e+00 1.485991477966308594e+00 3.405017852783203125e+00 1.462310552597045898e+00
3.472259826660156250e+02 1.854609727859497070e+00 9.469749450683593750e+00 1.106346130371093750e+01 1.828392219543457031e+01 1.540184497833251953e+00
3.506616210937500000e+02 1.788876295089721680e+00 9.263157844543457031e+00 1.214483070373535156e+01 1.604599380493164062e+01 1.241241216659545898e+00
3.490461730957031250e+02 5.995018482208251953e-01 6.663053512573242188e+00 1.970829963684082031e+00 4.257583618164062500e+00 1.561239957809448242e+00
3.509467163085937500e+02 1.812505483627319336e+00 9.479112625122070312e+00 1.145299434661865234e+01 1.841171264648437500e+01 1.516340255737304688e+00
3.503259887695312500e+02 7.874318957328796387e-01 7.246819972991943359e+00 -3.529381752014160156e-01 5.332922935485839844e-01 1.516131401062011719e+00
3.423255310058593750e+02 1.966738581657409668e+00 9.635940551757812500e+00 1.141493988037109375e+01 1.697401809692382812e+01 1.396091580390930176e+00
3.466004333496093750e+02 1.723519444465637207e+00 9.363164901733398438e+00 1.070204734802246094e+01 1.855286026000976562e+01 1.618216633796691895e+00
3.523722534179687500e+02 9.235312938690185547e-01 7.621144294738769531e+00 7.866621017456054688e-01 2.235774993896484375e+00 1.423748970031738281e+00
3.499515686035156250e+02 4.333157539367675781e-01 6.495724678039550781e+00 8.767890930175781250e-01 2.633023262023925781e+00 1.628292679786682129e+00
3.500803833007812500e+02 1.834342598915100098e+00 9.523942947387695312e+00 1.196520328521728516e+01 1.840267944335937500e+01 1.449841976165771484e+00
3.481018371582031250e+02 8.894504308700561523e-01 7.221504211425781250e+00 1.625189781188964844e+00 3.768582344055175781e+00 1.583502173423767090e+00
3.493839111328125000e+02 1.792981863021850586e+00 9.413314819335937500e+00 1.239528656005859375e+01 1.886231422424316406e+01 1.429180383682250977e+00
3.492158508300781250e+02 1.791852116584777832e+00 9.400226593017578125e+00 1.103856277465820312e+01 1.693573951721191406e+01 1.430394768714904785e+00
3.501696166992187500e+02 9.429029226303100586e-01 7.811199188232421875e+00 1.456954479217529297e+00 3.548521995544433594e+00 1.584768414497375488e+00
3.519653320312500000e+02 7.283177971839904785e-01 7.219779968261718750e+00 1.426281929016113281e+00 2.737851142883300781e+00 1.252814769744873047e+00
3.446116027832031250e+02 1.882436752319335938e+00 9.552412033081054688e+00 1.093126106262207031e+01 1.788314056396484375e+01 1.537002563476562500e+00
3.481661071777343750e+02 1.861965417861938477e+00 9.324293136596679688e+00 1.139035224914550781e+01 1.795152473449707031e+01 1.476265311241149902e+00
3.541652832031250000e+02 6.337883472442626953e-01 7.154944419860839844e+00 1.478128433227539062e+00 3.707520961761474609e+00 1.612708449363708496e+00
3.458528747558593750e+02 9.347575902938842773e-01 7.598667621612548828e+00 1.311364173889160156e+00 3.292181491851806641e+00 1.618657708168029785e+00
3.446536865234375000e+02 1.816789150238037109e+00 9.409209251403808594e+00 1.078994941711425781e+01 1.695887565612792969e+01 1.461199045181274414e+00
3.534750366210937500e+02 9.671048521995544434e-01 7.703574180603027344e+00 8.107876777648925781e-01 2.213470935821533203e+00 1.339515328407287598e+00
3.457684326171875000e+02 8.882355690002441406e-01 7.656353473663330078e+00 1.174435615539550781e+00 2.606699466705322266e+00 1.392886638641357422e+00
3.571826782226562500e+02 1.889377236366271973e+00 9.735927581787109375e+00 1.063699531555175781e+01 1.807779312133789062e+01 1.586092233657836914e+00
3.483067321777343750e+02 1.725796461105346680e+00 9.295197486877441406e+00 1.208444118499755859e+01 1.797323226928710938e+01 1.403539776802062988e+00
