4.283388061523437500e+02 2.794592380523681641e-01 4.558969497680664062e+00 -3.428783416748046875e-01 1.359861373901367188e+00 4.143537282943725586e-01
7.760404663085937500e+02 6.339979171752929688e-02 4.273615360260009766e+00 1.095581054687500000e-02 7.152156829833984375e-01 1.121465712785720825e-01
6.852399902343750000e+02 7.925069332122802734e-01 5.804094314575195312e+00 5.235519409179687500e-01 1.373252868652343750e+00 1.067745208740234375e+00
3.866879272460937500e+02 2.581841468811035156e+00 1.039379882812500000e+01 -9.313916206359863281e+00 -3.484466552734375000e+00 3.446413576602935791e-01
2.927086257934570312e+01 9.925651550292968750e-01 6.698743820190429688e+00 -8.850688934326171875e-01 -3.549255371093750000e+00 1.926045417785644531e+00
2.634259338378906250e+02 1.646492481231689453e-01 4.130766868591308594e+00 -1.203117370605468750e-01 1.357059478759765625e+00 3.633978366851806641e-01
4.336035766601562500e+02 5.638277530670166016e-01 5.795924663543701172e+00 -1.513462066650390625e-01 -1.363162994384765625e-01 2.365578114986419678e-01
2.200126953125000000e+02 7.755608558654785156e-01 5.644669055938720703e+00 -6.068038940429687500e-01 -2.067338943481445312e+00 4.010223746299743652e-01
6.653113403320312500e+02 2.148054122924804688e+00 9.218006134033203125e+00 -9.778553009033203125e+00 -1.567955303192138672e+01 1.564383268356323242e+00
2.819528198242187500e+02 8.579659461975097656e-02 4.989348411560058594e+00 1.382064819335937500e-02 -1.160091400146484375e+00 3.846768140792846680e-01
4.588638305664062500e+02 6.153051853179931641e-01 5.356631755828857422e+00 4.361228942871093750e-01 1.202047348022460938e+00 7.785417139530181885e-02
5.293304443359375000e+02 2.813501358032226562e-01 5.029475212097167969e+00 -8.118286132812500000e-01 1.026771545410156250e+00 2.723975479602813721e-01
3.257948303222656250e+02 1.695807218551635742e+00 8.146686553955078125e+00 -4.606290817260742188e+00 -3.845521926879882812e+00 1.051303505897521973e+00
2.544634857177734375e+02 2.260582447052001953e-01 4.627936363220214844e+00 -2.389526367187500000e-02 1.098287582397460938e+00 3.743101596832275391e+00
4.220851440429687500e+02 2.294712066650390625e-01 4.188112735748291016e+00 -1.525878906250000000e-05 -9.933528900146484375e-01 8.425138890743255615e-02
4.034284057617187500e+02 7.908272743225097656e-02 3.893129110336303711e+00 -3.553771972656250000e-02 1.203578948974609375e+00 2.230989634990692139e-01
4.458997802734375000e+02 4.737713336944580078e-01 5.281697273254394531e+00 2.185649871826171875e-01 1.380920410156250000e-01 1.423396766185760498e-01
3.412606811523437500e+02 2.170832157135009766e-01 4.851567745208740234e+00 8.588409423828125000e-02 1.073905944824218750e+00 1.125575676560401917e-01
2.767790832519531250e+02 1.005880832672119141e+00 5.941852569580078125e+00 1.981889724731445312e+00 2.050802230834960938e+00 1.064799785614013672e+00
2.994477844238281250e+02 3.291590213775634766e-01 4.671611309051513672e+00 1.923084259033203125e-01 -6.571197509765625000e-02 9.472332000732421875e-01
2.721420898437500000e+02 9.172387123107910156e-01 5.595970153808593750e+00 -1.315425872802734375e+00 -1.004436492919921875e+00 1.420969367027282715e+00
3.695468750000000000e+02 5.710172653198242188e-02 4.243429183959960938e+00 -3.027515411376953125e-01 8.250789642333984375e-01 3.325526118278503418e-01
2.716199035644531250e+02 1.358628273010253906e-02 3.990884304046630859e+00 7.940483093261718750e-02 5.429649353027343750e-01 1.444711089134216309e+00
3.370059814453125000e+02 1.497466564178466797e-01 4.272245883941650391e+00 4.607353210449218750e-01 1.438972473144531250e+00 4.829702377319335938e-01
2.274761657714843750e+02 7.288131713867187500e-01 5.690083503723144531e+00 1.533882141113281250e+00 1.413349151611328125e+00 1.547976970672607422e+00
2.413518371582031250e+02 5.112934112548828125e-02 4.311685085296630859e+00 5.681991577148437500e-02 -1.642990112304687500e-01 4.236997961997985840e-01
1.329691467285156250e+02 1.353771686553955078e-01 4.346045017242431641e+00 7.133483886718750000e-02 4.635086059570312500e-01 4.322869703173637390e-02
3.878053588867187500e+02 3.204209804534912109e-01 4.907808303833007812e+00 -5.256919860839843750e-01 1.743221282958984375e-01 7.407213747501373291e-02
2.085372619628906250e+02 6.113700866699218750e-01 5.596951961517333984e+00 7.490634918212890625e-01 -4.819030761718750000e-01 6.959393024444580078e-01
2.872198791503906250e+02 4.678380489349365234e-01 5.039203643798828125e+00 -1.863250732421875000e-01 1.445131301879882812e+00 1.698185205459594727e+00
5.724000244140625000e+02 1.478619575500488281e-01 4.591410160064697266e+00 1.109657287597656250e-01 3.511428833007812500e-03 7.904744148254394531e-01
3.951805419921875000e+02 1.984701156616210938e-01 4.773029804229736328e+00 1.771049499511718750e-01 1.022996902465820312e+00 1.350940942764282227e+00
3.704866943359375000e+02 2.716703414916992188e-01 4.694700241088867188e+00 1.304092407226562500e-01 1.948139190673828125e+00 1.574965596199035645e+00
2.397594146728515625e+02 8.169565200805664062e-01 6.003893852233886719e+00 3.297901153564453125e-01 -9.361267089843750000e-03 1.072359442710876465e+00
7.496005859375000000e+02 2.260937690734863281e-01 4.726618289947509766e+00 -2.157344818115234375e-01 -1.341659545898437500e+00 1.911239027976989746e+00
3.542877197265625000e+02 2.513325214385986328e-01 5.267514228820800781e+00 -1.968231201171875000e-01 1.672554016113281250e-01 1.396827459335327148e+00
4.824369812011718750e+02 5.597846508026123047e-01 5.689600944519042969e+00 -7.455825805664062500e-02 -2.824783325195312500e-01 5.659576654434204102e-01
1.496550903320312500e+02 4.716961383819580078e-01 5.028406143188476562e+00 -3.080005645751953125e-01 4.570007324218750000e-03 1.354380138218402863e-02
2.358864593505859375e+02 7.019236087799072266e-01 6.432802200317382812e+00 1.148132324218750000e+00 3.018247604370117188e+00 1.801156878471374512e+00
5.531116333007812500e+02 5.010950565338134766e-01 5.533946514129638672e+00 -2.885227203369140625e-01 3.547477722167968750e-01 7.619868516921997070e-01
4.194738464355468750e+02 3.036947250366210938e-01 4.700151443481445312e+00 -2.045822143554687500e-01 8.231124877929687500e-01 3.922814968973398209e-03
3.830590820312500000e+02 3.645620346069335938e-01 4.607593536376953125e+00 1.359844207763671875e-01 -1.175670623779296875e-01 9.281330108642578125e-01
4.623800354003906250e+02 1.336302757263183594e-01 4.346137046813964844e+00 9.161376953125000000e-02 -1.688917160034179688e+00 4.481357634067535400e-01
1.721297149658203125e+02 2.322432994842529297e-01 4.665472984313964844e+00 6.309680938720703125e-01 1.463737487792968750e-01 2.057327747344970703e+00
3.224900512695312500e+02 7.595086097717285156e-01 5.853381633758544922e+00 -1.455642700195312500e+00 -1.666343688964843750e+00 8.577677607536315918e-01
2.719216918945312500e+02 2.145648002624511719e-02 4.326794624328613281e+00 1.282768249511718750e-01 1.098289489746093750e-01 1.338335037231445312e+00
4.531165161132812500e+02 4.233729839324951172e-01 5.138999938964843750e+00 -7.816543579101562500e-01 2.621536254882812500e-01 1.261835813522338867e+00
5.444176025390625000e+02 1.011653661727905273e+00 6.653512954711914062e+00 1.972984313964843750e+00 -5.079917907714843750e-01 1.192635148763656616e-01
4.400789184570312500e+02 2.270364761352539062e-02 4.312548637390136719e+00 -2.136611938476562500e-02 -1.670341491699218750e-01 7.225553989410400391e-01
4.027296829223632812e+01 4.848601818084716797e-01 5.260598182678222656e+00 9.721946716308593750e-02 1.332426071166992188e+00 7.057334184646606445e-01
3.930519409179687500e+02 1.554780006408691406e-01 4.542712211608886719e+00 1.439838409423828125e-01 2.290515899658203125e-01 4.713356196880340576e-01
4.466495056152343750e+02 2.931399345397949219e-01 5.343905925750732422e+00 2.008056640625000000e-01 1.959136962890625000e+00 1.009427309036254883e-01
4.103551025390625000e+02 2.127904891967773438e-01 4.449234008789062500e+00 8.468151092529296875e-01 5.007953643798828125e-01 9.427577257156372070e-02
3.889815979003906250e+02 5.684719085693359375e-01 5.353731632232666016e+00 -8.255004882812500000e-03 1.553279876708984375e+00 1.056507587432861328e+00
2.002983391284942627e-01 4.802734851837158203e-01 4.810475349426269531e+00 -5.427627563476562500e-01 -6.499843597412109375e-01 7.049786448478698730e-01
3.590789184570312500e+02 1.971173286437988281e-01 4.836602210998535156e+00 1.724128723144531250e-01 2.066080093383789062e+00 1.563708633184432983e-01
1.222456741333007812e+01 1.234401464462280273e+00 7.667675495147705078e+00 -6.546039581298828125e-01 -4.252510070800781250e-01 4.055804610252380371e-01
5.144305419921875000e+02 2.935478687286376953e-01 4.997815132141113281e+00 -1.547775268554687500e-01 1.288206100463867188e+00 1.390652418136596680e+00
6.055618896484375000e+02 1.501798629760742188e-02 4.095403671264648438e+00 2.468833923339843750e-01 -1.387496948242187500e+00 1.466008901596069336e+00
3.639156799316406250e+02 1.870741844177246094e-01 4.676395893096923828e+00 3.810844421386718750e-01 8.147773742675781250e-01 1.068952798843383789e+00
3.335648498535156250e+02 1.021082162857055664e+00 6.196504116058349609e+00 1.339704513549804688e+00 1.019416809082031250e+00 1.049238562583923340e+00
2.515340576171875000e+02 1.653175354003906250e-01 4.683738708496093750e+00 1.590633392333984375e-01 -5.221176147460937500e-01 1.114350676536560059e+00
3.262952575683593750e+02 4.800963401794433594e-02 4.132407665252685547e+00 8.766555786132812500e-02 1.837947845458984375e+00 2.034174799919128418e-01
9.305794525146484375e+01 1.416704654693603516e-01 4.391674995422363281e+00 7.629127502441406250e-01 -8.412094116210937500e-01 3.701915740966796875e-01
1.796904296875000000e+02 1.644018650054931641e+00 7.738590717315673828e+00 5.758743286132812500e+00 3.881587982177734375e+00 3.982594013214111328e-01
5.292285156250000000e+02 2.267119884490966797e-01 4.613467216491699219e+00 -2.702331542968750000e-01 -8.295459747314453125e-01 4.779099822044372559e-01
5.429011154174804688e+01 5.241916179656982422e-01 5.646243095397949219e+00 1.525011062622070312e+00 2.896770477294921875e+00 1.831881761550903320e+00
1.103250732421875000e+02 6.322226524353027344e-01 5.477530002593994141e+00 -3.861465454101562500e-01 -1.004934310913085938e+00 1.872491836547851562e+00
3.974002075195312500e+02 3.189728260040283203e-01 5.058073520660400391e+00 1.660346984863281250e-02 -9.154319763183593750e-02 2.648782432079315186e-01
6.319492187500000000e+02 -1.717936992645263672e-01 3.841243267059326172e+00 7.182083129882812500e-01 1.637994766235351562e+00 2.229060232639312744e-01
5.225650024414062500e+02 6.987380981445312500e-02 4.286335468292236328e+00 5.023193359375000000e-01 -5.847339630126953125e-01 2.429247140884399414e+00
5.054314575195312500e+02 3.385097980499267578e+00 1.118232822418212891e+01 1.764990997314453125e+01 1.346366882324218750e+01 6.212700605392456055e-01
2.655761108398437500e+02 2.619295120239257812e-01 4.401286125183105469e+00 4.855690002441406250e-01 -9.762783050537109375e-01 1.717941641807556152e+00
3.723268127441406250e+02 6.993143558502197266e-01 5.844751358032226562e+00 -1.478944778442382812e+00 8.398818969726562500e-01 1.222218498587608337e-01
2.316140899658203125e+02 4.086527824401855469e-01 4.828977584838867188e+00 -8.488082885742187500e-02 -1.207305908203125000e+00 8.826657533645629883e-01
3.153359069824218750e+02 3.988356590270996094e-01 4.394824981689453125e+00 2.581596374511718750e-01 9.188194274902343750e-01 1.091991424560546875e+00
7.651409301757812500e+02 5.608134269714355469e-01 5.699466705322265625e+00 5.622901916503906250e-01 2.198905944824218750e-01 1.392138242721557617e+00
3.736293945312500000e+02 8.842985630035400391e-01 6.071439266204833984e+00 -2.267068862915039062e+00 -1.462770462036132812e+00 7.701914906501770020e-01
3.280973815917968750e+02 4.811224937438964844e-01 5.476181983947753906e+00 -2.510833740234375000e-02 -2.989311218261718750e-01 1.473333597183227539e+00
4.112530212402343750e+02 4.842932224273681641e-01 5.100534439086914062e+00 7.344608306884765625e-01 1.724067687988281250e+00 1.019734382629394531e+00
4.093066101074218750e+02 4.099550247192382812e-01 5.214908123016357422e+00 3.205871582031250000e-01 9.463672637939453125e-01 1.130615234375000000e+00
4.289818725585937500e+02 2.301442623138427734e-01 4.819127559661865234e+00 -1.741142272949218750e-01 -9.552803039550781250e-01 1.010047674179077148e+00
6.109555053710937500e+02 -2.542018890380859375e-03 4.146083354949951172e+00 -1.081924438476562500e-01 7.876873016357421875e-01 2.738365650177001953e+00
4.307823791503906250e+02 1.538078784942626953e-01 4.761469841003417969e+00 -6.122970581054687500e-02 -8.492660522460937500e-02 4.980342388153076172e-01
7.843919067382812500e+02 4.330134391784667969e-01 4.898025512695312500e+00 4.524765014648437500e-01 3.103706359863281250e+00 7.216278314590454102e-01
4.729090576171875000e+02 3.072261810302734375e-02 3.756794929504394531e+00 4.249763488769531250e-02 -3.023128509521484375e-01 7.740581631660461426e-01
9.070816040039062500e+01 1.269550323486328125e-01 5.144143104553222656e+00 4.668235778808593750e-01 1.700706481933593750e+00 1.800917148590087891e+00
2.819528198242187500e+02 8.579659461975097656e-02 4.989348411560058594e+00 1.382064819335937500e-02 -1.160091400146484375e+00 3.846768140792846680e-01
2.888360595703125000e+02 2.770831584930419922e-01 4.408104896545410156e+00 3.909473419189453125e-01 5.216598510742187500e-02 3.296821117401123047e-01
6.993937377929687500e+02 2.696862220764160156e-01 4.752190589904785156e+00 -4.600219726562500000e-01 -3.931274414062500000e-01 1.496734619140625000e+00
4.328041992187500000e+02 3.775691986083984375e-02 3.704341888427734375e+00 5.763626098632812500e-02 -1.210863113403320312e+00 1.237079128623008728e-01
2.020491180419921875e+02 2.731137275695800781e-01 4.603172302246093750e+00 3.182048797607421875e-01 1.753257751464843750e+00 8.799848556518554688e-01
2.226435394287109375e+02 3.463988304138183594e-01 4.832529067993164062e+00 1.376514434814453125e-01 -2.067386627197265625e+00 4.599407315254211426e-01
3.144755554199218750e+02 5.305085182189941406e-01 5.433252811431884766e+00 3.902053833007812500e-02 1.054458618164062500e-01 3.221815526485443115e-01
2.737791442871093750e+02 4.064393043518066406e-02 4.158710956573486328e+00 2.036094665527343750e-01 -1.063879013061523438e+00 3.976368606090545654e-01
3.892897033691406250e+02 -4.098749160766601562e-02 4.614337921142578125e+00 1.217861175537109375e-01 2.757301330566406250e-01 1.931578874588012695e+00
3.227643432617187500e+02 4.908084869384765625e-02 3.933093547821044922e+00 -7.082748413085937500e-02 -4.782600402832031250e-01 1.317901849746704102e+00
3.971332702636718750e+02 4.036059379577636719e-01 5.130672931671142578e+00 3.081607818603515625e-01 -7.104530334472656250e-01 3.175108432769775391e-01
7.887187957763671875e+01 8.226225376129150391e-01 5.946531295776367188e+00 -3.330383300781250000e-01 -1.013889312744140625e+00 1.793236613273620605e+00
5.604613037109375000e+02 2.139954566955566406e-01 4.404436111450195312e+00 7.936191558837890625e-01 -1.487735748291015625e+00 2.313060760498046875e-01
3.905899353027343750e+02 4.549112319946289062e-01 5.154325962066650391e+00 2.231178283691406250e-01 1.274442672729492188e+00 8.719764947891235352e-01
7.109509277343750000e+02 3.380153179168701172e-01 5.321096897125244141e+00 -7.630729675292968750e-01 -5.451927185058593750e-01 7.981510162353515625e-01
5.744595336914062500e+02 9.083833694458007812e-01 5.784826755523681641e+00 -1.010917663574218750e+00 1.186580657958984375e-01 2.920144470408558846e-04
2.154367256164550781e+01 8.432998657226562500e-01 5.940955162048339844e+00 -1.293466567993164062e+00 -1.398899078369140625e+00 1.348455905914306641e+00
2.758974914550781250e+02 3.110077381134033203e-01 4.847982883453369141e+00 6.015319824218750000e-01 9.108619689941406250e-01 1.553812265396118164e+00
3.787897949218750000e+02 5.500717163085937500e-01 5.350255012512207031e+00 2.289695739746093750e-01 1.621906280517578125e+00 3.666877448558807373e-01
4.137937927246093750e+02 1.693081855773925781e-02 3.789303302764892578e+00 1.416091918945312500e-01 5.162086486816406250e-01 2.654592514038085938e+00
3.733731079101562500e+02 3.579306602478027344e-02 3.533694028854370117e+00 7.398796081542968750e-02 -3.287754058837890625e-01 3.287145495414733887e-01
3.627402648925781250e+02 2.308807373046875000e-01 4.833672523498535156e+00 3.632469177246093750e-01 -3.846626281738281250e-01 1.371024735271930695e-02
3.936109924316406250e+02 5.594434738159179688e-01 5.548677921295166016e+00 2.097873687744140625e-01 -7.614860534667968750e-01 7.633061408996582031e-01
4.648430786132812500e+02 1.495599746704101562e-02 4.016180992126464844e+00 -5.309734344482421875e-01 8.339462280273437500e-01 7.300269007682800293e-01
3.151289062500000000e+02 3.721752166748046875e-01 4.563178539276123047e+00 2.815647125244140625e-01 2.299003601074218750e-01 3.090555779635906219e-02
1.048578357696533203e+01 1.357722282409667969e-01 4.630566120147705078e+00 7.155418395996093750e-02 6.000537872314453125e-01 2.442394256591796875e+00
6.866494750976562500e+02 6.458930969238281250e-01 5.059160232543945312e+00 6.559143066406250000e-01 7.735557556152343750e-01 7.231425046920776367e-01
2.661809692382812500e+02 1.211049556732177734e-01 4.322180747985839844e+00 -1.076240539550781250e-01 -2.101879119873046875e-01 1.043391823768615723e+00
3.741628417968750000e+02 3.295495510101318359e-01 4.980786323547363281e+00 3.988189697265625000e-01 6.139907836914062500e-01 8.373135328292846680e-02
7.642424316406250000e+02 6.745643615722656250e-01 6.165090560913085938e+00 -2.566017150878906250e+00 -2.931617736816406250e+00 1.295454740524291992e+00
5.761476440429687500e+02 5.656156539916992188e-01 5.233955383300781250e+00 8.992366790771484375e-01 2.396072387695312500e+00 1.249132633209228516e+00
3.708096618652343750e+02 2.209985256195068359e-01 4.612224578857421875e+00 -4.882431030273437500e-02 8.138656616210937500e-02 4.058425426483154297e-01
2.243391265869140625e+02 2.759194374084472656e-01 4.623570919036865234e+00 4.345111846923828125e-01 -1.068626403808593750e+00 2.500504016876220703e+00
6.273606872558593750e+01 2.404425144195556641e-01 5.036481380462646484e+00 -2.281532287597656250e-01 6.549072265625000000e-02 2.083399772644042969e+00
4.556499938964843750e+02 3.425216674804687500e-01 5.083363533020019531e+00 1.094264984130859375e-01 7.066440582275390625e-01 9.764072895050048828e-01
1.110567283630371094e+01 4.503064155578613281e-01 5.302942276000976562e+00 -9.719085693359375000e-02 1.171264648437500000e+00 4.630751162767410278e-02
2.733016357421875000e+02 1.451558828353881836e+00 7.290728569030761719e+00 -1.286165237426757812e+00 -1.195499420166015625e+00 1.974618315696716309e+00
2.957897338867187500e+02 1.628630161285400391e-01 4.524291515350341797e+00 -3.360366821289062500e-01 -9.090023040771484375e-01 5.047693252563476562e-01
3.835588378906250000e+02 3.314471244812011719e-01 4.642231941223144531e+00 1.662254333496093750e-01 -3.657245635986328125e-01 2.711558640003204346e-01
1.419976501464843750e+02 6.622900962829589844e-01 5.318040370941162109e+00 -7.398300170898437500e-01 -1.109304428100585938e+00 8.939095586538314819e-02
1.010256805419921875e+02 2.846989631652832031e-01 5.055541038513183594e+00 4.772262573242187500e-01 2.506366729736328125e+00 1.317000508308410645e+00
3.136423034667968750e+02 2.363734245300292969e-01 4.747045516967773438e+00 -5.021953582763671875e-01 1.236169815063476562e+00 1.365442395210266113e+00
3.381274795532226562e+01 4.649794101715087891e-01 5.142850399017333984e+00 7.258872985839843750e-01 1.773151397705078125e+00 2.149460792541503906e+00
2.800104980468750000e+02 7.556018829345703125e-01 5.675435066223144531e+00 6.590347290039062500e-01 1.888092041015625000e+00 2.752834931015968323e-02
4.041044311523437500e+02 2.633614540100097656e-01 5.144059181213378906e+00 5.874443054199218750e-02 2.049865722656250000e-01 8.522886037826538086e-01
3.202094421386718750e+02 5.599808692932128906e-01 5.744526386260986328e+00 -3.203754425048828125e-01 -1.249450683593750000e+00 2.602909803390502930e-01
3.912261657714843750e+02 8.018889427185058594e-01 5.707078456878662109e+00 -1.806970596313476562e+00 -8.856925964355468750e-01 1.153062656521797180e-01
7.254343261718750000e+02 5.244350433349609375e-01 5.189394950866699219e+00 -4.079208374023437500e-01 4.196262359619140625e-01 7.436572909355163574e-01
6.341627807617187500e+02 4.561758041381835938e-02 4.182327747344970703e+00 4.592742919921875000e-01 1.052780151367187500e+00 3.372450917959213257e-02
4.727389221191406250e+02 2.688002586364746094e-02 4.130773544311523438e+00 7.332801818847656250e-02 -9.152774810791015625e-01 1.047587275505065918e+00
3.234480285644531250e+02 1.369123458862304688e-01 4.430920600891113281e+00 9.827041625976562500e-02 4.456748962402343750e-01 6.316206455230712891e-01
1.745317840576171875e+02 3.015704154968261719e-01 5.170935153961181641e+00 5.487747192382812500e-01 -1.078014373779296875e+00 1.295888721942901611e-01
3.804353027343750000e+02 6.552145481109619141e-01 5.683921813964843750e+00 -6.883010864257812500e-01 -1.901367187500000000e+00 1.297857761383056641e+00
1.259181060791015625e+02 1.496901512145996094e-01 4.451436519622802734e+00 -4.908943176269531250e-01 -2.506103515625000000e-01 3.281807601451873779e-01
5.375478515625000000e+02 -1.490831375122070312e-03 4.013765335083007812e+00 1.984672546386718750e-01 -1.487014770507812500e+00 2.253125011920928955e-01
7.147886352539062500e+02 -6.870508193969726562e-03 4.725874900817871094e+00 -3.226394653320312500e-01 1.060514450073242188e+00 7.556604146957397461e-01
3.620665893554687500e+02 2.501893043518066406e-01 4.471663475036621094e+00 6.820869445800781250e-02 -7.205944061279296875e-01 9.397029876708984375e-01
4.198561096191406250e+01 1.407512664794921875e+00 7.701818943023681641e+00 -2.349037170410156250e+00 -2.569885253906250000e-01 1.159198135137557983e-01
4.767073669433593750e+02 4.613859653472900391e-01 5.198834419250488281e+00 2.967948913574218750e-01 1.166601181030273438e+00 1.420219898223876953e+00
4.557830200195312500e+02 6.077499389648437500e-01 5.491127014160156250e+00 -4.320278167724609375e-01 -1.008867263793945312e+00 6.895066052675247192e-02
4.026041870117187500e+02 -1.236205101013183594e-01 4.308081626892089844e+00 1.461524963378906250e-01 3.209436416625976562e+00 9.742255210876464844e-01
3.177966308593750000e+02 4.185411930084228516e-01 4.711631298065185547e+00 2.197723388671875000e-01 1.151725769042968750e+00 1.685927063226699829e-02
3.636582946777343750e+02 3.346037864685058594e-02 4.664113998413085938e+00 3.056106567382812500e-01 -2.478313446044921875e-01 2.065683156251907349e-01
2.265316467285156250e+02 2.295577526092529297e-01 4.742673873901367188e+00 4.485111236572265625e-01 -4.357395172119140625e-01 1.176249384880065918e+00
7.596621704101562500e+02 1.933808326721191406e-01 4.337882995605468750e+00 -3.001174926757812500e-01 9.950351715087890625e-01 1.646447777748107910e+00
2.678611755371093750e+02 9.253048896789550781e-02 4.350298881530761719e+00 2.787761688232421875e-01 1.748064041137695312e+00 2.387247323989868164e+00
4.205805664062500000e+02 2.105152130126953125e+00 8.572514533996582031e+00 6.439247131347656250e+00 2.757490158081054688e+00 3.293118178844451904e-01
3.901034240722656250e+02 -7.401406764984130859e-02 3.862387657165527344e+00 3.937911987304687500e-01 -2.096347808837890625e-01 1.103947401046752930e+00
5.771118164062500000e+02 1.456499099731445312e-03 3.839363336563110352e+00 1.173019409179687500e-01 -9.040565490722656250e-01 1.146825790405273438e+00
2.501957702636718750e+02 2.387328147888183594e-01 4.468562602996826172e+00 2.973937988281250000e-01 1.255208969116210938e+00 1.604868412017822266e+00
1.892101097106933594e+01 4.497699737548828125e-01 4.858730316162109375e+00 -5.704212188720703125e-01 -1.100440979003906250e+00 5.808516740798950195e-01
3.977482910156250000e+02 3.510387420654296875e+00 1.160583877563476562e+01 -1.220326232910156250e+01 -6.719589233398437500e+00 6.544576883316040039e-01
1.852634124755859375e+02 5.827758312225341797e-01 5.733321666717529297e+00 -1.431442260742187500e+00 7.651138305664062500e-01 1.253769993782043457e-01
5.144305419921875000e+02 2.935478687286376953e-01 4.997815132141113281e+00 -1.547775268554687500e-01 1.288206100463867188e+00 1.390652418136596680e+00
2.462071380615234375e+02 -8.867549896240234375e-02 4.016586780548095703e+00 1.446113586425781250e-01 -7.134037017822265625e-01 4.124029874801635742e-01
3.777359619140625000e+02 1.134936571121215820e+00 7.259435653686523438e+00 -2.448141098022460938e+00 -3.005035400390625000e+00 1.207819223403930664e+00
1.859638366699218750e+02 4.649477005004882812e-01 5.057218551635742188e+00 1.141614913940429688e+00 1.758584976196289062e+00 4.475269317626953125e-01
3.355881347656250000e+02 3.864428997039794922e-01 5.182287693023681641e+00 -5.411453247070312500e-01 -8.735389709472656250e-01 9.667981266975402832e-01
9.404203796386718750e+01 4.341669082641601562e-01 5.009768009185791016e+00 3.826332092285156250e-01 -6.353263854980468750e-01 1.103440642356872559e+00
8.989729309082031250e+01 8.460521697998046875e-02 4.213128566741943359e+00 -1.232318878173828125e-01 9.103012084960937500e-02 1.081163287162780762e+00
3.662684326171875000e+02 3.979942798614501953e-01 5.103552818298339844e+00 1.768913269042968750e-01 -7.590866088867187500e-02 6.844493150711059570e-01
2.534248657226562500e+02 3.807904720306396484e-01 4.960904121398925781e+00 -1.692924499511718750e-01 1.630266189575195312e+00 1.340476870536804199e+00
5.333626708984375000e+02 -1.256015300750732422e-01 4.157557487487792969e+00 -1.380882263183593750e-01 7.007675170898437500e-01 4.774304926395416260e-01
3.660059814453125000e+02 6.810050010681152344e-01 5.736647605895996094e+00 5.485706329345703125e-01 -2.708415985107421875e-01 7.135380506515502930e-01
2.812701110839843750e+02 9.398224353790283203e-01 6.390580177307128906e+00 -5.531311035156250000e-03 -4.011249542236328125e-01 1.425792574882507324e+00
6.012944335937500000e+02 7.233347892761230469e-01 6.094240665435791016e+00 6.597824096679687500e-01 1.834794998168945312e+00 1.388099193572998047e-01
4.534624633789062500e+02 5.891003608703613281e-01 5.657637119293212891e+00 2.078475952148437500e-01 1.145465850830078125e+00 6.715446114540100098e-01
3.516715393066406250e+02 9.279623031616210938e-01 6.682585239410400391e+00 -4.026184082031250000e-01 -5.108947753906250000e-01 3.430247604846954346e-01
5.104054870605468750e+02 4.649684429168701172e-01 4.643006801605224609e+00 3.647308349609375000e-01 2.863912582397460938e+00 1.859387040138244629e+00
4.121087036132812500e+02 1.824531555175781250e-01 4.858219623565673828e+00 -2.073078155517578125e-01 -1.114664077758789062e+00 2.532577812671661377e-01
3.914920043945312500e+02 1.562666893005371094e-01 4.554771900177001953e+00 -5.792579650878906250e-01 -4.588050842285156250e-01 7.435703277587890625e-01
3.444866027832031250e+02 -7.203102111816406250e-03 4.078286647796630859e+00 2.643222808837890625e-01 -1.406461715698242188e+00 7.817565202713012695e-01
3.424874877929687500e+02 3.842673301696777344e-01 5.216583728790283203e+00 5.865097045898437500e-03 -3.880577087402343750e-01 9.816470742225646973e-01
7.432691650390625000e+02 4.819908142089843750e-01 4.766175270080566406e+00 -5.525970458984375000e-02 1.019657135009765625e+00 2.851679325103759766e-01
2.902730102539062500e+02 7.674837112426757812e-02 3.977891206741333008e+00 -3.841323852539062500e-01 8.064460754394531250e-01 6.725171208381652832e-02
2.215381164550781250e+02 1.744399070739746094e-01 5.140066623687744141e+00 -7.209396362304687500e-02 -1.115165710449218750e+00 7.085996121168136597e-02
2.862275695800781250e+02 -4.751539230346679688e-02 3.722287654876708984e+00 1.575813293457031250e-01 1.637056350708007812e+00 2.630190610885620117e+00
9.906834602355957031e+00 4.040780067443847656e-01 5.031381607055664062e+00 7.418670654296875000e-01 1.237630844116210938e+00 4.102914035320281982e-01
3.961409912109375000e+02 2.761459350585937500e-01 4.621639251708984375e+00 2.806777954101562500e-01 -1.173856735229492188e+00 4.685967564582824707e-01
6.494630126953125000e+02 9.229040145874023438e-02 4.437350749969482422e+00 9.365844726562500000e-02 1.214580535888671875e+00 1.431185007095336914e+00
3.368266906738281250e+02 4.350404739379882812e-01 4.904409885406494141e+00 2.215499877929687500e-01 3.352336883544921875e-01 3.173784911632537842e-01
3.371437377929687500e+02 4.106392860412597656e-01 4.655043125152587891e+00 9.834671020507812500e-01 5.052986145019531250e-01 5.193353295326232910e-01
3.539815063476562500e+02 2.842340469360351562e-01 4.342682361602783203e+00 -2.951927185058593750e-01 4.574375152587890625e-01 1.246023774147033691e+00
1.340075988769531250e+02 1.930889129638671875e+00 8.759433746337890625e+00 6.024293899536132812e+00 8.411653518676757812e+00 1.330133199691772461e+00
2.654997253417968750e+02 1.642556190490722656e-01 4.241641998291015625e+00 5.374126434326171875e-01 2.471063613891601562e+00 9.119374155998229980e-01
4.025381164550781250e+02 3.104233741760253906e-01 5.055664062500000000e+00 -6.863021850585937500e-02 -2.761650085449218750e-02 1.012789249420166016e+00
3.801717529296875000e+02 2.988028526306152344e-02 4.438190460205078125e+00 6.891841888427734375e-01 1.375104904174804688e+00 8.351013064384460449e-01
4.215365905761718750e+02 -5.347943305969238281e-02 4.418879985809326172e+00 5.559310913085937500e-01 2.015419006347656250e-01 5.291242599487304688e-01
6.446870117187500000e+02 3.525257110595703125e-02 4.638519287109375000e+00 4.176998138427734375e-01 -3.876056671142578125e-01 2.828758358955383301e-01
3.819706726074218750e+02 8.964152336120605469e-01 6.436447143554687500e+00 -1.626222610473632812e+00 -1.910358428955078125e+00 1.099188208580017090e+00
4.236740112304687500e+02 1.694784164428710938e-01 4.246998786926269531e+00 2.393722534179687500e-03 7.804679870605468750e-02 2.894556224346160889e-01
4.583937988281250000e+02 3.227799415588378906e+00 1.099931144714355469e+01 -9.633425712585449219e+00 -1.279402160644531250e+01 1.497265219688415527e+00
3.859960021972656250e+02 7.225754261016845703e-01 5.867880344390869141e+00 5.231704711914062500e-01 7.845153808593750000e-01 2.199712038040161133e+00
5.484434814453125000e+02 4.341199398040771484e-01 5.280967712402343750e+00 4.356288909912109375e-01 7.123756408691406250e-02 1.867735236883163452e-01
1.800523223876953125e+02 6.798410415649414062e-02 4.573403835296630859e+00 2.701110839843750000e-01 1.587945938110351562e+00 2.558817386627197266e+00
5.866284179687500000e+02 4.934151172637939453e-01 5.520115852355957031e+00 1.114494323730468750e+00 2.204662322998046875e+00 2.636192321777343750e+00
1.145796279907226562e+02 3.356420993804931641e-01 5.001100540161132812e+00 1.874160766601562500e-02 -1.173263549804687500e+00 9.399878978729248047e-01
3.400392456054687500e+02 9.592270851135253906e-02 4.775477409362792969e+00 3.791275024414062500e-01 1.054161071777343750e+00 3.580437302589416504e-01
3.479567871093750000e+02 1.269528865814208984e-01 4.583714008331298828e+00 -3.711166381835937500e-01 9.685974121093750000e-01 1.074214100837707520e+00
7.026228637695312500e+02 -4.501199722290039062e-02 4.203011512756347656e+00 -2.916946411132812500e-01 -1.614074707031250000e+00 1.775660514831542969e+00
3.267268371582031250e+02 2.718045711517333984e-01 4.436986446380615234e+00 -1.683311462402343750e-01 6.310043334960937500e-01 2.474985718727111816e-01
3.747827148437500000e+02 2.703685760498046875e-01 4.840785980224609375e+00 3.065414428710937500e-01 9.486598968505859375e-01 2.402736097574234009e-01
1.056923599243164062e+02 2.234727382659912109e+00 8.742090225219726562e+00 -4.726516723632812500e+00 -4.535207748413085938e+00 9.920882582664489746e-01
3.830703125000000000e+02 1.827712059020996094e-01 4.129731178283691406e+00 2.935791015625000000e-01 1.284812927246093750e+00 1.400088548660278320e+00
2.762665405273437500e+02 3.420896530151367188e-01 4.295665740966796875e+00 -8.020820617675781250e-01 4.194049835205078125e-01 2.237243413925170898e+00
6.145864105224609375e+01 5.950360298156738281e-01 5.453470706939697266e+00 -7.212104797363281250e-01 -5.608234405517578125e-01 9.367884397506713867e-01
3.991431579589843750e+02 -1.032204627990722656e-01 3.605609416961669922e+00 1.374607086181640625e-01 -1.618757247924804688e+00 2.383428812026977539e-01
4.481551513671875000e+02 3.302073478698730469e-01 4.961121559143066406e+00 -8.427028656005859375e-01 1.275655746459960938e+00 1.669560670852661133e+00
2.659309387207031250e+02 5.807344913482666016e-01 5.710884571075439453e+00 -8.429985046386718750e-01 -5.213451385498046875e-01 8.240965604782104492e-01
2.925256729125976562e+01 5.566892623901367188e-01 5.335810184478759766e+00 -1.405521392822265625e+00 -1.845443725585937500e+00 2.035104334354400635e-01
5.776493072509765625e+01 2.052652835845947266e-01 4.384647846221923828e+00 6.826934814453125000e-01 4.948616027832031250e-02 1.494584083557128906e+00
5.100189819335937500e+02 2.670924663543701172e-01 5.242828845977783203e+00 7.019844055175781250e-01 1.178960800170898438e+00 9.378283023834228516e-01
4.581201477050781250e+02 2.606413364410400391e-01 5.400670528411865234e+00 -1.321182250976562500e-01 -8.280487060546875000e-01 7.095100879669189453e-01
2.304022979736328125e+02 1.372593402862548828e+00 7.121937274932861328e+00 -3.049697875976562500e-01 -2.002105712890625000e+00 2.390362024307250977e-01
2.307844848632812500e+02 5.373923778533935547e-01 5.298709869384765625e+00 4.415340423583984375e-01 -4.562244415283203125e-01 9.739174842834472656e-01
9.165285491943359375e+01 3.632905483245849609e-01 4.980632781982421875e+00 6.187820434570312500e-02 -1.446916580200195312e+00 3.274261653423309326e-01
2.483437042236328125e+02 -1.219773292541503906e-02 3.705229759216308594e+00 3.424835205078125000e-01 3.019161224365234375e-01 1.159078478813171387e+00
3.532305603027343750e+02 4.365947246551513672e-01 5.228961467742919922e+00 -7.354125976562500000e-01 -1.134883880615234375e+00 1.388649940490722656e+00
4.278170471191406250e+02 3.524720668792724609e-01 5.405096054077148438e+00 -2.926235198974609375e-01 -5.839729309082031250e-01 3.007248640060424805e-01
2.786528015136718750e+02 1.211357116699218750e-01 4.094381809234619141e+00 -8.335876464843750000e-02 -1.180727005004882812e+00 1.451854854822158813e-01
3.722510375976562500e+02 6.802699565887451172e-01 5.373788833618164062e+00 -1.164512634277343750e-01 2.020645141601562500e-02 6.949506998062133789e-01
3.743291625976562500e+02 -1.225619316101074219e-01 4.172666549682617188e+00 3.145942687988281250e-01 2.344745635986328125e+00 1.202380299568176270e+00
4.725831604003906250e+02 5.085577964782714844e-01 5.417320728302001953e+00 8.011226654052734375e-01 4.270401000976562500e-01 1.522235393524169922e+00
4.226295471191406250e+02 2.595067024230957031e-01 4.732229232788085938e+00 5.088977813720703125e-01 8.940906524658203125e-01 5.989192724227905273e-01
1.994012298583984375e+02 4.147729873657226562e-01 4.645002365112304688e+00 9.291076660156250000e-02 2.355308532714843750e-01 6.752949953079223633e-01
3.895766601562500000e+02 4.069161415100097656e-02 4.361869812011718750e+00 3.895187377929687500e-01 3.356552124023437500e-01 1.072710633277893066e+00
1.842947692871093750e+02 2.706503868103027344e-01 4.930259704589843750e+00 8.756904602050781250e-01 1.295890808105468750e+00 5.562078952789306641e-01
3.417131652832031250e+02 2.455654144287109375e-01 5.071580886840820312e+00 6.183071136474609375e-01 -1.727943420410156250e-01 3.164432644844055176e-01
3.138894042968750000e+02 1.131712436676025391e+00 6.482162475585937500e+00 1.828765869140625000e+00 2.240171432495117188e+00 9.333480000495910645e-01
3.370948028564453125e+01 2.148315906524658203e-01 4.754570960998535156e+00 7.925205230712890625e-01 1.456008911132812500e+00 1.338644623756408691e-01
7.092500610351562500e+02 1.780716896057128906e+00 7.663975238800048828e+00 2.229194641113281250e+00 8.432157516479492188e+00 2.650552272796630859e+00
3.293695068359375000e+02 4.949457645416259766e-01 4.817035198211669922e+00 -4.566268920898437500e-01 6.514701843261718750e-01 2.058002203702926636e-01
9.778224182128906250e+01 2.663383483886718750e-01 5.004433631896972656e+00 7.073898315429687500e-01 6.534576416015625000e-01 9.776711463928222656e-01
7.315582275390625000e+00 2.448111534118652344e+00 9.171495437622070312e+00 -8.974220275878906250e+00 -1.273836135864257812e+01 1.305101037025451660e+00
2.933750000000000000e+02 3.399085998535156250e-01 4.375988006591796875e+00 -3.044681549072265625e-01 1.450805664062500000e-01 1.862293004989624023e+00
6.111887207031250000e+02 -6.853628158569335938e-02 3.889747381210327148e+00 -6.729316711425781250e-02 7.893466949462890625e-01 2.093167543411254883e+00
4.487180175781250000e+02 8.738751411437988281e-01 5.700100898742675781e+00 -1.407659530639648438e+00 1.003358840942382812e+00 2.605568170547485352e-01
6.022709350585937500e+02 -1.783090829849243164e-01 4.165010452270507812e+00 1.971530914306640625e-01 5.482902526855468750e-01 9.429797530174255371e-01
3.493034667968750000e+02 3.024675846099853516e-01 5.141247272491455078e+00 3.796463012695312500e-01 -1.062322616577148438e+00 9.234002232551574707e-01
1.832136077880859375e+02 -2.565836906433105469e-02 4.137378692626953125e+00 2.517700195312500000e-02 1.240358352661132812e+00 4.232573032379150391e+00
5.454942703247070312e+00 1.901642322540283203e+00 8.601570129394531250e+00 4.035861968994140625e+00 9.649238586425781250e+00 2.653017282485961914e+00
7.971822509765625000e+02 1.090669631958007812e-02 3.752013683319091797e+00 1.928100585937500000e-01 1.192684173583984375e+00 1.360588669776916504e+00
3.371015319824218750e+02 7.715225219726562500e-04 4.550726890563964844e+00 3.409385681152343750e-02 4.395961761474609375e-01 6.440159678459167480e-01
3.266266784667968750e+02 4.740102291107177734e-01 5.147686481475830078e+00 9.062023162841796875e-01 2.461462020874023438e+00 1.309412598609924316e+00
4.322102050781250000e+02 3.720543384552001953e-01 5.163482666015625000e+00 -3.529739379882812500e-02 7.910556793212890625e-01 3.693709969520568848e-01
3.978461608886718750e+02 7.219386100769042969e-02 4.240120410919189453e+00 -1.470642089843750000e-01 -4.078693389892578125e-01 8.320513367652893066e-01
3.075658264160156250e+02 1.229486465454101562e-01 4.037910461425781250e+00 9.709167480468750000e-02 -1.737348556518554688e+00 1.962016671895980835e-01
4.223497314453125000e+02 3.856434822082519531e-01 4.883198738098144531e+00 4.211425781250000000e-02 8.642730712890625000e-01 2.020959377288818359e+00
5.082520141601562500e+02 3.193426132202148438e-02 3.992241144180297852e+00 -3.574752807617187500e-02 -3.829689025878906250e-01 4.565007686614990234e-01
3.367861022949218750e+02 7.322311401367187500e-02 4.360626220703125000e+00 5.496425628662109375e-01 -9.206104278564453125e-01 1.443628221750259399e-02
2.803334350585937500e+02 -1.743221282958984375e-02 4.207328796386718750e+00 3.871517181396484375e-01 -1.263160705566406250e-01 2.010054349899291992e+00
4.170365295410156250e+02 4.406661987304687500e-01 5.084527969360351562e+00 5.834217071533203125e-01 -1.329002380371093750e-01 7.983415722846984863e-01
2.172782135009765625e+02 1.779973506927490234e-01 4.968754291534423828e+00 6.052207946777343750e-01 8.266639709472656250e-02 5.788067579269409180e-01
3.882958068847656250e+02 1.870342731475830078e+00 8.348053932189941406e+00 -5.420752525329589844e+00 -9.453983306884765625e-01 2.799860239028930664e-01
6.362459659576416016e+00 6.772491931915283203e-01 6.005908966064453125e+00 9.903259277343750000e-01 1.644828796386718750e+00 1.429841279983520508e+00
3.776806030273437500e+02 -1.911854743957519531e-02 4.390864372253417969e+00 4.171333312988281250e-01 2.931632995605468750e-01 6.395405530929565430e-01
3.316882629394531250e+02 2.436912536621093750e+00 9.354976654052734375e+00 6.004407882690429688e+00 3.979330062866210938e+00 3.873766958713531494e-01
2.197948913574218750e+02 1.990581989288330078e+00 8.296316146850585938e+00 -1.376642227172851562e+00 2.027807235717773438e+00 6.805807352066040039e-03
9.883569335937500000e+01 1.984395980834960938e-01 4.058632850646972656e+00 1.687965393066406250e-01 -2.704238891601562500e-01 2.803575992584228516e+00
6.746632690429687500e+02 1.183526515960693359e-01 4.423608779907226562e+00 2.064132690429687500e-02 1.581314086914062500e+00 1.330684572458267212e-01
5.162781372070312500e+02 2.949185371398925781e-01 4.762856960296630859e+00 -4.068183898925781250e-02 -1.737752914428710938e+00 2.003177881240844727e+00
3.444287109375000000e+02 1.306682586669921875e+00 6.914474487304687500e+00 3.716592788696289062e+00 2.111141204833984375e+00 8.388017416000366211e-01
3.954721069335937500e+02 -2.273848056793212891e-01 4.547816276550292969e+00 7.735443115234375000e-02 -2.396087646484375000e-01 1.395006299018859863e+00
4.562005920410156250e+02 5.256342887878417969e-01 5.498142242431640625e+00 6.956825256347656250e-01 -1.292583465576171875e+00 1.919983029365539551e-01
3.489928894042968750e+02 3.131935596466064453e-01 5.199271678924560547e+00 4.724140167236328125e-01 -7.442493438720703125e-01 5.365278199315071106e-02
5.103630981445312500e+02 1.414995193481445312e-01 4.706629276275634766e+00 4.665470123291015625e-01 1.664035797119140625e+00 5.467852354049682617e-01
6.285471191406250000e+02 1.676063537597656250e-01 4.697009563446044922e+00 1.136474609375000000e-01 -2.269515991210937500e-01 1.154939770698547363e+00
3.706698608398437500e+02 4.713506698608398438e-01 4.925891876220703125e+00 -9.142303466796875000e-02 1.049556732177734375e+00 1.168874382972717285e+00
3.858063354492187500e+02 1.723160743713378906e-01 4.666155815124511719e+00 -5.245590209960937500e-02 -8.053932189941406250e-01 1.090405702590942383e+00
4.722472534179687500e+02 -1.602563858032226562e-01 4.230169296264648438e+00 3.716754913330078125e-01 8.945198059082031250e-01 7.530986070632934570e-01
3.595567321777343750e+02 1.788899898529052734e-01 4.124011993408203125e+00 -1.285896301269531250e-01 2.454540252685546875e+00 1.527018785476684570e+00
1.380531005859375000e+02 1.538655757904052734e-01 4.668920516967773438e+00 -6.241016387939453125e-01 1.335926055908203125e-01 8.652058243751525879e-01
5.764519042968750000e+02 3.462505340576171875e-02 4.466882705688476562e+00 -2.425804138183593750e-01 -1.283273696899414062e+00 1.545976996421813965e+00
5.511604003906250000e+02 4.087901115417480469e-02 4.218257904052734375e+00 2.313594818115234375e-01 3.029594421386718750e-01 3.308386206626892090e-01
4.021530151367187500e+02 6.672046184539794922e-01 5.157157421112060547e+00 -4.680938720703125000e-01 -2.560634613037109375e-01 3.663448691368103027e-01
4.064569396972656250e+02 4.079258441925048828e-01 5.395016193389892578e+00 1.320877075195312500e+00 5.897865295410156250e-01 3.471604585647583008e-01
3.418366699218750000e+02 1.706643104553222656e-01 4.468558311462402344e+00 -1.312465667724609375e-01 1.924037933349609375e-01 2.220271676778793335e-01
3.625195007324218750e+02 9.166193008422851562e-02 4.597274303436279297e+00 2.118186950683593750e-01 -1.287345886230468750e-01 1.346732616424560547e+00
4.541816711425781250e+02 2.895495891571044922e-01 4.817141532897949219e+00 2.186660766601562500e-01 1.145172119140625000e-02 1.640406727790832520e+00
2.563036804199218750e+02 1.145179271697998047e-01 4.639213085174560547e+00 -3.596172332763671875e-01 3.976745605468750000e-01 1.492958784103393555e+00
6.913764648437500000e+02 2.198457717895507812e-01 3.958255290985107422e+00 2.081184387207031250e-01 -4.389991760253906250e-01 1.707094013690948486e-01
4.389893493652343750e+02 5.824041366577148438e-01 5.378149032592773438e+00 -3.767414093017578125e-01 -1.394958496093750000e-01 5.856418609619140625e-01
5.459843139648437500e+02 1.419827938079833984e-01 4.192742347717285156e+00 4.915046691894531250e-02 -7.178592681884765625e-01 6.102287769317626953e-01
5.921891479492187500e+02 1.561114788055419922e-01 4.453597068786621094e+00 2.320575714111328125e-01 1.495798110961914062e+00 1.034698605537414551e+00
3.272645568847656250e+02 -1.165947914123535156e-01 3.593698978424072266e+00 -2.240009307861328125e-01 5.851535797119140625e-01 7.004847526550292969e-01
3.444182739257812500e+02 6.939649581909179688e-01 5.715586662292480469e+00 3.558254241943359375e-01 -1.918983459472656250e-02 3.962797224521636963e-01
4.032341003417968750e+02 5.230674743652343750e-01 5.406009197235107422e+00 4.956550598144531250e-01 5.329437255859375000e-01 4.543655812740325928e-01
5.642977905273437500e+02 -5.782139301300048828e-02 4.078803062438964844e+00 2.560272216796875000e-01 1.093519210815429688e+00 5.245637148618698120e-03
3.915123901367187500e+02 8.719253540039062500e-02 4.613114356994628906e+00 1.095571517944335938e+00 8.606929779052734375e-01 3.692494332790374756e-01
5.526763916015625000e+02 2.716052532196044922e-01 4.899724483489990234e+00 -6.788825988769531250e-02 5.371437072753906250e-01 3.298630714416503906e-01
3.212591552734375000e+02 2.632880210876464844e-01 4.422331809997558594e+00 4.205055236816406250e-01 -2.735576629638671875e-01 3.290879130363464355e-01
3.700169372558593750e+02 9.318892955780029297e-01 6.701720237731933594e+00 -1.112062454223632812e+00 -1.441667556762695312e+00 1.688562035560607910e+00
3.391919250488281250e+02 3.352231979370117188e-01 5.199697494506835938e+00 7.430229187011718750e-01 2.171531677246093750e+00 8.893316388130187988e-01
