1.676408386230468750e+02	4.584550781250000000e+02	1.608054809570312500e+02	5.605540771484375000e+02	1.474535675048828125e+02	1.020398101806640625e+02
7.392323303222656250e+01	4.881615295410156250e+02	1.467059631347656250e+02	2.094592285156250000e+02	1.567189636230468750e+02	1.446718597412109375e+02
6.657318115234375000e+01	5.126375732421875000e+02	1.327186431884765625e+02	2.048886718750000000e+02	8.550352478027343750e+01	1.614314117431640625e+02
6.552787017822265625e+01	5.685520019531250000e+02	1.979249572753906250e+02	1.769102478027343750e+02	1.261966705322265625e+02	1.320248718261718750e+02
1.187413787841796875e+02	3.187397384643554688e+01	1.000190734863281250e+02	1.834118499755859375e+02	1.705135040283203125e+02	5.430117797851562500e+02
1.253776321411132812e+02	2.431284637451171875e+02	1.434427185058593750e+02	1.764640655517578125e+02	1.756423034667968750e+02	7.778208007812500000e+02
1.060434722900390625e+02	1.807721138000488281e+00	1.623517456054687500e+02	7.216942138671875000e+02	1.325511627197265625e+02	5.225607910156250000e+02
1.181546096801757812e+02	5.364435424804687500e+02	1.693349456787109375e+02	1.508598632812500000e+02	1.845300750732421875e+02	7.984437255859375000e+02
1.968256683349609375e+02	5.770689086914062500e+02	1.562736816406250000e+02	6.236315917968750000e+01	1.722077789306640625e+02	1.194426040649414062e+02
6.836058044433593750e+01	5.091170349121093750e+02	1.604995422363281250e+02	1.319464874267578125e+02	1.238949890136718750e+02	1.328240509033203125e+02
1.140646133422851562e+02	3.246565628051757812e+01	1.198373947143554688e+02	1.816652488708496094e+01	1.646930236816406250e+02	1.432813415527343750e+02
6.833932495117187500e+01	5.204274902343750000e+02	1.296078491210937500e+02	1.618435668945312500e+02	1.520927124023437500e+02	1.754365234375000000e+02
1.086412200927734375e+02	4.230554199218750000e+02	1.390490112304687500e+02	1.863831481933593750e+02	1.817448120117187500e+02	1.131148834228515625e+02
6.719355010986328125e+01	5.625404052734375000e+02	1.906378936767578125e+02	1.364552307128906250e+02	1.763332977294921875e+02	1.391941680908203125e+02
7.413920593261718750e+01	6.062795410156250000e+02	1.203617553710937500e+02	1.630726013183593750e+02	1.922770690917968750e+02	7.813863525390625000e+02
1.744136962890625000e+02	5.490177612304687500e+02	1.129357910156250000e+02	1.555198669433593750e+02	1.617117004394531250e+02	7.842999877929687500e+02
1.250718078613281250e+02	6.306867065429687500e+02	1.722087249755859375e+02	5.251171875000000000e+02	1.630802154541015625e+02	1.383304138183593750e+02
5.314899826049804688e+01	5.893409423828125000e+02	1.114169158935546875e+02	5.087382202148437500e+02	1.277041168212890625e+02	1.268858337402343750e+02
1.208178634643554688e+02	3.734840698242187500e+02	1.764636230468750000e+02	1.914394073486328125e+02	1.589697265625000000e+02	1.169655303955078125e+02
8.876676177978515625e+01	6.278115463256835938e+01	1.253944549560546875e+02	2.210207519531250000e+02	1.351648254394531250e+02	1.472957000732421875e+02
1.840291442871093750e+02	6.258488845825195312e+01	2.167756500244140625e+02	1.205221862792968750e+02	1.281324920654296875e+02	1.268640670776367188e+02
6.599080657958984375e+01	5.698524169921875000e+02	1.990468139648437500e+02	1.095769500732421875e+02	1.915649719238281250e+02	1.123127822875976562e+02
9.313568115234375000e+01	6.397664794921875000e+02	1.602601318359375000e+02	4.172770385742187500e+02	1.486037445068359375e+02	1.282023010253906250e+02
2.150352478027343750e+02	2.777954711914062500e+02	1.188776626586914062e+02	6.118084716796875000e+02	2.057973632812500000e+02	1.129812622070312500e+02
1.819440307617187500e+02	4.020124816894531250e+02	1.009888992309570312e+02	1.336236419677734375e+02	9.812876892089843750e+01	1.432580566406250000e+02
1.119473342895507812e+02	3.592810974121093750e+02	1.896704406738281250e+02	2.484009246826171875e+02	1.901117248535156250e+02	1.609890289306640625e+02
1.881227111816406250e+02	6.806729125976562500e+02	1.591805267333984375e+02	4.640473022460937500e+02	1.236359481811523438e+02	1.670587158203125000e+02
9.369944763183593750e+01	5.998022460937500000e+02	1.914018554687500000e+02	1.346585845947265625e+02	1.436258392333984375e+02	1.142029037475585938e+02
2.020877838134765625e+02	5.855786743164062500e+02	2.067695159912109375e+02	1.476427764892578125e+02	1.431113891601562500e+02	1.452731170654296875e+02
1.488645935058593750e+02	6.774134521484375000e+02	1.535526580810546875e+02	1.656328735351562500e+02	1.927648620605468750e+02	1.095800399780273438e+02
1.233876953125000000e+02	6.630505371093750000e+02	1.997799377441406250e+02	1.196040725708007812e+02	1.613581085205078125e+02	4.409279479980468750e+02
6.584920501708984375e+01	5.357305908203125000e+02	1.966446685791015625e+02	1.333994903564453125e+02	1.639618072509765625e+02	5.380238647460937500e+02
9.961154174804687500e+01	4.790421447753906250e+02	1.012463073730468750e+02	8.209647369384765625e+01	1.177665863037109375e+02	1.616284942626953125e+02
1.630490570068359375e+02	5.829739379882812500e+02	1.722120666503906250e+02	1.294907073974609375e+02	1.668166503906250000e+02	3.734034729003906250e+01
1.340648193359375000e+02	9.072435760498046875e+01	1.265984497070312500e+02	2.097771148681640625e+02	1.709095764160156250e+02	1.301956939697265625e+02
9.691825103759765625e+01	8.728514099121093750e+01	1.943257904052734375e+02	5.289989013671875000e+02	1.769152984619140625e+02	1.226931838989257812e+02
1.076255340576171875e+02	5.421247558593750000e+02	1.812005767822265625e+02	1.368766326904296875e+02	1.680042724609375000e+02	1.047646865844726562e+02
7.971022033691406250e+01	4.555643920898437500e+02	1.365776824951171875e+02	1.331205749511718750e+02	1.438138427734375000e+02	1.470982208251953125e+02
8.399656677246093750e+01	6.668254394531250000e+02	1.166124496459960938e+02	2.571246643066406250e+02	1.223767166137695312e+02	1.769269256591796875e+02
7.138875579833984375e+01	5.583773803710937500e+02	1.196564407348632812e+02	1.760721282958984375e+02	1.765951080322265625e+02	1.787504730224609375e+02
1.095714950561523438e+02	6.277725219726562500e+02	1.775246429443359375e+02	1.695126800537109375e+02	1.527705230712890625e+02	1.391183013916015625e+02
1.626130371093750000e+02	5.525108032226562500e+02	1.207409057617187500e+02	2.122965393066406250e+02	1.439972686767578125e+02	1.161561965942382812e+02
6.549035644531250000e+01	5.654124755859375000e+02	1.180984344482421875e+02	3.475216674804687500e+02	1.557760314941406250e+02	1.123884429931640625e+02
6.385853958129882812e+01	6.639815673828125000e+02	2.098928680419921875e+02	2.080590667724609375e+02	1.629018859863281250e+02	1.379468688964843750e+02
1.805371246337890625e+02	1.199654083251953125e+02	2.030302276611328125e+02	3.609700775146484375e+01	1.788333129882812500e+02	1.132076492309570312e+02
8.508710479736328125e+01	1.068934783935546875e+02	1.785884094238281250e+02	1.693927001953125000e+02	1.819344940185546875e+02	7.994007110595703125e+01
7.070303344726562500e+01	7.865834960937500000e+02	2.010234069824218750e+02	5.290399780273437500e+02	1.297004699707031250e+02	4.699660339355468750e+02
8.286231994628906250e+01	7.757785034179687500e+02	2.124054412841796875e+02	2.759004211425781250e+01	1.176976165771484375e+02	5.260289916992187500e+02
6.290519714355468750e+01	5.776597290039062500e+02	1.908863525390625000e+02	1.165385131835937500e+02	1.967979278564453125e+02	2.170669860839843750e+02
1.804681701660156250e+02	5.028097534179687500e+02	1.138529205322265625e+02	7.451998901367187500e+01	9.799656677246093750e+01	1.866399536132812500e+02
5.966223526000976562e+01	6.592838134765625000e+02	1.309067687988281250e+02	1.875928344726562500e+02	1.899085388183593750e+02	1.018754348754882812e+02
3.772087860107421875e+01	4.550254211425781250e+02	9.771111297607421875e+01	2.797514152526855469e+01	1.094264373779296875e+02	9.418758392333984375e+01
6.689619445800781250e+01	4.911965332031250000e+02	1.194837112426757812e+02	4.359663085937500000e+02	1.789426879882812500e+02	1.359373168945312500e+02
1.041911621093750000e+02	6.204126586914062500e+02	1.835398864746093750e+02	1.850040740966796875e+02	1.716981353759765625e+02	1.631593475341796875e+02
8.861300659179687500e+01	5.592966918945312500e+02	1.912581024169921875e+02	5.020932617187500000e+02	1.468256988525390625e+02	1.320230865478515625e+02
6.175868606567382812e+01	6.372118530273437500e+02	1.625206756591796875e+02	4.003427429199218750e+02	1.165909042358398438e+02	1.336882324218750000e+02
9.375271606445312500e+01	5.265927886962890625e+01	1.479170532226562500e+02	1.901246948242187500e+02	1.310432128906250000e+02	1.620668487548828125e+02
5.793452835083007812e+01	4.641912841796875000e+02	1.913598480224609375e+02	8.054476165771484375e+01	1.602971191406250000e+02	1.376965026855468750e+02
8.958045959472656250e+01	6.520874633789062500e+02	1.674880828857421875e+02	1.158290863037109375e+02	1.704641723632812500e+02	1.682671966552734375e+02
1.636264495849609375e+02	5.152147216796875000e+02	1.987246398925781250e+02	1.897015380859375000e+02	1.641864013671875000e+02	1.448630828857421875e+02
8.950655364990234375e+01	5.598132324218750000e+02	1.760938720703125000e+02	1.046559600830078125e+02	1.172050094604492188e+02	1.023426284790039062e+02
7.339556884765625000e+01	1.017680969238281250e+02	1.767951202392578125e+02	1.489106140136718750e+02	1.477057647705078125e+02	1.301023406982421875e+02
1.371704864501953125e+02	5.340576782226562500e+02	1.742761840820312500e+02	1.805357666015625000e+02	1.713433074951171875e+02	1.204653854370117188e+02
1.024310455322265625e+02	5.282820434570312500e+02	1.306526947021484375e+02	1.412475585937500000e+02	1.845834197998046875e+02	1.440720977783203125e+02
6.691146850585937500e+01	6.406234741210937500e+02	1.443376617431640625e+02	1.229610061645507812e+02	1.874111938476562500e+02	1.394580078125000000e+02
6.596417999267578125e+01	4.069797058105468750e+02	1.084260101318359375e+02	2.405117988586425781e+01	1.617001800537109375e+02	1.371253051757812500e+02
1.466846160888671875e+02	6.652352905273437500e+02	2.081425476074218750e+02	1.543477325439453125e+02	1.482530822753906250e+02	1.563505096435546875e+02
1.823573760986328125e+02	5.820575561523437500e+02	1.636608886718750000e+02	1.749555664062500000e+02	1.256712417602539062e+02	1.368806152343750000e+02
5.964630126953125000e+01	2.095824813842773438e+01	1.105137939453125000e+02	1.921973266601562500e+02	1.627536468505859375e+02	1.255978546142578125e+02
1.973293762207031250e+02	5.443551635742187500e+02	1.248272857666015625e+02	1.146494903564453125e+02	1.588108825683593750e+02	1.104837799072265625e+02
1.255933303833007812e+02	6.612448120117187500e+02	2.187055664062500000e+02	1.110458374023437500e+02	1.951605682373046875e+02	1.380147399902343750e+02
1.043315277099609375e+02	5.294079589843750000e+02	1.775676422119140625e+02	1.224842071533203125e+02	1.810108947753906250e+02	1.199327316284179688e+02
2.022051391601562500e+02	6.797758789062500000e+02	9.413912963867187500e+01	1.127820739746093750e+02	9.577322387695312500e+01	1.353498535156250000e+02
1.251535263061523438e+02	5.353754272460937500e+02	1.203093261718750000e+02	3.806934204101562500e+02	1.750001831054687500e+02	1.274675827026367188e+02
8.990839385986328125e+01	4.843730468750000000e+02	1.758277282714843750e+02	1.320135498046875000e+02	2.047966003417968750e+02	1.740274353027343750e+02
2.036318359375000000e+02	6.037443237304687500e+02	1.846860198974609375e+02	1.633087005615234375e+02	2.055523376464843750e+02	1.241280670166015625e+02
1.555990295410156250e+02	3.822157592773437500e+02	1.735766601562500000e+02	6.557556152343750000e+01	9.641133880615234375e+01	7.968045654296875000e+02
1.808899383544921875e+02	6.212344360351562500e+02	1.168702621459960938e+02	1.838385162353515625e+02	1.446421203613281250e+02	7.658033447265625000e+02
7.311776733398437500e+01	3.466191711425781250e+02	2.393677062988281250e+02	5.319789428710937500e+02	2.490945129394531250e+02	2.386963653564453125e+02
1.872525177001953125e+02	6.293396606445312500e+02	2.066109924316406250e+02	1.618305206298828125e+02	1.535268859863281250e+02	1.406347351074218750e+02
1.223305435180664062e+02	5.777316894531250000e+02	1.456708984375000000e+02	2.001897888183593750e+02	1.497595977783203125e+02	1.202170944213867188e+02
9.417620086669921875e+01	5.189445190429687500e+02	1.685453338623046875e+02	1.600502471923828125e+02	1.565694885253906250e+02	1.373355102539062500e+02
1.323294372558593750e+02	7.320390625000000000e+02	1.068370208740234375e+02	1.603677520751953125e+02	1.817284393310546875e+02	9.021128082275390625e+01
5.368762207031250000e+01	1.206777420043945312e+02	1.127794952392578125e+02	2.165497589111328125e+02	1.168956985473632812e+02	1.973342132568359375e+02
7.133316040039062500e+01	4.720075683593750000e+02	1.038587188720703125e+02	1.658655700683593750e+02	1.793252258300781250e+02	7.024681396484375000e+02
4.958157348632812500e+01	6.817011108398437500e+02	1.734691467285156250e+02	8.072689819335937500e+01	1.106475677490234375e+02	7.918936767578125000e+02
1.706602783203125000e+02	6.462080688476562500e+02	1.708463745117187500e+02	1.659159088134765625e+02	1.371810607910156250e+02	4.447971801757812500e+02
1.678610992431640625e+02	6.585070800781250000e+02	1.592334594726562500e+02	1.290952148437500000e+02	1.968581390380859375e+02	5.296702880859375000e+02
1.508812713623046875e+02	6.077327270507812500e+02	9.946121978759765625e+01	1.969806671142578125e+02	1.264020309448242188e+02	1.479840698242187500e+02
9.317623138427734375e+01	6.015910034179687500e+02	1.885702209472656250e+02	2.059420623779296875e+02	1.517882843017578125e+02	1.482820281982421875e+02
1.094024276733398438e+02	6.439212646484375000e+02	1.391538696289062500e+02	7.647275390625000000e+02	2.187041015625000000e+02	1.652774505615234375e+02
5.259364700317382812e+01	3.897662658691406250e+02	1.103029861450195312e+02	1.156195755004882812e+02	1.625704498291015625e+02	1.446313171386718750e+02
1.353682098388671875e+02	5.362284545898437500e+02	1.271391983032226562e+02	1.906517028808593750e+02	1.082973251342773438e+02	1.744127807617187500e+02
1.375801696777343750e+02	5.845490722656250000e+02	1.742593994140625000e+02	1.170779800415039062e+02	1.849741210937500000e+02	1.142222900390625000e+02
1.324882049560546875e+02	1.875698547363281250e+02	2.029391326904296875e+02	7.040427856445312500e+02	2.026237182617187500e+02	7.798247070312500000e+02
1.155698776245117188e+02	5.969052124023437500e+02	1.423669281005859375e+02	1.933479309082031250e+02	1.866168365478515625e+02	5.229285888671875000e+02
8.864639282226562500e+01	5.019920349121093750e+02	1.545514526367187500e+02	1.421553802490234375e+02	1.102985610961914062e+02	1.673879394531250000e+02
5.756495666503906250e+01	2.497227287292480469e+01	9.668825531005859375e+01	2.052607727050781250e+02	1.449150085449218750e+02	1.788298492431640625e+02
1.097046279907226562e+02	6.787494506835937500e+02	1.715216064453125000e+02	1.297684936523437500e+02	1.432839202880859375e+02	1.286778411865234375e+02
8.473079681396484375e+01	4.697160339355468750e+02	1.247862091064453125e+02	1.914559364318847656e+01	1.319163665771484375e+02	1.232849273681640625e+02
1.280981140136718750e+02	5.989248046875000000e+02	1.605111236572265625e+02	1.601028137207031250e+02	1.713104400634765625e+02	1.327676086425781250e+02
1.808851318359375000e+02	6.921195068359375000e+02	1.992430114746093750e+02	4.808598709106445312e+01	1.939683990478515625e+02	1.959475708007812500e+02
1.222981948852539062e+02	5.874144897460937500e+02	1.155545959472656250e+02	7.919330596923828125e+01	1.283906402587890625e+02	1.385086669921875000e+02
9.828070068359375000e+01	6.220717773437500000e+02	1.967317810058593750e+02	1.186506881713867188e+02	1.741709747314453125e+02	1.314816284179687500e+02
1.346582031250000000e+02	4.746031188964843750e+02	1.850774536132812500e+02	1.313341674804687500e+02	1.077220458984375000e+02	1.129068527221679688e+02
6.937055206298828125e+01	4.556014404296875000e+02	1.084924240112304688e+02	1.290739593505859375e+02	1.254667053222656250e+02	1.659075317382812500e+02
1.134449234008789062e+02	6.046527709960937500e+02	1.735129699707031250e+02	4.888809814453125000e+02	1.778335876464843750e+02	4.570792236328125000e+02
8.615229797363281250e+01	6.005295410156250000e+02	1.460936431884765625e+02	1.264999542236328125e+02	1.700224609375000000e+02	4.809043884277343750e+02
5.309558486938476562e+01	3.890790462493896484e+00	2.145364227294921875e+02	1.290526580810546875e+02	9.640455627441406250e+01	1.868095245361328125e+02
8.714479827880859375e+01	1.631552581787109375e+02	2.137656402587890625e+02	1.499499206542968750e+02	1.590826263427734375e+02	1.312320251464843750e+02
1.390029602050781250e+02	5.987269287109375000e+02	2.106223754882812500e+02	1.086623764038085938e+02	1.653244476318359375e+02	1.236135101318359375e+02
8.543650817871093750e+01	4.892545776367187500e+02	1.290543823242187500e+02	1.448557853698730469e+01	1.130244827270507812e+02	1.118384704589843750e+02
1.615089721679687500e+02	5.277229003906250000e+02	1.085475006103515625e+02	1.582350311279296875e+02	1.531930084228515625e+02	1.730280303955078125e+02
6.754214477539062500e+01	6.725213012695312500e+02	1.610478973388671875e+02	1.766997222900390625e+02	1.578594512939453125e+02	1.295689239501953125e+02
1.532931060791015625e+02	6.720997314453125000e+02	1.393168182373046875e+02	1.293867950439453125e+02	1.259873504638671875e+02	7.248406372070312500e+02
9.186270141601562500e+01	1.521755676269531250e+02	2.064209289550781250e+02	1.515951538085937500e+02	1.735124511718750000e+02	7.738564453125000000e+02
1.181590881347656250e+02	4.997012939453125000e+02	1.137307891845703125e+02	1.401148834228515625e+02	1.332438507080078125e+02	1.477002410888671875e+02
1.082645187377929688e+02	6.313359375000000000e+02	1.561369781494140625e+02	7.924198913574218750e+01	1.692015075683593750e+02	1.309190063476562500e+02
1.040303955078125000e+02	5.694440917968750000e+02	9.676484680175781250e+01	1.294743347167968750e+02	1.947347869873046875e+02	1.324308471679687500e+02
5.653920745849609375e+01	4.954510116577148438e+01	2.098462371826171875e+02	2.085953521728515625e+02	1.751009521484375000e+02	1.351154632568359375e+02
5.108810043334960938e+01	6.070673217773437500e+02	1.918209228515625000e+02	1.970201110839843750e+02	1.681677551269531250e+02	1.127624893188476562e+02
1.793175201416015625e+02	4.486572875976562500e+02	1.994192657470703125e+02	2.022981414794921875e+02	1.923065795898437500e+02	1.134294128417968750e+02
1.096321487426757812e+02	5.304791259765625000e+02	1.166561126708984375e+02	1.480286560058593750e+02	1.905473327636718750e+02	1.663004455566406250e+02
9.132095336914062500e+01	6.068543701171875000e+02	1.962326354980468750e+02	1.927164306640625000e+02	1.543838653564453125e+02	1.414960632324218750e+02
8.663485717773437500e+01	6.175257568359375000e+02	1.948753967285156250e+02	1.497947387695312500e+02	1.636165161132812500e+02	1.304944305419921875e+02
8.132279968261718750e+01	5.653162231445312500e+02	1.595457458496093750e+02	8.123907470703125000e+01	1.648523559570312500e+02	1.413884887695312500e+02
9.552723693847656250e+01	5.659921875000000000e+02	1.467875671386718750e+02	1.516747131347656250e+02	1.636220703125000000e+02	1.339985656738281250e+02
6.315138244628906250e+01	5.293419189453125000e+02	2.064159851074218750e+02	1.689398040771484375e+02	1.910626678466796875e+02	1.329627990722656250e+02
4.057455825805664062e+01	1.052990627288818359e+01	1.132222747802734375e+02	2.265636749267578125e+02	2.039495544433593750e+02	7.769478759765625000e+02
7.726011657714843750e+01	5.153347167968750000e+02	2.127365570068359375e+02	5.536192626953125000e+02	1.122016677856445312e+02	7.341649780273437500e+02
1.460591888427734375e+02	3.722126770019531250e+02	1.724507446289062500e+02	1.375759429931640625e+02	1.622826385498046875e+02	1.301217498779296875e+02
1.221140975952148438e+02	5.811365356445312500e+02	2.004538574218750000e+02	1.960735321044921875e+02	1.761566467285156250e+02	1.008752670288085938e+02
1.450192260742187500e+02	4.576259765625000000e+02	1.761153411865234375e+02	1.432140655517578125e+02	1.789321594238281250e+02	1.228600616455078125e+02
5.520863342285156250e+01	2.720966720581054688e+01	1.620785980224609375e+02	1.213042373657226562e+02	1.588077392578125000e+02	1.261511917114257812e+02
6.468048095703125000e+01	6.382059326171875000e+02	1.501465759277343750e+02	2.493241882324218750e+01	1.768918914794921875e+02	1.211424713134765625e+02
1.506006164550781250e+02	4.491607666015625000e+01	1.523340606689453125e+02	2.104757080078125000e+02	2.059590301513671875e+02	1.910515594482421875e+02
1.115755233764648438e+02	6.087312011718750000e+02	1.501625976562500000e+02	4.120057983398437500e+02	1.441352233886718750e+02	1.516752777099609375e+02
1.019835739135742188e+02	1.685756111145019531e+01	1.657059020996093750e+02	1.568864746093750000e+02	1.331254425048828125e+02	1.384540710449218750e+02
9.523825073242187500e+01	7.788754701614379883e-01	1.352504425048828125e+02	1.258207168579101562e+02	2.301079101562500000e+02	1.924070587158203125e+02
1.327624511718750000e+02	6.320606079101562500e+02	1.959718627929687500e+02	1.716012725830078125e+02	1.782910461425781250e+02	1.676069946289062500e+02
1.492073822021484375e+02	6.312579345703125000e+02	1.315332489013671875e+02	1.837285614013671875e+02	1.385408477783203125e+02	1.163938140869140625e+02
8.768837738037109375e+01	6.394826660156250000e+02	1.640257110595703125e+02	1.228087921142578125e+02	1.871321258544921875e+02	1.252680053710937500e+02
6.033622741699218750e+01	6.441708374023437500e+02	1.629522857666015625e+02	1.760403442382812500e+02	1.460953063964843750e+02	4.931912841796875000e+02
1.703005981445312500e+02	6.069557189941406250e+01	1.229700241088867188e+02	7.008847808837890625e+01	1.482309265136718750e+02	5.467783203125000000e+02
9.068769073486328125e+01	5.294221191406250000e+02	1.437527465820312500e+02	4.845599365234375000e+01	1.248979568481445312e+02	1.610892486572265625e+02
1.081634750366210938e+02	6.744118652343750000e+02	1.829489746093750000e+02	8.085566711425781250e+01	1.679122009277343750e+02	1.530231018066406250e+02
1.400558929443359375e+02	6.651353149414062500e+02	1.049322738647460938e+02	7.882045745849609375e+01	1.064940109252929688e+02	1.402657623291015625e+02
1.531621398925781250e+02	5.669890136718750000e+02	1.675124206542968750e+02	1.364292755126953125e+02	1.083494415283203125e+02	1.291166076660156250e+02
1.306935729980468750e+02	5.842564697265625000e+02	1.964438476562500000e+02	1.688864898681640625e+02	1.776394195556640625e+02	5.458080444335937500e+02
1.473050079345703125e+02	6.830612792968750000e+02	1.766723632812500000e+02	4.937294921875000000e+02	1.190412368774414062e+02	4.346178588867187500e+02
1.493987884521484375e+02	5.130455322265625000e+02	2.288680572509765625e+02	4.414102172851562500e+01	2.221119384765625000e+02	1.688215332031250000e+02
8.745903015136718750e+01	5.045550537109375000e+01	1.846303405761718750e+02	1.121506958007812500e+02	1.537439575195312500e+02	1.542816162109375000e+02
1.232234954833984375e+02	5.539772949218750000e+02	1.667555541992187500e+02	1.837391662597656250e+02	2.173546142578125000e+02	9.786887359619140625e+01
7.957611846923828125e+01	6.052166137695312500e+02	1.746669311523437500e+02	1.024765930175781250e+02	1.100774612426757812e+02	1.165328369140625000e+02
6.600536346435546875e+01	5.894819946289062500e+02	5.176312255859375000e+02	1.313362884521484375e+02	1.582949829101562500e+02	1.702193756103515625e+02
8.547946166992187500e+01	6.222347412109375000e+02	4.977228088378906250e+02	1.584521942138671875e+02	1.326167144775390625e+02	1.599987945556640625e+02
1.012738571166992188e+02	5.600728759765625000e+02	1.821716766357421875e+02	1.404332122802734375e+02	1.478166503906250000e+02	1.179964065551757812e+02
1.359557495117187500e+02	6.283927612304687500e+02	1.773434448242187500e+02	7.901255493164062500e+02	2.111658782958984375e+02	1.199810714721679688e+02
8.835742187500000000e+01	5.960684814453125000e+02	1.231567993164062500e+02	1.789762420654296875e+02	1.730314025878906250e+02	1.511885070800781250e+02
1.250908813476562500e+02	5.977297973632812500e+02	2.160622863769531250e+02	1.238473434448242188e+02	1.302485351562500000e+02	1.284020843505859375e+02
6.626464843750000000e+01	5.915931396484375000e+02	2.082369995117187500e+02	1.356045074462890625e+02	1.587740173339843750e+02	1.240402221679687500e+02
8.556202697753906250e+01	5.993088378906250000e+02	1.469677429199218750e+02	6.559989166259765625e+01	8.132604217529296875e+01	1.643310241699218750e+02
1.423602600097656250e+02	5.578645629882812500e+02	1.747885284423828125e+02	7.323000335693359375e+01	1.435378112792968750e+02	1.493547973632812500e+02
5.450950241088867188e+01	5.795128784179687500e+02	1.069883499145507812e+02	1.244571075439453125e+02	8.657044982910156250e+01	1.478310089111328125e+02
2.048515319824218750e+02	2.551476898193359375e+02	1.252432098388671875e+02	2.277390289306640625e+02	1.074312820434570312e+02	7.323228149414062500e+02
1.155711441040039062e+02	4.681427917480468750e+02	1.791078186035156250e+02	8.057448577880859375e+01	1.446519775390625000e+02	7.649325561523437500e+02
9.898844909667968750e+01	5.604866943359375000e+02	1.488544006347656250e+02	2.160502929687500000e+02	1.624701080322265625e+02	5.250782470703125000e+02
9.015161895751953125e+01	3.328334808349609375e+01	1.932403869628906250e+02	1.946611785888671875e+01	1.113396911621093750e+02	7.599948120117187500e+02
1.326368865966796875e+02	5.338389282226562500e+02	1.691555175781250000e+02	1.552771911621093750e+02	1.417415313720703125e+02	5.525546875000000000e+02
1.012754898071289062e+02	6.563500976562500000e+02	1.732257690429687500e+02	5.927060546875000000e+02	1.947667541503906250e+02	5.453782958984375000e+02
1.147477645874023438e+02	6.737665405273437500e+02	1.032786407470703125e+02	1.022097854614257812e+02	1.312373657226562500e+02	1.655349884033203125e+02
8.974160766601562500e+01	6.031740722656250000e+02	1.177411346435546875e+02	6.551141357421875000e+02	1.449280853271484375e+02	1.378612518310546875e+02
1.433013153076171875e+02	5.042950057983398438e+01	1.353025817871093750e+02	1.461154022216796875e+02	1.483383178710937500e+02	1.280541839599609375e+02
6.829875946044921875e+01	8.161430358886718750e+01	1.844527435302734375e+02	7.506053161621093750e+01	1.472830047607421875e+02	1.221072692871093750e+02
2.025890808105468750e+02	5.910010375976562500e+02	2.222852478027343750e+02	5.111557388305664062e+01	1.216903533935546875e+02	1.659801330566406250e+02
1.484779815673828125e+02	6.430775146484375000e+02	1.577897644042968750e+02	1.176420898437500000e+02	1.795144348144531250e+02	1.430670471191406250e+02
5.770011520385742188e+01	5.529071044921875000e+02	1.065571060180664062e+02	4.377828674316406250e+02	1.813453979492187500e+02	7.327723693847656250e+01
6.960352325439453125e+01	5.922661132812500000e+02	1.936273040771484375e+02	1.711492919921875000e+02	1.561055145263671875e+02	1.687288818359375000e+02
9.461562347412109375e+01	4.684378967285156250e+02	1.991178588867187500e+02	2.016421813964843750e+02	1.411706848144531250e+02	1.593125152587890625e+02
1.093176879882812500e+02	5.472843627929687500e+02	1.335111083984375000e+02	1.099506835937500000e+02	1.372300567626953125e+02	1.071551895141601562e+02
1.890968780517578125e+02	9.039681434631347656e+00	2.192715911865234375e+02	2.149834136962890625e+02	1.866590118408203125e+02	9.818145751953125000e+01
8.177132415771484375e+01	7.984718627929687500e+02	9.694995880126953125e+01	1.956328125000000000e+02	1.330318145751953125e+02	1.097096176147460938e+02
9.465535736083984375e+01	6.416306152343750000e+02	1.972148437500000000e+02	2.008351593017578125e+02	1.647739715576171875e+02	1.340682220458984375e+02
1.449777221679687500e+02	6.674924316406250000e+02	1.881578826904296875e+02	1.242605590820312500e+02	1.824893341064453125e+02	1.341788024902343750e+02
1.462084350585937500e+02	6.008848876953125000e+02	1.963981323242187500e+02	2.014753112792968750e+02	1.231170272827148438e+02	1.565016784667968750e+02
1.000679016113281250e+02	5.622228393554687500e+02	1.132971267700195312e+02	1.743503265380859375e+02	1.101816177368164062e+02	1.615159454345703125e+02
7.228565216064453125e+01	4.941188964843750000e+02	1.075836563110351562e+02	2.040957031250000000e+02	1.360203094482421875e+02	1.641165008544921875e+02
1.342795715332031250e+02	4.706123352050781250e+02	1.656851348876953125e+02	1.930908508300781250e+02	1.692414093017578125e+02	1.280790405273437500e+02
5.476567840576171875e+01	6.277644042968750000e+02	1.055150146484375000e+02	1.356725311279296875e+02	1.581526031494140625e+02	1.192670211791992188e+02
7.295456695556640625e+01	4.584129810333251953e+00	1.226455459594726562e+02	4.561675548553466797e+00	1.117070922851562500e+02	1.815255737304687500e+02
1.731357269287109375e+02	4.942642211914062500e+02	1.800292663574218750e+02	1.600457000732421875e+02	1.817858123779296875e+02	1.464746551513671875e+02
8.322915649414062500e+01	6.592429809570312500e+02	1.338096313476562500e+02	8.568062591552734375e+01	1.425358581542968750e+02	1.800730590820312500e+02
1.034018402099609375e+02	5.927241210937500000e+02	1.424211883544921875e+02	1.579534912109375000e+02	1.318508911132812500e+02	1.399795074462890625e+02
9.062333679199218750e+01	5.596175537109375000e+02	1.646352844238281250e+02	2.049978485107421875e+02	1.432346496582031250e+02	1.404891357421875000e+02
1.153925933837890625e+02	6.069009399414062500e+02	1.247004547119140625e+02	1.219923629760742188e+02	9.692691040039062500e+01	7.987266235351562500e+02
1.389964752197265625e+02	4.385198059082031250e+02	2.113870544433593750e+02	1.357992248535156250e+02	1.192810516357421875e+02	4.475110473632812500e+02
1.532303466796875000e+02	6.964669799804687500e+02	1.537581024169921875e+02	1.213402938842773438e+01	1.889951171875000000e+02	1.441370544433593750e+02
6.606011199951171875e+01	6.530544433593750000e+02	2.092377624511718750e+02	1.410402679443359375e+02	1.229286041259765625e+02	1.442403564453125000e+02
1.457509002685546875e+02	5.646632690429687500e+02	1.586704406738281250e+02	1.773900451660156250e+02	1.248761062622070312e+02	1.607115936279296875e+02
1.778433990478515625e+02	6.260830688476562500e+02	1.088211059570312500e+02	1.406166839599609375e+02	1.508436431884765625e+02	9.232761383056640625e+01
9.160053253173828125e+01	6.242166748046875000e+02	1.073872299194335938e+02	4.044412231445312500e+02	1.513647613525390625e+02	1.666503601074218750e+02
1.516573028564453125e+02	5.747525024414062500e+02	1.459211730957031250e+02	1.572334136962890625e+02	1.688969268798828125e+02	1.454320831298828125e+02
1.251668472290039062e+02	5.538237304687500000e+02	1.070702514648437500e+02	2.114686889648437500e+02	1.853402252197265625e+02	1.238560180664062500e+02
9.044001770019531250e+01	5.057638549804687500e+02	1.881318969726562500e+02	1.300950164794921875e+02	1.683474121093750000e+02	1.301024475097656250e+02
8.874459838867187500e+01	3.606201171875000000e+02	2.197338867187500000e+02	1.170786590576171875e+02	1.603924407958984375e+02	1.150341491699218750e+02
5.223503875732421875e+01	4.777064819335937500e+02	1.103330383300781250e+02	2.044252319335937500e+02	1.129033660888671875e+02	1.255273590087890625e+02
6.504676055908203125e+01	6.330688476562500000e+02	1.426220703125000000e+02	7.903220367431640625e+01	1.090226058959960938e+02	7.662840576171875000e+02
1.105484619140625000e+02	8.954828643798828125e+01	1.657226257324218750e+02	7.683797607421875000e+02	1.538481292724609375e+02	7.755927124023437500e+02
5.469514846801757812e+01	2.075431365966796875e+02	1.990981903076171875e+02	1.658622283935546875e+02	1.884156799316406250e+02	5.534058837890625000e+02
1.212348937988281250e+02	7.401337623596191406e-01	1.524996643066406250e+02	1.696536560058593750e+02	1.656632995605468750e+02	4.399113159179687500e+02
8.670436096191406250e+01	5.726388549804687500e+02	1.764640045166015625e+02	1.222983245849609375e+02	1.596155395507812500e+02	7.389603881835937500e+02
5.598380661010742188e+01	7.794077301025390625e+01	1.360307464599609375e+02	9.668518829345703125e+01	1.326607971191406250e+02	6.741847534179687500e+02
7.548687744140625000e+01	5.958453369140625000e+01	9.477255249023437500e+01	1.152366161346435547e+01	1.739546661376953125e+02	2.058026733398437500e+02
1.364930419921875000e+02	5.701088256835937500e+02	1.631419372558593750e+02	1.225540771484375000e+02	1.307215881347656250e+02	1.395178375244140625e+02
5.874443054199218750e+01	6.086228637695312500e+02	1.309350738525390625e+02	1.213064804077148438e+02	1.207445373535156250e+02	1.372811126708984375e+02
1.244328613281250000e+02	5.074431762695312500e+02	1.239369659423828125e+02	1.194746856689453125e+02	1.334340515136718750e+02	1.701738281250000000e+02
1.445612487792968750e+02	5.703958129882812500e+02	1.893123016357421875e+02	7.732848358154296875e+01	1.695352935791015625e+02	1.616028289794921875e+02
9.196431732177734375e+01	6.997448120117187500e+02	1.376264038085937500e+02	1.434955902099609375e+02	1.525718231201171875e+02	1.040801086425781250e+02
1.337648925781250000e+02	9.813466644287109375e+01	1.478352966308593750e+02	2.013979644775390625e+02	1.759764251708984375e+02	1.144450759887695312e+02
6.086841201782226562e+01	6.178317260742187500e+02	1.718699951171875000e+02	1.579729614257812500e+02	1.143261337280273438e+02	1.367728881835937500e+02
1.003234481811523438e+02	5.148693847656250000e+02	1.100190048217773438e+02	2.332166442871093750e+02	1.579967651367187500e+02	1.308808593750000000e+02
1.134167175292968750e+02	5.679425048828125000e+02	1.080955123901367188e+02	1.052856063842773438e+02	1.727099456787109375e+02	9.995110321044921875e+01
1.078123321533203125e+02	6.558883056640625000e+02	1.963685302734375000e+02	1.406755523681640625e+02	1.752679443359375000e+02	1.815428314208984375e+02
1.777437133789062500e+02	6.438755493164062500e+02	1.107653121948242188e+02	2.175564727783203125e+02	1.642761688232421875e+02	1.800451812744140625e+02
6.891017913818359375e+01	5.635090942382812500e+02	1.222315826416015625e+02	4.277345275878906250e+02	1.811295623779296875e+02	1.314425659179687500e+02
9.197075653076171875e+01	5.554511718750000000e+02	1.223193283081054688e+02	1.381984558105468750e+02	1.421088562011718750e+02	7.504545593261718750e+01
1.449882049560546875e+02	5.087743225097656250e+02	1.975791473388671875e+02	1.533256225585937500e+02	1.369472351074218750e+02	1.356785736083984375e+02
8.874207305908203125e+01	6.456652832031250000e+02	1.126474151611328125e+02	1.792936096191406250e+02	1.376564178466796875e+02	1.359977569580078125e+02
2.057685089111328125e+02	4.759828491210937500e+02	2.064470214843750000e+02	1.664888000488281250e+02	1.157513122558593750e+02	1.582259368896484375e+02
8.422082519531250000e+01	8.154715728759765625e+01	1.940632019042968750e+02	1.272738189697265625e+02	1.833576049804687500e+02	1.564218444824218750e+02
1.264283676147460938e+02	7.331029510498046875e+01	1.191444549560546875e+02	1.230070800781250000e+02	1.084886398315429688e+02	7.427630615234375000e+01
1.168934936523437500e+02	5.523602294921875000e+02	1.599855651855468750e+02	2.083635101318359375e+02	1.810691986083984375e+02	1.260523452758789062e+02
1.053133468627929688e+02	4.699396057128906250e+02	1.184629821777343750e+02	2.117636718750000000e+02	1.372528381347656250e+02	1.498313446044921875e+02
2.068626403808593750e+02	4.918860473632812500e+02	1.448998565673828125e+02	1.055431823730468750e+02	1.443435974121093750e+02	1.068248062133789062e+02
6.047948074340820312e+01	4.577627563476562500e+02	1.154275207519531250e+02	1.059581527709960938e+02	1.103582839965820312e+02	1.251414337158203125e+02
9.409802246093750000e+01	5.389910278320312500e+02	1.682971191406250000e+02	2.251942634582519531e+01	1.503675231933593750e+02	1.672650451660156250e+02
6.342888641357421875e+01	7.287970581054687500e+02	1.234375228881835938e+02	2.290370941162109375e+02	1.130771484375000000e+02	7.992344360351562500e+02
1.216236495971679688e+02	4.547311706542968750e+02	1.076367492675781250e+02	4.750570678710937500e+02	1.429841461181640625e+02	4.436434326171875000e+02
1.364087219238281250e+02	5.463316650390625000e+02	1.955312652587890625e+02	1.642898101806640625e+02	1.702546691894531250e+02	1.134165878295898438e+02
6.534730529785156250e+01	3.162887573242187500e+02	1.306712341308593750e+02	1.231814041137695312e+02	1.165267105102539062e+02	1.342449493408203125e+02
1.401418151855468750e+02	5.958854370117187500e+02	1.139756088256835938e+02	2.975161437988281250e+02	1.974345703125000000e+02	1.286494750976562500e+02
1.554286804199218750e+02	4.685738525390625000e+02	1.675231628417968750e+02	1.682582092285156250e+02	1.764853210449218750e+02	1.623023223876953125e+02
1.048142318725585938e+02	7.957971191406250000e+02	1.075385208129882812e+02	4.711608886718750000e+02	1.273934860229492188e+02	1.306954193115234375e+02
1.807112426757812500e+02	4.811546325683593750e+02	2.166770172119140625e+02	1.141049652099609375e+02	1.976862487792968750e+02	1.480592041015625000e+02
5.632602691650390625e+01	3.319095993041992188e+01	1.663663635253906250e+02	8.773450469970703125e+01	1.453625793457031250e+02	1.128570938110351562e+02
5.927555465698242188e+01	6.504992675781250000e+02	1.872513732910156250e+02	2.134034118652343750e+02	1.649624633789062500e+02	1.466049499511718750e+02
1.182261581420898438e+02	5.707072753906250000e+02	9.369927978515625000e+01	1.736789550781250000e+02	1.016310577392578125e+02	1.170138626098632812e+02
1.099981155395507812e+02	3.678565673828125000e+02	1.511878051757812500e+02	1.630675354003906250e+02	1.580119018554687500e+02	7.682702636718750000e+01
5.370129394531250000e+01	5.269559326171875000e+02	1.634647369384765625e+02	1.130126571655273438e+02	1.547132263183593750e+02	1.106169204711914062e+02
1.192254562377929688e+02	6.689168701171875000e+02	2.083932800292968750e+02	1.595855560302734375e+02	1.662136840820312500e+02	1.668620910644531250e+02
7.390653228759765625e+01	3.871731872558593750e+02	1.002112884521484375e+02	1.579241943359375000e+02	1.206389083862304688e+02	1.250187149047851562e+02
1.142047882080078125e+02	5.708272705078125000e+02	1.366155395507812500e+02	9.245999145507812500e+01	1.239696655273437500e+02	1.176762008666992188e+02
2.122545928955078125e+02	5.004317626953125000e+02	1.425044708251953125e+02	2.632254600524902344e+01	1.283036193847656250e+02	1.915812683105468750e+02
1.227398986816406250e+02	5.844268798828125000e+02	1.648005371093750000e+02	7.708480834960937500e+02	1.531710662841796875e+02	1.182680130004882812e+02
1.960993957519531250e+02	6.491916503906250000e+02	1.003509979248046875e+02	1.303028106689453125e+02	1.411547393798828125e+02	1.566507873535156250e+02
1.856031494140625000e+02	6.247679443359375000e+02	1.757608947753906250e+02	1.403757629394531250e+02	1.599891967773437500e+02	1.564903411865234375e+02
7.321296691894531250e+01	5.019015197753906250e+02	1.050866851806640625e+02	2.204673309326171875e+02	1.109108657836914062e+02	9.562950897216796875e+01
6.942837524414062500e+01	4.900742187500000000e+02	1.314175567626953125e+02	1.182091445922851562e+02	1.938237457275390625e+02	1.453124237060546875e+02
6.091086959838867188e+01	2.669905662536621094e+01	1.798379211425781250e+02	2.018341064453125000e+02	1.221281204223632812e+02	1.587362823486328125e+02
8.605121612548828125e+01	6.913108825683593750e+01	1.472033996582031250e+02	1.809522094726562500e+02	1.700451049804687500e+02	1.080462112426757812e+02
1.372395324707031250e+02	2.052452564239501953e+00	1.285227050781250000e+02	1.549961700439453125e+02	1.741874389648437500e+02	1.612152862548828125e+02
6.450102233886718750e+01	5.333002319335937500e+02	9.688569641113281250e+01	1.554674987792968750e+02	1.859658508300781250e+02	5.072548522949218750e+02
9.918920898437500000e+01	6.393547363281250000e+02	1.078630447387695312e+02	1.526654357910156250e+02	1.170197372436523438e+02	1.589560699462890625e+02
1.610014495849609375e+02	6.718112792968750000e+02	1.930624389648437500e+02	3.226039428710937500e+02	1.532929077148437500e+02	1.356515045166015625e+02
1.259679946899414062e+02	4.047879638671875000e+02	1.490404052734375000e+02	1.534739532470703125e+02	1.241112823486328125e+02	1.604542541503906250e+02
9.113433837890625000e+01	6.340913696289062500e+02	1.119489517211914062e+02	1.419068756103515625e+02	1.193590545654296875e+02	1.691533508300781250e+02
9.420299530029296875e+01	6.595244140625000000e+02	1.036767501831054688e+02	2.132493438720703125e+02	1.188611297607421875e+02	1.436845397949218750e+02
9.274452972412109375e+01	4.390416259765625000e+02	1.136596527099609375e+02	1.740391082763671875e+02	1.220675354003906250e+02	1.160912017822265625e+02
1.118667984008789062e+02	6.426889648437500000e+02	1.530813598632812500e+02	1.726896820068359375e+02	1.388683166503906250e+02	1.586060333251953125e+02
9.277825164794921875e+01	5.372456665039062500e+02	1.208982696533203125e+02	1.488499450683593750e+02	1.094691009521484375e+02	1.550547790527343750e+02
8.791856384277343750e+01	3.639313936233520508e+00	9.754528808593750000e+01	2.145891723632812500e+02	1.124807739257812500e+02	1.532601165771484375e+02
9.575453186035156250e+01	5.492860107421875000e+02	1.427473144531250000e+02	1.325836944580078125e+02	1.332588958740234375e+02	1.340475616455078125e+02
1.725837402343750000e+02	4.781265869140625000e+02	1.641340026855468750e+02	8.083315277099609375e+01	1.497194213867187500e+02	1.520301971435546875e+02
1.352122650146484375e+02	1.736218261718750000e+02	1.547993621826171875e+02	1.804685668945312500e+02	1.612478637695312500e+02	1.206696395874023438e+02
6.490348815917968750e+01	4.999118347167968750e+02	1.868378143310546875e+02	2.020238342285156250e+02	1.799106292724609375e+02	1.251027069091796875e+02
1.535455474853515625e+02	5.246024780273437500e+02	2.145256500244140625e+02	1.499821166992187500e+02	1.626685333251953125e+02	1.250149230957031250e+02
5.527474975585937500e+01	6.013125610351562500e+02	2.156107177734375000e+02	1.160893325805664062e+02	1.770806274414062500e+02	7.591050415039062500e+02
1.421100158691406250e+02	6.133203125000000000e+02	1.789026947021484375e+02	1.272727279663085938e+02	1.536909179687500000e+02	5.224217529296875000e+02
1.308445892333984375e+02	4.791387023925781250e+02	1.592397155761718750e+02	1.498068695068359375e+02	1.417454223632812500e+02	5.346842041015625000e+02
8.632505035400390625e+01	6.258540039062500000e+02	2.090339355468750000e+02	7.963308715820312500e+01	1.523303375244140625e+02	4.409673767089843750e+02
1.244672622680664062e+02	5.869935302734375000e+02	1.833999023437500000e+02	1.175969390869140625e+02	1.689250183105468750e+02	1.739150238037109375e+02
6.916268157958984375e+01	6.508052368164062500e+02	1.962800750732421875e+02	1.826916198730468750e+02	9.051623535156250000e+01	1.732036590576171875e+02
8.674761962890625000e+01	4.947005615234375000e+02	1.944237213134765625e+02	7.487322387695312500e+02	1.869128265380859375e+02	1.239948654174804688e+02
1.421947021484375000e+02	4.562667236328125000e+02	1.641465454101562500e+02	1.374392852783203125e+02	1.498833160400390625e+02	1.294667968750000000e+02
1.142593002319335938e+02	6.422137451171875000e+02	1.643716278076171875e+02	1.660030364990234375e+02	1.637156066894531250e+02	1.594060821533203125e+02
1.394565277099609375e+02	6.930311279296875000e+02	1.706515655517578125e+02	1.512727661132812500e+02	1.733497009277343750e+02	1.618146362304687500e+02
1.357346649169921875e+02	5.270159912109375000e+02	1.749654388427734375e+02	1.522283935546875000e+02	2.014877014160156250e+02	5.632590332031250000e+02
2.046318054199218750e+02	6.343754882812500000e+02	1.772721405029296875e+02	1.206136703491210938e+02	1.983930053710937500e+02	4.732778015136718750e+02
1.557920532226562500e+02	5.158887939453125000e+02	1.784907073974609375e+02	1.438914794921875000e+02	1.752071075439453125e+02	1.449493713378906250e+02
8.999551391601562500e+01	6.364944458007812500e+02	1.181560668945312500e+02	6.861127471923828125e+01	1.968779144287109375e+02	1.240048675537109375e+02
1.889321746826171875e+02	6.447810668945312500e+02	1.959347534179687500e+02	1.519507446289062500e+02	1.644290161132812500e+02	1.396095886230468750e+02
5.702516937255859375e+01	1.706007003784179688e+01	9.390560150146484375e+01	1.547472686767578125e+02	1.211586151123046875e+02	1.078536834716796875e+02
1.059807739257812500e+02	7.514897918701171875e+01	1.166705703735351562e+02	1.372550964355468750e+02	1.953291473388671875e+02	4.532089233398437500e+02
1.232714691162109375e+02	6.396707763671875000e+02	1.648872222900390625e+02	1.325321502685546875e+02	1.718313751220703125e+02	5.328040771484375000e+02
1.803422393798828125e+02	6.624057006835937500e+02	1.903310241699218750e+02	1.255391235351562500e+02	1.654796295166015625e+02	1.623772735595703125e+02
1.196509628295898438e+02	7.152685546875000000e+01	1.707634277343750000e+02	1.682516784667968750e+02	1.633577117919921875e+02	1.553955688476562500e+02
9.163950347900390625e+01	5.411633911132812500e+02	1.725050506591796875e+02	1.904848480224609375e+02	1.504732971191406250e+02	1.111312408447265625e+02
8.797647094726562500e+01	6.325963134765625000e+02	1.349006500244140625e+02	2.077615966796875000e+02	1.151046752929687500e+02	1.231666717529296875e+02
8.950804138183593750e+01	7.115599365234375000e+02	1.487369232177734375e+02	2.059413452148437500e+02	1.809917144775390625e+02	1.044595336914062500e+02
9.434581756591796875e+01	2.237987136840820312e+01	1.006536331176757812e+02	1.937425384521484375e+02	1.754677581787109375e+02	1.122026596069335938e+02
5.311319732666015625e+01	4.631675109863281250e+02	1.692538757324218750e+02	1.229361877441406250e+02	1.357578582763671875e+02	1.132043228149414062e+02
1.974199829101562500e+02	4.755253906250000000e+02	1.981612091064453125e+02	1.931779174804687500e+02	1.743981323242187500e+02	1.310893096923828125e+02
1.185784835815429688e+02	4.964012756347656250e+02	1.757269744873046875e+02	4.051389160156250000e+02	1.307566223144531250e+02	1.225038070678710938e+02
6.638584136962890625e+01	4.528127746582031250e+02	1.588795318603515625e+02	1.397777099609375000e+02	1.068363647460937500e+02	1.145325088500976562e+02
1.706208038330078125e+02	6.782474365234375000e+02	1.885136413574218750e+02	2.298513946533203125e+02	1.371269073486328125e+02	9.908766174316406250e+01
8.986016845703125000e+01	5.230442504882812500e+02	1.229226608276367188e+02	3.541081542968750000e+02	1.453601531982421875e+02	1.328295135498046875e+02
1.785378723144531250e+02	6.852391967773437500e+02	1.871598663330078125e+02	1.690228576660156250e+02	1.407397003173828125e+02	1.431950531005859375e+02
1.400500946044921875e+02	1.667044067382812500e+01	1.183428268432617188e+02	7.858531188964843750e+01	1.561757659912109375e+02	1.114033355712890625e+02
1.278979187011718750e+02	6.385802001953125000e+02	1.764969329833984375e+02	3.057000427246093750e+02	1.463100738525390625e+02	1.488495025634765625e+02
1.617263793945312500e+02	4.922516479492187500e+02	1.122608337402343750e+02	1.255171508789062500e+02	1.690581207275390625e+02	1.394504241943359375e+02
1.780001220703125000e+02	5.232699584960937500e+02	1.590879974365234375e+02	2.282502441406250000e+02	2.044989776611328125e+02	9.944248199462890625e+01
8.273033142089843750e+01	1.400808691978454590e+00	1.658802947998046875e+02	1.323538513183593750e+02	1.995867004394531250e+02	1.172066574096679688e+02
1.341631469726562500e+02	7.725270080566406250e+01	2.039123077392578125e+02	7.797630615234375000e+02	2.044906158447265625e+02	8.541647338867187500e+01
1.107723617553710938e+02	5.982651367187500000e+02	1.926163024902343750e+02	1.313091583251953125e+02	1.733748016357421875e+02	1.255276794433593750e+02
9.470514678955078125e+01	4.776706542968750000e+02	1.600010528564453125e+02	1.464162292480468750e+02	1.784522705078125000e+02	7.389115905761718750e+01
7.052237701416015625e+01	7.826095581054687500e+00	1.853453216552734375e+02	1.251378402709960938e+02	1.307844696044921875e+02	1.155345687866210938e+02
6.584214782714843750e+01	5.873047485351562500e+02	1.096747131347656250e+02	8.016647338867187500e+01	9.781077575683593750e+01	1.380409545898437500e+02
9.132247924804687500e+01	5.364904174804687500e+02	1.853121643066406250e+02	4.137954711914062500e+02	1.721881103515625000e+02	1.353166503906250000e+02
1.390912780761718750e+02	4.977415161132812500e+02	2.086121063232421875e+02	1.183078079223632812e+02	1.688458251953125000e+02	1.240461349487304688e+02
9.204534912109375000e+01	6.117413940429687500e+02	1.653801727294921875e+02	7.968043518066406250e+01	1.643165435791015625e+02	1.458721466064453125e+02
1.089746704101562500e+02	5.259118652343750000e+02	1.828744354248046875e+02	1.981084442138671875e+02	1.528098754882812500e+02	1.291045837402343750e+02
6.401375579833984375e+01	1.827181053161621094e+01	2.086798400878906250e+02	1.343821258544921875e+02	2.041586151123046875e+02	1.258573379516601562e+02
6.549332427978515625e+01	6.144700317382812500e+02	1.712624511718750000e+02	6.902993011474609375e+01	1.041712875366210938e+02	1.369162750244140625e+02
1.720878448486328125e+02	6.188416137695312500e+02	1.208446502685546875e+02	2.235587310791015625e+02	1.227295532226562500e+02	1.244404907226562500e+02
1.354165496826171875e+02	6.355179443359375000e+02	1.672811737060546875e+02	1.695008697509765625e+02	1.628744659423828125e+02	5.538582763671875000e+02
1.860636138916015625e+02	6.103696899414062500e+02	1.827639770507812500e+02	1.364883117675781250e+02	1.843058471679687500e+02	4.434584655761718750e+02
1.377055053710937500e+02	1.483242034912109375e+01	1.203041076660156250e+02	1.721282196044921875e+02	1.327045745849609375e+02	1.411933898925781250e+02
1.087161102294921875e+02	4.902578735351562500e+02	1.622391510009765625e+02	1.127408981323242188e+02	1.389532928466796875e+02	1.437695465087890625e+02
7.319059753417968750e+01	1.590134277343750000e+02	9.362834930419921875e+01	5.506578369140625000e+02	1.010643844604492188e+02	1.072478866577148438e+02
1.323260192871093750e+02	4.414839172363281250e+02	1.456875457763671875e+02	1.612029418945312500e+02	1.765208435058593750e+02	1.298080596923828125e+02
6.733398437500000000e+01	5.284013061523437500e+02	1.128081665039062500e+02	1.235087661743164062e+02	1.775770721435546875e+02	4.804162597656250000e+02
7.545385742187500000e+01	5.666224975585937500e+02	1.359464263916015625e+02	8.093856811523437500e+01	1.099708099365234375e+02	5.428823242187500000e+02
1.252912521362304688e+02	6.059191894531250000e+02	1.771973571777343750e+02	7.607329101562500000e+02	1.720874481201171875e+02	1.387568511962890625e+02
8.193085479736328125e+01	5.216660766601562500e+02	1.009620285034179688e+02	2.204202117919921875e+02	1.161087875366210938e+02	1.448843078613281250e+02
7.161449432373046875e+01	4.224463806152343750e+02	1.525265960693359375e+02	2.170120239257812500e+01	1.364441223144531250e+02	1.102590103149414062e+02
1.669243469238281250e+02	2.229858589172363281e+01	1.915433349609375000e+02	1.349291229248046875e+02	1.656183166503906250e+02	1.457245635986328125e+02
9.237953948974609375e+01	6.035267333984375000e+02	1.986337890625000000e+02	1.554283905029296875e+02	1.591818542480468750e+02	1.697223663330078125e+02
1.361473846435546875e+02	7.200780029296875000e+02	1.938596801757812500e+02	9.511098861694335938e+00	9.350697326660156250e+01	1.839524078369140625e+02
1.054765090942382812e+02	5.930619506835937500e+02	1.379745941162109375e+02	1.049509201049804688e+02	1.293596191406250000e+02	1.286784667968750000e+02
1.941949920654296875e+02	5.969313354492187500e+02	1.137352447509765625e+02	1.218766479492187500e+02	1.568937988281250000e+02	1.404527282714843750e+02
1.498152923583984375e+02	6.274317016601562500e+02	1.575334472656250000e+02	2.105561981201171875e+02	1.873212280273437500e+02	1.377782440185546875e+02
1.436106719970703125e+02	6.102595214843750000e+02	2.031449127197265625e+02	1.434095458984375000e+02	1.463604278564453125e+02	1.527689514160156250e+02
1.522103118896484375e+02	8.916886901855468750e+01	1.871388549804687500e+02	1.287441101074218750e+02	1.883464965820312500e+02	7.803927612304687500e+02
8.530091857910156250e+01	4.969486083984375000e+02	1.381898345947265625e+02	1.538329620361328125e+02	1.310375518798828125e+02	7.176669311523437500e+02
1.133249969482421875e+02	4.593408508300781250e+02	1.426469879150390625e+02	1.239485397338867188e+02	1.199683914184570312e+02	1.157962646484375000e+02
1.180168762207031250e+02	4.367036743164062500e+02	1.885320739746093750e+02	8.324018859863281250e+01	1.235798797607421875e+02	1.597591400146484375e+02
1.143440933227539062e+02	5.500757446289062500e+02	2.126711120605468750e+02	2.122593383789062500e+02	1.602553558349609375e+02	1.524886627197265625e+02
1.203163299560546875e+02	6.138043823242187500e+02	2.024735412597656250e+02	1.538724670410156250e+02	1.695719909667968750e+02	1.151383056640625000e+02
1.265322952270507812e+02	6.178642578125000000e+02	1.641773529052734375e+02	1.074987411499023438e+02	1.212145538330078125e+02	4.792058410644531250e+02
1.435541839599609375e+02	5.866804809570312500e+02	1.786459045410156250e+02	1.547200927734375000e+02	1.583639678955078125e+02	4.342801513671875000e+02
1.244403228759765625e+02	8.083362579345703125e+01	1.735699920654296875e+02	6.032575073242187500e+02	1.284541320800781250e+02	1.176042327880859375e+02
1.558721160888671875e+02	5.744462890625000000e+02	1.971453247070312500e+02	1.595604248046875000e+02	1.684800109863281250e+02	1.649380798339843750e+02
1.268969268798828125e+02	6.809135742187500000e+02	2.196562042236328125e+02	5.363892745971679688e+01	2.008258361816406250e+02	1.209013214111328125e+02
8.652185821533203125e+01	5.092091064453125000e+02	1.852058868408203125e+02	1.788002929687500000e+02	1.548206787109375000e+02	1.423045043945312500e+02
9.899853515625000000e+01	1.199225521087646484e+01	1.198129501342773438e+02	2.123084716796875000e+02	1.200247192382812500e+02	1.488503265380859375e+02
6.046146011352539062e+01	4.449503479003906250e+02	1.398357238769531250e+02	1.802265930175781250e+01	1.361242370605468750e+02	1.045916900634765625e+02
1.139586181640625000e+02	5.278619995117187500e+02	1.143579635620117188e+02	1.329193878173828125e+02	1.192971725463867188e+02	1.109941329956054688e+02
5.834234237670898438e+01	6.101574096679687500e+02	1.801441192626953125e+02	2.179755859375000000e+02	1.620107727050781250e+02	1.544786376953125000e+02
1.136692962646484375e+02	6.198663940429687500e+02	2.105538635253906250e+02	1.453862304687500000e+02	1.500309906005859375e+02	1.485832061767578125e+02
3.994470977783203125e+01	5.474916381835937500e+02	1.786917724609375000e+02	1.282433929443359375e+02	1.446227569580078125e+02	1.111931228637695312e+02
1.372944183349609375e+02	9.353129386901855469e+00	2.026568603515625000e+02	1.952604522705078125e+02	1.506034698486328125e+02	1.298182983398437500e+02
1.602708892822265625e+02	4.848536987304687500e+02	1.606094665527343750e+02	7.519465942382812500e+02	1.774764709472656250e+02	1.215769882202148438e+02
1.478139953613281250e+02	5.410064086914062500e+02	1.027986068725585938e+02	4.119520263671875000e+02	1.162564849853515625e+02	1.089718017578125000e+02
1.311348724365234375e+02	5.754785766601562500e+02	1.896674652099609375e+02	1.140668716430664062e+02	1.512267761230468750e+02	1.516814575195312500e+02
9.790917205810546875e+01	6.362462158203125000e+02	1.270663986206054688e+02	1.378513793945312500e+02	1.802773895263671875e+02	1.111207962036132812e+02
6.710704803466796875e+01	3.386234130859375000e+02	1.229994049072265625e+02	2.141170196533203125e+02	1.503289947509765625e+02	1.269743347167968750e+02
6.445830535888671875e+01	6.938658447265625000e+02	2.073693695068359375e+02	1.363208618164062500e+02	1.508982086181640625e+02	1.554918670654296875e+02
1.486836242675781250e+02	5.059276733398437500e+02	9.565259552001953125e+01	4.405590438842773438e+01	9.816106414794921875e+01	7.509885406494140625e+01
1.483646697998046875e+02	4.824725952148437500e+02	1.600282135009765625e+02	1.462431182861328125e+02	1.770224304199218750e+02	1.638927612304687500e+02
1.195820312500000000e+02	5.259962768554687500e+02	1.241761474609375000e+02	1.405161285400390625e+02	1.494620361328125000e+02	1.388495025634765625e+02
1.175412445068359375e+02	6.478978881835937500e+02	1.525321197509765625e+02	2.389334411621093750e+02	1.741407623291015625e+02	1.535407409667968750e+02
1.219414825439453125e+02	5.749260253906250000e+02	1.842675018310546875e+02	8.006155395507812500e+01	1.759629974365234375e+02	9.165808105468750000e+01
1.887129364013671875e+02	6.435753784179687500e+02	2.045551757812500000e+02	7.615988769531250000e+02	1.893119506835937500e+02	2.092762908935546875e+02
1.813098144531250000e+02	5.523081054687500000e+02	2.040283660888671875e+02	1.665867919921875000e+02	1.818531646728515625e+02	1.547550506591796875e+02
1.055116653442382812e+02	5.917343521118164062e+01	1.560792846679687500e+02	1.219664230346679688e+02	1.281752319335937500e+02	1.377818298339843750e+02
6.790647888183593750e+01	6.456203613281250000e+02	1.932131958007812500e+02	1.137463302612304688e+02	1.365370330810546875e+02	1.272794952392578125e+02
2.005110931396484375e+02	7.131463623046875000e+02	2.248875122070312500e+02	1.590317535400390625e+02	1.733943328857421875e+02	1.649558715820312500e+02
1.097303390502929688e+02	1.028444099426269531e+01	1.714672851562500000e+02	1.974538269042968750e+02	1.699398345947265625e+02	4.822818603515625000e+02
6.963924407958984375e+01	6.571610717773437500e+02	1.633744964599609375e+02	1.395149536132812500e+02	1.799207763671875000e+02	1.261586761474609375e+02
1.149394378662109375e+02	5.188494262695312500e+02	1.868926086425781250e+02	2.022850494384765625e+02	1.557036743164062500e+02	1.420157470703125000e+02
6.847712707519531250e+01	6.062269287109375000e+02	2.060608825683593750e+02	1.718335266113281250e+02	1.372918548583984375e+02	4.345230102539062500e+02
8.861138916015625000e+01	5.450672607421875000e+02	1.716021575927734375e+02	1.381654815673828125e+02	1.442019348144531250e+02	7.746535034179687500e+02
1.435672302246093750e+02	4.985934753417968750e+02	2.102718048095703125e+02	2.111005554199218750e+02	2.101692199707031250e+02	1.487958374023437500e+02
2.143318176269531250e+02	7.219158935546875000e+02	2.138756561279296875e+02	1.088281478881835938e+02	1.625026855468750000e+02	9.933840942382812500e+01
1.572920379638671875e+02	6.607798461914062500e+02	1.090755691528320312e+02	1.184877166748046875e+02	1.782169647216796875e+02	1.494467620849609375e+02
1.300474090576171875e+02	6.696159057617187500e+02	2.233218383789062500e+02	1.145892181396484375e+02	1.231569747924804688e+02	1.509752197265625000e+02
1.137849426269531250e+02	5.813249511718750000e+02	1.426207580566406250e+02	1.956144561767578125e+02	1.084149932861328125e+02	7.921594848632812500e+02
1.074687957763671875e+02	5.980751342773437500e+02	1.903778839111328125e+02	1.443898010253906250e+02	1.531679687500000000e+02	7.714824218750000000e+02
6.912781524658203125e+01	5.920313110351562500e+02	5.169625854492187500e+02	1.289011535644531250e+02	1.463027954101562500e+02	7.638309326171875000e+02
1.078825378417968750e+02	4.574046630859375000e+02	5.133530883789062500e+02	1.362856903076171875e+02	1.660547790527343750e+02	7.608513793945312500e+02
5.544374465942382812e+01	5.272229614257812500e+02	1.786231689453125000e+02	7.847268676757812500e+01	1.100989074707031250e+02	1.422333679199218750e+02
7.152896881103515625e+01	6.436638183593750000e+02	1.741824035644531250e+02	1.076784591674804688e+02	1.416161956787109375e+02	1.206094589233398438e+02
8.945417785644531250e+01	8.759531402587890625e+01	1.878291931152343750e+02	1.991083068847656250e+02	1.819125518798828125e+02	4.884662170410156250e+02
6.524334716796875000e+01	2.006249618530273438e+01	1.833921508789062500e+02	1.321294860839843750e+02	1.611946716308593750e+02	4.593776855468750000e+02
6.746382141113281250e+01	4.814091186523437500e+02	1.194882888793945312e+02	1.216545486450195312e+02	1.750014953613281250e+02	1.416461944580078125e+02
1.754728546142578125e+02	6.634901733398437500e+02	1.916516571044921875e+02	1.174289245605468750e+02	1.704197235107421875e+02	1.496556701660156250e+02
1.311366729736328125e+02	6.064394531250000000e+02	2.054705200195312500e+02	4.694364624023437500e+02	1.840290832519531250e+02	4.403020935058593750e+02
1.762517395019531250e+02	4.131254272460937500e+02	2.118278045654296875e+02	1.565575256347656250e+02	1.145798950195312500e+02	5.344699096679687500e+02
2.166600189208984375e+02	6.998002319335937500e+02	9.879394531250000000e+01	2.270311584472656250e+02	1.124583969116210938e+02	1.934127807617187500e+02
1.110051422119140625e+02	5.707629394531250000e+02	1.427156677246093750e+02	1.241600494384765625e+02	1.238993148803710938e+02	1.111495132446289062e+02
1.276911239624023438e+02	2.603546905517578125e+01	1.198955764770507812e+02	1.597868499755859375e+02	1.107761383056640625e+02	5.108924865722656250e+02
1.165245208740234375e+02	4.263724899291992188e+01	2.021726379394531250e+02	1.507594146728515625e+02	1.284703979492187500e+02	5.005986633300781250e+02
8.700474548339843750e+01	5.309581909179687500e+02	1.827845458984375000e+02	1.375140228271484375e+02	1.462219238281250000e+02	4.897617187500000000e+02
9.785172271728515625e+01	3.218631591796875000e+02	1.509790649414062500e+02	1.165372467041015625e+02	1.988532867431640625e+02	6.782970581054687500e+02
1.424584197998046875e+02	6.414542236328125000e+02	1.981038818359375000e+02	5.184335937500000000e+02	1.621264343261718750e+02	1.685155639648437500e+02
9.061977386474609375e+01	6.104481811523437500e+02	1.955315856933593750e+02	1.314328460693359375e+02	1.665934448242187500e+02	1.346522979736328125e+02
1.643116149902343750e+02	6.930870361328125000e+02	1.094890823364257812e+02	7.875454711914062500e+02	1.534800872802734375e+02	1.917314605712890625e+02
1.382421569824218750e+02	4.498329162597656250e+02	1.124330902099609375e+02	2.018751831054687500e+02	1.221077346801757812e+02	1.136918182373046875e+02
9.319071960449218750e+01	5.615100708007812500e+02	1.925984497070312500e+02	1.488677215576171875e+02	1.628153991699218750e+02	1.040132141113281250e+02
1.778968963623046875e+02	4.256460571289062500e+02	2.074084777832031250e+02	9.666638183593750000e+01	1.442635345458984375e+02	2.137591934204101562e+01
9.213456726074218750e+01	6.800685424804687500e+02	1.277612533569335938e+02	1.379324493408203125e+02	1.817050476074218750e+02	1.092464065551757812e+02
6.366881179809570312e+01	5.771043701171875000e+02	1.382142028808593750e+02	2.522609901428222656e+01	1.521836090087890625e+02	1.398279113769531250e+02
5.679868316650390625e+01	5.901830444335937500e+02	2.046804199218750000e+02	4.369398193359375000e+02	1.638187713623046875e+02	1.131512603759765625e+02
1.581570739746093750e+02	9.551611328125000000e+01	1.621853942871093750e+02	1.015926971435546875e+02	1.865724487304687500e+02	1.296905822753906250e+02
1.618487854003906250e+02	7.041225585937500000e+02	2.145293426513671875e+02	1.984560241699218750e+02	1.864004669189453125e+02	1.770208587646484375e+02
6.939382934570312500e+01	1.974300689697265625e+02	1.859199218750000000e+02	6.073617553710937500e+02	1.681368713378906250e+02	1.855240631103515625e+02
8.794332122802734375e+01	6.657203369140625000e+02	1.204599533081054688e+02	1.318557434082031250e+02	1.305231628417968750e+02	1.003836669921875000e+02
1.376508026123046875e+02	6.453862915039062500e+02	1.081249618530273438e+02	1.935109558105468750e+02	1.075437393188476562e+02	1.320836944580078125e+02
1.405879821777343750e+02	6.738596801757812500e+02	1.802517852783203125e+02	1.240278244018554688e+02	1.509946136474609375e+02	5.298334960937500000e+02
1.374509887695312500e+02	6.415971069335937500e+02	2.135217895507812500e+02	1.929053802490234375e+02	1.588967590332031250e+02	5.486096191406250000e+02
1.153022994995117188e+02	6.079804687500000000e+02	1.524040679931640625e+02	2.081828155517578125e+02	1.752476806640625000e+02	1.686198883056640625e+02
1.141643371582031250e+02	5.117078857421875000e+02	1.874433288574218750e+02	1.583871765136718750e+02	1.408843231201171875e+02	1.473193969726562500e+02
1.937941741943359375e+02	6.225651245117187500e+02	9.663253021240234375e+01	2.044653930664062500e+02	1.770657958984375000e+02	5.190523681640625000e+02
3.045675468444824219e+01	5.566720581054687500e+02	1.290094909667968750e+02	1.256849670410156250e+02	1.234555511474609375e+02	4.450707092285156250e+02
1.067260513305664062e+02	2.237853431701660156e+01	1.501203002929687500e+02	1.335188140869140625e+02	1.158045806884765625e+02	7.415001678466796875e+01
1.615537109375000000e+02	4.592446289062500000e+02	1.077182998657226562e+02	1.436206054687500000e+02	1.388323974609375000e+02	1.448954162597656250e+02
6.443427276611328125e+01	6.767696533203125000e+02	1.224654312133789062e+02	1.441695861816406250e+02	1.369274444580078125e+02	1.340010833740234375e+02
1.835735931396484375e+02	6.157882690429687500e+02	9.271855163574218750e+01	1.661000671386718750e+02	9.151387023925781250e+01	1.884355010986328125e+02
9.467660522460937500e+01	1.026897888183593750e+02	1.993809356689453125e+02	8.362719726562500000e+01	2.038020172119140625e+02	1.140289459228515625e+02
1.441432189941406250e+02	5.372495727539062500e+02	1.570178070068359375e+02	2.026181182861328125e+02	1.789793090820312500e+02	1.708009338378906250e+02
1.631240844726562500e+02	4.781888427734375000e+02	1.081553344726562500e+02	1.108406066894531250e+02	1.491019897460937500e+02	1.240432891845703125e+02
1.457596588134765625e+02	5.910903930664062500e+02	2.000550994873046875e+02	8.106941223144531250e+01	1.533024902343750000e+02	1.487896270751953125e+02
1.297814788818359375e+02	5.842247314453125000e+02	1.967390594482421875e+02	1.954662475585937500e+02	1.651742401123046875e+02	1.738284301757812500e+02
8.928361511230468750e+01	4.542161560058593750e+02	1.133431930541992188e+02	5.715494155883789062e+01	1.292006530761718750e+02	1.369485321044921875e+02
1.411938934326171875e+02	4.778882141113281250e+02	1.827981414794921875e+02	1.367351684570312500e+02	1.522206878662109375e+02	1.191554336547851562e+02
5.445104980468750000e+01	4.799047546386718750e+02	1.949450073242187500e+02	4.539138793945312500e+02	1.470869140625000000e+02	1.135489959716796875e+02
1.562706298828125000e+02	6.099360961914062500e+02	1.474032592773437500e+02	3.316031265258789062e+01	2.010302124023437500e+02	1.592212677001953125e+02
7.409334564208984375e+01	6.982228393554687500e+02	1.919775695800781250e+02	8.810406494140625000e+01	2.046086120605468750e+02	1.811250152587890625e+02
9.535498809814453125e+01	6.165682373046875000e+02	1.737692871093750000e+02	1.125339355468750000e+02	1.278779373168945312e+02	1.167415390014648438e+02
5.660036087036132812e+01	6.774321289062500000e+02	1.202114486694335938e+02	1.935911750793457031e+01	1.148493499755859375e+02	1.854161143302917480e+00
8.751329803466796875e+01	5.097520751953125000e+02	2.105316925048828125e+02	5.251089859008789062e+01	1.330395660400390625e+02	1.163440704345703125e+02
1.030662536621093750e+02	9.584897041320800781e+00	1.529552612304687500e+02	1.435594177246093750e+02	1.499841308593750000e+02	1.352869567871093750e+02
1.227495880126953125e+02	2.984618759155273438e+01	1.977678222656250000e+02	1.471002349853515625e+02	1.508156738281250000e+02	1.512302398681640625e+02
9.691001129150390625e+01	5.002754211425781250e+02	1.201441192626953125e+02	1.169497375488281250e+02	1.767740020751953125e+02	1.630638275146484375e+02
9.402317810058593750e+01	5.531936645507812500e+02	1.750774078369140625e+02	1.828941955566406250e+02	1.335265808105468750e+02	1.128918609619140625e+02
1.079891357421875000e+02	5.094904785156250000e+02	1.822751464843750000e+02	3.409033203125000000e+02	1.342357940673828125e+02	4.502355041503906250e+02
9.025209808349609375e+01	5.608421630859375000e+02	1.916921691894531250e+02	1.374399566650390625e+02	1.870565948486328125e+02	1.436228027343750000e+02
1.526351318359375000e+02	9.418813323974609375e+01	2.089067230224609375e+02	1.664217529296875000e+02	1.359448242187500000e+02	1.519746704101562500e+02
1.533447875976562500e+02	5.316552124023437500e+02	1.509271545410156250e+02	2.171418914794921875e+02	1.784391937255859375e+02	1.587858276367187500e+02
1.255850677490234375e+02	6.565263671875000000e+02	1.336902160644531250e+02	4.058268432617187500e+02	1.571598358154296875e+02	1.198389511108398438e+02
1.185923843383789062e+02	3.497579956054687500e+02	1.130866088867187500e+02	8.380860900878906250e+01	1.427716064453125000e+02	5.417169189453125000e+02
1.511965942382812500e+02	6.578526000976562500e+02	1.302929229736328125e+02	1.166460037231445312e+02	1.394497528076171875e+02	5.248803100585937500e+02
8.746519470214843750e+01	6.224437866210937500e+02	1.717732238769531250e+02	1.326018676757812500e+02	1.556230010986328125e+02	7.760836791992187500e+02
4.028068923950195312e+01	5.074786987304687500e+02	1.514202117919921875e+02	1.885644989013671875e+02	1.343009338378906250e+02	7.925792236328125000e+02
1.342973937988281250e+02	6.141123046875000000e+02	1.582937164306640625e+02	1.556001129150390625e+02	1.444650268554687500e+02	1.248805541992187500e+02
1.194470977783203125e+02	4.205904541015625000e+02	1.246642379760742188e+02	1.901804809570312500e+02	1.437661743164062500e+02	1.107452774047851562e+02
1.102775802612304688e+02	5.780656127929687500e+02	1.874047088623046875e+02	1.221565704345703125e+02	2.115729064941406250e+02	1.697446899414062500e+02
1.021205520629882812e+02	6.980924072265625000e+02	1.697132720947265625e+02	1.485676574707031250e+02	1.203336563110351562e+02	1.293164215087890625e+02
7.221051025390625000e+01	5.915828247070312500e+02	1.235420074462890625e+02	2.094802551269531250e+02	1.372281494140625000e+02	1.180262298583984375e+02
7.201748657226562500e+01	4.523886108398437500e+02	1.275427703857421875e+02	1.933980865478515625e+02	1.813106689453125000e+02	1.511448516845703125e+02
1.832270812988281250e+02	6.753637695312500000e+02	9.703115081787109375e+01	1.159632186889648438e+02	1.140355072021484375e+02	1.141181335449218750e+02
1.600833435058593750e+02	6.336856079101562500e+02	1.623450012207031250e+02	2.034885864257812500e+02	1.545558471679687500e+02	1.244370346069335938e+02
9.457070922851562500e+01	4.735102539062500000e+02	5.134070434570312500e+02	7.184666137695312500e+02	1.446427917480468750e+02	1.450275115966796875e+02
1.132771224975585938e+02	6.443162231445312500e+02	5.064180297851562500e+02	1.368583221435546875e+02	1.125529861450195312e+02	4.426813659667968750e+02
3.803505325317382812e+01	3.608020019531250000e+01	8.026858520507812500e+01	4.935015563964843750e+02	1.878054046630859375e+02	1.181306152343750000e+02
9.028921508789062500e+01	5.073923950195312500e+02	1.950372619628906250e+02	1.977105102539062500e+02	1.780507049560546875e+02	1.306280212402343750e+02
1.085867996215820312e+02	4.726207275390625000e+02	2.179491729736328125e+02	2.085908813476562500e+02	1.358980407714843750e+02	1.651422271728515625e+02
5.557403564453125000e+01	6.819202270507812500e+02	1.201704864501953125e+02	2.361642608642578125e+02	1.024687805175781250e+02	1.135160598754882812e+02
8.905856323242187500e+01	6.442507934570312500e+02	1.262695693969726562e+02	6.196818923950195312e+01	1.390151214599609375e+02	1.352960052490234375e+02
7.046766662597656250e+01	4.522902832031250000e+02	1.093126907348632812e+02	7.884324340820312500e+02	1.527399749755859375e+02	1.338518676757812500e+02
1.399962921142578125e+02	4.492010192871093750e+02	1.098889312744140625e+02	4.037119445800781250e+02	1.349244079589843750e+02	4.479042663574218750e+02
6.342277526855468750e+01	4.344927673339843750e+02	1.271995544433593750e+02	5.034052658081054688e+01	1.210124740600585938e+02	5.426317749023437500e+02
5.482635498046875000e+01	4.190469665527343750e+02	1.945449523925781250e+02	4.090743103027343750e+02	1.820214080810546875e+02	1.657569122314453125e+02
8.390894317626953125e+01	2.692354393005371094e+01	2.167678527832031250e+02	2.113260803222656250e+02	2.091011352539062500e+02	1.814267425537109375e+02
1.153667449951171875e+02	2.839759826660156250e+02	5.189323730468750000e+02	8.641677093505859375e+01	1.087393646240234375e+02	4.396752014160156250e+02
1.795730133056640625e+02	3.767016296386718750e+02	5.084043579101562500e+02	2.490815353393554688e+01	1.287549438476562500e+02	4.524896240234375000e+02
5.890963745117187500e+01	5.982224121093750000e+02	5.189626464843750000e+02	1.352621154785156250e+02	1.702850189208984375e+02	4.423498535156250000e+02
1.042423629760742188e+02	6.258229980468750000e+02	5.105021362304687500e+02	1.925197296142578125e+02	1.744716339111328125e+02	5.254900512695312500e+02
7.529196166992187500e+01	6.544027709960937500e+01	1.030192260742187500e+02	1.903254699707031250e+02	1.872592163085937500e+02	7.876770629882812500e+02
1.696458740234375000e+02	4.029521484375000000e+02	2.091564636230468750e+02	1.420101928710937500e+02	1.049213180541992188e+02	7.931657104492187500e+02
1.527447052001953125e+02	6.266612548828125000e+02	1.738380126953125000e+02	1.370148925781250000e+02	1.952048950195312500e+02	5.459039916992187500e+02
1.843264160156250000e+02	5.726324462890625000e+02	1.167104949951171875e+02	1.580707244873046875e+02	1.133551101684570312e+02	4.425827941894531250e+02
9.417026519775390625e+01	5.360308837890625000e+02	1.631946716308593750e+02	7.408229064941406250e+01	1.809023895263671875e+02	1.331158294677734375e+02
1.093686447143554688e+02	2.761461067199707031e+01	1.660141296386718750e+02	1.670183105468750000e+02	1.554310150146484375e+02	1.430327453613281250e+02
1.170236740112304688e+02	6.541975097656250000e+02	1.230869674682617188e+02	1.068585281372070312e+02	1.813373260498046875e+02	1.412727966308593750e+02
1.240429534912109375e+02	5.892192382812500000e+02	1.162374114990234375e+02	1.166697387695312500e+02	1.829321899414062500e+02	4.198457641601562500e+02
5.769931030273437500e+01	5.735173950195312500e+02	1.719566650390625000e+02	1.310150756835937500e+02	1.778377075195312500e+02	7.636257934570312500e+01
6.678840637207031250e+01	6.156560668945312500e+02	1.672017517089843750e+02	1.723208007812500000e+02	1.300835113525390625e+02	1.270749359130859375e+02
1.257842407226562500e+02	5.174884033203125000e+02	1.884301757812500000e+02	2.131731567382812500e+02	1.205608749389648438e+02	7.895870971679687500e+02
1.471819915771484375e+02	5.981400146484375000e+02	1.315024566650390625e+02	1.636717987060546875e+02	1.484556274414062500e+02	5.230389404296875000e+02
1.318031616210937500e+02	6.080448532104492188e+01	9.992028808593750000e+01	2.048132019042968750e+02	1.361564483642578125e+02	5.289814453125000000e+02
1.548936767578125000e+02	7.052722778320312500e+02	1.840144500732421875e+02	1.218174591064453125e+02	1.237624053955078125e+02	4.535732421875000000e+02
1.595590362548828125e+02	6.188159790039062500e+02	1.239257125854492188e+02	1.040105133056640625e+02	1.219208145141601562e+02	1.651579437255859375e+02
7.089888000488281250e+01	5.891213378906250000e+02	1.255323867797851562e+02	1.148078231811523438e+02	1.139333267211914062e+02	1.502881774902343750e+02
1.260870361328125000e+02	5.932574462890625000e+02	5.088284606933593750e+02	1.249408340454101562e+02	1.674026947021484375e+02	1.389912567138671875e+02
1.180945968627929688e+02	5.560332031250000000e+02	5.176367797851562500e+02	1.315618286132812500e+02	1.661134185791015625e+02	1.357278289794921875e+02
1.427262878417968750e+02	3.181758499145507812e+01	2.131802978515625000e+02	1.218978652954101562e+02	1.860710449218750000e+02	1.367619628906250000e+02
4.006155395507812500e+01	5.891101074218750000e+02	2.096169433593750000e+02	1.602529907226562500e+02	1.722039031982421875e+02	1.354143524169921875e+02
1.052889938354492188e+02	5.247064819335937500e+02	1.954124145507812500e+02	1.303116912841796875e+02	1.779305725097656250e+02	1.205851821899414062e+02
1.566868743896484375e+02	5.155064086914062500e+02	2.112959594726562500e+02	1.212522277832031250e+02	1.302869873046875000e+02	1.032174911499023438e+02
6.739106750488281250e+01	6.648697509765625000e+02	1.840532531738281250e+02	4.821871337890625000e+02	1.575248260498046875e+02	1.485302886962890625e+02
4.545910644531250000e+01	6.215856323242187500e+02	2.157215118408203125e+02	9.764886474609375000e+01	1.456246337890625000e+02	1.177693939208984375e+02
6.456462860107421875e+01	8.486698150634765625e+01	2.169931182861328125e+02	1.539504547119140625e+02	1.723465728759765625e+02	1.455316467285156250e+02
1.626342163085937500e+02	6.339464721679687500e+02	1.798697509765625000e+02	2.067368774414062500e+02	1.590349731445312500e+02	1.590471038818359375e+02
2.024345092773437500e+02	6.794641113281250000e+02	1.850166015625000000e+02	1.467958984375000000e+02	1.731440887451171875e+02	1.138298263549804688e+02
1.668577728271484375e+02	6.711803588867187500e+02	1.809647827148437500e+02	7.387429809570312500e+01	1.703835296630859375e+02	1.492935943603515625e+02
1.717562866210937500e+02	5.595401000976562500e+02	1.713278961181640625e+02	1.637023620605468750e+02	1.800974426269531250e+02	1.594688262939453125e+02
1.333042755126953125e+02	4.677954711914062500e+02	1.377993774414062500e+02	1.248529281616210938e+02	1.797995452880859375e+02	1.756928100585937500e+02
5.774945449829101562e+01	5.791578979492187500e+02	9.945979309082031250e+01	1.461597747802734375e+02	1.648329315185546875e+02	4.507696228027343750e+02
9.413983917236328125e+01	4.258127593994140625e+01	1.777400512695312500e+02	1.283509063720703125e+02	1.810295867919921875e+02	7.764477539062500000e+02
6.898088073730468750e+01	3.748584899902343750e+02	1.680236511230468750e+02	5.469949340820312500e+02	1.781236724853515625e+02	2.220711326599121094e+01
9.785727691650390625e+01	5.010282592773437500e+02	1.762638854980468750e+02	1.793435516357421875e+02	1.713249969482421875e+02	4.450391235351562500e+02
1.457517700195312500e+02	4.675706481933593750e+02	1.171359786987304688e+02	1.145042648315429688e+02	1.130243453979492188e+02	1.476832122802734375e+02
2.047879486083984375e+02	4.317906494140625000e+02	1.557949523925781250e+02	1.153007965087890625e+02	1.093562011718750000e+02	1.078571319580078125e+02
7.835837554931640625e+01	2.553236484527587891e+00	2.244926910400390625e+02	1.199345245361328125e+02	1.958689270019531250e+02	5.528350830078125000e+02
5.471056747436523438e+01	4.848115844726562500e+02	1.127223281860351562e+02	2.025725860595703125e+02	1.430540771484375000e+02	7.390729980468750000e+02
5.921444702148437500e+01	1.524491882324218750e+01	1.421359558105468750e+02	1.102897872924804688e+02	2.053919982910156250e+02	1.260779266357421875e+02
9.592390441894531250e+01	5.386027221679687500e+02	1.612705078125000000e+02	2.000522613525390625e+02	1.337444305419921875e+02	9.991518402099609375e+01
8.616314697265625000e+01	6.369096069335937500e+02	1.125108871459960938e+02	5.245567626953125000e+02	1.533686828613281250e+02	1.126983795166015625e+02
1.587357025146484375e+02	4.806166992187500000e+02	1.934204711914062500e+02	2.112250518798828125e+02	1.291504364013671875e+02	1.496367187500000000e+02
8.617147827148437500e+01	5.079052124023437500e+02	2.132035064697265625e+02	1.806258544921875000e+02	1.611873931884765625e+02	1.320738830566406250e+02
1.122684097290039062e+02	6.022429809570312500e+02	1.709739379882812500e+02	5.813739624023437500e+02	1.185214996337890625e+02	1.449013671875000000e+02
1.146998519897460938e+02	4.639716491699218750e+02	9.712589263916015625e+01	1.484791564941406250e+02	1.280988769531250000e+02	4.484487609863281250e+02
1.678156433105468750e+02	5.212120971679687500e+02	1.752284698486328125e+02	2.064400024414062500e+02	1.158833847045898438e+02	5.185517578125000000e+02
9.759561157226562500e+01	5.979112548828125000e+02	2.113397369384765625e+02	1.490966339111328125e+02	1.920100860595703125e+02	1.545990600585937500e+02
1.694201202392578125e+02	4.958323974609375000e+02	1.042172698974609375e+02	1.211327209472656250e+02	1.876640625000000000e+02	1.476530609130859375e+02
9.505453491210937500e+01	4.735653991699218750e+02	1.007551803588867188e+02	1.077290267944335938e+02	1.005522994995117188e+02	4.441011352539062500e+02
8.579811096191406250e+01	5.742408447265625000e+02	1.090041961669921875e+02	1.797568969726562500e+02	1.581585998535156250e+02	4.436374206542968750e+02
1.549390258789062500e+02	5.915869750976562500e+02	1.185815658569335938e+02	4.544046020507812500e+01	1.764587249755859375e+02	7.674547576904296875e+01
1.808879089355468750e+02	4.844027404785156250e+02	1.867626495361328125e+02	4.051616821289062500e+02	1.763520202636718750e+02	5.956073608398437500e+02
7.151760101318359375e+01	5.767897338867187500e+02	1.304353790283203125e+02	1.311859283447265625e+02	1.425720825195312500e+02	4.791142578125000000e+02
1.665448455810546875e+02	6.660761108398437500e+02	1.138276367187500000e+02	1.697880096435546875e+02	1.858832550048828125e+02	4.411799011230468750e+02
1.643495941162109375e+02	6.208458862304687500e+02	1.458239288330078125e+02	7.653881835937500000e+02	2.158376922607421875e+02	1.661127929687500000e+02
6.536472320556640625e+01	5.796197509765625000e+02	1.021105651855468750e+02	1.779700927734375000e+02	1.716174316406250000e+02	1.545088806152343750e+02
1.039511718750000000e+02	6.157861938476562500e+02	1.376346130371093750e+02	1.363579101562500000e+02	1.869553680419921875e+02	1.709018402099609375e+02
1.532403564453125000e+02	4.552412414550781250e+02	1.940194091796875000e+02	4.436075134277343750e+02	1.730077362060546875e+02	1.353059997558593750e+02
1.136541366577148438e+02	6.704595336914062500e+02	1.767016448974609375e+02	1.401022338867187500e+02	1.538568725585937500e+02	5.300861206054687500e+02
1.285398864746093750e+02	4.691946105957031250e+02	2.106559295654296875e+02	1.985565643310546875e+02	1.660750274658203125e+02	5.281260986328125000e+02
7.225733947753906250e+01	6.321728515625000000e+02	1.179889450073242188e+02	2.062336425781250000e+02	1.869120178222656250e+02	4.600858154296875000e+02
1.042498626708984375e+02	4.826158142089843750e+02	2.004735717773437500e+02	4.380614624023437500e+02	1.922858886718750000e+02	6.951217651367187500e+02
9.250819396972656250e+01	6.258916015625000000e+02	1.135303497314453125e+02	1.195118331909179688e+02	1.707407989501953125e+02	1.172071075439453125e+02
1.305613098144531250e+02	8.709935760498046875e+01	1.258404846191406250e+02	2.074945259094238281e+01	1.146541213989257812e+02	1.183969039916992188e+02
1.377279205322265625e+02	6.659321289062500000e+02	1.517415924072265625e+02	8.371351623535156250e+01	1.347121582031250000e+02	1.647598571777343750e+02
9.914916229248046875e+01	6.623733520507812500e+02	2.128881988525390625e+02	2.079483795166015625e+02	1.900975341796875000e+02	1.584963684082031250e+02
6.531909942626953125e+01	5.800681152343750000e+02	1.639161987304687500e+02	7.745523929595947266e+00	1.063997955322265625e+02	1.106117706298828125e+02
1.230897674560546875e+02	6.049847412109375000e+02	1.662912292480468750e+02	1.270325622558593750e+02	1.471298675537109375e+02	1.463181457519531250e+02
1.696386871337890625e+02	6.610046997070312500e+02	2.047379913330078125e+02	1.642774047851562500e+02	1.672452697753906250e+02	1.774486694335937500e+02
1.702359008789062500e+02	1.609287261962890625e+02	1.308422241210937500e+02	1.682791290283203125e+02	1.134742965698242188e+02	1.809921112060546875e+02
1.176976699829101562e+02	5.823781127929687500e+02	1.883586578369140625e+02	2.095036315917968750e+02	1.644092102050781250e+02	4.352901000976562500e+02
2.054054260253906250e+02	5.840965576171875000e+02	1.663988647460937500e+02	1.638960266113281250e+02	2.000945281982421875e+02	4.568399963378906250e+02
9.830560302734375000e+01	6.516548461914062500e+02	1.228286132812500000e+02	1.856528472900390625e+02	1.047261199951171875e+02	4.868371887207031250e+02
1.393212738037109375e+02	5.155376586914062500e+02	1.790860290527343750e+02	1.070549926757812500e+02	9.557430267333984375e+01	4.523082275390625000e+02
9.247888183593750000e+01	5.361713867187500000e+02	1.310246734619140625e+02	1.092659378051757812e+02	1.425023651123046875e+02	1.140970687866210938e+02
1.371815795898437500e+02	9.044578552246093750e+01	1.583138732910156250e+02	4.877243041992187500e+02	1.539941253662109375e+02	1.303905334472656250e+02
1.091242828369140625e+02	4.021066589355468750e+02	1.367060852050781250e+02	2.290146179199218750e+02	1.553601837158203125e+02	7.546143798828125000e+02
7.373228454589843750e+01	4.988312377929687500e+02	1.255891113281250000e+02	1.353087005615234375e+02	1.869605560302734375e+02	7.651066284179687500e+02
1.612388305664062500e+02	6.703388671875000000e+02	1.912381744384765625e+02	1.230956420898437500e+02	2.095338287353515625e+02	1.001094589233398438e+02
1.768745117187500000e+02	5.099363708496093750e+02	1.872564239501953125e+02	1.543011169433593750e+02	1.547087249755859375e+02	1.295053405761718750e+02
5.784110260009765625e+01	6.282534790039062500e+02	1.732746429443359375e+02	5.874385833740234375e+01	1.188662796020507812e+02	1.767450103759765625e+02
1.807772369384765625e+02	4.949560546875000000e+02	1.709207611083984375e+02	1.901089324951171875e+02	1.260794525146484375e+02	1.266702041625976562e+02
1.654629211425781250e+02	1.601205253601074219e+01	1.673404541015625000e+02	6.277431106567382812e+01	8.546781921386718750e+01	9.927381896972656250e+01
1.127194061279296875e+02	6.076921386718750000e+02	1.406693420410156250e+02	1.592893066406250000e+02	1.476527404785156250e+02	1.409480285644531250e+02
1.081093444824218750e+02	5.476753540039062500e+02	1.091466293334960938e+02	1.781475372314453125e+02	1.583981933593750000e+02	1.686659393310546875e+02
1.794955749511718750e+02	7.451019287109375000e+01	1.716072387695312500e+02	1.587786254882812500e+02	2.039181213378906250e+02	1.091670761108398438e+02
9.585856628417968750e+01	6.495022583007812500e+02	1.719940338134765625e+02	8.022014617919921875e+01	1.310290985107421875e+02	1.169833755493164062e+02
5.204574584960937500e+01	6.069526367187500000e+02	1.713355712890625000e+02	1.553320465087890625e+02	1.017619857788085938e+02	1.466606140136718750e+02
1.061100006103515625e+02	6.275174560546875000e+02	1.107341079711914062e+02	1.505526580810546875e+02	1.843257904052734375e+02	1.234059906005859375e+02
6.405405426025390625e+01	6.142646484375000000e+02	1.113070144653320312e+02	1.647128753662109375e+02	1.522039947509765625e+02	1.477687072753906250e+02
1.311956481933593750e+02	5.991694946289062500e+02	1.692158050537109375e+02	1.654462280273437500e+02	1.939944763183593750e+02	1.209447174072265625e+02
6.508533477783203125e+01	6.071162719726562500e+02	1.490127868652343750e+02	1.323266296386718750e+02	1.768795166015625000e+02	1.413054809570312500e+02
1.670881805419921875e+02	4.476519470214843750e+02	2.035004425048828125e+02	1.212728042602539062e+02	1.709490356445312500e+02	1.498115997314453125e+02
1.116118545532226562e+02	4.466029052734375000e+02	1.319572143554687500e+02	7.145729980468750000e+02	1.226454162597656250e+02	1.053929672241210938e+02
1.899870452880859375e+02	5.316773681640625000e+02	2.183953247070312500e+02	1.180241241455078125e+02	1.933249206542968750e+02	1.734881439208984375e+02
1.766941375732421875e+02	5.412990112304687500e+02	1.354731445312500000e+02	1.988906097412109375e+02	1.398948364257812500e+02	1.338941040039062500e+02
1.251255035400390625e+02	7.982015991210937500e+02	1.381879882812500000e+02	6.284603271484375000e+02	1.642905883789062500e+02	4.314493103027343750e+02
1.510854187011718750e+02	6.225094604492187500e+02	1.115837707519531250e+02	1.263282775878906250e+02	1.565205688476562500e+02	5.385445556640625000e+02
8.623112487792968750e+01	7.494721679687500000e+02	1.248322982788085938e+02	1.890970916748046875e+02	2.080115509033203125e+02	1.833822631835937500e+02
9.882238769531250000e+01	6.015681152343750000e+02	2.004175109863281250e+02	1.216082687377929688e+02	1.581401062011718750e+02	1.137063293457031250e+02
9.948210906982421875e+01	6.415443115234375000e+02	1.556955108642578125e+02	1.452163085937500000e+02	1.293855133056640625e+02	1.285304412841796875e+02
9.822758483886718750e+01	5.743867187500000000e+02	1.928809356689453125e+02	1.064468841552734375e+02	1.466356506347656250e+02	1.592481079101562500e+02
9.775624084472656250e+01	2.587481689453125000e+02	2.193852691650390625e+02	1.916804656982421875e+02	1.957385406494140625e+02	1.699226684570312500e+02
9.938701629638671875e+01	6.374665527343750000e+02	1.511895141601562500e+02	1.241611480712890625e+02	1.700313262939453125e+02	1.104263153076171875e+02
9.947895050048828125e+01	4.818215942382812500e+02	1.322466583251953125e+02	3.928092575073242188e+01	1.378912200927734375e+02	1.077902908325195312e+02
1.613656463623046875e+02	3.941007690429687500e+02	1.854256591796875000e+02	1.213479766845703125e+02	1.927622985839843750e+02	1.515587921142578125e+02
7.215325164794921875e+01	1.856616668701171875e+02	9.627121734619140625e+01	1.201994628906250000e+02	1.696188049316406250e+02	1.197950515747070312e+02
1.655128173828125000e+02	6.467242431640625000e+02	1.075452423095703125e+02	2.104016571044921875e+02	1.531291503906250000e+02	1.476091766357421875e+02
1.131718597412109375e+02	5.912879638671875000e+02	1.994719390869140625e+02	2.063729705810546875e+02	1.455269622802734375e+02	1.446912078857421875e+02
1.494387207031250000e+02	5.265892944335937500e+02	1.981571502685546875e+02	2.043220214843750000e+02	1.906466217041015625e+02	1.490824890136718750e+02
9.294821929931640625e+01	4.769380493164062500e+02	1.103208770751953125e+02	1.079304122924804688e+02	1.117234115600585938e+02	1.088841934204101562e+02
1.993317871093750000e+02	5.057411804199218750e+02	1.136323699951171875e+02	1.410562591552734375e+02	1.177943801879882812e+02	1.463685607910156250e+02
1.556896514892578125e+02	6.801188354492187500e+02	2.020526885986328125e+02	3.695685729980468750e+02	1.632837982177734375e+02	1.235560913085937500e+02
9.882379150390625000e+01	4.457703247070312500e+02	2.244120330810546875e+02	1.069657440185546875e+02	2.156173248291015625e+02	1.347996978759765625e+02
6.165228652954101562e+01	6.542288208007812500e+02	2.143061828613281250e+02	6.365890502929687500e+01	1.550210876464843750e+02	1.535418090820312500e+02
8.988179016113281250e+01	5.308973999023437500e+02	1.564340820312500000e+02	9.147675323486328125e+01	2.183228759765625000e+02	9.684613037109375000e+01
8.349340057373046875e+01	2.089400672912597656e+01	1.128317031860351562e+02	8.235153198242187500e+01	1.637875366210937500e+02	7.152207183837890625e+01
6.842873382568359375e+01	7.406517333984375000e+02	1.524803009033203125e+02	2.034112701416015625e+02	1.700569610595703125e+02	1.655572052001953125e+02
1.383623809814453125e+02	4.816970825195312500e+02	1.607660827636718750e+02	4.448093872070312500e+02	1.500301208496093750e+02	1.191339950561523438e+02
7.321387481689453125e+01	5.891229248046875000e+02	1.966959533691406250e+02	1.951656188964843750e+02	1.696932525634765625e+02	1.138181076049804688e+02
1.285140228271484375e+02	4.508864746093750000e+02	1.349463195800781250e+02	1.900486755371093750e+02	1.647358703613281250e+02	4.425365600585937500e+02
1.277328262329101562e+02	6.000061798095703125e+01	1.721770935058593750e+02	3.463039245605468750e+02	1.353678588867187500e+02	4.467189331054687500e+02
