1.682914428710937500e+02 3.334434204101562500e+02 -2.630709111690521240e-01 3.259296894073486328e+00 -7.955551147460937500e-02 4.165148735046386719e-01 6.870245933532714844e-01 1.370940089225769043e+00 7.850776910781860352e-01
1.920445861816406250e+02 1.583401947021484375e+02 -2.084067463874816895e-01 3.283250570297241211e+00 -4.629909992218017578e-01 5.907177925109863281e-01 -1.397132873535156250e-02 1.485504627227783203e+00 9.152858257293701172e-01
1.303311309814453125e+02 2.718193359375000000e+02 -3.607168793678283691e-01 3.062508583068847656e+00 -5.425477027893066406e-01 1.012301445007324219e-01 -2.208932638168334961e+00 1.688283801078796387e+00 3.739576816558837891e+00
5.455604248046875000e+02 2.658948059082031250e+02 5.761536955833435059e-01 5.223388671875000000e+00 -8.454489707946777344e-01 -6.422162055969238281e-02 -5.937767028808593750e-01 1.347016811370849609e+00 1.319644689559936523e+00
1.388583831787109375e+02 4.168300781250000000e+02 -2.229589223861694336e-01 3.376644134521484375e+00 1.371932029724121094e-01 8.599853515625000000e-01 2.123341560363769531e+00 1.743681192398071289e+00 3.330614566802978516e+00
1.480915527343750000e+02 4.860550842285156250e+02 -1.050740480422973633e-01 3.376759052276611328e+00 -4.679143428802490234e-01 -5.058765411376953125e-02 1.560187339782714844e-01 1.383550763130187988e+00 1.893920183181762695e+00
1.827750701904296875e+02 3.877612609863281250e+02 -3.213983774185180664e-01 2.988619565963745117e+00 -4.650866985321044922e-01 5.096840858459472656e-01 -2.690960168838500977e+00 1.768248558044433594e+00 1.859762787818908691e+00
1.692374725341796875e+02 4.854778442382812500e+02 -5.192965269088745117e-02 3.886067867279052734e+00 -6.168651580810546875e-01 -6.603205204010009766e-01 -2.430756092071533203e+00 1.619899272918701172e+00 2.762153148651123047e+00
1.322276306152343750e+02 3.934093322753906250e+02 4.986017942428588867e-02 3.936047315597534180e+00 -2.299845218658447266e-01 5.157423019409179688e-01 4.213778972625732422e+00 2.158014297485351562e+00 4.138682365417480469e+00
1.408953704833984375e+02 3.156975402832031250e+02 -4.312843084335327148e-02 3.538223028182983398e+00 -3.820168972015380859e-01 7.433176040649414062e-02 5.744862556457519531e-01 1.950673818588256836e+00 1.762349486351013184e+00
1.474749755859375000e+02 2.454412231445312500e+02 -8.139461278915405273e-02 3.797260761260986328e+00 -2.535009384155273438e-01 7.132554054260253906e-01 5.450725555419921875e-02 1.164371848106384277e+00 1.496173858642578125e+00
5.084291992187500000e+02 3.616222229003906250e+02 -2.355197072029113770e-01 3.252165794372558594e+00 -3.157627582550048828e-01 -5.176389217376708984e-01 1.357398033142089844e+00 1.335587620735168457e+00 8.804789185523986816e-01
1.478799743652343750e+02 2.549483032226562500e+02 -1.745939254760742188e-01 3.372128963470458984e+00 -6.458365917205810547e-01 6.505656242370605469e-01 -3.418900966644287109e+00 2.025048494338989258e+00 3.379587173461914062e+00
5.286241455078125000e+02 1.635963592529296875e+02 -3.924834728240966797e-01 3.187497615814208984e+00 -7.661986351013183594e-01 2.435684204101562500e-02 9.201812744140625000e-01 1.991673588752746582e+00 1.975614905357360840e+00
1.697538604736328125e+02 4.023469848632812500e+02 -2.654534578323364258e-01 3.446709156036376953e+00 -3.748011589050292969e-01 2.197337150573730469e-01 2.665832042694091797e+00 1.655433177947998047e+00 2.870437622070312500e+00
5.335938720703125000e+02 7.633263549804687500e+02 -3.550574183464050293e-02 3.810360431671142578e+00 -5.324327945709228516e-01 5.986690521240234375e-02 1.756739616394042969e-01 1.401368379592895508e+00 2.221746206283569336e+00
1.333920745849609375e+02 1.627930603027343750e+02 -3.301908075809478760e-01 3.393308639526367188e+00 -3.522193431854248047e-01 2.418851852416992188e-01 4.740047454833984375e-01 1.351666927337646484e+00 9.768367409706115723e-01
1.329286041259765625e+02 2.441169738769531250e+02 -1.384902000427246094e-01 3.526383399963378906e+00 -3.333604335784912109e-01 5.355882644653320312e-01 3.849983215332031250e-02 1.347471952438354492e+00 1.279952049255371094e+00
1.998433532714843750e+02 3.512312622070312500e+02 -1.850768923759460449e-01 3.601456403732299805e+00 -5.938446521759033203e-01 -4.804193973541259766e-01 -3.588080406188964844e-02 1.687067985534667969e+00 4.249702453613281250e+00
5.248902587890625000e+02 4.060128784179687500e+02 -1.634132862091064453e-01 3.485093593597412109e+00 -2.745425701141357422e-01 6.439065933227539062e-01 -4.447662830352783203e-01 1.701765298843383789e+00 1.026304364204406738e+00
1.641631774902343750e+02 3.144564514160156250e+02 -6.351172924041748047e-02 3.959251403808593750e+00 -6.215620040893554688e-01 -2.792179584503173828e-01 -3.914999961853027344e-01 1.803206920623779297e+00 4.363593578338623047e+00
1.574008331298828125e+02 1.146165008544921875e+02 -1.239851117134094238e-01 3.539954185485839844e+00 -3.543758392333984375e-01 2.449512481689453125e-01 -9.151947498321533203e-01 1.827836275100708008e+00 1.730048656463623047e+00
1.387062377929687500e+02 9.931472015380859375e+01 -3.503140807151794434e-01 3.184548854827880859e+00 -4.324805736541748047e-01 -8.852958679199218750e-02 5.280995368957519531e-01 1.703060865402221680e+00 1.512890934944152832e+00
1.931644592285156250e+02 2.551833648681640625e+02 -6.800755858421325684e-02 3.651943922042846680e+00 -4.148316383361816406e-01 -3.888130187988281250e-02 5.120539665222167969e-01 1.297439932823181152e+00 1.869611144065856934e+00
1.909200439453125000e+02 3.747372741699218750e+02 -2.511452138423919678e-01 3.586911678314208984e+00 -4.210972785949707031e-01 2.092742919921875000e-01 -9.937453269958496094e-01 2.178589820861816406e+00 4.272009372711181641e+00
1.921193084716796875e+02 4.146744384765625000e+02 -2.901381254196166992e-01 3.178120851516723633e+00 -3.444063663482666016e-01 3.550553321838378906e-01 9.306454658508300781e-01 1.646444916725158691e+00 1.889638662338256836e+00
1.921193084716796875e+02 4.146744384765625000e+02 -2.901381254196166992e-01 3.178120851516723633e+00 -3.444063663482666016e-01 3.550553321838378906e-01 9.306454658508300781e-01 1.646444916725158691e+00 1.889638662338256836e+00
1.622104492187500000e+02 2.005693969726562500e+02 -1.596406102180480957e-01 3.729811668395996094e+00 -4.017102718353271484e-01 -5.666732788085937500e-02 5.281019210815429688e-01 1.697853803634643555e+00 2.055363416671752930e+00
1.615927429199218750e+02 2.448247375488281250e+02 -2.188451588153839111e-01 3.267247915267944336e+00 -3.412163257598876953e-01 5.039334297180175781e-01 -6.850969791412353516e-01 1.358187913894653320e+00 4.377183437347412109e+00
1.892509613037109375e+02 4.104254760742187500e+02 -2.639234066009521484e-01 3.424180030822753906e+00 -6.668698787689208984e-01 6.656670570373535156e-01 1.130747795104980469e-01 1.752595663070678711e+00 3.780315876007080078e+00
5.453790893554687500e+02 2.189866943359375000e+02 -2.364623546600341797e-01 3.345052719116210938e+00 -2.143824100494384766e-01 1.781630516052246094e-01 -3.557944297790527344e-01 1.588500142097473145e+00 1.373873829841613770e+00
1.470970458984375000e+02 2.200104522705078125e+02 -2.450338006019592285e-01 3.327764987945556641e+00 -3.169047832489013672e-01 5.249595642089843750e-01 -3.028941154479980469e-01 1.845178723335266113e+00 2.268017292022705078e+00
1.542710571289062500e+02 8.276575469970703125e+01 -7.654696702957153320e-02 3.753874301910400391e+00 -2.998256683349609375e-01 -1.296353340148925781e-01 1.315140724182128906e-01 1.286279201507568359e+00 1.874599695205688477e+00
1.512330322265625000e+02 2.609349060058593750e+02 5.349725484848022461e-02 4.171304225921630859e+00 -5.124926567077636719e-01 -3.415155410766601562e-01 -1.306596994400024414e+00 1.206989169120788574e+00 1.164175391197204590e+00
1.476446533203125000e+02 3.220689392089843750e+02 -9.877279400825500488e-02 3.761666536331176758e+00 -8.607673645019531250e-01 -2.028965950012207031e-01 -6.397962570190429688e-01 1.422706842422485352e+00 1.715162754058837891e+00
1.587329254150390625e+02 2.203003845214843750e+02 -1.786996424198150635e-01 3.814309835433959961e+00 -5.050027370452880859e-01 -4.176557064056396484e-01 -1.051539182662963867e+00 1.613003611564636230e+00 1.766680240631103516e+00
1.570066223144531250e+02 3.611809387207031250e+02 -1.829148828983306885e-01 3.332319498062133789e+00 -2.726984024047851562e-01 3.815817832946777344e-01 1.441793441772460938e+00 1.336817502975463867e+00 3.856923580169677734e+00
1.407204895019531250e+02 3.357673034667968750e+02 -1.472361385822296143e-01 3.488441705703735352e+00 -5.304050445556640625e-01 5.413126945495605469e-01 -1.490670442581176758e+00 1.599557876586914062e+00 1.649565458297729492e+00
1.309876861572265625e+02 3.616651916503906250e+02 -7.738277316093444824e-02 3.860122919082641602e+00 -6.306385993957519531e-01 4.115867614746093750e-01 -1.057653427124023438e+00 1.459953308105468750e+00 3.749653100967407227e+00
1.986712646484375000e+02 2.821814270019531250e+02 -2.630887925624847412e-01 3.367385149002075195e+00 -7.822787761688232422e-01 -4.996061325073242188e-02 -6.513345241546630859e-01 1.399269342422485352e+00 1.638881921768188477e+00
1.370468139648437500e+02 3.587323608398437500e+02 -2.611126005649566650e-01 3.375834941864013672e+00 -4.731082916259765625e-01 4.342198371887207031e-01 1.666951179504394531e-01 2.074485540390014648e+00 2.003426313400268555e+00
5.366109619140625000e+02 1.592225189208984375e+02 -2.040728926658630371e-01 3.518406867980957031e+00 -4.399669170379638672e-01 -1.161718368530273438e-01 -5.924355983734130859e-01 1.105660438537597656e+00 1.471234321594238281e+00
5.035517272949218750e+02 4.648340148925781250e+02 -2.630752325057983398e-01 3.263885736465454102e+00 -4.320013523101806641e-01 -2.877259254455566406e-01 1.137564182281494141e+00 1.438013553619384766e+00 1.061110615730285645e+00
5.504190673828125000e+02 3.159681701660156250e+02 -2.474482357501983643e-01 3.199461460113525391e+00 -4.317510128021240234e-01 9.472131729125976562e-02 9.741783142089843750e-02 9.914248585700988770e-01 2.689589023590087891e+00
5.279511108398437500e+02 3.038316345214843750e+02 -9.929016232490539551e-02 3.442911386489868164e+00 -9.768128395080566406e-02 8.805751800537109375e-01 -1.308565139770507812e+00 1.394839406013488770e+00 3.173999190330505371e-01
1.937944030761718750e+02 3.541723632812500000e+02 -2.307347953319549561e-01 3.321850299835205078e+00 -3.325796127319335938e-01 2.444052696228027344e-01 1.250352859497070312e+00 1.403816223144531250e+00 2.528056144714355469e+00
1.944627685546875000e+02 2.376611022949218750e+02 -1.379854977130889893e-01 3.495655775070190430e+00 -7.527112960815429688e-01 -5.910181999206542969e-01 -4.844486713409423828e-01 1.275603294372558594e+00 9.971707463264465332e-01
1.427096557617187500e+02 4.001285095214843750e+02 7.655382156372070312e-02 4.151873588562011719e+00 -5.664896965026855469e-01 3.776311874389648438e-02 -3.262817859649658203e-01 9.933039546012878418e-01 2.380045413970947266e+00
1.715811309814453125e+02 2.139167785644531250e+02 -1.608765125274658203e-01 3.464242458343505859e+00 -4.419839382171630859e-01 1.178741455078125000e-01 6.021261215209960938e-02 1.194125771522521973e+00 2.108846306800842285e-01
1.449002075195312500e+02 2.128650207519531250e+02 -2.544115483760833740e-01 3.188244819641113281e+00 -4.094207286834716797e-01 4.822492599487304688e-01 2.746253013610839844e+00 1.641019821166992188e+00 2.177326440811157227e+00
1.921193084716796875e+02 4.146744384765625000e+02 -2.901381254196166992e-01 3.178120851516723633e+00 -3.444063663482666016e-01 3.550553321838378906e-01 9.306454658508300781e-01 1.646444916725158691e+00 1.889638662338256836e+00
1.738234100341796875e+02 2.823652954101562500e+02 -2.922973036766052246e-01 3.544561624526977539e+00 -4.267549514770507812e-01 -1.143407821655273438e-01 -3.029044866561889648e+00 1.935666561126708984e+00 2.219250679016113281e+00
1.490908813476562500e+02 3.224965515136718750e+02 -2.809450030326843262e-01 3.447411060333251953e+00 -2.279639244079589844e-01 -2.321767807006835938e-01 -7.721185684204101562e-02 1.327858567237854004e+00 1.740432858467102051e+00
5.726636352539062500e+02 3.875213928222656250e+02 -1.181596517562866211e-01 3.691933870315551758e+00 -7.487022876739501953e-01 -1.836991310119628906e-01 1.264603137969970703e+00 1.803361892700195312e+00 8.837184309959411621e-01
1.527555084228515625e+02 1.559168395996093750e+02 -1.760545372962951660e-01 3.545221090316772461e+00 -4.106378555297851562e-01 6.918835639953613281e-01 -5.360627174377441406e-01 1.768139362335205078e+00 3.750816345214843750e+00
5.206409912109375000e+02 4.901922607421875000e+02 -2.940146625041961670e-01 3.176323413848876953e+00 -5.554854869842529297e-01 5.946946144104003906e-01 -1.830297708511352539e+00 2.180325031280517578e+00 6.189310550689697266e-01
1.660893402099609375e+02 2.900518798828125000e+02 2.277103066444396973e-01 4.624181270599365234e+00 -2.653968334197998047e-01 8.432459831237792969e-01 8.953928947448730469e-01 1.831292986869812012e+00 8.973025083541870117e-01
1.385188751220703125e+02 4.061753234863281250e+02 -3.089892864227294922e-01 3.159760236740112305e+00 -3.952121734619140625e-01 2.456021308898925781e-01 -4.864215850830078125e-02 1.664897799491882324e+00 4.699372768402099609e+00
1.926224670410156250e+02 3.375229797363281250e+02 -1.332509517669677734e-01 3.480344772338867188e+00 -1.917469501495361328e-01 1.586890220642089844e-01 2.467494010925292969e+00 1.641827344894409180e+00 2.286026239395141602e+00
1.447356872558593750e+02 3.409576416015625000e+02 -2.391423285007476807e-01 3.272207260131835938e+00 -4.576194286346435547e-01 1.637601852416992188e-01 -6.478095054626464844e-01 1.450853586196899414e+00 1.972740650177001953e+00
1.990411834716796875e+02 2.428196868896484375e+02 -9.382769465446472168e-02 3.853715419769287109e+00 -3.033888339996337891e-01 1.949191093444824219e-01 -1.114761829376220703e+00 2.176943063735961914e+00 2.142018318176269531e+00
1.943561553955078125e+02 3.939000244140625000e+02 -2.523812651634216309e-01 3.151594400405883789e+00 -5.634284019470214844e-01 -3.368604183197021484e-01 1.268115043640136719e+00 1.874555349349975586e+00 9.868491888046264648e-01
1.390348510742187500e+02 2.803844909667968750e+02 -2.025610208511352539e-01 3.397036075592041016e+00 -2.276194095611572266e-01 -7.560491561889648438e-02 7.802891731262207031e-01 1.366777181625366211e+00 2.373842477798461914e+00
5.719636230468750000e+02 2.968897705078125000e+02 -2.959612011909484863e-01 3.304889917373657227e+00 -7.218444347381591797e-01 1.637601852416992188e-01 -1.914398670196533203e+00 1.612774610519409180e+00 2.408056974411010742e+00
1.297739257812500000e+02 4.061328430175781250e+02 -1.209634542465209961e-01 3.787603855133056641e+00 -5.511403083801269531e-01 -3.587818145751953125e-01 -3.586947917938232422e+00 1.876485109329223633e+00 1.779872894287109375e+00
1.686549835205078125e+02 2.231892852783203125e+02 -1.941071450710296631e-01 3.285051345825195312e+00 -3.931784629821777344e-01 3.552913665771484375e-02 -1.475477218627929688e-01 1.116477370262145996e+00 1.099647402763366699e+00
1.396661376953125000e+02 3.348655700683593750e+02 -1.731169223785400391e-01 3.558599948883056641e+00 -3.513109683990478516e-01 4.667782783508300781e-01 2.461285591125488281e+00 2.615771770477294922e+00 2.788915157318115234e+00
1.651387481689453125e+02 4.726670227050781250e+02 -1.184819638729095459e-01 3.737066984176635742e+00 -1.584839820861816406e-01 8.073210716247558594e-01 2.154653072357177734e+00 1.608316779136657715e+00 4.393944740295410156e+00
5.269656372070312500e+02 6.928500366210937500e+02 -2.084183692932128906e-01 3.504925489425659180e+00 -5.485975742340087891e-01 1.139760017395019531e-01 1.393775939941406250e+00 1.524802327156066895e+00 1.095382094383239746e+00
1.390711059570312500e+02 2.160122680664062500e+02 -2.208788692951202393e-01 3.390454053878784180e+00 -3.828299045562744141e-01 5.415821075439453125e-01 -4.698226451873779297e+00 2.020520210266113281e+00 2.889233827590942383e+00
1.941257171630859375e+02 3.211520080566406250e+02 -2.335371077060699463e-01 3.276455640792846680e+00 -1.859760284423828125e-01 -8.143424987792968750e-02 3.136839866638183594e+00 1.826048016548156738e+00 6.595653891563415527e-01
1.927932586669921875e+02 2.594827270507812500e+02 2.723869681358337402e-01 4.301862716674804688e+00 3.011441230773925781e-01 2.055344581604003906e+00 -1.130473613739013672e-01 1.732331991195678711e+00 3.244885802268981934e-01
1.737810516357421875e+02 4.036827697753906250e+02 -8.340120315551757812e-02 3.546570539474487305e+00 -3.828632831573486328e-01 5.445790290832519531e-01 -1.062575578689575195e+00 1.551246762275695801e+00 3.616771459579467773e+00
1.701996459960937500e+02 2.608517150878906250e+02 -4.579469561576843262e-02 3.386416435241699219e+00 -3.996980190277099609e-01 3.435850143432617188e-02 3.545880317687988281e-01 9.969152212142944336e-01 1.323046207427978516e+00
1.703894805908203125e+02 1.162223815917968750e+02 -3.364484012126922607e-01 3.009297132492065430e+00 -5.789625644683837891e-01 1.411461830139160156e-01 -1.850383281707763672e+00 1.940280079841613770e+00 2.311170816421508789e+00
1.552219696044921875e+02 1.798815307617187500e+02 -2.064320445060729980e-01 3.562981843948364258e+00 -3.394258022308349609e-01 -6.821048259735107422e-01 1.174845695495605469e+00 1.392094612121582031e+00 9.162192940711975098e-01
1.936130828857421875e+02 3.494688720703125000e+02 -1.510968804359436035e-01 3.385618686676025391e+00 -8.654165267944335938e-01 -3.057861328125000000e-01 -2.720510959625244141e-01 2.178868055343627930e+00 1.095163106918334961e+00
5.380523071289062500e+02 5.409392089843750000e+02 -2.504219114780426025e-01 3.120360374450683594e+00 -7.196474075317382812e-01 2.833366394042968750e-01 -2.599879503250122070e+00 1.672456026077270508e+00 2.225206851959228516e+00
5.145120849609375000e+02 4.903623962402343750e+02 -1.945759356021881104e-01 3.241480588912963867e+00 -7.705092430114746094e-02 -2.438187599182128906e-02 -5.774652957916259766e-01 1.772955894470214844e+00 3.073955774307250977e-01
1.664611816406250000e+02 2.220400390625000000e+02 -3.599239885807037354e-01 3.053618431091308594e+00 -4.747760295867919922e-01 -2.261531352996826172e-01 9.925842285156250000e-01 2.034365177154541016e+00 3.029690742492675781e+00
1.916204071044921875e+02 5.663818740844726562e+01 -1.459078490734100342e-01 3.698961496353149414e+00 -6.195795536041259766e-01 -4.372370243072509766e-01 4.162621498107910156e-01 1.955253958702087402e+00 3.304529190063476562e-01
1.507332305908203125e+02 2.329246978759765625e+02 -2.146582305431365967e-01 3.547690391540527344e+00 -1.485610008239746094e-01 2.861547470092773438e-01 -1.953033208847045898e+00 1.821814656257629395e+00 6.157036423683166504e-01
1.926316986083984375e+02 2.806441955566406250e+02 -2.502128481864929199e-02 3.647035837173461914e+00 -4.721486568450927734e-01 1.586174964904785156e-01 1.760995388031005859e+00 1.416188597679138184e+00 2.666754245758056641e+00
1.591148223876953125e+02 1.438110656738281250e+02 -2.414689958095550537e-01 3.235237121582031250e+00 -3.672492504119873047e-01 -8.845448493957519531e-02 -3.341615200042724609e-01 1.334261655807495117e+00 1.248475790023803711e+00
1.950123596191406250e+02 7.362928009033203125e+01 -2.713263034820556641e-01 3.369102716445922852e+00 -5.575859546661376953e-01 2.083230018615722656e-01 4.476678371429443359e+00 1.393757104873657227e+00 2.448467254638671875e+00
5.699224243164062500e+02 3.143695678710937500e+02 -2.137543261051177979e-01 3.324824333190917969e+00 -3.868639469146728516e-01 2.274513244628906250e-03 1.365952491760253906e+00 1.249695062637329102e+00 1.753687143325805664e+00
1.373482055664062500e+02 3.924142456054687500e+02 -4.545305669307708740e-01 3.248601675033569336e+00 -5.395376682281494141e-01 -2.583622932434082031e-02 -1.474308967590332031e-01 1.802195429801940918e+00 3.469634294509887695e+00
1.408953704833984375e+02 3.156975402832031250e+02 -4.312843084335327148e-02 3.538223028182983398e+00 -3.820168972015380859e-01 7.433176040649414062e-02 5.744862556457519531e-01 1.950673818588256836e+00 1.762349486351013184e+00
5.100809631347656250e+02 7.066712646484375000e+02 -1.460716128349304199e-01 3.460689544677734375e+00 -4.559159278869628906e-01 3.338456153869628906e-01 -1.375112533569335938e+00 1.295287489891052246e+00 9.496781826019287109e-01
1.970264892578125000e+02 4.082136230468750000e+02 -2.893841266632080078e-01 3.173356533050537109e+00 -5.417108535766601562e-01 -1.679217815399169922e-01 -2.211959362030029297e+00 1.729373216629028320e+00 3.203653097152709961e+00
1.559970092773437500e+02 2.346994628906250000e+02 -1.572211086750030518e-01 3.618318796157836914e+00 -4.236698150634765625e-01 -8.962035179138183594e-02 -2.461117506027221680e+00 1.786521911621093750e+00 3.771401643753051758e+00
1.396997985839843750e+02 2.461341094970703125e+02 -9.440645575523376465e-02 3.422019004821777344e+00 -5.520498752593994141e-01 -1.373589038848876953e-01 -1.557059288024902344e+00 1.369514584541320801e+00 1.629220843315124512e+00
1.570215759277343750e+02 3.177536315917968750e+02 -1.947514712810516357e-01 3.384069204330444336e+00 -4.944312572479248047e-01 1.270222663879394531e-01 -8.604824542999267578e-01 1.454699277877807617e+00 4.307322025299072266e+00
1.926798400878906250e+02 3.783811950683593750e+02 -4.475282132625579834e-01 3.076548099517822266e+00 -5.410552024841308594e-01 -6.253004074096679688e-02 -1.165784597396850586e+00 2.163197994232177734e+00 1.499542713165283203e+00
1.946325836181640625e+02 3.701462707519531250e+02 -2.675168216228485107e-01 3.301372051239013672e+00 -4.529380798339843750e-01 6.669998168945312500e-02 -1.525521278381347656e-02 1.365924835205078125e+00 2.602035999298095703e+00
1.546433715820312500e+02 2.397915344238281250e+02 -8.679419755935668945e-02 3.814255714416503906e+00 -1.326477527618408203e-01 -2.260339260101318359e-01 1.877522468566894531e-01 1.657650589942932129e+00 2.146507501602172852e+00
1.937346649169921875e+02 2.492903747558593750e+02 -1.372143626213073730e-02 3.800905704498291016e+00 -6.138873100280761719e-01 2.037262916564941406e-01 -9.241616725921630859e-01 1.188987255096435547e+00 2.204446554183959961e+00
1.349550628662109375e+02 1.488057098388671875e+02 -1.452270150184631348e-01 3.570772647857666016e+00 -4.846966266632080078e-01 -3.007256984710693359e-01 -1.141537427902221680e+00 1.460614323616027832e+00 2.356965541839599609e+00
1.635385894775390625e+02 1.780397033691406250e+02 -5.708813667297363281e-02 3.554396152496337891e+00 -7.487416267395019531e-02 4.072546958923339844e-01 2.319459915161132812e+00 1.150229096412658691e+00 1.716778755187988281e+00
1.838938293457031250e+02 3.771989135742187500e+02 -4.785090684890747070e-02 3.894097805023193359e+00 -5.616581439971923828e-01 6.303548812866210938e-02 -1.267944574356079102e+00 2.098383426666259766e+00 2.224149227142333984e+00
5.374944458007812500e+02 3.204865112304687500e+02 -2.441130578517913818e-01 3.447179794311523438e+00 -4.567027091979980469e-01 1.091766357421875000e-01 -5.616164207458496094e-01 1.699822664260864258e+00 3.417432308197021484e+00
1.430469207763671875e+02 4.036558532714843750e+02 -2.167406678199768066e-01 3.202711820602416992e+00 -1.268124580383300781e-01 2.694869041442871094e-01 -1.884185075759887695e+00 1.599552035331726074e+00 1.990664005279541016e+00
5.099652709960937500e+02 2.608972473144531250e+02 -3.190612792968750000e-01 2.819127082824707031e+00 -5.458748340606689453e-01 1.836395263671875000e-01 2.025842666625976562e-02 2.011112213134765625e+00 2.169930696487426758e+00
1.429147186279296875e+02 5.034311218261718750e+02 -4.556579887866973877e-01 2.846222162246704102e+00 -4.805767536163330078e-01 5.306911468505859375e-01 2.273671627044677734e+00 1.915381550788879395e+00 3.450071334838867188e+00
1.954301147460937500e+02 2.242401580810546875e+02 -2.249811589717864990e-01 3.536963224411010742e+00 -3.995990753173828125e-01 -2.746438980102539062e-01 -1.026831865310668945e+00 2.011409282684326172e+00 2.968831539154052734e+00
1.421000366210937500e+02 2.099232025146484375e+02 -1.620845496654510498e-01 3.645679950714111328e+00 -2.536654472351074219e-01 -9.206652641296386719e-02 -1.323053836822509766e+00 2.255676269531250000e+00 2.388762474060058594e+00
1.596217803955078125e+02 3.793226318359375000e+02 -2.196495234966278076e-01 3.257520675659179688e+00 -4.785060882568359375e-01 7.399392127990722656e-01 -1.857573986053466797e+00 1.784430265426635742e+00 2.552697658538818359e+00
1.421755981445312500e+02 2.174861907958984375e+02 -1.455417275428771973e-01 3.739265680313110352e+00 -1.495218276977539062e-01 9.168219566345214844e-01 -3.494036197662353516e-01 1.672817349433898926e+00 2.411319971084594727e+00
1.591148223876953125e+02 1.438110656738281250e+02 -2.414689958095550537e-01 3.235237121582031250e+00 -3.672492504119873047e-01 -8.845448493957519531e-02 -3.341615200042724609e-01 1.334261655807495117e+00 1.248475790023803711e+00
5.345288085937500000e+02 3.542685852050781250e+02 -1.968857645988464355e-01 3.287486553192138672e+00 -3.175330162048339844e-01 -5.361306667327880859e-01 -5.338191986083984375e-02 2.202175378799438477e+00 9.522622823715209961e-01
1.433346099853515625e+02 2.897780761718750000e+02 4.526525735855102539e-02 3.881583929061889648e+00 -1.809084415435791016e-01 1.285290718078613281e-01 -5.962562561035156250e-01 1.039743185043334961e+00 2.188728094100952148e+00
1.675806732177734375e+02 4.281548156738281250e+02 -1.563841104507446289e-01 3.404613971710205078e+00 -4.979550838470458984e-01 2.473616600036621094e-01 1.146302223205566406e+00 1.912120461463928223e+00 2.866021394729614258e+00
1.474141998291015625e+02 2.243392639160156250e+02 -2.787211537361145020e-01 3.469691753387451172e+00 -3.666877746582031250e-01 5.821752548217773438e-01 -1.247148513793945312e+00 2.035985231399536133e+00 4.856958389282226562e+00
1.512075805664062500e+02 2.249980926513671875e+02 -4.889890551567077637e-02 4.076492786407470703e+00 -2.183580398559570312e-01 5.238580703735351562e-01 -2.848052978515625000e-01 1.318274021148681641e+00 2.084474325180053711e+00
1.667620391845703125e+02 2.741903076171875000e+02 -3.011929988861083984e-01 3.118627309799194336e+00 -3.903496265411376953e-01 -4.366278648376464844e-02 -1.124368906021118164e+00 1.663247823715209961e+00 4.265428185462951660e-01
5.269329223632812500e+02 7.019913330078125000e+02 -2.247114479541778564e-01 3.528566598892211914e+00 -6.208026409149169922e-01 1.916384696960449219e-01 -1.224700212478637695e+00 1.627975225448608398e+00 1.272370219230651855e+00
1.324514160156250000e+02 5.305259399414062500e+02 -1.714263856410980225e-01 3.382412910461425781e+00 5.705356597900390625e-03 3.559708595275878906e-01 1.929919719696044922e+00 1.805152177810668945e+00 5.517458915710449219e+00
1.728163909912109375e+02 3.305281372070312500e+02 3.867626190185546875e-02 3.683049678802490234e+00 -4.296946525573730469e-01 2.332353591918945312e-01 -1.620273590087890625e+00 1.608970642089843750e+00 6.730358600616455078e-01
1.485822296142578125e+02 2.743461303710937500e+02 -2.851323783397674561e-01 3.280956268310546875e+00 -3.615593910217285156e-01 7.157087326049804688e-02 -1.399290561676025391e-01 1.965177655220031738e+00 7.244659662246704102e-01
1.588016815185546875e+02 3.561746520996093750e+02 1.156738400459289551e-01 4.174066066741943359e+00 -3.890991210937500000e-01 1.758265495300292969e-01 1.896719932556152344e+00 1.485739231109619141e+00 2.556164741516113281e+00
1.414229278564453125e+02 3.928557434082031250e+02 -3.005042672157287598e-01 3.211870193481445312e+00 -5.665373802185058594e-01 -3.065025806427001953e-01 -1.491049528121948242e+00 1.724104762077331543e+00 4.593306541442871094e+00
1.551930236816406250e+02 2.406151733398437500e+02 -3.466288745403289795e-01 3.291474819183349609e+00 -3.906643390655517578e-01 -4.652023315429687500e-02 -2.026454210281372070e+00 1.756574630737304688e+00 2.621464967727661133e+00
5.354620971679687500e+02 3.354563598632812500e+02 -2.940571308135986328e-01 3.108518838882446289e+00 -5.473506450653076172e-01 -2.809119224548339844e-01 3.267598152160644531e-01 1.659814357757568359e+00 2.748432397842407227e+00
1.469679412841796875e+02 5.403943481445312500e+02 -3.473827242851257324e-01 3.443763256072998047e+00 -2.272236347198486328e-01 5.057144165039062500e-01 -2.114402055740356445e+00 1.473917722702026367e+00 3.755948305130004883e+00
5.029811401367187500e+02 2.794786376953125000e+02 -3.780342638492584229e-01 3.066288948059082031e+00 -3.853511810302734375e-01 -1.352703571319580078e-01 3.188490867614746094e-01 1.887803316116333008e+00 5.788066387176513672e-01
1.421085815429687500e+02 3.519350891113281250e+02 -7.353201508522033691e-02 3.699490785598754883e+00 -5.414164066314697266e-01 -2.291524410247802734e-01 2.850413322448730469e-01 1.344908475875854492e+00 7.795000672340393066e-01
5.243930053710937500e+02 1.345635070800781250e+02 -2.634033560752868652e-01 3.127465963363647461e+00 -3.022551536560058594e-01 -3.730285167694091797e-01 4.886293411254882812e-01 2.381277561187744141e+00 2.566985607147216797e+00
1.693738555908203125e+02 2.526927490234375000e+02 -3.070700168609619141e-01 3.254654645919799805e+00 -4.433679580688476562e-01 1.790213584899902344e-01 6.429386138916015625e-01 2.363541603088378906e+00 4.270147323608398438e+00
1.504317321777343750e+02 2.901982727050781250e+02 -1.144215464591979980e-01 3.668572425842285156e+00 -2.578985691070556641e-01 4.252934455871582031e-01 -1.372237205505371094e+00 1.189932346343994141e+00 2.623594760894775391e+00
1.377680053710937500e+02 4.116468505859375000e+02 -3.180858492851257324e-01 3.218186855316162109e+00 -4.239428043365478516e-01 -1.391863822937011719e-01 -6.808185577392578125e-01 2.229609012603759766e+00 5.109541893005371094e+00
1.910933380126953125e+02 4.101807250976562500e+02 -6.175488233566284180e-02 4.056638717651367188e+00 -6.548976898193359375e-01 -3.359341621398925781e-01 6.740808486938476562e-02 1.949577212333679199e+00 1.547607779502868652e+00
5.687082519531250000e+02 5.973107910156250000e+02 -2.760060131549835205e-01 3.361512422561645508e+00 -1.778757572174072266e-01 5.145001411437988281e-01 -3.126585483551025391e-01 1.544361829757690430e+00 1.140884041786193848e+00
1.655624084472656250e+02 4.246631164550781250e+02 -3.640888631343841553e-01 3.086760997772216797e+00 -4.171395301818847656e-01 3.405714035034179688e-01 -8.965146541595458984e-01 1.477612495422363281e+00 4.457499504089355469e+00
1.686871032714843750e+02 4.026074523925781250e+02 -4.657717049121856689e-01 2.900214672088623047e+00 -4.297649860382080078e-01 4.389929771423339844e-01 -7.322061061859130859e-01 2.041402816772460938e+00 3.760929584503173828e+00
1.503901977539062500e+02 1.975171508789062500e+02 -2.773596346378326416e-01 3.485297203063964844e+00 -2.141821384429931641e-01 1.998305320739746094e-01 -1.292421817779541016e+00 1.447957754135131836e+00 3.447203636169433594e+00
1.544262542724609375e+02 3.336252746582031250e+02 -2.048626542091369629e-01 3.453056097030639648e+00 -3.898870944976806641e-01 2.329444885253906250e-01 1.638643741607666016e+00 1.380163192749023438e+00 2.632380723953247070e+00
1.916730957031250000e+02 1.970724334716796875e+02 -2.276854217052459717e-01 3.059198379516601562e+00 -5.731320381164550781e-01 5.041837692260742188e-02 -1.491010189056396484e-01 1.469393730163574219e+00 2.243263959884643555e+00
1.921193084716796875e+02 4.146744384765625000e+02 -2.901381254196166992e-01 3.178120851516723633e+00 -3.444063663482666016e-01 3.550553321838378906e-01 9.306454658508300781e-01 1.646444916725158691e+00 1.889638662338256836e+00
1.368899078369140625e+02 2.280872650146484375e+02 -2.779412269592285156e-01 3.099657535552978516e+00 -2.926802635192871094e-01 1.756191253662109375e-01 1.630144119262695312e+00 2.149273157119750977e+00 1.656249523162841797e+00
1.608872222900390625e+02 4.768759765625000000e+02 -1.487794518470764160e-01 3.582309722900390625e+00 -9.308338165283203125e-02 8.059644699096679688e-01 2.894120216369628906e+00 1.423174738883972168e+00 2.703869104385375977e+00
1.508138275146484375e+02 2.590025939941406250e+02 -3.362075984477996826e-01 3.295225381851196289e+00 -4.572284221649169922e-01 -2.126336097717285156e-01 -4.627215862274169922e-01 1.813990950584411621e+00 2.960485219955444336e+00
5.522224121093750000e+02 6.185708007812500000e+02 -1.916760206222534180e-01 3.288101673126220703e+00 -4.081726074218750000e-01 -1.303791999816894531e-01 -1.937826871871948242e+00 1.209926843643188477e+00 1.164376616477966309e+00
5.493092651367187500e+02 1.152785415649414062e+02 -5.473315715789794922e-02 3.975031375885009766e+00 -7.812619209289550781e-02 5.642604827880859375e-01 8.965754508972167969e-01 1.807813525199890137e+00 1.640588283538818359e+00
1.925679168701171875e+02 2.368725585937500000e+02 -6.983727216720581055e-02 3.461796283721923828e+00 -2.929782867431640625e-01 2.981281280517578125e-01 -5.322611331939697266e-01 1.280398249626159668e+00 1.254843473434448242e+00
1.547743530273437500e+02 4.354147033691406250e+02 -3.731037676334381104e-01 3.092433929443359375e+00 -6.957852840423583984e-01 2.527570724487304688e-01 -2.360498905181884766e+00 1.817894101142883301e+00 4.632053375244140625e+00
1.557059478759765625e+02 3.938262329101562500e+02 -9.977802634239196777e-02 3.746791839599609375e+00 -6.081366539001464844e-01 7.968902587890625000e-02 1.792709827423095703e+00 1.805496215820312500e+00 1.785276532173156738e+00
5.468369140625000000e+02 2.154473114013671875e+02 -3.807993233203887939e-01 3.285945892333984375e+00 -5.425167083740234375e-01 3.176641464233398438e-01 1.155991554260253906e+00 1.422971487045288086e+00 1.749289035797119141e+00
5.524305419921875000e+02 1.505276031494140625e+02 3.545254468917846680e-02 3.999568939208984375e+00 -4.813683032989501953e-01 -6.247603893280029297e-01 -2.391347885131835938e+00 1.636439085006713867e+00 2.285641908645629883e+00
1.843356628417968750e+02 2.355457305908203125e+02 -2.080520987510681152e-01 3.719161987304687500e+00 -5.488431453704833984e-01 9.921550750732421875e-02 -1.999175548553466797e-01 2.142736911773681641e+00 1.894943118095397949e+00
1.923500823974609375e+02 3.406334838867187500e+02 -2.764573693275451660e-01 3.067813158035278320e+00 -5.227160453796386719e-01 3.707695007324218750e-01 1.038410663604736328e+00 1.927641510963439941e+00 2.759107351303100586e+00
1.486053314208984375e+02 2.135704803466796875e+02 -2.634502947330474854e-01 3.654270887374877930e+00 -3.919076919555664062e-01 1.829600334167480469e-01 -5.627524852752685547e-01 1.702392339706420898e+00 1.276798129081726074e+00
1.647148437500000000e+02 1.989277191162109375e+02 -2.214574813842773438e-01 3.481501102447509766e+00 -6.927013397216796875e-01 1.541996002197265625e-01 -1.492218971252441406e+00 1.272330999374389648e+00 1.588554263114929199e+00
1.903505859375000000e+02 2.962182312011718750e+02 -1.346884667873382568e-01 3.518800973892211914e+00 -6.031155586242675781e-01 3.630805015563964844e-01 1.270892620086669922e+00 1.277596950531005859e+00 2.342786312103271484e+00
1.627632141113281250e+02 4.598485107421875000e+02 -5.023488402366638184e-01 3.087530851364135742e+00 -6.449890136718750000e-01 1.871824264526367188e-02 1.499493122100830078e+00 2.157086372375488281e+00 1.655932188034057617e+00
1.594769897460937500e+02 2.822290039062500000e+02 -2.019019424915313721e-01 3.485475063323974609e+00 -5.208611488342285156e-01 6.144285202026367188e-02 -1.371551752090454102e+00 1.772539734840393066e+00 3.383941888809204102e+00
1.683969879150390625e+02 2.506528930664062500e+02 -1.960596442222595215e-01 3.550860404968261719e+00 -5.310523509979248047e-01 -3.966677188873291016e-01 -1.006845235824584961e+00 2.257409572601318359e+00 6.770911216735839844e-01
1.957747650146484375e+02 2.680383300781250000e+02 -2.824163436889648438e-01 3.433918714523315430e+00 -4.038274288177490234e-01 4.844307899475097656e-01 -1.790093183517456055e+00 1.468389272689819336e+00 2.133864879608154297e+00
1.461430358886718750e+02 3.136072387695312500e+02 -2.130730450153350830e-01 3.524056911468505859e+00 -6.052863597869873047e-01 -2.636635303497314453e-01 -8.891332149505615234e-01 1.560431480407714844e+00 3.582388877868652344e+00
1.715359039306640625e+02 2.108549346923828125e+02 -4.164305329322814941e-01 3.338401079177856445e+00 -3.930962085723876953e-01 -6.880497932434082031e-01 -4.541563987731933594e-01 2.338000059127807617e+00 4.754430294036865234e+00
1.532070159912109375e+02 1.393092346191406250e+02 -3.931094706058502197e-01 3.054383754730224609e+00 -3.469240665435791016e-01 8.271694183349609375e-02 -2.715773582458496094e+00 1.943574190139770508e+00 4.496122360229492188e+00
1.475644836425781250e+02 1.985095520019531250e+02 -4.026028513908386230e-01 2.912285804748535156e+00 -5.670559406280517578e-01 3.736567497253417969e-01 -5.048096179962158203e-01 1.572763800621032715e+00 1.443891048431396484e+00
1.662159271240234375e+02 3.409765625000000000e+02 -2.011933922767639160e-01 3.386570215225219727e+00 -2.154433727264404297e-01 2.008390426635742188e-01 -1.811957359313964844e-01 1.364273786544799805e+00 1.737906336784362793e+00
5.429238281250000000e+02 1.969952239990234375e+02 -9.786337614059448242e-03 3.631639242172241211e+00 -6.548702716827392578e-01 9.180426597595214844e-01 1.654098033905029297e+00 1.862735152244567871e+00 1.703256368637084961e+00
5.687329101562500000e+02 2.461221923828125000e+02 6.386697292327880859e-02 4.011199474334716797e+00 -7.386410236358642578e-01 1.354932785034179688e-01 -1.774286031723022461e+00 1.574719548225402832e+00 1.432323932647705078e+00
5.365024414062500000e+02 1.614772491455078125e+02 -7.174223661422729492e-02 3.821691513061523438e+00 -4.166197776794433594e-01 2.321004867553710938e-01 1.008498668670654297e+00 1.604732990264892578e+00 2.956694364547729492e+00
1.617923736572265625e+02 2.731217651367187500e+02 -1.957839727401733398e-01 3.478661298751831055e+00 -2.734875679016113281e-01 -6.111741065979003906e-02 -2.356064319610595703e+00 2.104733467102050781e+00 1.433792829513549805e+00
1.510503234863281250e+02 2.514226379394531250e+02 -2.464774250984191895e-01 3.412562370300292969e+00 -3.513813018798828125e-01 -9.303689002990722656e-02 -9.869349002838134766e-01 2.134011268615722656e+00 1.583929777145385742e+00
1.474096679687500000e+02 2.234929046630859375e+02 -2.467070519924163818e-01 3.430826663970947266e+00 -1.834750175476074219e-01 3.923797607421875000e-01 1.200690269470214844e+00 1.738562822341918945e+00 1.929732680320739746e+00
1.494150695800781250e+02 1.730600280761718750e+02 -2.209365367889404297e-01 3.463702201843261719e+00 -7.222795486450195312e-01 -3.050732612609863281e-01 -1.224442720413208008e+00 1.651076197624206543e+00 2.985254287719726562e+00
1.714358367919921875e+02 4.233048400878906250e+02 -1.989637315273284912e-01 3.521232366561889648e+00 -3.856205940246582031e-01 1.368856430053710938e-01 2.196707725524902344e+00 1.996437191963195801e+00 3.129289627075195312e+00
1.613217010498046875e+02 3.956353149414062500e+02 -1.887881755828857422e-01 3.570034265518188477e+00 -4.005336761474609375e-01 -2.909266948699951172e-01 -2.558039426803588867e+00 1.359556794166564941e+00 2.242768049240112305e+00
1.725749664306640625e+02 2.891300048828125000e+02 -3.304377198219299316e-01 3.151973485946655273e+00 -4.167520999908447266e-01 -2.636253833770751953e-01 -1.419354677200317383e+00 1.362603187561035156e+00 4.384198665618896484e+00
1.900246582031250000e+02 2.373081207275390625e+02 -1.820410788059234619e-01 3.646419525146484375e+00 -9.517085552215576172e-01 -7.238388061523437500e-03 1.580610275268554688e+00 1.140693545341491699e+00 7.734394669532775879e-01
1.818730773925781250e+02 2.717335815429687500e+02 -2.658942341804504395e-01 3.426599979400634766e+00 -1.974797248840332031e-01 -2.032530307769775391e-01 -1.468565464019775391e+00 1.772871494293212891e+00 1.414615035057067871e+00
1.808166809082031250e+02 4.200523986816406250e+02 -1.416534185409545898e-01 3.575083255767822266e+00 -1.345896720886230469e-01 1.672315597534179688e-01 3.501095771789550781e+00 1.627411246299743652e+00 4.458077430725097656e+00
1.607356567382812500e+02 3.559530029296875000e+02 1.390099525451660156e-02 3.947843313217163086e+00 -9.235382080078125000e-01 -2.323067188262939453e-01 -2.901953458786010742e+00 1.481575965881347656e+00 2.345665931701660156e+00
1.917084655761718750e+02 3.514054870605468750e+02 -2.613115310668945312e-01 3.552049398422241211e+00 -5.429422855377197266e-01 2.731680870056152344e-01 -1.094878911972045898e+00 1.862919330596923828e+00 3.663177490234375000e+00
1.420563812255859375e+02 2.431440124511718750e+02 -3.152263164520263672e-01 3.158735513687133789e+00 -1.546633243560791016e-01 3.829765319824218750e-01 -9.197461605072021484e-01 1.409829974174499512e+00 1.975743770599365234e+00
1.523167419433593750e+02 2.131909790039062500e+02 -1.238766312599182129e-01 3.764465808868408203e+00 -2.244162559509277344e-01 1.646685600280761719e-01 -2.344448566436767578e+00 1.409963250160217285e+00 2.077219247817993164e+00
1.836772003173828125e+02 5.397206420898437500e+02 -1.982302963733673096e-01 3.569950580596923828e+00 -4.565966129302978516e-01 -9.854078292846679688e-02 -1.216324567794799805e+00 2.241253614425659180e+00 2.481640815734863281e+00
1.546573486328125000e+02 3.203941650390625000e+02 -1.853568851947784424e-01 3.458862066268920898e+00 -5.628287792205810547e-01 -4.865431785583496094e-01 -3.968262672424316406e-01 1.256553053855895996e+00 2.645101785659790039e+00
1.968043518066406250e+02 3.361038818359375000e+02 -6.261020898818969727e-02 3.675287723541259766e+00 -7.548654079437255859e-01 -3.026843070983886719e-01 -4.001855850219726562e-01 1.718733191490173340e+00 1.504895925521850586e+00
1.825139160156250000e+02 4.227080383300781250e+02 -1.964545249938964844e-01 3.719734191894531250e+00 -4.831767082214355469e-01 -8.913874626159667969e-02 1.034498214721679688e+00 1.323350191116333008e+00 2.890744209289550781e+00
1.475675964355468750e+02 2.145645141601562500e+02 -7.570028305053710938e-02 3.636222839355468750e+00 -3.003239631652832031e-01 5.163550376892089844e-01 -1.858651638031005859e+00 1.206428408622741699e+00 2.683163642883300781e+00
1.759582824707031250e+02 2.962238769531250000e+02 -2.521926164627075195e-01 3.405277490615844727e+00 -5.731773376464843750e-01 -4.809856414794921875e-01 6.125688552856445312e-02 1.601068496704101562e+00 2.791669845581054688e+00
1.449009246826171875e+02 2.526858062744140625e+02 -4.532203078269958496e-02 3.688151359558105469e+00 -2.021968364715576172e-01 6.451392173767089844e-01 -2.434134483337402344e-01 1.455298781394958496e+00 9.232905507087707520e-01
1.780393676757812500e+02 3.684995422363281250e+02 -2.639272809028625488e-01 3.388203620910644531e+00 -2.999794483184814453e-01 1.492381095886230469e-01 -3.616309165954589844e-01 1.693032503128051758e+00 2.064463138580322266e+00
1.788887786865234375e+02 2.415596771240234375e+02 -1.973657310009002686e-01 3.425621986389160156e+00 -4.656994342803955078e-01 -2.965450286865234375e-02 1.049275398254394531e+00 1.865857601165771484e+00 1.068521976470947266e+00
5.083035583496093750e+02 4.983161926269531250e+02 -3.432247042655944824e-01 3.332391023635864258e+00 -5.818247795104980469e-02 -3.792285919189453125e-02 2.050352096557617188e-01 1.850396633148193359e+00 4.578044712543487549e-01
5.371239013671875000e+02 3.286874294281005859e+00 -1.450519263744354248e-01 3.610786437988281250e+00 -5.592572689056396484e-01 5.121755599975585938e-01 -1.681011915206909180e+00 1.399494171142578125e+00 2.422411441802978516e+00
1.810709991455078125e+02 1.622061004638671875e+02 -9.432330727577209473e-02 3.296233654022216797e+00 -1.222980022430419922e-01 7.341480255126953125e-01 2.190842628479003906e+00 1.343018889427185059e+00 4.260334014892578125e+00
1.661922760009765625e+02 3.193613891601562500e+02 -2.546399831771850586e-01 3.373483896255493164e+00 -1.674985885620117188e-01 1.063132286071777344e-01 1.413073539733886719e+00 1.751337647438049316e+00 3.645890951156616211e+00
1.363956146240234375e+02 1.796895904541015625e+02 -1.002749800682067871e-01 3.701625347137451172e+00 -4.561924934387207031e-01 -6.732225418090820312e-02 -2.448773384094238281e-01 1.839303374290466309e+00 1.795289278030395508e+00
1.317224426269531250e+02 3.619230346679687500e+02 -2.440670132637023926e-01 3.454739570617675781e+00 -2.016758918762207031e-01 -3.899812698364257812e-02 -4.970121383666992188e-01 1.723835468292236328e+00 2.619482517242431641e+00
1.785435485839843750e+02 2.374150085449218750e+02 -8.708253502845764160e-02 3.674311399459838867e+00 -1.306450366973876953e-01 -2.326321601867675781e-01 -5.314147472381591797e-01 1.839946269989013672e+00 1.985988140106201172e+00
5.299082641601562500e+02 3.009697875976562500e+02 -6.719991564750671387e-02 3.568111896514892578e+00 -2.120149135589599609e-01 1.828646659851074219e-01 8.067488670349121094e-01 1.684569835662841797e+00 7.433547824621200562e-02
1.911355133056640625e+02 4.460423583984375000e+02 -1.909533143043518066e-01 3.491461038589477539e+00 -2.181375026702880859e-01 8.347296714782714844e-01 3.201014995574951172e+00 2.114474058151245117e+00 5.449418067932128906e+00
1.354747467041015625e+02 2.494795532226562500e+02 -2.825398743152618408e-01 3.372489929199218750e+00 -3.945100307464599609e-01 1.463508605957031250e-01 -1.263899803161621094e+00 1.524107217788696289e+00 1.355169296264648438e+00
5.163834228515625000e+02 1.034048767089843750e+02 1.134467124938964844e-01 4.078372478485107422e+00 5.039310455322265625e-01 5.632805824279785156e-01 8.084535598754882812e-01 1.347218036651611328e+00 1.203322052955627441e+00
5.212352905273437500e+02 2.514979400634765625e+02 -2.068959176540374756e-01 3.737587213516235352e+00 -4.736340045928955078e-01 8.061742782592773438e-01 -3.196799755096435547e-01 1.619823575019836426e+00 1.757389068603515625e+00
1.779341278076171875e+02 2.246401062011718750e+02 -2.045705914497375488e-01 3.455909490585327148e+00 -5.483031272888183594e-01 2.064681053161621094e-01 -1.152256727218627930e+00 1.183131814002990723e+00 2.126907348632812500e+00
1.764815673828125000e+02 1.806454620361328125e+02 -2.510826289653778076e-01 3.509993314743041992e+00 -6.502115726470947266e-01 -4.237890243530273438e-02 -9.489607810974121094e-01 1.906926393508911133e+00 3.331646680831909180e+00
1.572679443359375000e+02 7.811408996582031250e+01 -4.510247707366943359e-01 2.843324899673461914e+00 -4.196619987487792969e-01 2.243208885192871094e-01 1.395397186279296875e+00 2.139315366744995117e+00 5.031349658966064453e+00
1.915420379638671875e+02 2.534649658203125000e+02 -2.494454383850097656e-01 3.505264997482299805e+00 -3.322517871856689453e-01 8.738470077514648438e-01 8.756017684936523438e-01 2.490067481994628906e+00 1.803120970726013184e+00
5.265718383789062500e+02 1.507972259521484375e+02 -4.246065020561218262e-01 3.027555227279663086e+00 -2.754306793212890625e-01 2.638697624206542969e-01 4.144740104675292969e-01 1.794486761093139648e+00 1.013337135314941406e+00
5.319566040039062500e+02 3.041561279296875000e+02 -4.164238274097442627e-01 2.930597305297851562e+00 -4.798579216003417969e-01 -1.452136039733886719e-01 4.353833198547363281e-01 1.873689651489257812e+00 1.250954151153564453e+00
1.371708374023437500e+02 6.236696166992187500e+02 -3.475266695022583008e-01 2.883946180343627930e+00 -3.669941425323486328e-01 6.180214881896972656e-01 -2.509040832519531250e+00 1.800067901611328125e+00 3.131964206695556641e+00
1.362643890380859375e+02 3.142863464355468750e+02 -1.720021665096282959e-01 3.464300632476806641e+00 -2.634716033935546875e-01 -9.487390518188476562e-02 -1.574087142944335938e-01 1.709695339202880859e+00 2.368623495101928711e+00
1.599717559814453125e+02 1.929508514404296875e+02 -2.837376296520233154e-01 3.134646892547607422e+00 -4.494667053222656250e-01 3.705573081970214844e-01 1.271753311157226562e+00 1.390427112579345703e+00 5.046322345733642578e-01
1.923993988037109375e+02 1.374641876220703125e+02 -5.070017576217651367e-01 2.741424083709716797e+00 -4.811441898345947266e-01 -1.614892482757568359e-01 -2.050092220306396484e+00 1.691440820693969727e+00 2.485040187835693359e+00
1.934045562744140625e+02 2.533521423339843750e+02 -2.136412262916564941e-01 3.345580339431762695e+00 -3.513967990875244141e-01 -3.024756908416748047e-01 3.145790100097656250e-01 2.243298768997192383e+00 2.946447134017944336e-01
5.347145996093750000e+02 1.976834564208984375e+02 -6.645664572715759277e-02 3.649435520172119141e+00 -1.022411584854125977e+00 2.183651924133300781e-01 1.546714305877685547e+00 1.200750231742858887e+00 1.522860050201416016e+00
1.644211883544921875e+02 2.599071655273437500e+02 -1.163049042224884033e-01 3.637518167495727539e+00 -5.809617042541503906e-01 -4.492652416229248047e-01 -3.262821435928344727e+00 1.464607715606689453e+00 9.318668246269226074e-01
5.454921264648437500e+02 3.446680908203125000e+02 -2.148172259330749512e-01 3.429141998291015625e+00 -1.993775367736816406e-02 -1.312947273254394531e-01 1.714262962341308594e+00 1.578680515289306641e+00 2.856619954109191895e-01
1.375439453125000000e+02 1.580929718017578125e+02 1.098382472991943359e-01 3.809687376022338867e+00 -2.936506271362304688e-01 1.878333091735839844e-01 -1.291918754577636719e+00 1.138328433036804199e+00 1.161405563354492188e+00
5.243834228515625000e+02 1.766729125976562500e+02 -2.862396836280822754e-01 3.103815555572509766e+00 -6.965756416320800781e-01 2.124381065368652344e-01 -1.107769012451171875e+00 1.537773847579956055e+00 3.241987705230712891e+00
1.772758789062500000e+02 4.858956909179687500e+02 6.295442581176757812e-03 3.950981616973876953e+00 -6.588375568389892578e-01 -5.505657196044921875e-01 -2.792426347732543945e+00 1.515741229057312012e+00 1.839412212371826172e+00
1.711556243896484375e+02 2.527164154052734375e+02 -2.922265231609344482e-01 3.307259559631347656e+00 -5.365931987762451172e-01 2.946424484252929688e-01 -2.874531745910644531e+00 1.594734430313110352e+00 3.352138519287109375e+00
1.412635040283203125e+02 2.975356750488281250e+02 6.428718566894531250e-02 3.991975784301757812e+00 -1.208782196044921875e-03 -1.364946365356445312e-02 1.107993125915527344e+00 1.338572621345520020e+00 9.737323969602584839e-03
5.418048706054687500e+02 1.625484466552734375e+02 -1.096071302890777588e-01 3.594270944595336914e+00 -5.086874961853027344e-01 -2.145993709564208984e-01 -2.014267444610595703e-01 1.057116270065307617e+00 3.455662965774536133e+00
1.933674011230468750e+02 4.347562255859375000e+02 -2.504386007785797119e-01 3.599182605743408203e+00 -6.587195396423339844e-01 -6.051599979400634766e-01 -2.026255130767822266e+00 1.630766153335571289e+00 3.759501218795776367e+00
1.645875091552734375e+02 3.789475097656250000e+02 -1.683905720710754395e-02 3.916094303131103516e+00 -4.284739494323730469e-01 1.869964599609375000e-01 -1.483356952667236328e-01 1.954114913940429688e+00 1.755737066268920898e+00
1.811835479736328125e+02 2.921784362792968750e+02 -1.497730612754821777e-01 3.195073127746582031e+00 -4.996263980865478516e-01 3.924369812011718750e-03 -6.403923034667968750e-01 1.277049899101257324e+00 1.090689897537231445e+00
1.609313659667968750e+02 3.813387756347656250e+02 1.076728105545043945e-02 3.873475551605224609e+00 -3.652167320251464844e-01 2.408671379089355469e-01 1.644849777221679688e-01 1.211818695068359375e+00 2.201462030410766602e+00
5.114216918945312500e+02 5.267553100585937500e+02 -7.800012826919555664e-03 3.809840679168701172e+00 -5.351579189300537109e-01 -2.112770080566406250e-01 -2.282702922821044922e-01 1.670389056205749512e+00 1.349564909934997559e+00
5.348434448242187500e+02 1.814150848388671875e+02 -1.237702369689941406e-01 3.529401540756225586e+00 -5.207371711730957031e-01 5.907702445983886719e-01 1.998083591461181641e+00 1.924026250839233398e+00 1.555537700653076172e+00
1.498223571777343750e+02 1.096729049682617188e+02 -2.268904447555541992e-01 3.061761617660522461e+00 -3.744685649871826172e-01 1.975083351135253906e-01 2.850985527038574219e-01 1.467024326324462891e+00 1.111378669738769531e+00
1.494214019775390625e+02 1.789272613525390625e+02 -3.000570833683013916e-01 3.526670217514038086e+00 -4.153084754943847656e-01 4.892110824584960938e-02 -1.622743606567382812e+00 1.430518865585327148e+00 3.450529813766479492e+00
1.584991760253906250e+02 4.152354125976562500e+02 -1.787173748016357422e-01 3.488502025604248047e+00 -4.168105125427246094e-01 1.031579971313476562e+00 -2.143394947052001953e-01 2.048103332519531250e+00 2.965543031692504883e+00
1.670281219482421875e+02 4.074912414550781250e+02 -2.648860216140747070e-01 3.086050987243652344e+00 -5.155146121978759766e-01 2.724933624267578125e-01 9.178566932678222656e-01 1.438481330871582031e+00 5.074521064758300781e+00
1.909857788085937500e+02 4.027366638183593750e+02 -7.260292768478393555e-02 3.644559383392333984e+00 -4.151976108551025391e-01 8.092069625854492188e-01 1.062285900115966797e+00 1.732412695884704590e+00 8.937141299247741699e-01
1.465330810546875000e+02 3.367996215820312500e+02 -1.731799542903900146e-01 3.441351652145385742e+00 -2.491497993469238281e-01 9.516859054565429688e-01 -1.433050632476806641e-01 2.144406318664550781e+00 1.251566886901855469e+00
1.946325836181640625e+02 3.701462707519531250e+02 -2.675168216228485107e-01 3.301372051239013672e+00 -4.529380798339843750e-01 6.669998168945312500e-02 -1.525521278381347656e-02 1.365924835205078125e+00 2.602035999298095703e+00
1.609730072021484375e+02 1.108919601440429688e+02 -1.023249328136444092e-01 3.806497097015380859e+00 -3.986501693725585938e-01 -1.580512523651123047e-01 -8.669304847717285156e-01 1.914692521095275879e+00 2.761123657226562500e+00
1.653529663085937500e+02 2.833968200683593750e+02 -2.706134319305419922e-01 3.293215751647949219e+00 -3.977847099304199219e-01 4.756450653076171875e-02 -3.973591327667236328e-01 1.598676919937133789e+00 3.976007938385009766e+00
1.751488494873046875e+02 3.324547729492187500e+02 -2.958272397518157959e-01 3.110036611557006836e+00 -3.351342678070068359e-01 6.252169609069824219e-01 2.524757385253906250e-01 2.108047723770141602e+00 4.079659461975097656e+00
1.706261596679687500e+02 2.419268341064453125e+02 -2.125416696071624756e-01 3.620464563369750977e+00 -2.010059356689453125e-01 2.053356170654296875e-01 1.710398197174072266e+00 1.709772109985351562e+00 2.393407583236694336e+00
1.831968994140625000e+02 2.090836944580078125e+02 -8.765816688537597656e-02 3.921994924545288086e+00 -4.285478591918945312e-01 3.065013885498046875e-01 -4.798862934112548828e+00 2.168837070465087891e+00 2.786450147628784180e+00
1.343643188476562500e+02 4.430755615234375000e+02 -4.164874553680419922e-04 3.625761270523071289e+00 -5.018651485443115234e-01 -9.626746177673339844e-02 -1.086330413818359375e+00 1.590182304382324219e+00 2.153930187225341797e+00
1.934690093994140625e+02 3.971105651855468750e+02 -4.623423516750335693e-01 3.028967142105102539e+00 -5.443656444549560547e-01 6.539344787597656250e-02 -1.681784391403198242e+00 1.940808176994323730e+00 1.590019941329956055e+00
1.461421356201171875e+02 3.482411499023437500e+02 -2.221232652664184570e-01 3.467136859893798828e+00 -2.615094184875488281e-02 1.520674228668212891e+00 -2.378273010253906250e-01 2.178821325302124023e+00 2.424910783767700195e+00
1.849873657226562500e+02 3.495328674316406250e+02 -2.176138758659362793e-01 3.086768388748168945e+00 -6.063473224639892578e-01 -2.309441566467285156e-01 2.965259552001953125e-01 1.754075407981872559e+00 2.248064994812011719e+00
1.588680572509765625e+02 3.580286254882812500e+02 -2.196878194808959961e-01 3.513116598129272461e+00 -6.445240974426269531e-01 5.881309509277343750e-01 -7.530522346496582031e-01 1.837305307388305664e+00 2.574044466018676758e+00
1.596845703125000000e+02 1.487072753906250000e+02 -6.063580513000488281e-03 4.019914627075195312e+00 -4.153025150299072266e-01 -7.316040992736816406e-01 -6.255793571472167969e-01 1.643301725387573242e+00 2.638650178909301758e+00
5.215538330078125000e+02 4.629484558105468750e+02 -2.690212428569793701e-01 3.260886669158935547e+00 -4.552006721496582031e-01 4.400491714477539062e-02 -1.279239654541015625e+00 2.642511129379272461e+00 3.255660533905029297e-01
1.614297027587890625e+02 4.257892150878906250e+02 -3.218808770179748535e-01 3.121003627777099609e+00 -4.342699050903320312e-01 3.226447105407714844e-01 2.280058860778808594e+00 1.742899894714355469e+00 5.071071624755859375e+00
1.597859344482421875e+02 4.900578002929687500e+02 -1.537315547466278076e-01 3.325864791870117188e+00 -3.831100463867187500e-01 1.036951541900634766e+00 8.618330955505371094e-01 1.806766867637634277e+00 3.683121204376220703e+00
5.369508056640625000e+02 6.475214233398437500e+02 1.235669851303100586e-01 4.365982055664062500e+00 -5.595862865447998047e-01 -3.028750419616699219e-01 1.539912223815917969e+00 1.855896949768066406e+00 3.155437946319580078e+00
1.556832275390625000e+02 3.365456237792968750e+02 -3.645962476730346680e-01 2.996104955673217773e+00 -3.613448143005371094e-01 4.156208038330078125e-01 -9.545314311981201172e-01 2.038417816162109375e+00 1.849204182624816895e+00
5.487325439453125000e+02 6.059013671875000000e+02 -2.491134405136108398e-01 3.386612176895141602e+00 -3.188300132751464844e-01 2.231144905090332031e-01 -3.484940528869628906e-01 2.184556722640991211e+00 1.978235721588134766e+00
1.518918762207031250e+02 2.970011596679687500e+02 -3.486694395542144775e-01 3.158813714981079102e+00 -4.214727878570556641e-01 -3.598451614379882812e-02 -3.400685787200927734e+00 2.090481758117675781e+00 1.942880302667617798e-01
1.302321472167968750e+02 3.488718261718750000e+02 -2.363491058349609375e-01 3.311468839645385742e+00 -2.891266345977783203e-01 2.362537384033203125e-01 8.832430839538574219e-01 1.204504728317260742e+00 2.093696355819702148e+00
1.431455688476562500e+02 2.674395446777343750e+02 -1.760266721248626709e-01 3.580192804336547852e+00 -4.104328155517578125e-01 2.760291099548339844e-01 -1.569956541061401367e+00 1.529720544815063477e+00 6.847721338272094727e-01
1.600415344238281250e+02 2.719796142578125000e+02 -1.142473518848419189e-01 3.772384881973266602e+00 -3.917813301086425781e-02 7.334780693054199219e-01 -1.554298400878906250e-01 1.669651389122009277e+00 6.573127508163452148e-01
5.392925415039062500e+02 2.244348297119140625e+02 -3.511035442352294922e-01 3.065803050994873047e+00 -4.184353351593017578e-01 5.182123184204101562e-01 -1.345318555831909180e+00 1.771127462387084961e+00 3.679909706115722656e+00
1.447356872558593750e+02 3.409576416015625000e+02 -2.391423285007476807e-01 3.272207260131835938e+00 -4.576194286346435547e-01 1.637601852416992188e-01 -6.478095054626464844e-01 1.450853586196899414e+00 1.972740650177001953e+00
1.672209777832031250e+02 4.435791931152343750e+02 -1.025603711605072021e-01 3.393465995788574219e+00 -4.026544094085693359e-01 -3.024816513061523438e-02 5.610466003417968750e-02 1.387034893035888672e+00 1.697229862213134766e+00
1.457025604248046875e+02 4.732055053710937500e+02 -2.457201480865478516e-01 3.167007207870483398e+00 -4.443264007568359375e-01 3.825497627258300781e-01 1.905181407928466797e+00 1.866551518440246582e+00 3.733650207519531250e+00
1.445484008789062500e+02 2.515739898681640625e+02 -3.119216859340667725e-01 3.073002338409423828e+00 -2.127134799957275391e-01 5.190038681030273438e-01 1.281676292419433594e+00 1.573753595352172852e+00 1.891596198081970215e+00
1.339547729492187500e+02 2.429705810546875000e+02 -3.459645807743072510e-01 3.283449172973632812e+00 -2.982437610626220703e-01 3.997731208801269531e-01 2.271101474761962891e+00 1.480970144271850586e+00 9.892176985740661621e-01
1.870706481933593750e+02 3.234248657226562500e+02 -2.524827420711517334e-01 3.548710584640502930e+00 -5.865049362182617188e-01 1.682448387145996094e-01 -3.042812347412109375e+00 2.417807102203369141e+00 1.865540623664855957e+00
1.711318664550781250e+02 3.439263916015625000e+02 -2.276308834552764893e-01 3.374706983566284180e+00 -2.444207668304443359e-01 3.590583801269531250e-01 3.101785182952880859e+00 1.746244668960571289e+00 4.508090496063232422e+00
1.682219696044921875e+02 3.921936340332031250e+02 -9.997740387916564941e-02 3.444142103195190430e+00 -5.457639694213867188e-01 3.708124160766601562e-02 6.991791725158691406e-01 1.413714885711669922e+00 1.379556417465209961e+00
1.456952514648437500e+02 2.600489501953125000e+02 -2.597506344318389893e-01 3.713062286376953125e+00 -3.996670246124267578e-01 3.920125961303710938e-01 -2.382683753967285156e-01 2.000741958618164062e+00 4.723464012145996094e+00
1.768666229248046875e+02 8.759377288818359375e+01 -2.184858918190002441e-01 3.188996076583862305e+00 -4.092359542846679688e-01 -7.047128677368164062e-01 2.029325962066650391e+00 1.251894116401672363e+00 1.612923741340637207e+00
1.656757202148437500e+02 4.625322265625000000e+02 -3.912007808685302734e-01 2.964004755020141602e+00 -4.859554767608642578e-01 -5.466032028198242188e-01 -1.016975641250610352e+00 1.836510181427001953e+00 4.455410003662109375e+00
1.424481048583984375e+02 2.341288757324218750e+02 -2.841676771640777588e-01 3.145337581634521484e+00 -5.140864849090576172e-01 2.777624130249023438e-01 -1.151751279830932617e+00 2.041933298110961914e+00 1.598597884178161621e+00
1.478564910888671875e+02 4.156745910644531250e+02 3.799319267272949219e-02 3.877504110336303711e+00 -1.213514804840087891e-01 4.059386253356933594e-01 2.558875083923339844e-01 1.631169080734252930e+00 3.509092330932617188e+00
1.579459381103515625e+02 3.721228332519531250e+02 -2.215158939361572266e-01 3.105187416076660156e+00 -2.815496921539306641e-01 2.553486824035644531e-01 1.896598339080810547e+00 1.761327505111694336e+00 4.679399013519287109e+00
1.552507934570312500e+02 2.687503662109375000e+02 -4.339823126792907715e-01 2.902980566024780273e+00 -1.720476150512695312e-01 4.326343536376953125e-01 -2.300596237182617188e+00 1.963243246078491211e+00 1.359490752220153809e+00
1.336239624023437500e+02 2.103007354736328125e+02 1.704394817352294922e-02 3.883637666702270508e+00 -1.504945755004882812e-01 5.919265747070312500e-01 4.384851455688476562e-01 1.265386939048767090e+00 2.532021999359130859e+00
5.442510375976562500e+02 3.750635986328125000e+02 -2.492867410182952881e-01 3.193805456161499023e+00 -6.622791290283203125e-01 -3.929734230041503906e-01 1.216325759887695312e+00 1.871862530708312988e+00 5.613625645637512207e-01
1.943012695312500000e+02 1.427593994140625000e+02 -2.794323861598968506e-01 3.220460414886474609e+00 -6.104874610900878906e-01 3.174066543579101562e-01 -9.699189662933349609e-01 1.178688764572143555e+00 1.946342110633850098e+00
5.156920166015625000e+02 1.881247406005859375e+02 -2.791753411293029785e-01 3.245471000671386719e+00 -2.875411510467529297e-01 1.837253570556640625e-02 -1.807975769042968750e-01 2.298664569854736328e+00 6.547042131423950195e-01
5.410449218750000000e+02 1.918608245849609375e+02 -3.768236935138702393e-01 3.111779212951660156e+00 -3.849232196807861328e-01 4.279160499572753906e-01 1.452395915985107422e+00 2.271584987640380859e+00 3.038904905319213867e+00
1.421085815429687500e+02 3.519350891113281250e+02 -7.353201508522033691e-02 3.699490785598754883e+00 -5.414164066314697266e-01 -2.291524410247802734e-01 2.850413322448730469e-01 1.344908475875854492e+00 7.795000672340393066e-01
4.959329223632812500e+02 1.762183532714843750e+02 -9.084209799766540527e-02 3.627210378646850586e+00 -3.691744804382324219e-01 -2.397429943084716797e-01 2.776074409484863281e-01 1.878961563110351562e+00 1.541916370391845703e+00
1.563336334228515625e+02 2.405541381835937500e+02 -2.187772095203399658e-01 3.637984991073608398e+00 -7.211542129516601562e-01 -6.462860107421875000e-01 -1.769717931747436523e+00 1.957773447036743164e+00 2.195846796035766602e+00
5.752942504882812500e+02 3.381233825683593750e+02 -3.361916542053222656e-01 3.136744499206542969e+00 -4.008328914642333984e-01 2.071595191955566406e-01 2.022790908813476562e+00 1.680963158607482910e+00 2.097764253616333008e+00
1.954035644531250000e+02 1.526758728027343750e+02 -4.390068352222442627e-01 3.133088827133178711e+00 -3.525841236114501953e-01 1.047611236572265625e-02 -1.938613653182983398e+00 1.803294897079467773e+00 1.664700627326965332e+00
1.921193084716796875e+02 4.146744384765625000e+02 -2.901381254196166992e-01 3.178120851516723633e+00 -3.444063663482666016e-01 3.550553321838378906e-01 9.306454658508300781e-01 1.646444916725158691e+00 1.889638662338256836e+00
1.640159759521484375e+02 9.856034851074218750e+01 6.702125072479248047e-02 4.059816360473632812e+00 -2.196574211120605469e-01 1.076436042785644531e-01 2.640197277069091797e+00 1.257575035095214844e+00 7.610861063003540039e-01
1.664868164062500000e+02 3.165199279785156250e+02 -1.045353710651397705e-01 3.675721645355224609e+00 -5.834329128265380859e-01 3.935027122497558594e-01 -2.412978410720825195e+00 1.606114625930786133e+00 3.272905111312866211e+00
1.915026855468750000e+02 3.014635620117187500e+02 -2.327689528465270996e-01 3.485464572906494141e+00 -4.948890209197998047e-01 4.325103759765625000e-01 -1.617507934570312500e+00 1.905242204666137695e+00 1.776207566261291504e+00
1.551001739501953125e+02 2.777989196777343750e+02 -1.420558989048004150e-01 3.542672634124755859e+00 -3.873538970947265625e-01 1.546716690063476562e-01 -1.905590295791625977e+00 1.450962543487548828e+00 1.745007753372192383e+00
1.469368743896484375e+02 4.555171508789062500e+02 -2.010899782180786133e-01 3.381320714950561523e+00 -3.800880908966064453e-01 1.961207389831542969e-01 -4.545247554779052734e-01 2.088258743286132812e+00 3.129618406295776367e+00
1.375876922607421875e+02 3.854987487792968750e+02 -1.257111132144927979e-01 3.649704217910766602e+00 -1.396107673645019531e-01 -4.592776298522949219e-02 3.485822677612304688e-01 1.874892830848693848e+00 1.702338457107543945e+00
1.654373321533203125e+02 2.253841094970703125e+02 8.368551731109619141e-02 3.939591407775878906e+00 -1.553845405578613281e-01 5.055880546569824219e-01 -5.745744705200195312e-01 1.489924669265747070e+00 6.890410184860229492e-01
1.600126800537109375e+02 1.650845489501953125e+02 -2.564752101898193359e-01 3.590738534927368164e+00 -4.921627044677734375e-01 -4.372990131378173828e-01 -1.936969757080078125e+00 1.731203556060791016e+00 4.105180501937866211e-01
1.508982696533203125e+02 2.036622314453125000e+02 -2.190646529197692871e-01 3.198468923568725586e+00 -2.526473999023437500e-01 3.982353210449218750e-01 8.603572845458984375e-02 1.345963358879089355e+00 1.324836909770965576e-01
1.385440063476562500e+02 2.986793518066406250e+02 -9.034469723701477051e-02 3.739280223846435547e+00 -2.296543121337890625e-01 1.867389678955078125e-01 -6.772649288177490234e-01 1.593011856079101562e+00 1.380738258361816406e+00
1.416505584716796875e+02 4.192637329101562500e+02 -2.948142588138580322e-01 3.337262153625488281e+00 -3.557300567626953125e-01 1.902675628662109375e-01 2.686498165130615234e+00 1.609055757522583008e+00 5.118867874145507812e+00
5.470868530273437500e+02 3.190951232910156250e+02 -4.160141944885253906e-01 3.153495311737060547e+00 -3.973066806793212891e-01 9.528636932373046875e-02 3.118777275085449219e-01 1.680305600166320801e+00 3.293363571166992188e+00
1.918566589355468750e+02 2.571853637695312500e+02 -3.094866871833801270e-02 3.771321058273315430e+00 -7.825851440429687500e-01 -1.256918907165527344e-01 4.183316230773925781e-01 1.250471472740173340e+00 2.147769451141357422e+00
5.029811401367187500e+02 2.794786376953125000e+02 -3.780342638492584229e-01 3.066288948059082031e+00 -3.853511810302734375e-01 -1.352703571319580078e-01 3.188490867614746094e-01 1.887803316116333008e+00 5.788066387176513672e-01
1.358808593750000000e+02 3.244048767089843750e+02 -6.320089101791381836e-02 3.550529241561889648e+00 -4.958307743072509766e-01 -3.303062915802001953e-01 -2.598520517349243164e+00 1.787904739379882812e+00 2.187033653259277344e+00
1.912732391357421875e+02 2.504107666015625000e+02 -2.250474691390991211e-01 3.364291191101074219e+00 -5.618047714233398438e-01 5.554795265197753906e-01 5.255985260009765625e-01 1.528383970260620117e+00 2.588421344757080078e+00
1.547156524658203125e+02 3.304150695800781250e+02 -2.803041040897369385e-01 3.362798690795898438e+00 -2.683699131011962891e-01 1.270294189453125000e-01 2.643799781799316406e-01 1.608539223670959473e+00 2.890771865844726562e+00
1.432042388916015625e+02 2.320877838134765625e+02 -7.388621568679809570e-02 3.870951175689697266e+00 -2.639675140380859375e-01 5.453372001647949219e-01 -2.539584636688232422e+00 1.105306744575500488e+00 2.838651895523071289e+00
1.661605987548828125e+02 2.145782775878906250e+02 -2.662612497806549072e-01 3.042239904403686523e+00 -4.525279998779296875e-01 1.887416839599609375e-01 -1.579321622848510742e+00 1.079312562942504883e+00 6.904999017715454102e-01
