3.406217041015625000e+02 9.433837532997131348e-01 5.979207992553710938e+00 2.185542583465576172e+00 6.372070312500000000e-01 3.166372776031494141e-01
5.133969116210937500e+02 4.640372395515441895e-01 4.882140636444091797e+00 6.220817565917968750e-01 1.512408256530761719e-01 7.446422427892684937e-02
2.252235412597656250e+02 7.635790109634399414e-02 4.324543952941894531e+00 3.659081459045410156e-01 1.938247680664062500e-01 1.923153996467590332e-01
6.631016845703125000e+02 6.540211439132690430e-01 5.434967517852783203e+00 -5.006229877471923828e-01 7.161617279052734375e-02 8.913869857788085938e-01
1.184657897949218750e+02 1.768454313278198242e-01 4.562184333801269531e+00 2.114176750183105469e-01 2.702689170837402344e-01 3.039088249206542969e-01
3.107271728515625000e+02 2.801190614700317383e-01 4.444458484649658203e+00 7.947397232055664062e-01 1.014709472656250000e-01 1.016039028763771057e-01
2.193738708496093750e+02 6.098394393920898438e-01 5.328669548034667969e+00 2.074623107910156250e-01 1.603198051452636719e-01 1.626766026020050049e-01
6.705413818359375000e+01 3.294030427932739258e-01 4.717586040496826172e+00 4.116535186767578125e-01 4.277586936950683594e-01 1.076559647917747498e-01
5.719804077148437500e+02 3.348570466041564941e-01 5.400468349456787109e+00 6.016206741333007812e-01 -2.387046813964843750e-02 7.639160156250000000e-01
4.382276611328125000e+02 3.600109815597534180e-01 4.883391857147216797e+00 1.234369277954101562e+00 1.583201885223388672e+00 3.560135960578918457e-01
4.195450744628906250e+02 2.214366436004638672e+00 8.815800666809082031e+00 -7.137194633483886719e+00 -2.591903209686279297e+00 4.058070480823516846e-01
2.877086791992187500e+02 4.644079208374023438e-01 4.789287090301513672e+00 -1.985263824462890625e-01 1.717019081115722656e-01 8.420587182044982910e-01
2.407097320556640625e+02 1.263650059700012207e+00 6.677553653717041016e+00 1.377155780792236328e+00 2.542042732238769531e-01 7.417520135641098022e-02
1.172539672851562500e+02 5.799413919448852539e-01 5.235885620117187500e+00 2.930164337158203125e-02 -3.213870525360107422e-01 6.826993227005004883e-01
8.600608062744140625e+01 2.743884325027465820e-01 4.482410430908203125e+00 4.052138328552246094e-01 -2.477645874023437500e-02 2.626059949398040771e-01
1.180358200073242188e+02 4.625453948974609375e-01 5.137299537658691406e+00 4.023075103759765625e-01 -2.813136577606201172e-01 5.362494587898254395e-01
2.427480888366699219e+01 1.876065969467163086e+00 7.931436061859130859e+00 -2.507448196411132812e-02 3.742933273315429688e-01 7.534091472625732422e-01
3.297641296386718750e+02 3.147626399993896484e+00 1.056656360626220703e+01 -7.666436195373535156e+00 -2.151820659637451172e+00 3.056662976741790771e-01
6.104866943359375000e+02 2.771772146224975586e-01 4.616558074951171875e+00 4.483604431152343750e-01 -1.913249492645263672e-01 1.543343365192413330e-01
2.990261230468750000e+02 1.267560005187988281e+00 6.838565826416015625e+00 9.743428230285644531e-01 4.567456245422363281e-01 3.932349085807800293e-01
4.956742858886718750e+02 3.888518810272216797e-01 5.232998847961425781e+00 1.069002151489257812e+00 1.244575977325439453e+00 4.929990172386169434e-01
5.368954467773437500e+02 1.209371089935302734e-01 4.601681232452392578e+00 9.417128562927246094e-01 3.286790847778320312e-01 4.196392297744750977e-01
8.253597259521484375e+01 6.785674691200256348e-01 5.564034461975097656e+00 4.045915603637695312e-01 -3.297960758209228516e-01 1.827569156885147095e-01
6.738295288085937500e+02 4.882473945617675781e-01 4.900440692901611328e+00 -3.059661388397216797e-01 -5.343818664550781250e-01 2.904111333191394806e-02
5.626382446289062500e+02 2.021793365478515625e+00 8.516350746154785156e+00 -2.856929302215576172e+00 -1.522804498672485352e+00 8.250657320022583008e-01
4.829214172363281250e+02 7.075789570808410645e-01 5.629532814025878906e+00 -1.709508895874023438e-01 -1.613616943359375000e-02 1.267481129616498947e-02
4.574063415527343750e+02 8.906164765357971191e-01 6.321997642517089844e+00 -1.613013744354248047e+00 -2.053558826446533203e-01 4.083026200532913208e-02
3.033454704284667969e+01 5.039014816284179688e-01 4.996904850006103516e+00 -2.803564071655273438e-02 3.288793563842773438e-01 5.644764304161071777e-01
3.558460388183593750e+02 1.737661123275756836e+00 7.725673198699951172e+00 1.451861858367919922e+00 1.171326637268066406e+00 6.858572363853454590e-01
3.867822875976562500e+02 1.154989123344421387e+00 6.605761528015136719e+00 -5.982637405395507812e-01 -4.287576675415039062e-01 4.685181379318237305e-01
4.351998901367187500e+02 3.809763789176940918e-01 4.731415748596191406e+00 7.322597503662109375e-01 1.031243801116943359e+00 5.558303594589233398e-01
4.949598693847656250e+02 1.001567840576171875e+00 5.983754634857177734e+00 1.399924755096435547e+00 6.502342224121093750e-01 3.580706715583801270e-01
4.904093627929687500e+02 3.673285841941833496e-01 4.772111415863037109e+00 8.205986022949218750e-01 7.807612419128417969e-01 6.083949208259582520e-01
7.161785888671875000e+02 5.876885056495666504e-01 4.984223842620849609e+00 2.047276496887207031e-01 1.053416728973388672e+00 2.279547601938247681e-01
4.176693115234375000e+02 3.472211360931396484e-01 4.706545352935791016e+00 4.922294616699218750e-01 5.474686622619628906e-01 1.990667730569839478e-01
6.046349487304687500e+02 5.921499133110046387e-01 5.068267822265625000e+00 9.741687774658203125e-01 4.987096786499023438e-01 4.918374121189117432e-01
6.466333007812500000e+02 4.489523172378540039e-02 3.725645542144775391e+00 5.174541473388671875e-01 3.818845748901367188e-01 6.957716345787048340e-01
5.680068969726562500e+02 9.391120672225952148e-01 6.096265316009521484e+00 -1.019953489303588867e+00 -1.745128631591796875e-01 3.647491335868835449e-01
2.712677612304687500e+02 2.288115978240966797e+00 8.832430839538574219e+00 3.906025886535644531e+00 -2.502870559692382812e-01 9.928726591169834137e-03
5.093341369628906250e+02 7.029521465301513672e-01 5.721920967102050781e+00 -1.988279819488525391e-01 7.540464401245117188e-02 9.425978660583496094e-01
4.199625854492187500e+02 1.662464141845703125e+00 7.371674060821533203e+00 -4.427194595336914062e+00 -3.554165363311767578e+00 7.115343809127807617e-01
4.148981933593750000e+02 1.523198127746582031e+00 7.358248233795166016e+00 7.800865173339843750e-01 1.038668155670166016e+00 4.687753915786743164e-01
3.348985290527343750e+01 5.123198628425598145e-01 5.009773731231689453e+00 4.638338088989257812e-01 3.761959075927734375e-01 4.335454404354095459e-01
5.128071212768554688e+01 4.362588524818420410e-01 4.776678562164306641e+00 6.521582603454589844e-01 5.002403259277343750e-01 2.936363816261291504e-01
3.026977539062500000e+02 1.676099419593811035e+00 7.467957019805908203e+00 4.502067565917968750e+00 1.928584575653076172e+00 5.103914141654968262e-01
3.171771240234375000e+02 7.140007019042968750e-01 5.386375427246093750e+00 -1.429746150970458984e+00 -5.586087703704833984e-01 1.091297790408134460e-01
5.301708374023437500e+02 1.832807660102844238e-01 4.547007083892822266e+00 4.939103126525878906e-01 -4.242444038391113281e-01 7.917160987854003906e-01
4.346291198730468750e+02 7.128491401672363281e-01 5.284597873687744141e+00 1.358697414398193359e+00 1.930952072143554688e-01 8.487294912338256836e-01
2.652406616210937500e+02 1.773909926414489746e+00 7.644019126892089844e+00 -3.195077180862426758e+00 -2.027658224105834961e+00 6.510532498359680176e-01
3.301184997558593750e+02 2.936378002166748047e+00 1.011998748779296875e+01 -1.633899211883544922e+00 -1.147949695587158203e-01 4.410355091094970703e-01
5.691869506835937500e+02 5.651844143867492676e-01 5.216121196746826172e+00 1.380608081817626953e+00 3.572964668273925781e-01 4.901309609413146973e-01
3.401224136352539062e+01 7.541362047195434570e-01 5.707006454467773438e+00 -4.474389553070068359e-01 -8.824741840362548828e-01 5.564135909080505371e-01
1.151269302368164062e+02 5.288097262382507324e-01 5.191157817840576172e+00 1.685190200805664062e-01 4.272890090942382812e-01 6.205027699470520020e-01
4.938529968261718750e+02 5.941372513771057129e-01 5.387773036956787109e+00 9.595870971679687500e-01 -7.366538047790527344e-02 1.182718202471733093e-01
1.136186218261718750e+02 1.057663917541503906e+00 5.876892089843750000e+00 2.547659873962402344e+00 1.247801780700683594e+00 5.755239129066467285e-01
1.143774871826171875e+02 4.073487520217895508e-01 4.844520092010498047e+00 -3.122258186340332031e-01 -9.391307830810546875e-02 8.120569586753845215e-01
5.652355346679687500e+02 1.991481781005859375e-01 4.325459957122802734e+00 -2.453207969665527344e-01 -2.437424659729003906e-01 3.237842023372650146e-01
5.751752319335937500e+02 5.019835233688354492e-01 5.119221687316894531e+00 2.728724479675292969e-01 -3.250026702880859375e-01 3.421415388584136963e-01
4.154891052246093750e+02 3.554385304450988770e-01 4.837529659271240234e+00 -7.415199279785156250e-01 2.436971664428710938e-01 2.713408470153808594e-01
1.841071624755859375e+02 2.405001521110534668e-01 4.669915199279785156e+00 2.123498916625976562e-01 -9.082448482513427734e-01 4.119083285331726074e-01
7.166069946289062500e+02 1.617842912673950195e+00 7.672772407531738281e+00 -5.779696464538574219e+00 -2.966406345367431641e+00 3.848926723003387451e-01
2.945556030273437500e+02 1.801897883415222168e-01 4.271402835845947266e+00 5.889797210693359375e-01 9.109377861022949219e-01 5.206322669982910156e-01
1.148032684326171875e+02 4.045351147651672363e-01 5.168412208557128906e+00 9.727954864501953125e-01 7.513070106506347656e-01 5.046517252922058105e-01
1.487884826660156250e+02 9.405905008316040039e-01 5.992756843566894531e+00 2.267301082611083984e+00 4.640412330627441406e-01 4.267605543136596680e-01
3.197350769042968750e+02 1.055227756500244141e+00 6.113902091979980469e+00 -7.218873500823974609e-01 1.295232772827148438e-01 2.303591668605804443e-01
3.165544128417968750e+02 2.980773925781250000e+00 1.048286342620849609e+01 -3.231927156448364258e+00 -3.670203685760498047e-01 3.641682863235473633e-02
3.336039428710937500e+02 1.707772374153137207e+00 7.695973873138427734e+00 -7.430764198303222656e+00 -3.711596727371215820e+00 4.395768344402313232e-01
6.260365600585937500e+02 2.526809573173522949e-01 4.303764820098876953e+00 2.664971351623535156e-01 1.711764335632324219e+00 1.301999807357788086e+00
4.532500610351562500e+02 1.093336224555969238e+00 6.207916736602783203e+00 -9.183108806610107422e-01 -1.259912252426147461e+00 9.271195530891418457e-01
4.794980163574218750e+02 6.404438018798828125e-01 5.476584434509277344e+00 -2.828598022460937500e-02 -2.904772758483886719e-02 1.404577493667602539e-01
4.648574066162109375e+01 3.716759085655212402e-01 4.888421058654785156e+00 4.020261764526367188e-01 5.563378334045410156e-01 6.941881179809570312e-01
5.880208740234375000e+02 3.966091871261596680e-01 5.121819496154785156e+00 3.078413009643554688e-01 5.149173736572265625e-01 5.125658512115478516e-01
3.902247314453125000e+02 7.176011204719543457e-01 5.756444931030273438e+00 1.185734272003173828e+00 3.923892974853515625e-02 3.841544315218925476e-02
7.938845825195312500e+02 2.767239212989807129e-01 4.928827762603759766e+00 1.033902168273925781e-01 9.985208511352539062e-02 1.991044998168945312e+00
6.708421020507812500e+02 5.700869560241699219e-01 5.287871360778808594e+00 1.139593124389648438e+00 8.778476715087890625e-01 9.356887340545654297e-01
6.447748413085937500e+02 7.566902041435241699e-01 5.697124958038330078e+00 -4.062044620513916016e-01 2.648663520812988281e-01 4.847178459167480469e-01
2.385695648193359375e+02 3.149738311767578125e-01 4.791877269744873047e+00 6.430959701538085938e-01 -2.166652679443359375e-01 3.809945583343505859e-01
3.926266479492187500e+02 1.328817009925842285e+00 6.763926506042480469e+00 -6.867527961730957031e-02 6.555342674255371094e-01 5.674985647201538086e-01
1.939556579589843750e+02 5.250458717346191406e-01 5.550600051879882812e+00 -5.944991111755371094e-01 -8.281624317169189453e-01 7.298358678817749023e-01
4.342995605468750000e+02 5.157407522201538086e-01 5.148184299468994141e+00 1.310081481933593750e+00 9.648036956787109375e-01 8.001399636268615723e-01
7.384677124023437500e+02 3.747212409973144531e+00 1.179991912841796875e+01 1.004696655273437500e+01 2.192111015319824219e+00 1.911336183547973633e-01
2.497765502929687500e+02 5.913139581680297852e-01 5.240446090698242188e+00 3.862047195434570312e-01 -8.253145217895507812e-01 5.085841286927461624e-03
1.906708984375000000e+02 1.251935958862304688e-01 4.272711277008056641e+00 5.688905715942382812e-01 7.281684875488281250e-01 9.369586706161499023e-01
6.949268798828125000e+02 4.458988904953002930e-01 4.879809379577636719e+00 -2.407050132751464844e-01 6.901907920837402344e-01 2.107428759336471558e-01
2.593347167968750000e+02 4.648472666740417480e-01 5.352175712585449219e+00 8.474373817443847656e-01 1.554942131042480469e-01 3.842274546623229980e-01
1.186860656738281250e+02 5.350961089134216309e-01 5.048209667205810547e+00 1.906275749206542969e-01 -5.614638328552246094e-02 4.836323857307434082e-01
4.729815063476562500e+02 5.044423937797546387e-01 5.175311088562011719e+00 3.566670417785644531e-01 -1.928281784057617188e-01 2.521670162677764893e-01
2.572097778320312500e+02 4.977175593376159668e-01 5.242981433868408203e+00 7.912278175354003906e-01 -2.884137630462646484e-01 1.162855885922908783e-02
1.176766357421875000e+02 4.104948043823242188e-01 4.866844177246093750e+00 5.300045013427734375e-01 4.667806625366210938e-01 3.745317161083221436e-01
4.610152282714843750e+02 2.652419209480285645e-01 4.889371871948242188e+00 5.555963516235351562e-01 6.207323074340820312e-01 6.297076344490051270e-01
3.777232666015625000e+02 1.016705513000488281e+00 6.273405551910400391e+00 2.564716339111328125e-01 4.334044456481933594e-01 1.281957030296325684e-01
4.495334167480468750e+02 2.636252641677856445e-01 4.642727375030517578e+00 -8.639574050903320312e-02 -1.911759376525878906e-01 9.350328445434570312e-01
6.678173217773437500e+02 6.905308365821838379e-01 5.621244430541992188e+00 7.465386390686035156e-01 2.484297752380371094e-01 1.728476434946060181e-01
1.403088989257812500e+02 9.588465094566345215e-01 6.099020004272460938e+00 2.582726478576660156e+00 2.197237014770507812e+00 4.484829902648925781e-01
5.374543457031250000e+02 3.052796125411987305e-01 4.653488636016845703e+00 1.643586158752441406e-01 -6.805646419525146484e-01 1.303555965423583984e-01
2.331115264892578125e+02 6.949811577796936035e-01 5.717460632324218750e+00 -1.168197393417358398e+00 -7.359361648559570312e-01 6.465527415275573730e-01
2.263527221679687500e+02 6.086317300796508789e-01 5.203103065490722656e+00 1.674418449401855469e+00 3.002142906188964844e-01 5.000624060630798340e-01
9.045635223388671875e+01 6.565531492233276367e-01 5.360879898071289062e+00 4.025697708129882812e-02 9.693384170532226562e-02 3.217331320047378540e-02
3.786112213134765625e+01 6.325606107711791992e-01 5.748315811157226562e+00 5.609726905822753906e-01 6.002783775329589844e-01 1.052465200424194336e+00
4.341001586914062500e+02 1.228774905204772949e+00 6.462889671325683594e+00 2.386248111724853516e+00 2.157444953918457031e+00 6.995604038238525391e-01
4.078620300292968750e+02 4.880430102348327637e-01 4.877634048461914062e+00 1.098949909210205078e+00 4.034328460693359375e-01 1.330091655254364014e-01
7.342491455078125000e+02 3.464915752410888672e-01 4.843539237976074219e+00 4.777765274047851562e-01 2.679657936096191406e-01 4.314087629318237305e-01
3.061625061035156250e+02 2.586205482482910156e+00 9.560247421264648438e+00 -2.150856256484985352e+00 -4.567623138427734375e-01 6.205203011631965637e-02
5.626895751953125000e+02 1.426155447959899902e+00 7.008816242218017578e+00 2.196769714355468750e+00 1.033353805541992188e-01 1.968205571174621582e-01
4.184333190917968750e+02 3.246431946754455566e-01 5.330460071563720703e+00 1.281168460845947266e+00 1.161193847656250000e+00 6.500476002693176270e-01
4.703685913085937500e+02 5.944364070892333984e-01 5.624136924743652344e+00 -4.789209365844726562e-01 -1.797132492065429688e+00 8.051094412803649902e-01
4.919892883300781250e+02 2.593449950218200684e-01 4.674514770507812500e+00 8.211898803710937500e-01 1.749222278594970703e+00 1.764003992080688477e+00
4.900365905761718750e+02 2.312129974365234375e+00 8.637484550476074219e+00 -1.752693653106689453e+00 -9.442651271820068359e-01 4.280658364295959473e-01
1.488895416259765625e+02 7.452548742294311523e-01 5.503548622131347656e+00 1.313869953155517578e+00 4.687190055847167969e-01 4.443818926811218262e-01
5.263258056640625000e+02 2.705852389335632324e-01 4.337245464324951172e+00 1.089930534362792969e-01 2.123594284057617188e-02 6.958995759487152100e-02
7.825987243652343750e+01 3.999156355857849121e-01 5.084842681884765625e+00 4.704833030700683594e-01 -7.328736782073974609e-01 7.017569988965988159e-02
2.135384826660156250e+02 1.356585741043090820e+00 6.874822616577148438e+00 -2.860999107360839844e+00 -6.199932098388671875e-01 2.698213458061218262e-01
5.302752685546875000e+02 9.318159222602844238e-01 6.244809150695800781e+00 -2.477550506591796875e-01 -2.043282985687255859e-01 7.601421475410461426e-01
5.121184082031250000e+02 4.829040765762329102e-01 5.331119060516357422e+00 7.494759559631347656e-01 1.371586322784423828e+00 4.990184903144836426e-01
5.178171386718750000e+02 6.346126794815063477e-01 5.613337039947509766e+00 1.951518058776855469e+00 5.409193038940429688e-01 2.165563404560089111e-01
4.052024459838867188e+01 2.003630399703979492e-01 4.258859634399414062e+00 4.838347434997558594e-01 2.759456634521484375e-02 1.630474776029586792e-01
4.040066223144531250e+02 5.240800976753234863e-01 5.523462295532226562e+00 1.099576950073242188e+00 4.669332504272460938e-01 5.894769430160522461e-01
5.673142700195312500e+02 2.879602313041687012e-01 4.410797119140625000e+00 1.180028915405273438e-01 6.513357162475585938e-01 2.695680260658264160e-01
4.268673095703125000e+02 4.017418622970581055e-01 5.000487804412841797e+00 4.269695281982421875e-01 9.356021881103515625e-02 4.159849286079406738e-01
4.161682128906250000e+02 3.719823956489562988e-01 4.578536987304687500e+00 -1.119387149810791016e-01 -5.658948421478271484e-01 4.304239749908447266e-01
3.118049926757812500e+02 1.308395743370056152e+00 6.820682525634765625e+00 2.540619373321533203e+00 4.860544204711914062e-01 5.356923490762710571e-02
7.648099365234375000e+02 2.152868509292602539e-01 4.373374462127685547e+00 -2.028906345367431641e-01 1.159191131591796875e-02 7.078160047531127930e-01
3.745789184570312500e+02 3.925962448120117188e-01 5.214895248413085938e+00 5.057740211486816406e-01 7.878208160400390625e-01 7.834244966506958008e-01
4.803620300292968750e+02 4.464787840843200684e-01 4.790875434875488281e+00 3.313064575195312500e-01 3.512167930603027344e-01 6.457468271255493164e-01
4.577493286132812500e+02 8.791968822479248047e-01 5.885621070861816406e+00 1.510610580444335938e+00 2.094507217407226562e-02 1.842513084411621094e-01
4.245248718261718750e+02 9.008693099021911621e-01 6.094473838806152344e+00 2.230465412139892578e+00 1.760857105255126953e+00 6.257531046867370605e-01
4.400494995117187500e+02 4.266127347946166992e-01 4.926072120666503906e+00 7.938528060913085938e-01 1.268332004547119141e+00 1.257373571395874023e+00
6.483260498046875000e+02 2.050847530364990234e+00 8.467234611511230469e+00 6.516878604888916016e+00 6.613962650299072266e+00 8.628294467926025391e-01
1.158969192504882812e+02 3.643643856048583984e-01 4.749958992004394531e+00 8.580231666564941406e-01 2.937769889831542969e-01 2.267618775367736816e-01
7.469032287597656250e+01 1.817946434020996094e-01 4.495837211608886719e+00 3.082776069641113281e-01 -3.052783012390136719e-01 6.349823474884033203e-01
4.151236877441406250e+02 3.633472919464111328e-01 4.789605617523193359e+00 6.448841094970703125e-01 -1.717209815979003906e-02 5.279078707098960876e-02
2.973891601562500000e+02 1.335575103759765625e+00 6.970728397369384766e+00 5.290987491607666016e+00 3.772261142730712891e+00 4.413831233978271484e-01
7.362644653320312500e+02 5.497915744781494141e-01 5.190557003021240234e+00 1.362776756286621094e+00 4.053831100463867188e-02 3.086718022823333740e-01
5.032846984863281250e+02 3.511511087417602539e-01 4.700356006622314453e+00 1.159641742706298828e+00 1.205217838287353516e+00 1.413000702857971191e+00
7.798170166015625000e+02 2.686397433280944824e-01 4.807491302490234375e+00 8.664917945861816406e-01 4.498982429504394531e-01 9.567527472972869873e-02
7.570797119140625000e+02 3.991283178329467773e-01 4.695639610290527344e+00 1.049652099609375000e+00 5.760216712951660156e-01 9.777326583862304688e-01
6.641393432617187500e+02 2.939968109130859375e-01 4.381006240844726562e+00 -9.967207908630371094e-02 -9.353041648864746094e-02 7.299809455871582031e-01
1.539242095947265625e+02 3.695567846298217773e-01 4.885394096374511719e+00 8.130645751953125000e-01 1.185905933380126953e+00 4.335686862468719482e-01
1.352423553466796875e+02 3.807687759399414062e-01 4.661013603210449219e+00 1.320650577545166016e+00 4.907846450805664062e-01 2.097001671791076660e-01
3.856594543457031250e+02 6.681390404701232910e-01 5.332225322723388672e+00 8.306837081909179688e-01 1.005411148071289062e+00 4.739364981651306152e-01
3.984165649414062500e+02 6.111388802528381348e-01 5.509356498718261719e+00 -1.271207332611083984e+00 -7.248651981353759766e-01 1.098092555999755859e+00
7.830260009765625000e+02 6.967104673385620117e-01 5.212539672851562500e+00 8.830285072326660156e-01 5.838465690612792969e-01 6.025760769844055176e-01
2.337257957458496094e+01 2.282662391662597656e-01 4.146120071411132812e+00 1.141595840454101562e-01 -8.587646484375000000e-01 2.258959114551544189e-01
4.674500427246093750e+02 2.613763213157653809e-01 4.948867321014404297e+00 1.644372940063476562e-01 -1.620769500732421875e-01 5.096789598464965820e-01
4.977311096191406250e+02 1.126551628112792969e-01 4.560562610626220703e+00 6.964492797851562500e-01 -2.234840393066406250e-01 4.502034187316894531e-01
3.844329223632812500e+02 2.709666252136230469e+00 9.554653167724609375e+00 1.503565311431884766e+00 7.069039344787597656e-01 4.503036737442016602e-01
5.268684082031250000e+02 3.294684886932373047e-01 4.788679122924804688e+00 -4.816782474517822266e-01 -6.234133243560791016e-01 6.948978304862976074e-01
4.436791076660156250e+02 9.029551744461059570e-01 5.794467449188232422e+00 4.806518554687500000e-03 -9.660124778747558594e-02 8.144763708114624023e-01
1.507720184326171875e+02 1.129609346389770508e-01 4.341867446899414062e+00 5.746102333068847656e-01 5.062723159790039062e-01 2.134011536836624146e-01
6.214776000976562500e+02 9.772832989692687988e-01 5.842606544494628906e+00 8.754920959472656250e-01 1.781105995178222656e-01 6.765019893646240234e-02
5.124683837890625000e+02 7.334190011024475098e-01 5.660735130310058594e+00 4.907584190368652344e-01 2.781105041503906250e-01 1.844617724418640137e-01
1.291535491943359375e+02 6.642323136329650879e-01 5.532413005828857422e+00 2.157902717590332031e-01 8.087730407714843750e-01 1.251310348510742188e+00
4.059399108886718750e+02 1.121371388435363770e+00 6.593937397003173828e+00 -5.069465637207031250e+00 -4.435900688171386719e+00 8.371429443359375000e-01
5.643730468750000000e+02 1.270371675491333008e-01 4.195565223693847656e+00 4.361391067504882812e-01 3.872561454772949219e-01 1.953573524951934814e-01
1.693292694091796875e+02 3.044433116912841797e+00 9.994157791137695312e+00 -1.251774692535400391e+01 -6.331056594848632812e+00 5.043763518333435059e-01
2.799667930603027344e+01 6.654949188232421875e-01 5.265729904174804688e+00 1.458406448364257812e+00 -5.705893039703369141e-01 2.735842466354370117e-01
3.224097595214843750e+02 1.127075552940368652e+00 6.362091064453125000e+00 -1.197502613067626953e+00 -1.427836418151855469e+00 6.527447104454040527e-01
1.652387847900390625e+02 3.270244598388671875e-01 4.712608814239501953e+00 5.703139305114746094e-01 4.030632972717285156e-01 4.692729115486145020e-01
6.355107498168945312e+01 4.549994468688964844e-01 5.251002788543701172e+00 -8.809220790863037109e-01 -4.784202575683593750e-01 1.200067996978759766e-01
5.911571044921875000e+02 7.208310365676879883e-01 5.530987739562988281e+00 7.153844833374023438e-01 8.082222938537597656e-01 8.028385043144226074e-01
2.991840820312500000e+02 1.408419251441955566e+00 6.978156566619873047e+00 2.646718025207519531e+00 1.725795269012451172e+00 3.067740201950073242e-01
9.018937683105468750e+01 3.580220341682434082e-01 4.851888179779052734e+00 3.648304939270019531e-01 3.338265419006347656e-01 3.345280885696411133e-01
4.330920104980468750e+02 5.215876102447509766e-01 5.010152816772460938e+00 -2.362179756164550781e-01 1.163029670715332031e-01 4.148795604705810547e-01
3.830966796875000000e+02 1.266055822372436523e+00 6.616038322448730469e+00 -1.758629083633422852e+00 -1.554487943649291992e+00 6.833081841468811035e-01
2.910705566406250000e+02 1.003949999809265137e+00 6.036999702453613281e+00 1.473515033721923828e+00 1.287772655487060547e+00 5.770756602287292480e-01
3.907637329101562500e+02 1.440102934837341309e+00 7.068132400512695312e+00 -3.825525045394897461e+00 -2.721214294433593750e-01 9.566023014485836029e-03
3.466746826171875000e+02 9.404345750808715820e-01 5.822414875030517578e+00 1.467378139495849609e+00 1.606037616729736328e+00 8.899332284927368164e-01
6.343463134765625000e+02 5.825343728065490723e-01 5.121543884277343750e+00 -6.007885932922363281e-01 -2.055072784423828125e-01 9.154594540596008301e-01
2.168708038330078125e+02 2.437624931335449219e+00 9.148794174194335938e+00 1.590867042541503906e+00 -1.727688312530517578e-01 1.501004099845886230e-01
5.260950317382812500e+02 3.166003227233886719e-01 4.809631824493408203e+00 5.230903625488281250e-02 2.799129486083984375e-01 1.370641402900218964e-02
6.446068725585937500e+02 3.934325575828552246e-01 4.904801368713378906e+00 6.353449821472167969e-01 7.343959808349609375e-01 3.458004891872406006e-01
3.003891601562500000e+02 1.613204121589660645e+00 7.511204719543457031e+00 1.841323375701904297e+00 9.946584701538085938e-01 2.823058962821960449e-01
2.456985473632812500e+02 5.549126267433166504e-01 5.299935340881347656e+00 -4.059338569641113281e-01 3.928184509277343750e-02 3.236528635025024414e-01
9.295547485351562500e+01 2.782043218612670898e-01 4.991995334625244141e+00 4.548454284667968750e-01 -4.950690269470214844e-01 6.809020042419433594e-01
4.394588928222656250e+02 6.375609636306762695e-01 5.362187385559082031e+00 -3.107750415802001953e-01 -1.740220785140991211e+00 4.487718939781188965e-01
3.602912139892578125e+01 2.360316276550292969e+00 8.947718620300292969e+00 1.048896598815917969e+01 6.053202152252197266e+00 6.144708991050720215e-01
1.121199264526367188e+02 6.027158498764038086e-01 5.115437030792236328e+00 3.364825248718261719e-01 -3.393888473510742188e-02 7.689088582992553711e-01
3.116069946289062500e+02 1.305226802825927734e+00 6.401652812957763672e+00 4.305934906005859375e-01 5.713415145874023438e-01 5.299821496009826660e-01
6.762534179687500000e+02 4.500881433486938477e-01 4.586470603942871094e+00 6.727313995361328125e-01 4.397273063659667969e-01 1.485102474689483643e-01
7.547617797851562500e+02 5.963878035545349121e-01 5.332710742950439453e+00 1.224589347839355469e-01 -2.522134780883789062e-01 7.187526226043701172e-01
2.156700592041015625e+02 4.222427010536193848e-01 4.834822654724121094e+00 1.124286651611328125e+00 9.012889862060546875e-01 4.162933230400085449e-01
3.426585006713867188e+01 1.693668961524963379e-01 4.584058761596679688e+00 1.337361335754394531e-01 2.102732658386230469e-01 3.605205118656158447e-01
2.192128143310546875e+02 1.237670540809631348e+00 6.391384601593017578e+00 2.939319610595703125e-01 9.550380706787109375e-01 3.152910172939300537e-01
6.437287597656250000e+02 8.085796833038330078e-01 5.675157546997070312e+00 -3.469908237457275391e-01 1.344466209411621094e-01 1.820545196533203125e-01
3.772820129394531250e+02 4.470207691192626953e-01 5.076035022735595703e+00 3.037333488464355469e-01 7.605838775634765625e-01 7.343742251396179199e-02
1.737953491210937500e+02 1.561925649642944336e+00 7.308234214782714844e+00 2.444665431976318359e+00 4.870986938476562500e-01 1.426461488008499146e-01
2.645443115234375000e+02 2.052578449249267578e+00 8.371265411376953125e+00 1.695169639587402344e+01 8.590690612792968750e+00 4.955339431762695312e-01
2.107743530273437500e+02 5.754470825195312500e-01 5.435834884643554688e+00 1.844549179077148438e+00 2.527961730957031250e+00 1.353505134582519531e+00
1.499643249511718750e+02 1.394992113113403320e+00 7.148550510406494141e+00 -6.241363525390625000e+00 -4.505528450012207031e+00 6.924546360969543457e-01
6.743137207031250000e+02 8.100252151489257812e-01 5.807724952697753906e+00 8.917808532714843750e-02 -6.922364234924316406e-02 4.083581268787384033e-01
4.971245727539062500e+02 6.649452447891235352e-01 5.748461723327636719e+00 6.048107147216796875e-01 -8.532619476318359375e-01 1.870881021022796631e-01
4.058249816894531250e+02 3.468838930130004883e-01 5.027810096740722656e+00 6.767535209655761719e-01 7.808947563171386719e-01 3.606552481651306152e-01
1.564973754882812500e+02 1.808589100837707520e-01 4.475140571594238281e+00 5.605578422546386719e-01 4.057621955871582031e-01 7.829205989837646484e-01
3.442996826171875000e+02 1.443130612373352051e+00 6.913318157196044922e+00 -2.244241237640380859e+00 -6.295526027679443359e-01 3.950046300888061523e-01
2.532315521240234375e+02 1.376912593841552734e-01 4.132483959197998047e+00 4.557037353515625000e-01 4.127764701843261719e-01 3.374523520469665527e-01
5.055967712402343750e+01 2.731499671936035156e+00 9.645483970642089844e+00 -6.362470626831054688e+00 -6.014156341552734375e-01 1.823358535766601562e-01
1.057191390991210938e+02 1.228558182716369629e+00 6.631689071655273438e+00 -1.041897535324096680e+00 -6.266498565673828125e-01 1.813201047480106354e-02
3.951199951171875000e+02 2.046020507812500000e+00 8.257138252258300781e+00 -6.670539379119873047e+00 -3.820106983184814453e+00 6.032992005348205566e-01
3.508741455078125000e+02 1.311071515083312988e+00 6.849868774414062500e+00 1.090576648712158203e+00 2.013158798217773438e-01 2.228457480669021606e-01
5.355874633789062500e+02 2.754505872726440430e-01 4.798889636993408203e+00 2.591037750244140625e-01 1.090297698974609375e+00 6.161736249923706055e-01
3.929190673828125000e+02 7.169581055641174316e-01 5.507030010223388672e+00 -9.948015213012695312e-02 9.674334526062011719e-01 1.251343727111816406e+00
7.658067016601562500e+02 5.838264822959899902e-01 4.856186389923095703e+00 1.248242855072021484e+00 -7.206749916076660156e-01 2.803434617817401886e-02
4.850944900512695312e+01 4.735208153724670410e-01 5.004343986511230469e+00 -1.060724258422851562e-02 -7.863807678222656250e-01 8.061878681182861328e-01
5.428275756835937500e+02 4.341356158256530762e-01 4.909148216247558594e+00 9.981775283813476562e-01 2.056956291198730469e-01 2.113331705331802368e-01
1.048297729492187500e+02 2.146483063697814941e-01 4.524469375610351562e+00 7.431530952453613281e-01 2.809286117553710938e-01 1.438743323087692261e-01
4.978645324707031250e+01 8.359945416450500488e-01 5.814050674438476562e+00 -1.391661167144775391e+00 -6.680119037628173828e-01 5.060392618179321289e-01
4.184333190917968750e+02 3.246431946754455566e-01 5.330460071563720703e+00 1.281168460845947266e+00 1.161193847656250000e+00 6.500476002693176270e-01
4.851843872070312500e+02 4.004937410354614258e-01 4.709902286529541016e+00 5.678129196166992188e-01 -1.572978496551513672e-01 9.340799450874328613e-01
5.794390869140625000e+02 7.271664142608642578e-01 5.257413387298583984e+00 7.060313224792480469e-01 7.241702079772949219e-01 2.565133869647979736e-01
1.710276336669921875e+02 3.614863753318786621e-01 4.724113464355468750e+00 2.571320533752441406e-01 -7.013368606567382812e-01 2.281055599451065063e-01
2.445900344848632812e+01 3.001793026924133301e-01 4.600567340850830078e+00 1.087474822998046875e-01 -1.837325096130371094e-01 3.701541423797607422e-01
5.441449584960937500e+02 6.628670692443847656e-01 5.492728233337402344e+00 -1.766216754913330078e-01 1.756811141967773438e-01 7.619802951812744141e-01
3.755313720703125000e+02 3.250737190246582031e+00 1.075027942657470703e+01 8.313698768615722656e+00 1.477570533752441406e+00 2.427323162555694580e-01
5.999179687500000000e+02 5.200195908546447754e-01 5.076078414916992188e+00 9.434533119201660156e-01 1.376087665557861328e+00 8.261018395423889160e-01
4.173926391601562500e+02 3.339220285415649414e-01 4.811047554016113281e+00 5.905580520629882812e-01 2.657699584960937500e-01 4.218948483467102051e-01
7.022052001953125000e+02 8.330698609352111816e-01 5.616289615631103516e+00 -7.841980457305908203e-01 -2.725504636764526367e+00 9.880864620208740234e-01
5.908045043945312500e+02 5.947280526161193848e-01 5.272464752197265625e+00 -1.726984977722167969e-01 2.829957008361816406e-01 1.037152931094169617e-01
7.518435668945312500e+02 1.388984322547912598e-01 4.484900951385498047e+00 4.836082458496093750e-01 5.677795410156250000e-01 4.914705753326416016e-01
1.097164382934570312e+02 5.569730997085571289e-01 5.294013500213623047e+00 -2.994287014007568359e-01 8.467197418212890625e-02 3.639501035213470459e-01
6.641401977539062500e+02 2.944720983505249023e-01 4.619872570037841797e+00 1.990580558776855469e-01 6.148004531860351562e-01 3.045479655265808105e-01
1.267892150878906250e+02 5.295764803886413574e-01 5.051267623901367188e+00 1.824603080749511719e+00 4.822993278503417969e-01 6.200393438339233398e-01
5.514833374023437500e+02 2.132063508033752441e-01 4.622737407684326172e+00 6.199884414672851562e-01 -5.722045898437500000e-03 3.149679005146026611e-01
3.155299072265625000e+02 7.498425245285034180e-02 4.245871543884277344e+00 2.329587936401367188e-02 5.085206031799316406e-01 3.815120160579681396e-01
1.249933242797851562e+02 1.012411832809448242e+00 6.277803421020507812e+00 1.288802623748779297e+00 1.146388053894042969e+00 5.600656270980834961e-01
5.607224121093750000e+02 7.844746708869934082e-01 5.754462242126464844e+00 4.608869552612304688e-02 -4.040825366973876953e-01 1.383270472288131714e-01
4.422189331054687500e+02 2.964293956756591797e-01 4.592882156372070312e+00 -9.580373764038085938e-02 6.621122360229492188e-02 5.296515226364135742e-01
1.977752227783203125e+02 1.472447156906127930e+00 7.123163223266601562e+00 -1.475161314010620117e+00 2.147412300109863281e-01 1.157022118568420410e-01
4.080519714355468750e+02 1.062271237373352051e+00 6.218494892120361328e+00 2.659053802490234375e+00 6.172823905944824219e-01 1.914661526679992676e-01
9.432303619384765625e+01 4.242688417434692383e-01 4.768190383911132812e+00 3.273010253906250000e-01 3.361964225769042969e-01 1.714249134063720703e+00
3.718910217285156250e+02 8.858042359352111816e-01 5.777207374572753906e+00 1.471536159515380859e+00 1.470909118652343750e+00 4.413154721260070801e-01
2.133442687988281250e+02 3.626486659049987793e-01 5.106322288513183594e+00 -3.551423549652099609e-01 -1.113069057464599609e-01 2.875318564474582672e-02
5.694384765625000000e+02 4.790304303169250488e-01 5.220741271972656250e+00 -1.172065734863281250e-01 -1.987576484680175781e-02 1.003972411155700684e+00
7.867427368164062500e+02 1.772679686546325684e-01 4.590252399444580078e+00 7.477951049804687500e-01 -1.445293426513671875e-01 1.017740488052368164e+00
6.207140502929687500e+02 4.121171832084655762e-01 4.668485641479492188e+00 8.845019340515136719e-01 2.795314788818359375e-01 8.467454463243484497e-03
6.787874145507812500e+02 5.534805059432983398e-01 5.396007061004638672e+00 -7.013297080993652344e-01 -5.902373790740966797e-01 6.272352337837219238e-01
6.352442550659179688e+01 6.955644488334655762e-01 5.459811210632324219e+00 -4.369354248046875000e-01 -6.388866901397705078e-01 1.037968516349792480e+00
6.396307373046875000e+02 8.696328401565551758e-01 6.112415313720703125e+00 -2.111494541168212891e-01 3.389549255371093750e-01 6.066619604825973511e-02
5.132313842773437500e+02 5.155937671661376953e-01 5.382709980010986328e+00 6.126427650451660156e-01 4.119086265563964844e-01 1.795748025178909302e-01
5.011826171875000000e+02 2.048748016357421875e+00 8.309940338134765625e+00 -4.683914184570312500e+00 -2.046564817428588867e+00 4.590862691402435303e-01
1.185114364624023438e+02 3.056848049163818359e-01 4.971971035003662109e+00 4.639911651611328125e-01 2.799749374389648438e-02 8.248853087425231934e-01
1.490299682617187500e+02 1.727999448776245117e+00 7.676043033599853516e+00 4.905331134796142578e+00 2.182097434997558594e+00 3.721082806587219238e-01
1.559184265136718750e+02 6.066122055053710938e-01 5.387452125549316406e+00 -1.252770423889160156e-02 -1.743412017822265625e-01 1.367066800594329834e-01
1.383559131622314453e+01 4.518396258354187012e-01 5.198265552520751953e+00 4.133296012878417969e-01 7.854223251342773438e-01 4.011077880859375000e-01
5.765647125244140625e+01 2.390885949134826660e-01 4.605512619018554688e+00 6.954002380371093750e-01 -2.841186523437500000e-01 2.042458355426788330e-01
1.312163238525390625e+02 3.084977269172668457e-01 4.474441051483154297e+00 1.185593605041503906e+00 8.146548271179199219e-01 7.152562141418457031e-01
5.242284545898437500e+02 2.285133600234985352e-01 4.627786636352539062e+00 4.901599884033203125e-01 6.284451484680175781e-01 3.484044969081878662e-01
5.970505981445312500e+02 1.648853898048400879e+00 7.690773010253906250e+00 2.842547893524169922e+00 9.554529190063476562e-01 3.478138446807861328e-01
5.441367187500000000e+02 6.537797451019287109e-01 5.643477916717529297e+00 -7.740902900695800781e-01 -4.110479354858398438e-01 5.039081573486328125e-01
6.261432495117187500e+02 3.482153415679931641e-01 4.928526401519775391e+00 1.095509529113769531e-01 2.378797531127929688e-01 2.930879294872283936e-01
2.987084655761718750e+02 1.270099878311157227e+00 6.383768558502197266e+00 -8.138418197631835938e-03 2.920603752136230469e-01 1.796517074108123779e-01
4.650325927734375000e+02 7.236895561218261719e-01 5.668969154357910156e+00 7.504200935363769531e-01 4.224777221679687500e-03 3.885606527328491211e-01
2.577109680175781250e+02 1.858291506767272949e+00 8.015836715698242188e+00 -5.835448265075683594e+00 -2.938489913940429688e+00 3.973791003227233887e-01
1.709215698242187500e+02 1.511182546615600586e+00 7.389819145202636719e+00 8.645119667053222656e+00 6.792225837707519531e+00 6.876618266105651855e-01
5.957204589843750000e+02 3.918082118034362793e-01 4.907863140106201172e+00 1.910662651062011719e-01 -1.245284080505371094e-01 8.907090425491333008e-01
6.031251220703125000e+02 3.590571880340576172e-01 4.781112194061279297e+00 1.263983249664306641e+00 2.370977401733398438e-01 2.177684605121612549e-01
6.080013427734375000e+02 1.955854892730712891e-01 4.473442077636718750e+00 6.868124008178710938e-01 -3.197324275970458984e-01 3.318496048450469971e-01
2.012878227233886719e+01 2.993651628494262695e-01 4.642063140869140625e+00 7.012104988098144531e-01 -2.757728099822998047e-01 7.252279520034790039e-01
1.559184265136718750e+02 6.066122055053710938e-01 5.387452125549316406e+00 -1.252770423889160156e-02 -1.743412017822265625e-01 1.367066800594329834e-01
4.160966796875000000e+02 2.564585804939270020e-01 4.606498718261718750e+00 1.035625934600830078e+00 1.668210029602050781e+00 1.040342807769775391e+00
2.111458282470703125e+02 1.356053233146667480e+00 7.088030338287353516e+00 -2.666579484939575195e+00 -6.229972839355468750e-01 1.912261694669723511e-01
7.375291137695312500e+02 5.633780360221862793e-01 5.150676727294921875e+00 1.612710952758789062e-01 6.777143478393554688e-01 7.814258933067321777e-01
3.714597778320312500e+02 2.955446243286132812e-01 4.690303802490234375e+00 3.144478797912597656e-01 5.954313278198242188e-01 4.083387553691864014e-01
3.341737365722656250e+02 1.443177103996276855e+00 6.868043422698974609e+00 -4.512345790863037109e-01 -1.114344596862792969e-01 9.138926863670349121e-01
3.527596664428710938e+01 8.114369511604309082e-01 5.716764450073242188e+00 3.336668014526367188e-02 -2.010798454284667969e-01 3.955869674682617188e-01
3.544794006347656250e+02 4.752880334854125977e-02 4.272507667541503906e+00 4.920744895935058594e-01 -7.507121562957763672e-01 7.611278295516967773e-01
7.278513908386230469e+00 6.367774009704589844e-01 5.241116523742675781e+00 3.152632713317871094e-01 8.155059814453125000e-01 2.610055804252624512e-01
1.548972415924072266e+01 1.379306554794311523e+00 6.847523689270019531e+00 -6.401331424713134766e+00 -9.596920013427734375e-01 2.861589193344116211e-01
5.425435791015625000e+02 4.155899286270141602e-01 4.852265834808349609e+00 -4.676938056945800781e-02 1.864910125732421875e-02 6.268466114997863770e-01
1.303716125488281250e+02 1.147397041320800781e+00 6.149660110473632812e+00 4.406619071960449219e-01 5.012273788452148438e-01 1.009857416152954102e+00
4.129620666503906250e+02 5.050786137580871582e-01 5.167397499084472656e+00 -1.473939418792724609e-01 1.036214828491210938e-01 4.343715608119964600e-01
5.218970108032226562e+01 3.410926461219787598e-01 4.946298599243164062e+00 -9.664130210876464844e-01 -2.281761169433593750e-01 9.246844798326492310e-02
1.428412475585937500e+02 2.294027805328369141e+00 9.166624069213867188e+00 -8.365094661712646484e-01 -1.137889623641967773e+00 9.479064345359802246e-01
3.501755981445312500e+02 3.002964258193969727e-01 4.537315368652343750e+00 1.434564590454101562e-02 -2.939713001251220703e-01 1.856517195701599121e-01
6.629868164062500000e+02 7.547321915626525879e-01 5.557356357574462891e+00 1.015090942382812500e-01 9.742879867553710938e-01 3.055235445499420166e-01
5.622343750000000000e+02 2.528470754623413086e-01 4.796252727508544922e+00 7.802081108093261719e-01 2.032968997955322266e+00 1.019254922866821289e+00
4.129244689941406250e+02 6.220983862876892090e-01 5.562331676483154297e+00 -3.868937492370605469e-01 -8.005475997924804688e-01 1.143933892250061035e+00
5.155869140625000000e+02 1.142130970954895020e+00 6.181260108947753906e+00 -3.795671463012695312e-01 -5.396616458892822266e-01 6.671594977378845215e-01
4.825017929077148438e+01 5.198520421981811523e-01 5.151231288909912109e+00 -3.971457481384277344e-02 4.420447349548339844e-01 1.190743967890739441e-02
4.852736511230468750e+02 1.797589182853698730e+00 7.634940147399902344e+00 -1.370172595977783203e+01 -9.997034072875976562e+00 7.449713349342346191e-01
3.800112609863281250e+02 4.025694131851196289e-01 4.677973270416259766e+00 5.453348159790039062e-02 6.897687911987304688e-02 2.035759985446929932e-01
6.194552612304687500e+02 7.628957629203796387e-01 5.799144744873046875e+00 8.805751800537109375e-01 3.245329856872558594e-01 4.391207098960876465e-01
1.673742370605468750e+02 8.699986934661865234e-01 6.014172554016113281e+00 1.657879352569580078e+00 2.239892482757568359e+00 8.898872137069702148e-01
5.189436035156250000e+02 2.327060103416442871e-01 4.375211715698242188e+00 4.519820213317871094e-01 1.078889369964599609e+00 6.360098123550415039e-01
4.954534606933593750e+02 3.110485076904296875e-01 4.426157474517822266e+00 7.215547561645507812e-01 -3.423333168029785156e-01 8.461759239435195923e-02
1.032978668212890625e+02 1.638500928878784180e+00 7.123361587524414062e+00 -1.618206501007080078e+00 -9.480476379394531250e-01 5.895655751228332520e-01
5.577569580078125000e+02 1.279287338256835938e-01 4.233524799346923828e+00 3.736400604248046875e-01 -1.326870918273925781e-01 1.023665428161621094e+00
7.299575195312500000e+02 6.196008920669555664e-01 5.148698329925537109e+00 1.234221458435058594e+00 3.936696052551269531e-01 2.734444737434387207e-01
4.995619201660156250e+02 2.678799629211425781e-01 4.647978305816650391e+00 1.859664916992187500e-03 2.948451042175292969e-01 1.595834642648696899e-02
1.015200958251953125e+02 4.064691662788391113e-01 4.786920547485351562e+00 1.869153976440429688e-01 -4.838967323303222656e-01 1.092060506343841553e-01
3.423439636230468750e+02 2.385502815246582031e+00 8.844905853271484375e+00 2.932610511779785156e+00 2.701623439788818359e+00 7.505490779876708984e-01
5.012169494628906250e+02 1.643694758415222168e+00 7.645607948303222656e+00 -7.233930587768554688e+00 -2.295130491256713867e+00 2.015871107578277588e-01
1.275438690185546875e+02 1.705067634582519531e+00 7.489182472229003906e+00 2.313637733459472656e-01 -3.222513198852539062e-01 6.862293481826782227e-01
1.030209732055664062e+01 2.955804347991943359e+00 9.969198226928710938e+00 1.079058647155761719e+00 1.276762485504150391e+00 8.346115946769714355e-01
1.009566421508789062e+02 1.753686428070068359e+00 7.532858371734619141e+00 4.178080558776855469e+00 8.560562133789062500e-01 2.922240197658538818e-01
5.384989013671875000e+02 2.506459236145019531e+00 8.991420745849609375e+00 -7.697991371154785156e+00 -4.790287971496582031e+00 8.625352978706359863e-01
3.126685485839843750e+02 1.133704900741577148e+00 6.259274959564208984e+00 4.574489593505859375e-01 3.175830841064453125e-01 7.085024714469909668e-01
5.838817749023437500e+02 4.821661114692687988e-01 4.926285743713378906e+00 1.397714614868164062e+00 1.020219326019287109e+00 7.666394710540771484e-01
2.381029663085937500e+02 3.130428194999694824e-01 5.032400131225585938e+00 7.414078712463378906e-01 8.850598335266113281e-01 4.985642731189727783e-01
4.395789184570312500e+02 8.219673037528991699e-01 5.690429687500000000e+00 1.445744037628173828e+00 1.353800296783447266e+00 3.081379532814025879e-01
3.516858825683593750e+02 7.053781151771545410e-01 5.623128414154052734e+00 9.091854095458984375e-02 -3.455948829650878906e-01 7.284158468246459961e-01
2.274365234375000000e+02 1.509910821914672852e-01 4.397990703582763672e+00 4.492330551147460938e-01 5.301070213317871094e-01 1.093141585588455200e-01
2.926175689697265625e+01 2.002076506614685059e-01 4.575321674346923828e+00 1.965618133544921875e-01 -1.032936573028564453e-01 5.122754573822021484e-01
3.672357559204101562e+01 2.282176017761230469e-01 4.555227279663085938e+00 2.725219726562500000e-01 2.467203140258789062e-01 1.088703393936157227e+00
4.443474426269531250e+02 9.778397679328918457e-01 6.226352691650390625e+00 6.942510604858398438e-01 -3.956770896911621094e-01 1.331533342599868774e-01
1.588615264892578125e+02 7.132074832916259766e-01 5.540462970733642578e+00 1.406466960906982422e+00 6.632494926452636719e-01 3.420435190200805664e-01
3.509497070312500000e+02 4.109332561492919922e-01 5.033200263977050781e+00 1.128587722778320312e+00 5.259561538696289062e-01 1.042215943336486816e+00
5.289877929687500000e+02 7.384790778160095215e-01 5.464674949645996094e+00 -2.466404438018798828e-01 -3.667116165161132812e-02 1.104376390576362610e-01
2.946773529052734375e+01 6.768801808357238770e-01 5.487045288085937500e+00 1.125528812408447266e+00 -1.888191699981689453e-01 5.255095958709716797e-01
4.650408325195312500e+02 5.362408757209777832e-01 5.118875026702880859e+00 -2.478361129760742188e-03 1.090533733367919922e+00 1.690650582313537598e-01
6.898741455078125000e+02 7.112335562705993652e-01 5.598091125488281250e+00 6.386518478393554688e-01 -1.359581947326660156e-02 4.337668120861053467e-01
5.991442871093750000e+02 1.549993753433227539e-01 4.511409759521484375e+00 5.341434478759765625e-01 -4.534518718719482422e-01 1.553483605384826660e-01
7.467261962890625000e+02 3.155496120452880859e-01 4.963451385498046875e+00 8.650994300842285156e-01 7.732939720153808594e-01 1.074990034103393555e-01
5.638087768554687500e+02 2.337134480476379395e-01 4.599415779113769531e+00 1.772356033325195312e-01 6.608223915100097656e-01 6.851079873740673065e-03
3.327144775390625000e+02 1.471203327178955078e+00 7.117588520050048828e+00 -2.184451818466186523e+00 -1.449942588806152344e-01 5.554858222603797913e-02
2.226002502441406250e+02 2.634752273559570312e+00 9.330640792846679688e+00 -6.196932792663574219e+00 -9.227120876312255859e-01 1.417169570922851562e-01
6.682062377929687500e+02 6.457227468490600586e-01 5.461318016052246094e+00 2.159926891326904297e+00 -3.696823120117187500e-01 5.915122106671333313e-02
5.756611328125000000e+02 3.577373623847961426e-01 5.096074104309082031e+00 3.450798988342285156e-01 -1.564133167266845703e-01 5.059779286384582520e-01
4.010708007812500000e+02 2.827998399734497070e-01 4.418491363525390625e+00 5.417680740356445312e-01 -3.369581699371337891e-01 3.712497949600219727e-01
1.367016448974609375e+02 1.397535920143127441e+00 7.124198436737060547e+00 -2.162631750106811523e+00 -2.727310657501220703e+00 7.070912122726440430e-01
2.304501037597656250e+02 6.633622050285339355e-01 5.057934761047363281e+00 5.557680130004882812e-01 5.244231224060058594e-01 2.640057802200317383e-01
4.299010314941406250e+02 5.668969154357910156e-01 5.127818107604980469e+00 2.835154533386230469e-01 7.158398628234863281e-01 4.790461659431457520e-01
1.281256103515625000e+02 4.519360065460205078e-01 5.062871932983398438e+00 8.939409255981445312e-01 2.056431770324707031e-01 5.996404290199279785e-01
2.987084655761718750e+02 1.270099878311157227e+00 6.383768558502197266e+00 -8.138418197631835938e-03 2.920603752136230469e-01 1.796517074108123779e-01
7.298732299804687500e+02 4.306989908218383789e-02 4.365890502929687500e+00 3.584575653076171875e-01 -9.258985519409179688e-02 1.304678767919540405e-01
7.619204711914062500e+02 2.367928028106689453e-01 4.694792747497558594e+00 8.719539642333984375e-01 4.989099502563476562e-01 3.977756202220916748e-01
6.511145019531250000e+02 4.751592874526977539e-01 4.860471725463867188e+00 5.426883697509765625e-01 6.744003295898437500e-01 3.356805741786956787e-01
2.369228744506835938e+01 3.082305788993835449e-01 4.712721347808837891e+00 7.543325424194335938e-01 1.692960262298583984e+00 4.768674969673156738e-01
4.186453857421875000e+02 2.549590468406677246e-01 4.996951580047607422e+00 4.569649696350097656e-01 8.038735389709472656e-01 7.107026576995849609e-01
1.194345626831054688e+02 2.086038589477539062e-01 4.227013587951660156e+00 2.520346641540527344e-01 2.708315849304199219e-01 3.263286948204040527e-01
5.682964324951171875e+01 7.252216339111328125e-01 5.765474319458007812e+00 1.882195472717285156e-01 9.290695190429687500e-02 1.065070778131484985e-01
3.398438110351562500e+02 5.722556114196777344e-01 5.227486133575439453e+00 -7.214784622192382812e-02 7.151508331298828125e-01 5.516352504491806030e-02
3.801045227050781250e+02 5.053827762603759766e-01 4.991049766540527344e+00 6.347274780273437500e-01 5.551576614379882812e-02 5.577746629714965820e-01
3.891708984375000000e+02 3.868125081062316895e-01 5.029410362243652344e+00 -1.996850967407226562e-01 1.385307312011718750e-01 5.102763772010803223e-01
6.254973144531250000e+02 2.756079196929931641e+00 9.774986267089843750e+00 -4.448891639709472656e+00 -1.994899511337280273e+00 3.179819583892822266e-01
2.148724746704101562e+01 4.256689548492431641e-01 5.058858871459960938e+00 4.533553123474121094e-01 -2.756369113922119141e-01 5.343791246414184570e-01
5.798952026367187500e+02 6.506839394569396973e-01 5.606472015380859375e+00 4.907345771789550781e-01 8.594822883605957031e-01 4.090884923934936523e-01
2.911640625000000000e+02 7.580511569976806641e-01 5.994213581085205078e+00 6.734657287597656250e-01 5.155086517333984375e-02 3.884115517139434814e-01
2.732629394531250000e+02 9.679586887359619141e-01 6.197841644287109375e+00 -1.033229827880859375e+00 -1.159937381744384766e+00 2.101130038499832153e-01
7.333593139648437500e+02 5.351241827011108398e-01 5.345758914947509766e+00 1.179926395416259766e+00 3.808021545410156250e-01 6.036880016326904297e-01
3.437294006347656250e+02 1.680196762084960938e+00 7.572382926940917969e+00 3.505468368530273438e-01 4.369711875915527344e-01 4.703396856784820557e-01
6.883535156250000000e+02 7.250689268112182617e-01 5.322722434997558594e+00 -1.112099885940551758e+00 -3.947913646697998047e-01 3.123008087277412415e-02
1.820720367431640625e+02 1.146403193473815918e+00 6.489470481872558594e+00 -1.670017242431640625e+00 -3.337848186492919922e-01 3.640331029891967773e-01
6.457029418945312500e+02 3.886058330535888672e-01 4.944500923156738281e+00 2.003765106201171875e-01 7.006216049194335938e-01 3.061706423759460449e-01
1.077375564575195312e+02 1.047714710235595703e+00 5.923606872558593750e+00 -2.131217718124389648e+00 -2.373921871185302734e-01 1.969581097364425659e-01
1.410464477539062500e+02 1.959940791130065918e-01 4.285935878753662109e+00 3.487205505371093750e-01 5.761098861694335938e-01 8.585743904113769531e-01
1.530209732055664062e+01 5.039107799530029297e-01 5.093010425567626953e+00 -3.173029422760009766e-01 1.438784599304199219e-01 6.802467107772827148e-01
6.496305541992187500e+02 9.478018879890441895e-01 5.978497505187988281e+00 2.121365070343017578e+00 6.662037372589111328e+00 2.220354318618774414e+00
5.512903442382812500e+02 9.574862718582153320e-01 6.250026702880859375e+00 -3.852665424346923828e-01 7.037067413330078125e-01 7.482887506484985352e-01
6.893679809570312500e+02 2.247056961059570312e-01 4.096481323242187500e+00 5.971503257751464844e-01 8.158922195434570312e-02 2.767137289047241211e-01
1.873920135498046875e+02 8.470661640167236328e-01 5.938867092132568359e+00 1.177914142608642578e+00 -1.036632061004638672e-01 5.383858680725097656e-01
3.425993347167968750e+02 3.718448877334594727e-01 5.048944473266601562e+00 5.132865905761718750e-01 7.838320732116699219e-01 5.863662362098693848e-01
2.449630355834960938e+01 8.392682671546936035e-01 5.708044052124023438e+00 -8.552336692810058594e-01 -7.776129245758056641e-01 2.678413987159729004e-01
5.733325195312500000e+02 1.210806965827941895e-01 4.338519573211669922e+00 1.792907714843750000e-01 1.162703037261962891e+00 1.220618724822998047e+00
6.495154418945312500e+02 7.882433533668518066e-01 5.577496051788330078e+00 -1.167469024658203125e+00 -1.676634550094604492e+00 2.876576185226440430e+00
4.440927124023437500e+02 3.040016293525695801e-01 4.586873531341552734e+00 2.439928054809570312e-01 1.618173122406005859e+00 2.191312462091445923e-01
3.638315429687500000e+02 1.883241772651672363e+00 8.099876403808593750e+00 -3.410952091217041016e+00 -2.127958536148071289e+00 8.305642008781433105e-01
5.243091583251953125e+01 4.677410125732421875e-01 5.015957832336425781e+00 -1.183915138244628906e-01 8.094310760498046875e-03 2.814256548881530762e-01
5.082543334960937500e+02 2.988742828369140625e+00 1.018028354644775391e+01 1.669343757629394531e+01 8.447845458984375000e+00 5.222517848014831543e-01
2.113527221679687500e+02 8.589242100715637207e-01 5.926374912261962891e+00 9.174966812133789062e-01 6.361055374145507812e-01 2.523815035820007324e-01
1.325489501953125000e+02 1.116658210754394531e+00 6.154357910156250000e+00 -2.338854074478149414e+00 -1.066099405288696289e+00 3.508722782135009766e-01
5.222651977539062500e+02 2.912568449974060059e-01 4.830812454223632812e+00 6.721544265747070312e-01 8.989405632019042969e-01 1.410523176193237305e+00
7.018104858398437500e+02 6.256167292594909668e-01 5.320129394531250000e+00 1.608600616455078125e+00 1.034588813781738281e+00 2.434056699275970459e-01
5.597414550781250000e+02 6.206610798835754395e-01 5.266709804534912109e+00 1.490235328674316406e-01 2.648472785949707031e-01 8.842920064926147461e-01
5.823662109375000000e+02 2.140846252441406250e+00 8.372571945190429688e+00 -1.451209449768066406e+01 -6.416655540466308594e+00 4.354777336120605469e-01
1.198827285766601562e+02 4.770559668540954590e-01 5.211966037750244141e+00 6.846833229064941406e-01 4.296207427978515625e-01 2.865934669971466064e-01
6.046788940429687500e+02 5.771037936210632324e-01 5.287065982818603516e+00 -7.510995864868164062e-01 -7.812023162841796875e-02 5.585480928421020508e-01
5.994087524414062500e+02 1.553534626960754395e+00 7.272745132446289062e+00 2.533855438232421875e+00 5.595445632934570312e-01 1.170409321784973145e-01
4.147155151367187500e+02 4.535893201828002930e-01 5.070161819458007812e+00 1.259849071502685547e+00 -1.928603649139404297e-01 4.249154329299926758e-01
5.257562866210937500e+02 4.432435035705566406e-01 4.584795951843261719e+00 -7.179379463195800781e-02 -3.292977809906005859e-01 4.934689402580261230e-01
3.368442382812500000e+02 4.396631121635437012e-01 5.088656425476074219e+00 1.036813259124755859e+00 1.145234107971191406e+00 3.342981338500976562e-01
3.549328918457031250e+02 2.845763921737670898e+00 9.889157295227050781e+00 -1.235493755340576172e+01 -9.415125846862792969e+00 8.060755729675292969e-01
5.157667846679687500e+02 2.542241096496582031e+00 9.530811309814453125e+00 -1.277888011932373047e+01 -4.817934036254882812e+00 4.393417835235595703e-01
1.569835968017578125e+02 3.175348043441772461e-01 4.631912231445312500e+00 1.673340797424316406e-01 -2.875792980194091797e-01 6.265744566917419434e-01
5.149539566040039062e+01 1.923724532127380371e+00 7.993393421173095703e+00 -1.728286743164062500e+00 -1.518697738647460938e+00 5.587378144264221191e-01
6.378882598876953125e+01 2.475069761276245117e-01 4.596873283386230469e+00 -3.664767742156982422e-01 -2.359998226165771484e-01 4.418316483497619629e-01
5.645055541992187500e+02 3.976262807846069336e-01 4.849338531494140625e+00 1.410031318664550781e-01 9.255123138427734375e-01 3.618931472301483154e-01
5.859919433593750000e+02 1.646635890007019043e+00 7.532814025878906250e+00 3.746271133422851562e-01 1.914978027343750000e-02 6.747687458992004395e-01
6.782366333007812500e+02 3.390349864959716797e+00 1.097877502441406250e+01 1.481035995483398438e+01 2.135622501373291016e+00 1.505596041679382324e-01
5.529633789062500000e+02 5.979345440864562988e-01 5.495689392089843750e+00 -9.392392635345458984e-01 -9.925603866577148438e-02 5.956866741180419922e-01
5.389270629882812500e+02 6.094986200332641602e-01 5.396005630493164062e+00 3.181123733520507812e-01 4.349470138549804688e-01 5.947335064411163330e-02
5.425136108398437500e+02 9.204127788543701172e-01 6.247964859008789062e+00 6.953930854797363281e-01 -4.045140743255615234e-01 7.969469577074050903e-02
4.119075927734375000e+02 3.342086672782897949e-01 4.813524246215820312e+00 5.387616157531738281e-01 7.812404632568359375e-01 5.912829041481018066e-01
1.727746429443359375e+02 6.082873344421386719e-01 5.178974628448486328e+00 7.480144500732421875e-02 -1.497626304626464844e-01 4.193189442157745361e-01
4.970254821777343750e+02 7.190489768981933594e-02 3.844353675842285156e+00 2.782988548278808594e-01 -9.623980522155761719e-01 6.893025636672973633e-01
5.676852416992187500e+02 4.342232346534729004e-01 4.870615482330322266e+00 8.609771728515625000e-02 2.728700637817382812e-02 1.249014213681221008e-01
6.306917724609375000e+02 3.668289780616760254e-01 4.748360157012939453e+00 4.712390899658203125e-01 6.529307365417480469e-01 9.988047927618026733e-02
3.179257202148437500e+02 3.708147406578063965e-01 5.143135070800781250e+00 -3.497993946075439453e-01 6.900048255920410156e-01 1.028487563133239746e+00
6.428807983398437500e+02 3.457416296005249023e-01 4.863980293273925781e+00 1.045417785644531250e-01 8.528542518615722656e-01 1.227542638778686523e+00
6.255437011718750000e+02 2.016392350196838379e-01 4.546544551849365234e+00 4.479408264160156250e-01 3.543615341186523438e-01 2.398730218410491943e-01
6.103673095703125000e+02 1.450795650482177734e+00 7.278881072998046875e+00 3.189253807067871094e-01 3.071427345275878906e-01 2.590306699275970459e-01
3.916723632812500000e+02 7.953131198883056641e-01 5.555804252624511719e+00 6.402468681335449219e-01 7.166695594787597656e-01 1.156294703483581543e+00
5.248064575195312500e+02 4.209053516387939453e-01 5.079667091369628906e+00 3.082990646362304688e-02 2.197575569152832031e-01 3.972233831882476807e-01
1.245485153198242188e+02 4.795421957969665527e-01 5.319453239440917969e+00 7.702183723449707031e-01 6.120443344116210938e-01 3.171764314174652100e-01
9.201251983642578125e+00 2.575383663177490234e+00 9.457785606384277344e+00 -4.171380043029785156e+00 -3.601020574569702148e+00 7.967084646224975586e-01
5.104583129882812500e+02 1.113338351249694824e+00 6.303658962249755859e+00 1.445081233978271484e+00 1.010813713073730469e+00 5.034401416778564453e-01
6.192875366210937500e+02 3.387382030487060547e-01 4.810368061065673828e+00 1.275277137756347656e-01 1.701855659484863281e-01 1.823161840438842773e-01
1.295518798828125000e+02 5.110138058662414551e-01 4.882019042968750000e+00 1.124277114868164062e+00 1.501989364624023438e-01 4.470832645893096924e-01
4.589443359375000000e+02 3.716049194335937500e-01 4.733601093292236328e+00 1.070737838745117188e-02 -1.004457473754882812e-01 7.903469800949096680e-01
3.509186706542968750e+02 9.974284768104553223e-01 6.197896957397460938e+00 -1.205668449401855469e+00 -1.455187797546386719e-01 4.198215007781982422e-01
1.285414218902587891e+01 7.607256770133972168e-01 5.615114212036132812e+00 -8.711457252502441406e-02 -1.580524444580078125e-01 9.973590075969696045e-02
4.488750000000000000e+02 2.020503282546997070e-01 4.989080429077148438e+00 -1.054072380065917969e-01 -1.341032981872558594e-01 2.210128903388977051e-01
2.119779815673828125e+02 4.609577059745788574e-01 5.055963993072509766e+00 1.924679279327392578e+00 1.670358180999755859e+00 6.396002769470214844e-01
3.952959594726562500e+02 4.844704866409301758e-01 5.076728820800781250e+00 1.718745231628417969e+00 1.322739124298095703e+00 8.416175246238708496e-01
5.995029907226562500e+02 2.103932380676269531e+00 8.369234085083007812e+00 -9.194941520690917969e+00 -2.054418325424194336e+00 3.290745317935943604e-01
2.991768188476562500e+02 3.275943279266357422e+00 1.056362724304199219e+01 -7.439100742340087891e-01 9.897041320800781250e-01 2.490733191370964050e-02
2.967636871337890625e+01 8.940792083740234375e-01 5.816536903381347656e+00 2.186875343322753906e+00 1.807928085327148438e-02 2.025501579046249390e-01
3.178770446777343750e+02 8.620155453681945801e-01 5.620482444763183594e+00 -7.866191864013671875e-01 1.034688949584960938e-01 6.636235713958740234e-01
5.032308044433593750e+02 5.285393595695495605e-01 5.108160018920898438e+00 7.781624794006347656e-01 8.414006233215332031e-01 7.340359091758728027e-01
4.116716308593750000e+02 3.222572803497314453e+00 1.051014232635498047e+01 -7.197086811065673828e+00 -2.992080450057983398e+00 3.353324532508850098e-01
5.140482177734375000e+02 5.650506615638732910e-01 4.855434894561767578e+00 -2.612221240997314453e-01 1.681923866271972656e-01 4.145447611808776855e-01
1.823525848388671875e+02 8.439156413078308105e-01 5.843977928161621094e+00 5.982327461242675781e-01 -1.582598686218261719e-01 1.388531643897294998e-02
3.742230224609375000e+02 2.402339696884155273e+00 8.914393424987792969e+00 5.370719432830810547e+00 1.157474517822265625e-01 7.630553841590881348e-02
1.519744567871093750e+02 6.330341100692749023e-01 5.337329864501953125e+00 7.831001281738281250e-01 2.542185783386230469e-01 3.681111633777618408e-01
4.636885986328125000e+02 5.077082514762878418e-01 5.216706275939941406e+00 7.874608039855957031e-01 -8.572340011596679688e-03 2.377380728721618652e-01
4.759140625000000000e+02 1.322986602783203125e+00 6.784745693206787109e+00 5.245022773742675781e+00 2.410554885864257812e+00 6.026932001113891602e-01
7.734403076171875000e+02 9.229653477668762207e-01 5.804507255554199219e+00 1.590788364410400391e+00 4.822301864624023438e-01 3.305428922176361084e-01
3.634505615234375000e+02 6.431884169578552246e-01 5.424552440643310547e+00 -3.833711147308349609e-01 1.853990554809570312e-01 3.335486650466918945e-01
5.642150878906250000e+02 4.142012596130371094e-01 5.101919174194335938e+00 4.914522171020507812e-01 5.165219306945800781e-01 5.543256402015686035e-01
2.000585021972656250e+02 2.143527984619140625e+00 8.440114021301269531e+00 1.294629859924316406e+01 2.804632186889648438e+00 2.144755423069000244e-01
1.383533020019531250e+02 2.409768581390380859e+00 9.126422882080078125e+00 1.469264030456542969e+01 3.535723686218261719e+00 2.898379564285278320e-01
5.577569580078125000e+02 1.279287338256835938e-01 4.233524799346923828e+00 3.736400604248046875e-01 -1.326870918273925781e-01 1.023665428161621094e+00
3.529448852539062500e+02 3.516993522644042969e-01 5.029109954833984375e+00 1.127359867095947266e+00 -1.910042762756347656e-01 1.189485490322113037e-01
2.464191894531250000e+02 1.599504470825195312e+00 7.338313102722167969e+00 2.085430622100830078e+00 3.330039978027343750e-01 4.606809020042419434e-01
1.452317962646484375e+02 4.974321722984313965e-01 5.232045173645019531e+00 2.175307273864746094e-01 7.635188102722167969e-01 7.592731714248657227e-01
4.444487609863281250e+02 2.983813285827636719e-01 4.787425518035888672e+00 3.429555892944335938e-01 -4.679715633392333984e-01 7.204277515411376953e-01
5.863168334960937500e+02 7.434012889862060547e-01 5.579846382141113281e+00 -3.394150733947753906e-01 3.037118911743164062e-01 4.856521636247634888e-02
4.218634033203125000e+02 6.789898276329040527e-01 5.492301464080810547e+00 7.347035408020019531e-01 7.369112968444824219e-01 2.030844092369079590e-01
7.759727783203125000e+02 1.254243731498718262e+00 6.588447570800781250e+00 8.999109268188476562e-02 -4.668259620666503906e-01 1.229044869542121887e-01
1.093772277832031250e+02 2.744072079658508301e-01 4.688587188720703125e+00 3.657889366149902344e-01 -4.980456829071044922e-01 7.750649452209472656e-01
3.177331542968750000e+02 5.717955231666564941e-01 5.098565578460693359e+00 1.002430915832519531e-01 2.815937995910644531e-01 2.456663697957992554e-01
3.360461425781250000e+02 1.842861294746398926e+00 7.763988018035888672e+00 -1.006749248504638672e+01 -4.857032299041748047e+00 4.265899062156677246e-01
2.234898834228515625e+02 3.094797730445861816e-01 4.585070133209228516e+00 1.818823814392089844e-01 -1.482391357421875000e-01 4.112876206636428833e-02
5.802751159667968750e+01 1.125044226646423340e+00 6.231582164764404297e+00 -3.352475166320800781e-01 -2.655375003814697266e-01 6.374099254608154297e-01
6.443502197265625000e+02 9.462413787841796875e-01 6.064714908599853516e+00 1.405177116394042969e+00 -1.097881793975830078e-01 2.777270674705505371e-01
3.374024200439453125e+01 2.706123828887939453e+00 9.748418807983398438e+00 -2.497062683105468750e+00 -2.995953559875488281e+00 8.305026292800903320e-01
4.395445861816406250e+02 4.449792504310607910e-01 5.118439674377441406e+00 -7.673025131225585938e-02 5.940461158752441406e-01 1.613908819854259491e-02
3.555110168457031250e+02 2.230244874954223633e-01 4.663343429565429688e+00 5.594325065612792969e-01 8.487963676452636719e-01 8.118813633918762207e-01
1.683008117675781250e+02 3.894171118736267090e-01 5.254655838012695312e+00 3.447794914245605469e-01 -1.164650917053222656e-01 3.451855778694152832e-01
1.065970764160156250e+02 2.695207595825195312e-01 4.479481220245361328e+00 4.670882225036621094e-01 5.445551872253417969e-01 2.863661944866180420e-01
1.761481323242187500e+02 5.698328614234924316e-01 5.198026657104492188e+00 8.347082138061523438e-01 4.093170166015625000e-02 2.815566062927246094e-01
7.619649658203125000e+02 7.411453723907470703e-01 5.313938617706298828e+00 1.677241325378417969e+00 1.455259323120117188e-01 9.445391595363616943e-03
2.969866638183593750e+02 6.383134126663208008e-01 5.309658050537109375e+00 -5.932605266571044922e-01 5.130767822265625000e-01 8.013482093811035156e-01
6.728547363281250000e+02 3.368082642555236816e-01 4.633788108825683594e+00 3.249073028564453125e-01 9.897875785827636719e-01 3.147122263908386230e-01
2.082938385009765625e+02 2.746373414993286133e-01 4.874163150787353516e+00 6.206893920898437500e-01 3.679275512695312500e-02 4.535579383373260498e-01
6.760786743164062500e+02 7.278187274932861328e-01 5.605378150939941406e+00 1.731872558593750000e-02 2.707242965698242188e-01 2.115810513496398926e-01
6.458674926757812500e+02 1.171647787094116211e+00 6.549834251403808594e+00 1.935625076293945312e+00 2.261416912078857422e+00 6.287055611610412598e-01
5.303965454101562500e+02 2.858794450759887695e+00 9.835677146911621094e+00 1.146540451049804688e+01 6.793889999389648438e+00 5.836403965950012207e-01
3.114240112304687500e+02 9.944278001785278320e-02 4.185641288757324219e+00 7.500171661376953125e-01 -3.698706626892089844e-01 6.073364019393920898e-01
8.864115905761718750e+01 1.304962873458862305e+00 6.592140674591064453e+00 2.204108238220214844e-01 -7.404685020446777344e-02 6.437855362892150879e-01
4.539750061035156250e+02 2.865883708000183105e-01 4.465287685394287109e+00 -1.371860504150390625e-02 -2.889406681060791016e-01 5.392800569534301758e-01
3.825726623535156250e+02 1.409622669219970703e+00 6.933598518371582031e+00 3.566973209381103516e+00 1.302175521850585938e+00 5.456511378288269043e-01
1.591505279541015625e+02 9.927482008934020996e-01 6.172091960906982422e+00 1.157422065734863281e+00 1.174862384796142578e+00 9.059468507766723633e-01
6.344581298828125000e+02 2.046982049942016602e-01 4.500935554504394531e+00 1.475715637207031250e-01 5.227327346801757812e-02 2.154822051525115967e-01
5.502305297851562500e+02 3.924914598464965820e-01 4.485520362854003906e+00 4.960989952087402344e-01 1.339967250823974609e+00 1.069399118423461914e+00
7.717443237304687500e+02 4.265142083168029785e-01 4.545091152191162109e+00 2.262783050537109375e-01 1.316082477569580078e+00 1.211852908134460449e+00
4.159168701171875000e+02 7.324226498603820801e-01 5.601968765258789062e+00 3.734588623046875000e-02 -1.054562330245971680e+00 5.053664445877075195e-01
5.165694580078125000e+02 6.401523351669311523e-01 5.333662986755371094e+00 3.528833389282226562e-02 3.264284133911132812e-01 2.537367641925811768e-01
4.127415161132812500e+02 2.459900975227355957e-01 4.919770240783691406e+00 3.608822822570800781e-01 1.043622493743896484e+00 3.651449382305145264e-01
4.272048034667968750e+02 2.422235488891601562e+00 9.066301345825195312e+00 -6.758295059204101562e+00 -8.034010887145996094e+00 1.060625195503234863e+00
3.110018615722656250e+02 1.058826565742492676e+00 6.422344207763671875e+00 3.073151111602783203e+00 2.310590744018554688e+00 6.966187953948974609e-01
1.403170776367187500e+02 6.910034418106079102e-01 5.809165477752685547e+00 -3.384923934936523438e-01 -5.322134494781494141e-01 2.982908189296722412e-01
3.763878250122070312e+01 4.235963225364685059e-01 5.201019287109375000e+00 3.022122383117675781e-01 5.370187759399414062e-01 8.012099266052246094e-01
2.608222961425781250e+02 1.071402192115783691e+00 6.270333290100097656e+00 3.104336261749267578e+00 1.553268432617187500e+00 2.431112676858901978e-01
3.301184997558593750e+02 2.936378002166748047e+00 1.011998748779296875e+01 -1.633899211883544922e+00 -1.147949695587158203e-01 4.410355091094970703e-01
2.969794921875000000e+02 1.447753667831420898e+00 7.078681945800781250e+00 -9.723639488220214844e-01 -5.372297763824462891e-01 5.717958807945251465e-01
3.133583068847656250e+02 1.231104135513305664e+00 6.530770778656005859e+00 -3.489382266998291016e+00 -1.762845516204833984e+00 5.179644823074340820e-01
5.173605346679687500e+02 4.589008092880249023e-01 5.037644386291503906e+00 -2.893519401550292969e-01 -6.713199615478515625e-01 7.652631998062133789e-01
2.520649719238281250e+02 1.150433301925659180e+00 6.321677207946777344e+00 -3.140192031860351562e+00 -2.844129800796508789e+00 8.933570981025695801e-01
7.021724853515625000e+02 1.087529063224792480e+00 6.532561302185058594e+00 -5.800986289978027344e-01 -5.509805679321289062e-01 6.521226465702056885e-02
1.712435607910156250e+02 5.730929970741271973e-01 5.302050113677978516e+00 -7.666349411010742188e-02 -1.472306251525878906e-01 7.351217418909072876e-02
5.907070922851562500e+02 2.103208303451538086e-01 4.386885166168212891e+00 1.134750843048095703e+00 -4.243695735931396484e-01 2.703112661838531494e-01
1.691681823730468750e+02 1.320142745971679688e+00 6.904740333557128906e+00 -5.452452659606933594e+00 -2.102707624435424805e+00 3.287781774997711182e-01
2.684603271484375000e+02 2.033464431762695312e+00 8.538315773010253906e+00 7.384252548217773438e-01 4.302668571472167969e-01 7.327835559844970703e-01
3.848486022949218750e+02 8.630812764167785645e-01 5.883188724517822266e+00 -6.834006309509277344e-01 3.999662399291992188e-01 3.420513570308685303e-01
5.685983886718750000e+02 2.475051879882812500e-01 4.719978332519531250e+00 4.186987876892089844e-01 1.670105457305908203e+00 1.034762740135192871e+00
9.337957763671875000e+01 3.582952260971069336e+00 1.132440567016601562e+01 1.019874095916748047e+01 1.513190269470214844e+00 1.034052819013595581e-01
2.858714599609375000e+02 1.732479095458984375e+00 7.200422286987304688e+00 -3.611515760421752930e+00 -1.228095293045043945e+00 8.973360061645507812e-02
9.024637603759765625e+01 1.620916724205017090e-01 4.387764930725097656e+00 1.513385772705078125e-01 -1.945495605468750000e-02 1.326791048049926758e-01
6.403781127929687500e+02 1.013025522232055664e+00 6.533681869506835938e+00 4.978232383728027344e+00 3.324532508850097656e-01 7.591528445482254028e-02
6.067914428710937500e+02 7.424228191375732422e-01 5.358327865600585938e+00 1.365971565246582031e-01 1.948118209838867188e-01 2.595250606536865234e-01
1.720653724670410156e+01 2.958428859710693359e-01 4.512385368347167969e+00 1.000308990478515625e-01 6.842136383056640625e-01 2.646335065364837646e-01
4.428862915039062500e+02 5.574914813041687012e-01 4.849088668823242188e+00 2.474784851074218750e-03 4.607152938842773438e-01 6.207833886146545410e-01
1.216990127563476562e+02 5.471513867378234863e-01 5.165169239044189453e+00 8.244276046752929688e-01 -9.059786796569824219e-02 4.494067728519439697e-01
2.118512420654296875e+02 1.427409648895263672e+00 6.847311496734619141e+00 -1.781547069549560547e-01 -1.144130229949951172e+00 2.960748076438903809e-01
6.043076171875000000e+02 4.578019976615905762e-01 4.682635784149169922e+00 -5.932462215423583984e-01 -1.964330673217773438e-02 2.389162182807922363e-01
6.675531616210937500e+02 3.984731435775756836e-02 4.227251052856445312e+00 7.370734214782714844e-01 -6.881153583526611328e-01 1.210603266954421997e-01
4.158235168457031250e+02 3.316049098968505859e+00 1.069320297241210938e+01 -6.874265670776367188e+00 -3.494875431060791016e+00 5.025877952575683594e-01
4.216583251953125000e+02 9.376629590988159180e-01 6.109437942504882812e+00 -8.420860767364501953e-01 -1.224839687347412109e-01 7.435068488121032715e-03
5.553467407226562500e+02 4.984880685806274414e-01 5.184535980224609375e+00 5.815124511718750000e-01 5.094814300537109375e-01 5.980188846588134766e-01
5.548471679687500000e+02 2.677648067474365234e-01 4.409205913543701172e+00 -1.578688621520996094e-01 6.639838218688964844e-01 4.388044774532318115e-01
5.243728256225585938e+01 1.095809578895568848e+00 6.561352252960205078e+00 -1.499063968658447266e+00 -2.334986925125122070e+00 1.149726390838623047e+00
3.069929199218750000e+02 3.564534783363342285e-01 4.746267318725585938e+00 -2.788186073303222656e-01 6.584405899047851562e-02 4.513724148273468018e-01
1.980606079101562500e+01 2.502894997596740723e-01 4.606948375701904297e+00 3.442740440368652344e-01 -6.526613235473632812e-01 1.543803513050079346e-01
5.234868774414062500e+02 2.936357855796813965e-01 4.973420619964599609e+00 4.154109954833984375e-01 1.017735004425048828e+00 9.422612190246582031e-01
3.000013122558593750e+02 1.170498728752136230e+00 6.532231330871582031e+00 -2.167621850967407227e+00 -6.629025936126708984e-01 5.859733819961547852e-01
4.159059143066406250e+02 4.440821409225463867e-01 4.809740066528320312e+00 4.898929595947265625e-01 1.612877845764160156e-01 2.397115826606750488e-01
1.578260955810546875e+02 2.807343006134033203e+00 9.440601348876953125e+00 6.600646972656250000e+00 7.449674606323242188e-01 1.171518564224243164e-01
6.259674072265625000e+02 2.828556299209594727e-01 4.619254112243652344e+00 1.162195205688476562e-01 3.231596946716308594e-01 2.893757522106170654e-01
4.994451599121093750e+02 1.560464024543762207e+00 7.087129116058349609e+00 -5.124892234802246094e+00 -2.048993110656738281e+00 3.302922248840332031e-01
6.532879638671875000e+02 1.797575950622558594e-01 4.460986137390136719e+00 1.432561874389648438e-01 6.479501724243164062e-02 1.066623032093048096e-01
4.654447631835937500e+02 3.833186626434326172e-01 4.900429248809814453e+00 -1.216292381286621094e-01 -8.947086334228515625e-01 1.002714276313781738e+00
3.876005554199218750e+02 8.277084827423095703e-01 5.909435749053955078e+00 9.791374206542968750e-02 4.423069953918457031e-01 9.803753495216369629e-01
3.112878417968750000e+02 2.389961481094360352e+00 8.812622070312500000e+00 1.327870368957519531e+01 2.567377090454101562e+00 2.932891845703125000e-01
1.048850326538085938e+02 2.999572157859802246e-01 4.711728096008300781e+00 9.488797187805175781e-01 6.943702697753906250e-01 1.058647036552429199e+00
5.097859802246093750e+02 2.852499485015869141e-01 4.439415931701660156e+00 9.560585021972656250e-01 8.379912376403808594e-01 1.105229929089546204e-01
3.800889968872070312e+01 1.528786420822143555e+00 7.605827331542968750e+00 -4.720342159271240234e-01 1.478099822998046875e-01 4.484300017356872559e-01
3.101434631347656250e+02 9.094319939613342285e-01 6.066264629364013672e+00 1.121284961700439453e+00 5.624198913574218750e-01 5.274338126182556152e-01
3.007485046386718750e+02 6.255398392677307129e-01 5.294759750366210938e+00 1.074264049530029297e+00 -6.836187839508056641e-01 4.539993703365325928e-01
1.152709579467773438e+02 5.412169098854064941e-01 4.916512966156005859e+00 1.892368793487548828e+00 4.326295852661132812e-01 2.644988596439361572e-01
5.074109191894531250e+02 2.712630271911621094e+00 9.539587020874023438e+00 6.264894008636474609e+00 7.727241516113281250e-01 1.848483383655548096e-01
3.423558959960937500e+02 5.020967125892639160e-01 5.632664680480957031e+00 -2.838122844696044922e-01 3.023624420166015625e-02 2.388814240694046021e-01
4.434913024902343750e+02 6.193623542785644531e-01 5.153367042541503906e+00 3.971648216247558594e-01 3.211355209350585938e-01 9.229515790939331055e-01
5.288215332031250000e+02 5.688849687576293945e-01 4.957007884979248047e+00 5.868649482727050781e-01 -6.097579002380371094e-01 2.315504997968673706e-01
6.111207275390625000e+02 2.793577194213867188e+00 9.630630493164062500e+00 -9.965888023376464844e+00 -3.041199445724487305e+00 3.081825077533721924e-01
2.391511840820312500e+02 6.761497259140014648e-01 5.607238292694091797e+00 -9.785866737365722656e-01 -5.097198486328125000e-01 7.535945624113082886e-02
4.165731506347656250e+02 1.655059456825256348e+00 7.662537097930908203e+00 -5.312646865844726562e+00 -2.930642366409301758e+00 4.303771853446960449e-01
6.545994873046875000e+02 1.948391199111938477e-01 4.586350440979003906e+00 -1.791155338287353516e-01 9.877443313598632812e-02 3.171142935752868652e-01
2.772240295410156250e+02 1.915194392204284668e-01 4.784995079040527344e+00 -3.618478775024414062e-01 -5.623459815979003906e-02 4.849424660205841064e-01
5.961300659179687500e+02 4.831209778785705566e-01 4.836183547973632812e+00 3.355026245117187500e-02 -1.895582675933837891e-01 6.963626365177333355e-04
1.580322570800781250e+02 3.537864685058593750e-01 4.741045951843261719e+00 4.351425170898437500e-01 -7.410407066345214844e-01 5.932698249816894531e-01
6.185330200195312500e+02 4.837999343872070312e-01 4.902096748352050781e+00 9.134340286254882812e-01 -1.970386505126953125e-01 5.617629503831267357e-04
7.452561645507812500e+02 3.828511238098144531e+00 1.182455062866210938e+01 5.195577144622802734e+00 4.767799377441406250e-01 1.566906422376632690e-01
3.781922912597656250e+02 1.090453028678894043e+00 6.406471729278564453e+00 3.839731216430664062e-02 -5.375909805297851562e-01 2.637281119823455811e-01
7.385465240478515625e+01 3.728732466697692871e-01 4.958084106445312500e+00 5.858874320983886719e-01 -4.419088363647460938e-02 2.817479372024536133e-01
4.341971740722656250e+02 2.839342355728149414e-01 4.327128887176513672e+00 5.952596664428710938e-01 -2.676737308502197266e-01 2.445025146007537842e-01
8.241959381103515625e+01 9.296435117721557617e-02 4.305912494659423828e+00 2.594375610351562500e-01 1.035690307617187500e-01 1.547118425369262695e-01
5.645195312500000000e+02 9.868403673171997070e-01 6.152727127075195312e+00 3.055596351623535156e-01 2.371287345886230469e-01 6.505358964204788208e-02
2.540754547119140625e+02 2.567323446273803711e-01 4.814091682434082031e+00 3.143620491027832031e-01 4.193449020385742188e-01 6.980059146881103516e-01
3.640124206542968750e+02 1.378585219383239746e+00 7.248713493347167969e+00 -4.015994071960449219e-01 -5.998754501342773438e-01 8.291871100664138794e-02
5.008876953125000000e+02 3.824533820152282715e-01 4.969110012054443359e+00 4.289531707763671875e-01 5.840063095092773438e-01 3.284723758697509766e-01
5.192656860351562500e+02 2.158930301666259766e-01 4.549258708953857422e+00 4.844188690185546875e-01 8.539152145385742188e-01 5.558689236640930176e-01
2.170698394775390625e+02 2.074103355407714844e+00 8.282385826110839844e+00 3.106164932250976562e-01 9.932136535644531250e-01 6.232414394617080688e-02
4.243311462402343750e+02 1.295212507247924805e-01 4.595825195312500000e+00 3.104090690612792969e-01 2.060675621032714844e-01 4.388948082923889160e-01
2.860965270996093750e+02 1.204427599906921387e+00 6.256733894348144531e+00 -9.225964546203613281e-02 -3.775548934936523438e-01 3.292237967252731323e-02
3.792620544433593750e+02 2.648931503295898438e+00 9.491474151611328125e+00 -6.742824554443359375e+00 -2.981983423233032227e+00 4.189553558826446533e-01
4.260657653808593750e+02 3.585082292556762695e-01 4.762059688568115234e+00 1.057505607604980469e+00 8.339476585388183594e-01 1.138210445642471313e-01
5.321546630859375000e+02 3.908892869949340820e-01 5.324536800384521484e+00 -4.272389411926269531e-01 3.257417678833007812e-01 6.239562034606933594e-01
5.853547973632812500e+02 1.439712405204772949e+00 7.206760406494140625e+00 3.536984920501708984e+00 4.234554767608642578e+00 8.462700843811035156e-01
6.615095825195312500e+02 6.120583415031433105e-01 5.342624187469482422e+00 1.511998176574707031e+00 7.964825630187988281e-01 2.466573715209960938e-01
3.976327514648437500e+02 5.731267929077148438e-01 5.570256710052490234e+00 8.067178726196289062e-01 5.264019966125488281e-01 3.023986518383026123e-01
6.669670410156250000e+02 1.367956161499023438e+00 6.950088500976562500e+00 -9.934306144714355469e-01 -1.252090930938720703e-01 4.281769990921020508e-01
5.669351196289062500e+02 6.164870262145996094e-01 5.178498268127441406e+00 1.157391071319580078e+00 1.076984405517578125e-01 3.163305222988128662e-01
2.979761657714843750e+02 1.677771687507629395e+00 7.473131656646728516e+00 1.433641910552978516e+00 9.694647789001464844e-01 5.200213789939880371e-01
2.320301361083984375e+02 5.852187275886535645e-01 5.355172634124755859e+00 -5.881822109222412109e-01 -1.247459650039672852e+00 2.061241567134857178e-01
5.903508911132812500e+02 4.935374259948730469e-01 5.430720806121826172e+00 1.380300521850585938e-01 -9.453225135803222656e-01 7.483353465795516968e-02
1.566938934326171875e+02 6.429094672203063965e-01 5.450962066650390625e+00 4.722976684570312500e-01 6.907582283020019531e-01 1.239799261093139648e-01
4.226871337890625000e+02 1.344517946243286133e+00 7.131243228912353516e+00 9.638738632202148438e-01 6.048417091369628906e-01 5.478924512863159180e-01
5.923099365234375000e+02 2.276891231536865234e+00 8.922485351562500000e+00 1.961830520629882812e+01 1.059470653533935547e+01 5.112928748130798340e-01
5.873967895507812500e+02 4.960336685180664062e-01 5.060474395751953125e+00 1.188139915466308594e+00 -7.826209068298339844e-02 7.060270309448242188e-01
3.327049865722656250e+02 4.412792325019836426e-01 4.996485710144042969e+00 -1.083886623382568359e-01 -1.058150529861450195e+00 2.014780938625335693e-01
7.685001831054687500e+02 3.774512410163879395e-01 5.084656715393066406e+00 1.836943626403808594e-01 -1.714897155761718750e-01 1.145185470581054688e+00
1.436191711425781250e+02 5.821695923805236816e-01 5.329184532165527344e+00 6.588864326477050781e-01 -5.755901336669921875e-02 5.001573562622070312e-01
5.797453613281250000e+02 4.821716547012329102e-01 4.751646995544433594e+00 1.555352210998535156e+00 2.917101383209228516e+00 1.229278326034545898e+00
1.076609325408935547e+01 4.363343119621276855e-01 4.997076988220214844e+00 3.191113471984863281e-01 -3.069949150085449219e-01 3.278398215770721436e-01
5.684636230468750000e+02 1.252704858779907227e-01 4.709389209747314453e+00 9.032011032104492188e-01 2.370841503143310547e+00 1.391091108322143555e+00
2.386694030761718750e+02 3.981391191482543945e-01 4.529622554779052734e+00 -9.204149246215820312e-02 1.637935638427734375e-03 2.883701324462890625e-01
3.971647338867187500e+02 6.099374294281005859e-01 5.087797641754150391e+00 1.149044036865234375e+00 -1.511335372924804688e-02 5.090621709823608398e-01
5.794069213867187500e+02 3.873900771141052246e-01 4.862926483154296875e+00 6.155729293823242188e-01 1.718473434448242188e-01 7.047046422958374023e-01
7.532009277343750000e+02 6.516819000244140625e-01 5.339228153228759766e+00 1.072366237640380859e+00 3.650188446044921875e-02 5.237343311309814453e-01
1.037133102416992188e+02 5.021945238113403320e-01 5.068483352661132812e+00 -2.526211738586425781e-01 -1.222324371337890625e-01 4.255827963352203369e-01
3.046337585449218750e+02 1.090749144554138184e+00 6.321063041687011719e+00 1.950588226318359375e+00 5.447387695312500000e-02 1.674493998289108276e-01
1.336373443603515625e+02 1.687295675277709961e+00 7.289234161376953125e+00 5.372085571289062500e+00 7.090203762054443359e+00 1.250986814498901367e+00
4.159675598144531250e+02 4.744647741317749023e-01 4.584662437438964844e+00 9.323835372924804688e-01 1.093237400054931641e+00 2.512879371643066406e-01
1.283334197998046875e+02 3.403589725494384766e-01 4.599745750427246094e+00 1.136641502380371094e+00 1.493632793426513672e+00 1.285730361938476562e+00
3.374098510742187500e+02 1.390229940414428711e+00 6.912615776062011719e+00 -2.654049396514892578e+00 8.085870742797851562e-01 7.805994898080825806e-02
2.643435668945312500e+02 5.194121599197387695e-01 5.084664344787597656e+00 1.563024520874023438e-01 7.198500633239746094e-01 6.513751745223999023e-01
1.017391586303710938e+02 2.815263986587524414e+00 9.757672309875488281e+00 -6.343585014343261719e+00 -4.937690734863281250e+00 6.704860925674438477e-01
5.875513305664062500e+02 5.853222608566284180e-01 4.845880031585693359e+00 2.422404289245605469e-01 -5.034089088439941406e-02 3.220920264720916748e-02
1.289212188720703125e+02 1.578080058097839355e-01 4.368054866790771484e+00 3.641295433044433594e-01 9.896397590637207031e-01 1.029770851135253906e+00
7.230642089843750000e+02 4.960590600967407227e-01 5.148120880126953125e+00 8.174633979797363281e-01 -1.381278038024902344e-02 3.982981741428375244e-01
7.629677734375000000e+02 2.589222788810729980e-01 4.593706130981445312e+00 1.016769409179687500e+00 -9.364545345306396484e-01 6.053477153182029724e-02
1.692245178222656250e+02 9.833953380584716797e-01 6.171126365661621094e+00 1.519918441772460938e+00 1.330430507659912109e+00 8.566147089004516602e-01
2.446428070068359375e+02 1.312013506889343262e+00 6.574524879455566406e+00 -2.493526935577392578e+00 -4.114878177642822266e-01 1.228283047676086426e-01
5.744378662109375000e+02 1.293098926544189453e-01 4.416495323181152344e+00 3.689527511596679688e-01 2.600429058074951172e+00 1.391201734542846680e+00
1.753100433349609375e+02 8.364555239677429199e-01 5.700407505035400391e+00 1.657056808471679688e-01 3.094053268432617188e-01 2.332575917243957520e-01
5.877871704101562500e+02 6.983319520950317383e-01 5.503473281860351562e+00 -3.200006484985351562e-01 -3.933322429656982422e-01 1.900784969329833984e-01
1.514573822021484375e+02 6.719222068786621094e-01 5.612978935241699219e+00 5.993747711181640625e-01 -1.343739032745361328e-01 3.904308378696441650e-01
4.177101135253906250e+02 2.197230458259582520e-01 4.307057857513427734e+00 8.743762969970703125e-01 1.144409179687500000e-02 5.467867255210876465e-01
1.297231292724609375e+02 4.254738688468933105e-01 5.185777664184570312e+00 1.175272464752197266e+00 1.172900199890136719e-01 3.333021998405456543e-01
6.261234741210937500e+02 7.773507237434387207e-01 5.608698844909667969e+00 1.001410484313964844e+00 -1.256906986236572266e-01 2.506430260837078094e-02
4.131845397949218750e+02 1.010293960571289062e+00 6.115954875946044922e+00 2.760410308837890625e-02 4.289412498474121094e-01 4.940206110477447510e-01
4.362371520996093750e+02 7.434633374214172363e-01 5.698806285858154297e+00 -1.951277256011962891e-01 -1.241624355316162109e-01 2.094371318817138672e-01
2.366989593505859375e+02 4.230902791023254395e-01 5.089655399322509766e+00 -9.319925308227539062e-01 -4.244804382324218750e-01 4.163970053195953369e-01
4.785627441406250000e+02 3.124527931213378906e+00 1.037089633941650391e+01 -1.180720615386962891e+01 -1.420319080352783203e-01 3.287541121244430542e-02
4.177704772949218750e+02 3.387764692306518555e-01 4.830578327178955078e+00 -4.587173461914062500e-02 6.660890579223632812e-01 1.724574267864227295e-01
5.627112426757812500e+02 4.058561921119689941e-01 4.990674972534179688e+00 -8.103251457214355469e-02 5.954718589782714844e-01 6.173320412635803223e-01
6.877146606445312500e+02 1.225426793098449707e-01 4.458387374877929688e+00 3.574609756469726562e-01 -4.020786285400390625e-01 5.663418024778366089e-02
3.077297363281250000e+02 2.463443279266357422e-01 4.661674022674560547e+00 6.641387939453125000e-01 3.629016876220703125e-01 5.908382534980773926e-01
5.415755004882812500e+02 6.760397553443908691e-01 5.495423316955566406e+00 4.690408706665039062e-02 2.534198760986328125e-01 2.704388201236724854e-01
4.005473632812500000e+02 7.159755229949951172e-01 5.438274860382080078e+00 -7.027745246887207031e-02 -6.734478473663330078e-01 4.535038471221923828e-01
4.087994995117187500e+02 1.099490642547607422e+00 6.136288166046142578e+00 -7.916200160980224609e-01 -3.002297878265380859e-01 6.292158961296081543e-01
2.597286987304687500e+02 1.178549647331237793e+00 6.509502410888671875e+00 -1.905462741851806641e+00 -3.158164024353027344e-01 3.307428658008575439e-01
7.629531097412109375e+01 5.453020930290222168e-01 5.150894641876220703e+00 3.415369987487792969e-01 -2.112102508544921875e-01 1.702610999345779419e-01
4.124748840332031250e+02 1.390541791915893555e-01 4.635363578796386719e+00 1.947879791259765625e-01 -1.620459556579589844e-01 5.127671957015991211e-01
4.206994934082031250e+02 3.456388115882873535e-01 4.684333324432373047e+00 1.108489036560058594e+00 8.602809906005859375e-01 5.207617282867431641e-01
5.501761474609375000e+02 4.053243994712829590e-01 4.723867416381835938e+00 6.119155883789062500e-01 6.189465522766113281e-01 6.391852498054504395e-01
2.444751434326171875e+02 1.798589468002319336e+00 7.911297798156738281e+00 2.207243442535400391e+00 -4.339492321014404297e-01 3.910580575466156006e-01
4.341001586914062500e+02 1.228774905204772949e+00 6.462889671325683594e+00 2.386248111724853516e+00 2.157444953918457031e+00 6.995604038238525391e-01
3.695734863281250000e+02 7.989807724952697754e-01 5.701102733612060547e+00 -9.455502033233642578e-01 -4.226350784301757812e-01 4.589802324771881104e-01
2.124634552001953125e+02 3.334487080574035645e-01 4.854914665222167969e+00 4.078245162963867188e-01 1.384782791137695312e-01 2.865519523620605469e-01
