1.987461242675781250e+02 6.921249628067016602e-01 6.348026752471923828e+00 -5.111098289489746094e-02 -3.227186203002929688e-01 1.917124748229980469e+00
1.924602661132812500e+02 -7.661312818527221680e-02 4.728690624237060547e+00 -9.114742279052734375e-03 2.782344818115234375e-02 2.508764266967773438e+00
1.793614654541015625e+02 1.484993457794189453e+00 8.189598083496093750e+00 -3.214145898818969727e+00 -1.111873340606689453e+01 3.201235771179199219e+00
5.262608032226562500e+02 5.077883601188659668e-01 6.593341350555419922e+00 -2.719711065292358398e+00 -8.241916656494140625e+00 2.575023412704467773e+00
5.391418457031250000e+02 1.431950092315673828e+00 8.270084381103515625e+00 -1.643717288970947266e-01 -2.017198801040649414e+00 3.676859378814697266e+00
1.838979339599609375e+02 7.100782394409179688e-01 6.406655311584472656e+00 5.892920494079589844e-01 4.691004753112792969e-01 2.624962329864501953e+00
1.768326110839843750e+02 1.253473758697509766e-02 5.398641586303710938e+00 -1.053862571716308594e+00 -2.062897682189941406e+00 2.775443792343139648e+00
1.841065521240234375e+02 2.620649814605712891e+00 1.056943798065185547e+01 -6.893826484680175781e+00 -1.575745964050292969e+01 2.196353912353515625e+00
5.353402709960937500e+02 3.992738723754882812e+00 1.321779823303222656e+01 -8.319270610809326172e-01 -4.989051818847656250e+00 2.913732767105102539e+00
5.495712890625000000e+02 -6.279957294464111328e-02 4.416770935058593750e+00 1.288652420043945312e-02 -1.859252452850341797e+00 1.796926498413085938e+00
1.970596618652343750e+02 8.041635155677795410e-01 6.495244979858398438e+00 -6.671905517578125000e-02 5.907058715820312500e-02 2.781279325485229492e+00
1.731541442871093750e+02 8.913585543632507324e-01 7.110554218292236328e+00 -8.164286613464355469e-02 4.217386245727539062e-02 4.062983989715576172e+00
1.617992706298828125e+02 3.720154762268066406e+00 1.278452587127685547e+01 1.093938350677490234e+00 3.619410991668701172e+00 3.176311969757080078e+00
1.677137908935546875e+02 5.564214587211608887e-01 6.139839649200439453e+00 -2.696110010147094727e+00 -5.133300781250000000e+00 2.167365550994873047e+00
1.796154327392578125e+02 9.764158725738525391e-02 5.226245880126953125e+00 1.050446033477783203e+00 2.027776241302490234e+00 2.556394338607788086e+00
5.535569458007812500e+02 2.636842727661132812e-01 5.455076217651367188e+00 1.602745056152343750e-01 -1.405673027038574219e+00 2.821166515350341797e+00
1.672819213867187500e+02 1.561226844787597656e-01 4.749607086181640625e+00 -1.471638679504394531e-02 -2.344596385955810547e-01 2.050453662872314453e+00
5.393876342773437500e+02 8.549118041992187500e-02 4.830176353454589844e+00 -4.329800605773925781e-02 -5.987405776977539062e-01 1.876398324966430664e+00
1.983225555419921875e+02 2.472647666931152344e+00 9.836870193481445312e+00 4.272801876068115234e+00 1.054273414611816406e+01 2.384564638137817383e+00
1.938887786865234375e+02 2.474519014358520508e-01 5.674926757812500000e+00 -3.412330150604248047e-01 -4.230606555938720703e-01 2.207097530364990234e+00
1.867149353027343750e+02 1.387846708297729492e+00 7.523134231567382812e+00 1.502206325531005859e+00 3.824667930603027344e+00 1.859237074851989746e+00
5.527146606445312500e+02 1.432291269302368164e-01 5.346419334411621094e+00 7.834911346435546875e-02 -1.553940773010253906e+00 2.081575393676757812e+00
5.266539306640625000e+02 2.656984329223632812e-02 4.973382949829101562e+00 -6.357669830322265625e-02 -8.876669406890869141e-01 2.459147214889526367e+00
5.450695800781250000e+02 -2.937316894531250000e-02 5.158904552459716797e+00 -1.566731929779052734e-01 -1.610270738601684570e+00 2.175957202911376953e+00
1.622925872802734375e+02 1.197191357612609863e+00 7.655632495880126953e+00 -1.593971252441406250e-01 7.158899307250976562e-01 4.525714874267578125e+00
1.839052734375000000e+02 2.145361900329589844e-02 5.078960895538330078e+00 -1.377153396606445312e-01 -8.765864372253417969e-01 2.140950202941894531e+00
1.869332733154296875e+02 9.490555524826049805e-02 5.327877998352050781e+00 9.179115295410156250e-02 6.475448608398437500e-03 2.403012275695800781e+00
5.323500366210937500e+02 1.300607323646545410e-01 5.031722545623779297e+00 -5.477201938629150391e-01 -2.049409151077270508e+00 2.101994514465332031e+00
1.900934600830078125e+02 2.824289798736572266e-01 5.097784996032714844e+00 -7.395982742309570312e-02 -2.350664138793945312e-01 3.035253047943115234e+00
1.561665954589843750e+02 5.236160755157470703e-02 5.384910106658935547e+00 -4.460811614990234375e-02 -1.373291015625000000e-03 1.777077913284301758e+00
1.781420135498046875e+02 3.995091915130615234e-01 5.859964847564697266e+00 7.599830627441406250e-01 1.652772426605224609e+00 2.266688823699951172e+00
1.837966308593750000e+02 5.658574700355529785e-01 6.051900863647460938e+00 -6.431734561920166016e-01 -1.406465768814086914e+00 2.055633306503295898e+00
5.379240722656250000e+02 2.058070302009582520e-01 5.457644939422607422e+00 -5.815184116363525391e-01 -2.469328641891479492e+00 2.204895973205566406e+00
1.748208312988281250e+02 2.174160003662109375e+00 9.626201629638671875e+00 -6.250798702239990234e+00 -1.809233283996582031e+01 2.843464851379394531e+00
5.404047851562500000e+02 4.612366557121276855e-01 6.028203010559082031e+00 4.963946342468261719e-01 9.245371818542480469e-01 2.867112159729003906e+00
1.727810058593750000e+02 1.626591563224792480e+00 8.209980964660644531e+00 9.926915168762207031e-01 2.393460273742675781e+00 2.259075164794921875e+00
1.768029479980468750e+02 9.001313447952270508e-01 7.046882629394531250e+00 1.255528926849365234e+00 2.436685562133789062e+00 2.796848773956298828e+00
1.875331420898437500e+02 8.123664259910583496e-01 6.572683334350585938e+00 2.094554901123046875e-01 6.706905364990234375e-01 2.103094816207885742e+00
1.581718597412109375e+02 2.022864341735839844e+00 9.030431747436523438e+00 2.353541851043701172e+00 7.235152721405029297e+00 2.284155845642089844e+00
5.443252563476562500e+02 -1.400833129882812500e-01 4.476699829101562500e+00 -5.413055419921875000e-02 -3.561139106750488281e-02 2.620775699615478516e+00
1.792018890380859375e+02 5.336986780166625977e-01 6.046421051025390625e+00 -3.098404407501220703e-01 -9.832072257995605469e-01 1.728191971778869629e+00
1.916372833251953125e+02 4.317695498466491699e-01 5.939917564392089844e+00 -4.316794872283935547e-01 -5.815172195434570312e-01 3.023948907852172852e+00
5.577042846679687500e+02 2.945286035537719727e-02 5.126627922058105469e+00 3.884410858154296875e-01 -6.341981887817382812e-01 2.294126510620117188e+00
2.022547302246093750e+02 9.346801638603210449e-01 6.777961254119873047e+00 -1.130468845367431641e+00 -3.296416997909545898e+00 2.555346488952636719e+00
1.612371215820312500e+02 3.736467957496643066e-01 5.821558952331542969e+00 4.692935943603515625e-01 2.496511936187744141e+00 4.659316062927246094e+00
1.748936614990234375e+02 4.762758016586303711e-01 6.056286811828613281e+00 -7.364857196807861328e-01 -1.848486661911010742e+00 2.330860137939453125e+00
5.335637817382812500e+02 2.719765901565551758e-02 5.192629814147949219e+00 7.845926284790039062e-01 5.895495414733886719e-01 2.521590948104858398e+00
1.723962554931640625e+02 2.583961725234985352e+00 1.021783256530761719e+01 2.488136291503906250e-01 -3.613066673278808594e-01 2.805094480514526367e+00
1.737462310791015625e+02 1.199522018432617188e-01 5.301045417785644531e+00 -1.216137409210205078e-01 -1.011997461318969727e+00 2.068697690963745117e+00
5.416557617187500000e+02 1.718820929527282715e-01 5.138332366943359375e+00 -8.126115798950195312e-01 -3.202412128448486328e+00 2.264380931854248047e+00
1.685410919189453125e+02 1.956713199615478516e-02 4.972757339477539062e+00 3.715753555297851562e-02 1.279115676879882812e-02 2.144519090652465820e+00
1.632017364501953125e+02 4.190982580184936523e-01 6.033967494964599609e+00 -1.542968750000000000e+00 -5.984265804290771484e+00 3.913001775741577148e+00
5.341850585937500000e+02 -1.310646533966064453e-01 4.802459239959716797e+00 3.338170051574707031e-01 9.453058242797851562e-02 1.912491083145141602e+00
5.316687011718750000e+02 3.374278545379638672e-03 4.854125976562500000e+00 5.735564231872558594e-01 9.354925155639648438e-01 2.263080596923828125e+00
1.834078674316406250e+02 1.715118408203125000e+00 8.429840087890625000e+00 1.449117660522460938e+00 3.401322364807128906e+00 2.139559268951416016e+00
5.488094482421875000e+02 2.749032378196716309e-01 5.647514820098876953e+00 -2.463150024414062500e-01 -2.292740345001220703e+00 1.987229108810424805e+00
1.465090637207031250e+02 8.535190224647521973e-01 6.432000160217285156e+00 1.345570087432861328e+00 1.980710029602050781e+00 1.830459117889404297e+00
5.133284912109375000e+02 -6.227028369903564453e-02 4.522031307220458984e+00 -1.293039321899414062e-01 -7.825076580047607422e-01 2.155240535736083984e+00
5.259924926757812500e+02 -5.360800027847290039e-02 5.073411941528320312e+00 -5.120575428009033203e-01 -1.021925210952758789e+00 2.076026916503906250e+00
1.897061920166015625e+02 5.553033351898193359e-01 6.153258323669433594e+00 2.413940429687500000e-01 1.849889755249023438e-02 2.354713439941406250e+00
1.774645385742187500e+02 2.528799772262573242e-01 5.472104549407958984e+00 8.887386322021484375e-01 5.213696956634521484e+00 3.483222961425781250e+00
5.558399047851562500e+02 -9.238630533218383789e-02 4.562043666839599609e+00 2.189660072326660156e-01 -9.223985671997070312e-01 2.049164295196533203e+00
1.944855041503906250e+02 1.056295633316040039e-01 5.419106483459472656e+00 -6.373751163482666016e-01 -2.692971229553222656e+00 2.791957378387451172e+00
5.316584472656250000e+02 1.561777591705322266e-01 5.253041267395019531e+00 -4.305922985076904297e-01 -2.069053649902343750e+00 1.810715436935424805e+00
5.304580078125000000e+02 2.666654586791992188e+00 1.042719554901123047e+01 -5.572971343994140625e+00 -1.507814216613769531e+01 2.467798233032226562e+00
1.975106201171875000e+02 2.193328738212585449e-01 5.133848667144775391e+00 3.936123847961425781e-01 7.871317863464355469e-01 2.434125423431396484e+00
1.645480194091796875e+02 7.164774537086486816e-01 7.011844158172607422e+00 8.788108825683593750e-01 4.515583515167236328e+00 3.280877590179443359e+00
1.806528167724609375e+02 9.985644817352294922e-01 7.360634803771972656e+00 4.018545150756835938e-02 1.714086532592773438e+00 4.221888065338134766e+00
5.459982299804687500e+02 -1.467232108116149902e-01 4.833229064941406250e+00 3.845930099487304688e-02 -1.342426538467407227e+00 2.852202415466308594e+00
1.847346954345703125e+02 -2.313081026077270508e-01 4.117347240447998047e+00 -2.417409420013427734e-01 3.512120246887207031e-01 3.835394382476806641e+00
1.652711029052734375e+02 5.874955654144287109e-02 4.994594097137451172e+00 1.098871231079101562e-02 -1.438361406326293945e+00 4.243217945098876953e+00
5.172156372070312500e+02 1.321280360221862793e+00 7.658919811248779297e+00 -7.378389835357666016e+00 -1.895987319946289062e+01 2.445254564285278320e+00
5.072557373046875000e+02 4.158037900924682617e-02 4.930449962615966797e+00 -7.308530807495117188e-01 -1.031655073165893555e+00 2.047255277633666992e+00
2.074809722900390625e+02 8.641149997711181641e-01 6.748071193695068359e+00 4.516506195068359375e-01 9.733128547668457031e-01 2.609399318695068359e+00
5.516173095703125000e+02 4.279554486274719238e-01 5.685914039611816406e+00 -5.973052978515625000e-01 -2.883734703063964844e+00 2.273856878280639648e+00
1.573302764892578125e+02 5.963080525398254395e-01 6.286570549011230469e+00 2.678155899047851562e-02 5.153632164001464844e-01 4.061038494110107422e+00
5.327997436523437500e+02 1.628049612045288086e-01 5.141389846801757812e+00 -1.150625944137573242e+00 -2.653836011886596680e+00 2.453375816345214844e+00
1.874193725585937500e+02 1.932503581047058105e+00 8.681025505065917969e+00 -3.354675769805908203e+00 -7.047963142395019531e+00 2.247635841369628906e+00
1.969861450195312500e+02 7.465031743049621582e-01 6.232447624206542969e+00 -4.475355148315429688e-02 -9.316444396972656250e-02 1.888676762580871582e+00
5.268648681640625000e+02 1.842874884605407715e-01 5.418271064758300781e+00 -6.548511981964111328e-01 -2.670850753784179688e+00 2.212209463119506836e+00
5.383112182617187500e+02 -3.835034370422363281e-02 4.782339096069335938e+00 -3.106129169464111328e-01 -2.298972606658935547e+00 3.107099533081054688e+00
1.809758300781250000e+02 1.551744341850280762e-01 5.505423545837402344e+00 9.112811088562011719e-01 1.342494487762451172e+00 2.672104835510253906e+00
1.952433776855468750e+02 1.208505630493164062e+00 7.334495544433593750e+00 -1.738263368606567383e+00 -4.111713409423828125e+00 2.207727432250976562e+00
5.415060424804687500e+02 9.291231632232666016e-02 5.060091018676757812e+00 -2.919876575469970703e-01 -1.819405555725097656e+00 2.088506698608398438e+00
1.738280487060546875e+02 3.127439022064208984e+00 1.149381065368652344e+01 -7.168006896972656250e-01 -2.031434774398803711e+00 2.946948528289794922e+00
5.480074462890625000e+02 3.132323622703552246e-01 5.396594524383544922e+00 1.674652099609375000e-01 -1.219220161437988281e+00 1.947830915451049805e+00
1.923050384521484375e+02 6.812219619750976562e-01 6.527858734130859375e+00 -3.837251663208007812e-01 -3.261413574218750000e+00 4.533488273620605469e+00
5.495712890625000000e+02 -6.279957294464111328e-02 4.416770935058593750e+00 1.288652420043945312e-02 -1.859252452850341797e+00 1.796926498413085938e+00
5.245361938476562500e+02 -1.504352092742919922e-01 4.776762008666992188e+00 1.079416275024414062e-01 -3.544914722442626953e-01 2.339150428771972656e+00
1.717389526367187500e+02 5.928100943565368652e-01 6.252606391906738281e+00 2.069482803344726562e+00 4.083788394927978516e+00 2.176334619522094727e+00
1.801040496826171875e+02 -2.858191728591918945e-02 5.056949615478515625e+00 8.381605148315429688e-02 1.428012847900390625e+00 4.504775047302246094e+00
5.418388671875000000e+02 3.305513858795166016e-01 5.726237773895263672e+00 5.238842964172363281e-01 -3.899157047271728516e-01 2.225476026535034180e+00
1.868711395263671875e+02 1.016738772392272949e+00 7.414333343505859375e+00 -1.198740005493164062e+00 -3.631668090820312500e+00 3.148057460784912109e+00
1.618416595458984375e+02 1.642746329307556152e-01 5.079180717468261719e+00 1.116824150085449219e-01 8.289074897766113281e-01 3.286955833435058594e+00
1.784384002685546875e+02 -2.054255008697509766e-01 4.680571079254150391e+00 3.173851966857910156e-01 3.416800498962402344e-01 2.953436136245727539e+00
5.443728027343750000e+02 -1.386674642562866211e-01 4.732717514038085938e+00 2.694702148437500000e-01 -3.601205348968505859e-01 1.556720495223999023e+00
5.249690551757812500e+02 1.978945136070251465e-01 5.316989421844482422e+00 1.963686943054199219e-01 -4.428589344024658203e-01 2.079400300979614258e+00
5.482023925781250000e+02 -1.296182274818420410e-01 4.712387084960937500e+00 3.594160079956054688e-02 -2.026234865188598633e+00 2.505228519439697266e+00
1.698073577880859375e+02 3.235589981079101562e+00 1.170040321350097656e+01 3.599393367767333984e+00 1.177357482910156250e+01 3.071565628051757812e+00
5.270220336914062500e+02 1.064386963844299316e-01 4.685273170471191406e+00 -7.764101028442382812e-02 -8.244681358337402344e-01 2.681862115859985352e+00
1.619749755859375000e+02 7.160272002220153809e-01 6.407461166381835938e+00 6.464791297912597656e-01 1.412167549133300781e+00 2.076013565063476562e+00
5.203445434570312500e+02 1.832476854324340820e-01 5.529933929443359375e+00 -4.815852642059326172e-01 -6.152653694152832031e-01 2.624323844909667969e+00
1.828205413818359375e+02 3.261101722717285156e+00 1.148104381561279297e+01 -1.872920989990234375e-01 -6.173777580261230469e-01 2.550273418426513672e+00
1.537509765625000000e+02 2.757307887077331543e-01 5.635354995727539062e+00 -1.608234643936157227e+00 -4.692156314849853516e+00 3.462858438491821289e+00
1.840880584716796875e+02 5.257976055145263672e-02 4.949008464813232422e+00 -8.006548881530761719e-01 -1.906380653381347656e+00 3.124547481536865234e+00
1.780541839599609375e+02 1.470979094505310059e+00 7.903658866882324219e+00 -1.673383712768554688e+00 -4.082167148590087891e+00 2.384855508804321289e+00
5.192556152343750000e+02 -2.747260928153991699e-01 4.493049621582031250e+00 1.272845268249511719e-01 -6.002557277679443359e-01 2.337679386138916016e+00
1.590204162597656250e+02 1.944643259048461914e-02 5.330692291259765625e+00 -3.304874897003173828e-01 -4.969513416290283203e-01 1.760691881179809570e+00
1.751743164062500000e+02 5.218381285667419434e-01 5.887249946594238281e+00 5.889177322387695312e-01 1.128873825073242188e+00 2.122740745544433594e+00
1.786490478515625000e+02 9.048582911491394043e-01 6.628413200378417969e+00 7.319068908691406250e-01 1.907823085784912109e+00 1.935963630676269531e+00
5.537884521484375000e+02 4.044458866119384766e-01 5.978044509887695312e+00 7.411265373229980469e-01 4.183578491210937500e-01 1.945872187614440918e+00
1.579650726318359375e+02 3.702369928359985352e-01 5.746730804443359375e+00 8.592462539672851562e-01 2.622625827789306641e+00 2.240037202835083008e+00
1.738917388916015625e+02 8.584054708480834961e-01 6.934080600738525391e+00 -1.526278257369995117e+00 -6.583828926086425781e+00 3.640685558319091797e+00
1.715118713378906250e+02 2.390739440917968750e+00 9.906620979309082031e+00 1.582579612731933594e+00 5.234806537628173828e+00 3.389699697494506836e+00
1.808041381835937500e+02 1.701831817626953125e-01 5.337826728820800781e+00 -4.267954826354980469e-01 -2.422308921813964844e-01 2.334825038909912109e+00
1.802392425537109375e+02 6.092207431793212891e-01 6.172528266906738281e+00 1.085164546966552734e+00 2.067582607269287109e+00 2.066473245620727539e+00
1.835124511718750000e+02 1.980239391326904297e+00 8.659547805786132812e+00 9.030914306640625000e+00 1.210851860046386719e+01 1.388067960739135742e+00
1.782504119873046875e+02 1.772230863571166992e+00 8.422115325927734375e+00 -2.430008649826049805e+00 -6.919577121734619141e+00 2.766212940216064453e+00
1.759798889160156250e+02 1.132736802101135254e-01 5.282578468322753906e+00 -1.288914680480957031e-01 -8.554339408874511719e-01 2.020972251892089844e+00
1.855999603271484375e+02 8.918408155441284180e-01 6.398341178894042969e+00 2.545523643493652344e-01 -1.071484088897705078e+00 2.120984077453613281e+00
1.708457489013671875e+02 2.435829162597656250e+00 1.005369186401367188e+01 3.001255989074707031e+00 8.506929397583007812e+00 2.606685400009155273e+00
5.229743041992187500e+02 -1.030904650688171387e-01 4.618427276611328125e+00 -1.190495491027832031e-01 -6.083369255065917969e-02 2.063602447509765625e+00
5.286666259765625000e+02 -1.210369467735290527e-01 4.497272491455078125e+00 -7.470846176147460938e-03 3.561115264892578125e-01 2.446796655654907227e+00
5.193936157226562500e+02 1.328865289688110352e+00 7.769568443298339844e+00 -2.224383354187011719e+00 -6.222565174102783203e+00 2.789615154266357422e+00
5.358402709960937500e+02 9.240520000457763672e-02 5.087626457214355469e+00 2.657151222229003906e-01 -8.980250358581542969e-01 2.691792488098144531e+00
1.817448425292968750e+02 7.955394983291625977e-01 6.647885322570800781e+00 -2.555274963378906250e-01 -7.216441631317138672e-01 2.318476915359497070e+00
1.986852111816406250e+02 1.087633848190307617e+00 7.058200836181640625e+00 -2.864259481430053711e+00 -6.559612751007080078e+00 2.075374841690063477e+00
5.377459106445312500e+02 3.428863286972045898e-01 6.069652557373046875e+00 6.751465797424316406e-01 1.388602256774902344e+00 2.680121421813964844e+00
5.554808349609375000e+02 7.454276084899902344e-03 4.724815368652343750e+00 -9.190917015075683594e-02 -9.318709373474121094e-01 1.361002206802368164e+00
1.676097412109375000e+02 2.902104616165161133e+00 1.088067150115966797e+01 1.624615192413330078e+00 4.182162284851074219e+00 2.352088928222656250e+00
1.700661468505859375e+02 3.859094977378845215e-01 6.461861610412597656e+00 -5.810570716857910156e-01 -1.711474657058715820e+00 3.669100046157836914e+00
5.265968017578125000e+02 -1.077596545219421387e-01 4.536635875701904297e+00 -4.103243350982666016e-01 -1.698899269104003906e+00 2.424295902252197266e+00
5.378010253906250000e+02 1.479857563972473145e-01 5.339775085449218750e+00 -9.236216545104980469e-02 -1.850831508636474609e+00 4.339653015136718750e+00
1.780440979003906250e+02 1.238473057746887207e+00 7.769246578216552734e+00 3.144621849060058594e-01 -4.021918773651123047e-01 3.621815443038940430e+00
5.394984741210937500e+02 1.883730292320251465e-01 5.521475791931152344e+00 5.426239967346191406e-01 3.659701347351074219e-01 2.054289102554321289e+00
5.478451538085937500e+02 1.766117215156555176e-01 5.320475578308105469e+00 -8.687734603881835938e-02 -9.923362731933593750e-01 1.859521389007568359e+00
1.751700286865234375e+02 6.835413575172424316e-01 6.440703392028808594e+00 8.278846740722656250e-02 -4.499626159667968750e-01 2.046919345855712891e+00
1.755988616943359375e+02 -2.093404531478881836e-02 5.059464454650878906e+00 -1.409387588500976562e-01 -3.648376464843750000e-01 2.455183506011962891e+00
5.214120483398437500e+02 2.059575915336608887e-01 5.237767219543457031e+00 -1.997458934783935547e-01 -2.595341205596923828e-01 1.784441232681274414e+00
1.951570281982421875e+02 1.034624814987182617e+00 7.057149410247802734e+00 -1.361886262893676758e+00 -5.351834297180175781e+00 2.935472965240478516e+00
5.236677246093750000e+02 1.440978050231933594e-02 4.695016384124755859e+00 -1.458907127380371094e-01 -1.101863384246826172e-01 2.130099773406982422e+00
1.945827484130859375e+02 4.886504411697387695e-01 5.752959251403808594e+00 -7.980823516845703125e-02 -1.164809465408325195e+00 2.049920320510864258e+00
1.837751770019531250e+02 4.179822802543640137e-01 6.135695457458496094e+00 5.690097808837890625e-02 -1.025867462158203125e+00 4.380568981170654297e+00
5.420619506835937500e+02 8.301943540573120117e-02 5.108216285705566406e+00 3.635239601135253906e-01 -9.402287006378173828e-01 2.276795864105224609e+00
1.766062622070312500e+02 1.902148485183715820e+00 8.836172103881835938e+00 -3.060052394866943359e+00 -1.111351108551025391e+01 4.016121864318847656e+00
5.380141601562500000e+02 -5.143880844116210938e-04 4.910197257995605469e+00 -4.986095428466796875e-01 -8.178019523620605469e-01 1.758257269859313965e+00
1.777344207763671875e+02 8.671083450317382812e-01 6.451956748962402344e+00 7.390546798706054688e-01 1.940546035766601562e+00 2.302886009216308594e+00
1.657728271484375000e+02 2.744175791740417480e-01 6.114913940429687500e+00 -3.806471824645996094e-02 3.385543823242187500e-03 5.049868583679199219e+00
1.669019317626953125e+02 3.017507195472717285e-01 6.065562248229980469e+00 -6.006538867950439453e-01 -1.777459383010864258e+00 2.716441392898559570e+00
1.716872406005859375e+02 3.261514902114868164e-01 5.732322216033935547e+00 5.689382553100585938e-01 1.754927635192871094e-01 2.064088821411132812e+00
5.428073120117187500e+02 3.866987824440002441e-01 5.885061264038085938e+00 -2.497208118438720703e-01 -1.898504495620727539e+00 2.454536914825439453e+00
1.723312072753906250e+02 3.759917616844177246e-01 5.915764808654785156e+00 -2.068138122558593750e-01 5.153298377990722656e-01 2.089424848556518555e+00
5.395264892578125000e+02 -2.566492557525634766e-01 4.502208709716796875e+00 1.505303382873535156e-01 -7.563698291778564453e-01 2.301379203796386719e+00
1.847346954345703125e+02 -2.313081026077270508e-01 4.117347240447998047e+00 -2.417409420013427734e-01 3.512120246887207031e-01 3.835394382476806641e+00
5.467158203125000000e+02 9.781235456466674805e-02 5.101580142974853516e+00 -3.924262523651123047e-01 -1.067020893096923828e+00 2.048247814178466797e+00
5.379356689453125000e+02 1.183800697326660156e-01 5.059619903564453125e+00 -5.763828754425048828e-01 -1.331844329833984375e+00 2.054925680160522461e+00
1.705075836181640625e+02 2.098791599273681641e-01 5.682429790496826172e+00 2.179002761840820312e-01 1.648674011230468750e+00 2.441737413406372070e+00
5.294221191406250000e+02 -1.117729544639587402e-01 4.394536018371582031e+00 -1.138436794281005859e-01 -2.585399150848388672e-01 1.429099917411804199e+00
1.655025024414062500e+02 1.813514709472656250e+00 8.932713508605957031e+00 -6.247496604919433594e+00 -1.923031997680664062e+01 2.849150180816650391e+00
1.997160949707031250e+02 1.663361072540283203e+00 8.391716003417968750e+00 -4.906258583068847656e+00 -1.252603435516357422e+01 2.520086288452148438e+00
5.274446411132812500e+02 3.026211857795715332e-01 5.682390213012695312e+00 5.471229553222656250e-02 -7.842314243316650391e-01 3.072078704833984375e+00
1.860347290039062500e+02 1.030905842781066895e-01 5.456622123718261719e+00 -4.179525375366210938e-01 -7.014238834381103516e-01 3.491410732269287109e+00
5.475748291015625000e+02 5.971089601516723633e-01 6.290396690368652344e+00 8.976888656616210938e-01 1.718778610229492188e+00 1.914378166198730469e+00
1.633202209472656250e+02 9.811015129089355469e-01 6.638748645782470703e+00 1.433422565460205078e+00 3.122282028198242188e+00 2.142644882202148438e+00
1.748179016113281250e+02 4.528161287307739258e-01 5.921370506286621094e+00 3.557085990905761719e-01 1.600718498229980469e-01 3.521737813949584961e+00
5.606939697265625000e+02 2.521060705184936523e-01 5.369534492492675781e+00 -1.794958114624023438e-01 -2.155805826187133789e+00 1.808932065963745117e+00
5.515866088867187500e+02 -1.495039463043212891e-02 5.036133289337158203e+00 3.724861145019531250e-01 -8.100819587707519531e-01 2.474405288696289062e+00
5.287440185546875000e+02 1.388286948204040527e-01 5.130882263183593750e+00 -4.727554321289062500e-01 -1.407569646835327148e+00 2.293087244033813477e+00
5.248843994140625000e+02 1.672143340110778809e-01 4.845520019531250000e+00 1.867818832397460938e-01 -1.301646232604980469e-01 1.864376187324523926e+00
5.309552001953125000e+02 -2.820494174957275391e-01 4.532380580902099609e+00 -1.956355571746826172e-01 -1.353756189346313477e+00 3.068623304367065430e+00
5.223553466796875000e+02 2.317731380462646484e-01 5.001890659332275391e+00 -1.371669769287109375e-01 -6.513297557830810547e-01 1.498358368873596191e+00
1.924217987060546875e+02 2.597435474395751953e+00 1.020674514770507812e+01 8.024215698242187500e-01 2.051155567169189453e+00 2.933811187744140625e+00
5.567612915039062500e+02 -9.274661540985107422e-02 4.655962467193603516e+00 -2.501893043518066406e-01 -8.948767185211181641e-01 2.362627506256103516e+00
5.415234985351562500e+02 1.066066026687622070e-01 4.911266803741455078e+00 -6.456148624420166016e-01 -1.306830644607543945e+00 2.023050308227539062e+00
5.290145263671875000e+02 8.667925596237182617e-01 6.699671745300292969e+00 -7.918846607208251953e-01 -4.193532466888427734e+00 2.719921112060546875e+00
5.217521972656250000e+02 3.568077087402343750e-02 5.014893054962158203e+00 8.007049560546875000e-01 5.368709564208984375e-02 1.757606387138366699e+00
5.546992797851562500e+02 -3.254014253616333008e-02 4.874242782592773438e+00 -3.102755546569824219e-01 -1.787281036376953125e+00 2.468500614166259766e+00
5.542039184570312500e+02 1.071421504020690918e-01 5.193832397460937500e+00 1.215219497680664062e-02 -2.612328529357910156e+00 3.073601245880126953e+00
1.691654510498046875e+02 3.218004107475280762e-01 5.994924545288085938e+00 -5.740988254547119141e-01 -8.210849761962890625e-01 2.047983169555664062e+00
1.727412567138671875e+02 5.298538208007812500e-01 5.945248126983642578e+00 7.452440261840820312e-01 2.712571620941162109e+00 3.068499565124511719e+00
5.381296386718750000e+02 5.602461099624633789e-02 4.826701164245605469e+00 6.245827674865722656e-01 -4.179084300994873047e-01 1.651125907897949219e+00
5.321853027343750000e+02 -2.073892354965209961e-01 4.927395343780517578e+00 7.066488265991210938e-02 -9.363758563995361328e-01 2.948610782623291016e+00
1.934060516357421875e+02 8.765926361083984375e-01 7.028841018676757812e+00 -2.565419673919677734e-01 -1.224290132522583008e+00 3.580739736557006836e+00
5.140147094726562500e+02 9.882390499114990234e-03 4.545033454895019531e+00 -5.713105201721191406e-02 -5.048894882202148438e-01 2.348687171936035156e+00
1.665430145263671875e+02 4.211217164993286133e-02 5.122990131378173828e+00 -4.574537277221679688e-02 -1.720621585845947266e+00 3.360536336898803711e+00
5.390423583984375000e+02 -2.422536611557006836e-01 4.580700397491455078e+00 -2.422177791595458984e-01 -1.252857446670532227e+00 2.254534959793090820e+00
1.739337615966796875e+02 -5.919539928436279297e-02 4.945683002471923828e+00 3.543853759765625000e-02 1.484479904174804688e+00 3.445708513259887695e+00
5.430458984375000000e+02 1.739082336425781250e-01 5.483897686004638672e+00 -1.472699642181396484e-01 -9.588658809661865234e-01 2.285732269287109375e+00
5.486939086914062500e+02 1.549473404884338379e-01 4.757447719573974609e+00 3.869223594665527344e-01 -1.261848211288452148e+00 1.902208328247070312e+00
5.324992675781250000e+02 4.405888319015502930e-01 6.005857467651367188e+00 3.163576126098632812e-02 -1.098728179931640625e+00 2.804130554199218750e+00
1.717004699707031250e+02 1.872738957405090332e+00 8.292680740356445312e+00 9.727087020874023438e+00 1.908798599243164062e+01 1.890302300453186035e+00
1.689150848388671875e+02 8.197605609893798828e-01 6.764333724975585938e+00 2.625560760498046875e-01 5.292177200317382812e-02 1.750529885292053223e+00
5.503345336914062500e+02 -8.341288566589355469e-02 4.619267463684082031e+00 -2.292943000793457031e-01 -1.822093725204467773e+00 2.004737377166748047e+00
1.779094848632812500e+02 7.972074747085571289e-01 6.614132881164550781e+00 2.258710861206054688e+00 5.009522438049316406e+00 2.435392856597900391e+00
5.248828735351562500e+02 1.235139966011047363e-01 5.541801452636718750e+00 1.244330406188964844e-01 -5.876243114471435547e-01 2.824020385742187500e+00
1.875668945312500000e+02 6.984944939613342285e-01 6.514823913574218750e+00 7.123994827270507812e-01 2.320001125335693359e+00 3.198215484619140625e+00
1.588378143310546875e+02 9.279472827911376953e-01 6.548288822174072266e+00 1.680374145507812500e-02 9.314465522766113281e-01 1.659111499786376953e+00
1.697379760742187500e+02 2.629139423370361328e-01 5.489255905151367188e+00 -5.841088294982910156e-01 -1.381896734237670898e+00 2.667464256286621094e+00
1.858748321533203125e+02 2.687630891799926758e+00 1.040137863159179688e+01 2.569944858551025391e+00 6.607954502105712891e+00 3.410066366195678711e+00
1.764911193847656250e+02 1.795979142189025879e-01 6.002748489379882812e+00 -7.848405838012695312e-01 -2.718527317047119141e+00 4.070108890533447266e+00
5.381652832031250000e+02 -1.733659505844116211e-01 4.287748336791992188e+00 -9.590029716491699219e-02 -1.198650598526000977e+00 2.146404027938842773e+00
1.753397216796875000e+02 2.335727214813232422e-01 5.864685535430908203e+00 -3.622806072235107422e-01 -1.853135824203491211e+00 4.873288631439208984e+00
1.714858856201171875e+02 1.832916378974914551e+00 8.760904312133789062e+00 -5.228281021118164062e+00 -1.169206523895263672e+01 2.541210412979125977e+00
5.237243041992187500e+02 2.230800986289978027e-01 5.268016338348388672e+00 -5.855381488800048828e-01 -1.532579660415649414e+00 2.207459926605224609e+00
1.880773620605468750e+02 1.032692193984985352e-02 5.238932132720947266e+00 4.897356033325195312e-02 5.174255371093750000e-01 4.283118724822998047e+00
5.372680664062500000e+02 3.683680295944213867e-02 5.334435462951660156e+00 -6.581664085388183594e-02 -6.366550922393798828e-01 2.964855670928955078e+00
5.599877319335937500e+02 -1.715111136436462402e-01 5.024230003356933594e+00 2.731513977050781250e-01 -1.320881843566894531e+00 2.076985836029052734e+00
5.388019409179687500e+02 2.182251214981079102e-01 5.541305065155029297e+00 -3.363513946533203125e-01 -1.896679401397705078e+00 2.679966688156127930e+00
5.437995605468750000e+02 1.175475120544433594e-02 4.965473651885986328e+00 1.240229606628417969e-01 -5.230772495269775391e-01 2.740874290466308594e+00
1.525143432617187500e+02 3.148165225982666016e+00 1.153854370117187500e+01 -1.151016950607299805e+00 -2.051526308059692383e+00 2.905339956283569336e+00
1.764319610595703125e+02 3.073441982269287109e-01 5.796329498291015625e+00 -8.446335792541503906e-01 -3.426730632781982422e+00 3.410481214523315430e+00
1.699538116455078125e+02 3.710317850112915039e+00 1.260741615295410156e+01 3.724715709686279297e+00 1.482327270507812500e+01 3.910324811935424805e+00
1.626628112792968750e+02 9.769380092620849609e-01 6.789611339569091797e+00 -4.379963874816894531e-01 -7.651317119598388672e-01 2.705907344818115234e+00
5.558877563476562500e+02 -3.533142805099487305e-02 4.342453956604003906e+00 -1.139879226684570312e-02 -9.256231784820556641e-01 1.971783518791198730e+00
5.556460571289062500e+02 2.393890023231506348e-01 4.908564567565917969e+00 1.791834831237792969e-01 -8.191931247711181641e-01 2.549065351486206055e+00
5.429903564453125000e+02 2.155581116676330566e-01 5.637815475463867188e+00 4.645466804504394531e-01 -3.551590442657470703e-01 1.701580762863159180e+00
1.832241516113281250e+02 3.138121128082275391e+00 1.151447105407714844e+01 -1.220656633377075195e+00 -3.433784246444702148e+00 2.248383045196533203e+00
5.324877929687500000e+02 4.237792491912841797e-01 5.638802528381347656e+00 9.269714355468750000e-03 -1.463767290115356445e+00 2.028729438781738281e+00
1.945050506591796875e+02 1.541905283927917480e+00 8.047193527221679688e+00 1.020317077636718750e+00 2.250483036041259766e+00 2.271471500396728516e+00
1.955536804199218750e+02 1.850793123245239258e+00 8.662210464477539062e+00 1.301722526550292969e+00 3.281581401824951172e+00 2.445273160934448242e+00
1.843604736328125000e+02 1.746721267700195312e-01 5.533639907836914062e+00 -8.530092239379882812e-01 -4.802906513214111328e-01 3.971311092376708984e+00
5.446768188476562500e+02 2.308590412139892578e-01 5.364203453063964844e+00 -8.120167255401611328e-01 -2.398291826248168945e+00 2.511598587036132812e+00
5.579226684570312500e+02 -9.723073244094848633e-02 4.673942565917968750e+00 -1.063787937164306641e-01 -2.347190380096435547e+00 2.512517213821411133e+00
5.225469970703125000e+02 1.852432489395141602e-01 5.049244880676269531e+00 -2.065384387969970703e-01 -5.424118041992187500e-01 2.424466848373413086e+00
1.597554321289062500e+02 3.183371424674987793e-01 5.874336242675781250e+00 -6.108617782592773438e-01 -1.585118770599365234e+00 4.052245616912841797e+00
1.792132110595703125e+02 3.965530395507812500e-01 6.325621604919433594e+00 9.501695632934570312e-02 4.901480674743652344e-01 3.816722631454467773e+00
1.906003265380859375e+02 5.801486372947692871e-01 6.225018024444580078e+00 4.407596588134765625e-01 1.180632114410400391e+00 2.139851093292236328e+00
5.425837402343750000e+02 -8.016848564147949219e-02 4.910776615142822266e+00 -6.088960170745849609e-01 -1.723374128341674805e+00 1.732057809829711914e+00
1.610372467041015625e+02 3.913466930389404297e-01 6.053143501281738281e+00 -1.274716854095458984e-01 4.115271568298339844e-01 4.276873111724853516e+00
1.886019439697265625e+02 1.718685030937194824e+00 8.348895072937011719e+00 -5.385124683380126953e+00 -1.230282211303710938e+01 2.117093801498413086e+00
1.726426544189453125e+02 3.775308132171630859e-01 5.673257827758789062e+00 3.363490104675292969e-01 -1.832246780395507812e-01 1.856956005096435547e+00
2.006029815673828125e+02 4.345601201057434082e-01 6.072077751159667969e+00 2.628564834594726562e-01 5.590343475341796875e-01 2.101521968841552734e+00
5.414860229492187500e+02 -2.748328447341918945e-02 4.895994663238525391e+00 -2.166056632995605469e-01 -9.198653697967529297e-01 2.387176990509033203e+00
1.523657226562500000e+02 1.601179242134094238e-01 5.505046844482421875e+00 2.817487716674804688e-01 2.545764446258544922e+00 3.641221046447753906e+00
5.409728393554687500e+02 3.232602477073669434e-01 5.749495506286621094e+00 -5.819773674011230469e-01 -3.202599287033081055e+00 2.694839000701904297e+00
5.333145751953125000e+02 1.253934025764465332e+00 7.392254829406738281e+00 1.180815696716308594e+00 1.638646125793457031e+00 2.423052310943603516e+00
5.417045288085937500e+02 4.387116432189941406e-01 5.786008358001708984e+00 -8.294534683227539062e-01 -2.500594854354858398e+00 2.239485263824462891e+00
1.716341094970703125e+02 3.365965127944946289e+00 1.229819774627685547e+01 1.848196983337402344e+00 7.888178825378417969e+00 4.680756092071533203e+00
1.501073303222656250e+02 2.903826236724853516e-01 5.133723258972167969e+00 3.296113014221191406e-01 1.518089771270751953e+00 2.296914339065551758e+00
2.028189239501953125e+02 3.986113667488098145e-01 5.619993209838867188e+00 -6.734013557434082031e-02 -9.736895561218261719e-02 1.761357307434082031e+00
1.775633850097656250e+02 3.737259864807128906e+00 1.290165519714355469e+01 7.660543918609619141e+00 1.898488616943359375e+01 2.376690149307250977e+00
5.249815673828125000e+02 7.696461677551269531e-02 4.617321968078613281e+00 -4.235041141510009766e-01 -1.688458919525146484e+00 1.665599107742309570e+00
1.709860382080078125e+02 5.976269841194152832e-01 6.612772941589355469e+00 -1.251900196075439453e+00 -3.644732236862182617e+00 3.174667358398437500e+00
1.742691802978515625e+02 2.578828334808349609e+00 1.027780818939208984e+01 -3.686761856079101562e-01 -2.329759597778320312e+00 2.771474361419677734e+00
1.900685119628906250e+02 1.445793509483337402e-01 5.766913414001464844e+00 -3.026843070983886719e-02 7.121539115905761719e-01 3.609967708587646484e+00
1.726817474365234375e+02 4.126507639884948730e-01 5.909812450408935547e+00 -8.548808097839355469e-01 -3.644707202911376953e+00 4.067849159240722656e+00
1.620239105224609375e+02 3.087900161743164062e+00 1.118561363220214844e+01 3.876209259033203125e-01 1.414005756378173828e+00 2.509929656982421875e+00
5.369656372070312500e+02 1.046895384788513184e-01 6.032424926757812500e+00 8.434057235717773438e-02 -4.686808586120605469e-01 4.682024002075195312e+00
5.354765625000000000e+02 -1.451534032821655273e-01 4.423123359680175781e+00 -1.978981494903564453e-01 -5.832350254058837891e-01 2.710627317428588867e+00
1.847892608642578125e+02 3.718549013137817383e-02 5.052875995635986328e+00 -2.874207496643066406e-01 -1.192082166671752930e+00 3.892905235290527344e+00
5.517608032226562500e+02 3.143027424812316895e-01 5.338358402252197266e+00 -7.397592067718505859e-01 -2.245885133743286133e+00 1.798071742057800293e+00
5.220430297851562500e+02 9.580945968627929688e-02 4.859588623046875000e+00 -4.212617874145507812e-02 -4.185092449188232422e-01 1.877696633338928223e+00
1.750830230712890625e+02 -1.454752683639526367e-02 4.922438621520996094e+00 -4.134726524353027344e-01 -3.339159488677978516e-01 3.144692420959472656e+00
5.421987304687500000e+02 -1.274865865707397461e-02 4.709193229675292969e+00 -4.890191555023193359e-01 -2.533638477325439453e+00 2.511266469955444336e+00
1.905476074218750000e+02 8.321537971496582031e-01 6.569454193115234375e+00 -1.051095724105834961e+00 -3.477761745452880859e+00 2.417351245880126953e+00
1.865951232910156250e+02 1.809109449386596680e-01 5.451930999755859375e+00 5.793166160583496094e-01 7.191181182861328125e-01 1.818811893463134766e+00
5.230299072265625000e+02 -1.242733001708984375e-01 4.591269969940185547e+00 1.533246040344238281e-01 -2.666532993316650391e-01 2.526841163635253906e+00
5.336812744140625000e+02 2.999911904335021973e-01 5.379333496093750000e+00 5.256223678588867188e-01 -4.279530048370361328e-01 2.296972751617431641e+00
5.397941894531250000e+02 2.712826132774353027e-01 5.281435966491699219e+00 1.106047630310058594e-01 -7.352614402770996094e-01 1.579627394676208496e+00
5.475932006835937500e+02 1.681411266326904297e-01 5.371446132659912109e+00 5.631732940673828125e-01 -4.540431499481201172e-01 1.819386959075927734e+00
1.937862701416015625e+02 1.678526282310485840e+00 8.384583473205566406e+00 1.353771686553955078e+00 1.033833026885986328e+00 1.589419841766357422e+00
1.560838317871093750e+02 3.015785217285156250e-01 5.951510906219482422e+00 5.325722694396972656e-01 4.780488014221191406e+00 4.344163417816162109e+00
5.423094482421875000e+02 2.230994105339050293e-01 5.249752998352050781e+00 2.639007568359375000e-01 -8.267438411712646484e-01 1.932695388793945312e+00
1.466997222900390625e+02 1.998574256896972656e+00 9.124167442321777344e+00 6.569595336914062500e+00 1.611671257019042969e+01 2.365162849426269531e+00
1.618285217285156250e+02 3.201663494110107422e+00 1.168058776855468750e+01 6.523859500885009766e+00 1.426021575927734375e+01 2.043758392333984375e+00
1.814966430664062500e+02 1.273485183715820312e+00 7.939313888549804688e+00 -5.925137996673583984e+00 -1.987622261047363281e+01 3.291445970535278320e+00
5.370009155273437500e+02 2.422294616699218750e-01 5.520842075347900391e+00 6.785392761230468750e-02 -7.531642913818359375e-01 2.520061969757080078e+00
1.509736938476562500e+02 8.147362470626831055e-01 6.719063758850097656e+00 -2.182257175445556641e-01 -1.269912719726562500e-01 3.581162452697753906e+00
2.027612152099609375e+02 2.433395385742187500e+00 9.648781776428222656e+00 -2.679361104965209961e+00 -6.535934448242187500e+00 2.261100292205810547e+00
1.526537170410156250e+02 2.711530208587646484e+00 1.056542301177978516e+01 2.637128829956054688e+00 7.378177642822265625e+00 2.617489099502563477e+00
1.724016723632812500e+02 1.985364556312561035e-01 6.013094902038574219e+00 -4.338645935058593750e-01 -1.347340345382690430e+00 3.810843944549560547e+00
1.731358337402343750e+02 6.739417314529418945e-01 6.358749389648437500e+00 1.955454349517822266e+00 4.256181716918945312e+00 2.290510177612304688e+00
5.363251953125000000e+02 1.308285593986511230e-01 4.878867626190185547e+00 4.527330398559570312e-02 -3.313219547271728516e-01 1.647302031517028809e+00
5.383076171875000000e+02 -7.722806930541992188e-02 4.754000663757324219e+00 -5.054676532745361328e-01 -1.594337224960327148e+00 2.437529087066650391e+00
5.487808837890625000e+02 2.174311876296997070e-01 5.252584934234619141e+00 1.033782958984375000e-02 -4.467248916625976562e-01 1.716549158096313477e+00
5.414550170898437500e+02 5.111885070800781250e-02 4.843772888183593750e+00 -2.166867256164550781e-01 -1.777144670486450195e+00 2.010476350784301758e+00
5.208754272460937500e+02 -1.460360288619995117e-01 4.767911911010742188e+00 1.477432250976562500e-01 -1.163367033004760742e+00 3.306548833847045898e+00
5.414537353515625000e+02 4.991686344146728516e-01 5.971950054168701172e+00 1.248464584350585938e+00 1.069076061248779297e+00 1.708229303359985352e+00
1.600199890136718750e+02 1.056735515594482422e+00 7.172207832336425781e+00 -9.129333496093750000e-01 -1.896461248397827148e+00 2.876718521118164062e+00
5.442950439453125000e+02 -1.427975296974182129e-01 4.348539352416992188e+00 -5.451440811157226562e-03 -1.940263509750366211e+00 2.297625541687011719e+00
1.928255767822265625e+02 -2.847194671630859375e-02 4.938391685485839844e+00 -2.092003822326660156e-02 -8.603322505950927734e-01 2.350741624832153320e+00
5.344766235351562500e+02 -5.789864063262939453e-02 5.175543785095214844e+00 5.324602127075195312e-01 -8.204984664916992188e-01 2.933744430541992188e+00
5.272031860351562500e+02 1.401329636573791504e-01 5.500379085540771484e+00 -9.174358844757080078e-01 -3.009530305862426758e+00 2.179956197738647461e+00
1.698903503417968750e+02 -2.453285455703735352e-02 4.653254985809326172e+00 6.140470504760742188e-02 9.904623031616210938e-02 2.271948337554931641e+00
1.817705078125000000e+02 3.235840797424316406e-01 5.986349105834960938e+00 -4.074883460998535156e-01 -6.272447109222412109e-01 2.654795408248901367e+00
1.694298858642578125e+02 9.071685671806335449e-01 6.963342189788818359e+00 -2.444255352020263672e-01 -1.853036880493164062e-01 2.125964641571044922e+00
1.902933959960937500e+02 3.659670948982238770e-01 5.757279872894287109e+00 1.376731395721435547e+00 3.335485458374023438e+00 2.427972793579101562e+00
5.329627685546875000e+02 -2.749025821685791016e-01 4.412587165832519531e+00 -3.077483177185058594e-01 -1.256406307220458984e+00 3.294836282730102539e+00
1.978362426757812500e+02 7.885686159133911133e-01 6.628682613372802734e+00 6.770658493041992188e-01 6.049704551696777344e-01 2.059006690979003906e+00
5.480105590820312500e+02 1.143556833267211914e-02 4.781278610229492188e+00 -1.015424728393554688e-01 -1.830347776412963867e+00 2.257258653640747070e+00
1.791355895996093750e+02 3.241137266159057617e-01 5.991185665130615234e+00 -7.817077636718750000e-01 -2.013245820999145508e+00 2.840409517288208008e+00
5.170757446289062500e+02 -2.592357993125915527e-01 4.343641281127929688e+00 -1.791810989379882812e-01 -1.241861581802368164e+00 2.176294088363647461e+00
1.732352294921875000e+02 1.089935898780822754e-01 5.639250278472900391e+00 -5.183684825897216797e-01 -8.392488956451416016e-01 4.225986480712890625e+00
5.537775878906250000e+02 2.364269495010375977e-01 5.623572826385498047e+00 3.038668632507324219e-01 -7.695984840393066406e-01 2.006401538848876953e+00
5.315365600585937500e+02 -9.784656763076782227e-02 4.922626018524169922e+00 -7.414221763610839844e-02 -3.178131580352783203e-01 2.336822986602783203e+00
5.144855957031250000e+02 4.323097467422485352e-01 5.549648761749267578e+00 3.994655609130859375e-01 6.391358375549316406e-01 1.784067153930664062e+00
5.296394653320312500e+02 -9.777075052261352539e-02 4.802423954010009766e+00 -2.247929573059082031e-02 -3.047025203704833984e-01 2.685145378112792969e+00
5.472266845703125000e+02 2.037267088890075684e-01 5.411502838134765625e+00 2.661442756652832031e-01 -4.205274581909179688e-01 2.043967962265014648e+00
2.032798004150390625e+02 5.927981138229370117e-01 5.683931350708007812e+00 1.547422409057617188e+00 1.863927841186523438e+00 1.731221079826354980e+00
1.876273345947265625e+02 7.215532660484313965e-01 6.570298671722412109e+00 -1.369421482086181641e+00 -5.414175033569335938e+00 3.552357673645019531e+00
