0.000000000000000000e+00 -8.571080207824707031e+00 4.777677953243255615e-01 0.000000000000000000e+00
1.937500000000000000e+00 -8.616002082824707031e+00 4.786779284477233887e-01 0.000000000000000000e+00
2.092187500000000000e+01 -1.007435321807861328e+01 4.445823431015014648e-01 0.000000000000000000e+00
2.404296875000000000e+01 -9.780813217163085938e+00 5.184640288352966309e-01 0.000000000000000000e+00
2.793359375000000000e+01 -8.370941162109375000e+00 4.703625142574310303e-01 0.000000000000000000e+00
3.403125000000000000e+01 -8.376796722412109375e+00 4.844221770763397217e-01 0.000000000000000000e+00
5.292968750000000000e+01 -8.816873550415039062e+00 4.777243435382843018e-01 0.000000000000000000e+00
6.295703125000000000e+01 -8.972183227539062500e+00 5.030003786087036133e-01 0.000000000000000000e+00
7.189843750000000000e+01 -9.967331886291503906e+00 6.421355605125427246e-01 0.000000000000000000e+00
8.189453125000000000e+01 -8.485232353210449219e+00 5.980473160743713379e-01 0.000000000000000000e+00
2.952265625000000000e+02 -9.747983932495117188e+00 4.471774399280548096e-01 0.000000000000000000e+00
3.001679687500000000e+02 -1.001186656951904297e+01 3.872892558574676514e-01 0.000000000000000000e+00
3.040546875000000000e+02 -9.342759132385253906e+00 3.339571654796600342e-01 0.000000000000000000e+00
3.081367187500000000e+02 -7.131223678588867188e+00 7.685623168945312500e-01 0.000000000000000000e+00
3.201015625000000000e+02 -9.859379768371582031e+00 3.586294054985046387e-01 0.000000000000000000e+00
3.240000000000000000e+02 -9.099050521850585938e+00 3.883684799075126648e-02 0.000000000000000000e+00
3.261054687500000000e+02 -9.508092880249023438e+00 1.187636405229568481e-01 0.000000000000000000e+00
3.319804687500000000e+02 -1.038462162017822266e+01 3.215913474559783936e-01 0.000000000000000000e+00
3.359687500000000000e+02 -1.103582763671875000e+01 3.193295896053314209e-01 0.000000000000000000e+00
3.479218750000000000e+02 -9.086581230163574219e+00 5.291836857795715332e-01 0.000000000000000000e+00
3.510156250000000000e+02 -9.000282287597656250e+00 7.467988133430480957e-02 0.000000000000000000e+00
3.589062500000000000e+02 -1.031061363220214844e+01 2.839909195899963379e-01 0.000000000000000000e+00
3.718671875000000000e+02 -1.034112644195556641e+01 7.664158940315246582e-02 0.000000000000000000e+00
3.748750000000000000e+02 -1.013566589355468750e+01 3.515751361846923828e-01 0.000000000000000000e+00
3.838945312500000000e+02 -9.954900741577148438e+00 1.762545406818389893e-01 0.000000000000000000e+00
3.918984375000000000e+02 -9.854998588562011719e+00 3.035406470298767090e-01 0.000000000000000000e+00
3.989570312500000000e+02 -1.183003139495849609e+01 6.420118212699890137e-01 0.000000000000000000e+00
4.049882812500000000e+02 -9.140909194946289062e+00 1.927129030227661133e-01 0.000000000000000000e+00
4.099140625000000000e+02 -6.324778079986572266e+00 5.793368220329284668e-01 0.000000000000000000e+00
4.169609375000000000e+02 -8.761638641357421875e+00 7.874857634305953979e-02 0.000000000000000000e+00
4.239726562500000000e+02 -8.588790893554687500e+00 4.629425406455993652e-01 0.000000000000000000e+00
4.328867187500000000e+02 -9.017411231994628906e+00 1.556774973869323730e-01 0.000000000000000000e+00
4.398984375000000000e+02 -8.564504623413085938e+00 1.231554523110389709e-01 0.000000000000000000e+00
4.479023437500000000e+02 -9.171920776367187500e+00 2.241881377995014191e-02 0.000000000000000000e+00
4.548750000000000000e+02 -7.786352157592773438e+00 6.799391508102416992e-01 0.000000000000000000e+00
6.471015625000000000e+02 -7.778868675231933594e+00 2.675062417984008789e-01 0.000000000000000000e+00
6.600664062500000000e+02 -8.107250213623046875e+00 5.769742727279663086e-01 0.000000000000000000e+00
6.720351562500000000e+02 -8.026412963867187500e+00 2.785122990608215332e-01 0.000000000000000000e+00
6.810117187500000000e+02 -7.162629604339599609e+00 2.199149876832962036e-01 0.000000000000000000e+00
6.879921875000000000e+02 -7.604145526885986328e+00 2.975666522979736328e-01 0.000000000000000000e+00
6.931914062500000000e+02 -7.676095962524414062e+00 4.423078000545501709e-01 0.000000000000000000e+00
6.999609375000000000e+02 -7.608820915222167969e+00 2.165341228246688843e-01 0.000000000000000000e+00
7.059414062500000000e+02 -7.321674823760986328e+00 1.419327706098556519e-01 0.000000000000000000e+00
7.129257812500000000e+02 -7.875267505645751953e+00 1.972593218088150024e-01 0.000000000000000000e+00
7.170429687500000000e+02 -7.138073921203613281e+00 5.920717120170593262e-02 0.000000000000000000e+00
7.298789062500000000e+02 -5.943417549133300781e+00 3.392794430255889893e-01 0.000000000000000000e+00
7.368945312500000000e+02 -6.210654258728027344e+00 1.822831183671951294e-01 0.000000000000000000e+00
7.439023437500000000e+02 -5.903897762298583984e+00 1.755081415176391602e-01 0.000000000000000000e+00
7.578789062500000000e+02 -5.791641235351562500e+00 2.635717093944549561e-01 0.000000000000000000e+00
7.618789062500000000e+02 -5.159023761749267578e+00 3.311626613140106201e-01 0.000000000000000000e+00
7.688828125000000000e+02 -3.064228534698486328e+00 1.924038529396057129e-01 0.000000000000000000e+00
7.708867187500000000e+02 -5.158170700073242188e+00 2.747871279716491699e-01 0.000000000000000000e+00
7.719804687500000000e+02 -5.220548152923583984e+00 2.175102829933166504e-01 0.000000000000000000e+00
7.749296875000000000e+02 -4.962727546691894531e+00 2.320573627948760986e-01 0.000000000000000000e+00
7.819296875000000000e+02 -3.809960365295410156e+00 5.990126729011535645e-01 0.000000000000000000e+00
7.869492187500000000e+02 -6.552115917205810547e+00 3.603354394435882568e-01 0.000000000000000000e+00
7.939335937500000000e+02 -4.926469326019287109e+00 1.295973062515258789e-01 0.000000000000000000e+00
8.009023437500000000e+02 -4.718602657318115234e+00 2.031296044588088989e-01 0.000000000000000000e+00
8.078945312500000000e+02 -6.252493381500244141e+00 3.298882246017456055e-01 0.000000000000000000e+00
1.005261718750000000e+03 -9.052731990814208984e-01 3.296686708927154541e-01 0.000000000000000000e+00
1.009109375000000000e+03 -5.461875438690185547e+00 5.189692974090576172e-01 0.000000000000000000e+00
1.014097656250000000e+03 -3.831091880798339844e+00 6.520230174064636230e-01 0.000000000000000000e+00
1.033210937500000000e+03 -2.468667268753051758e+00 3.902651071548461914e-01 0.000000000000000000e+00
1.035046875000000000e+03 -4.246214389801025391e+00 5.178652405738830566e-01 0.000000000000000000e+00
1.043054687500000000e+03 -2.560475111007690430e+00 4.420936107635498047e-01 0.000000000000000000e+00
1.054003906250000000e+03 -1.629022955894470215e+00 1.385004162788391113e+00 0.000000000000000000e+00
1.058125000000000000e+03 -4.445769786834716797e+00 5.836083889007568359e-01 0.000000000000000000e+00
1.062121093750000000e+03 -3.245368003845214844e+00 3.323937058448791504e-01 0.000000000000000000e+00
1.067949218750000000e+03 -3.081138372421264648e+00 5.447465777397155762e-01 0.000000000000000000e+00
1.072023437500000000e+03 -3.472538471221923828e+00 5.109878182411193848e-01 0.000000000000000000e+00
1.076121093750000000e+03 -3.309802532196044922e+00 7.228995561599731445e-01 0.000000000000000000e+00
1.081914062500000000e+03 -3.434073209762573242e+00 6.527943611145019531e-01 0.000000000000000000e+00
1.085902343750000000e+03 -3.354182958602905273e+00 5.232380032539367676e-01 0.000000000000000000e+00
1.095875000000000000e+03 -1.457416892051696777e+00 5.588408708572387695e-01 0.000000000000000000e+00
1.101058593750000000e+03 -2.881226301193237305e+00 3.550598621368408203e-01 0.000000000000000000e+00
1.112000000000000000e+03 -4.101861953735351562e+00 4.614088833332061768e-01 0.000000000000000000e+00
1.121894531250000000e+03 -3.359474420547485352e+00 1.777076423168182373e-01 0.000000000000000000e+00
1.128890625000000000e+03 -3.574627876281738281e+00 4.005639553070068359e-01 0.000000000000000000e+00
1.144886718750000000e+03 -4.036557197570800781e+00 3.462557792663574219e-01 0.000000000000000000e+00
1.151937500000000000e+03 -1.763615131378173828e+00 3.283574879169464111e-01 0.000000000000000000e+00
1.158890625000000000e+03 -3.112321853637695312e+00 3.876136541366577148e-01 0.000000000000000000e+00
1.183894531250000000e+03 -8.939393609762191772e-02 2.566433548927307129e-01 0.000000000000000000e+00
1.372253906250000000e+03 -7.867412090301513672e+00 1.400523632764816284e-01 0.000000000000000000e+00
1.382226562500000000e+03 -7.381692886352539062e+00 2.482014000415802002e-01 0.000000000000000000e+00
1.386085937500000000e+03 -6.815449714660644531e+00 3.037541210651397705e-01 0.000000000000000000e+00
1.390187500000000000e+03 -6.893308162689208984e+00 2.085393071174621582e-01 0.000000000000000000e+00
1.394074218750000000e+03 -6.102387905120849609e+00 3.642989099025726318e-01 0.000000000000000000e+00
1.400218750000000000e+03 -6.244538784027099609e+00 4.851063787937164307e-01 0.000000000000000000e+00
1.401203125000000000e+03 -6.594775676727294922e+00 1.102687954902648926e+00 0.000000000000000000e+00
1.410011718750000000e+03 -6.183380603790283203e+00 2.792362570762634277e-01 0.000000000000000000e+00
1.413105468750000000e+03 -5.834996700286865234e+00 3.354141116142272949e-01 0.000000000000000000e+00
1.414066406250000000e+03 -5.546531200408935547e+00 1.909646838903427124e-01 0.000000000000000000e+00
1.419164062500000000e+03 -5.791407108306884766e+00 1.132988259196281433e-01 0.000000000000000000e+00
1.421089843750000000e+03 -5.864509582519531250e+00 2.961005270481109619e-01 0.000000000000000000e+00
1.425941406250000000e+03 -4.299701690673828125e+00 5.978551506996154785e-01 0.000000000000000000e+00
1.427937500000000000e+03 -3.814396619796752930e+00 1.038025021553039551e+00 0.000000000000000000e+00
1.438035156250000000e+03 -3.808267116546630859e+00 5.345792770385742188e-01 0.000000000000000000e+00
1.442921875000000000e+03 -9.425439834594726562e-01 4.069956541061401367e-01 0.000000000000000000e+00
1.443921875000000000e+03 -1.265709280967712402e+00 4.430629312992095947e-01 0.000000000000000000e+00
1.450902343750000000e+03 -3.220263957977294922e+00 3.296250700950622559e-01 0.000000000000000000e+00
1.457898437500000000e+03 -2.430478811264038086e+00 5.828893184661865234e-01 0.000000000000000000e+00
1.465863281250000000e+03 -2.923599243164062500e+00 3.420485854148864746e-01 0.000000000000000000e+00
1.471015625000000000e+03 -3.006960868835449219e+00 1.184869781136512756e-01 0.000000000000000000e+00
1.474898437500000000e+03 -2.405811071395874023e+00 1.564174741506576538e-01 0.000000000000000000e+00
1.478894531250000000e+03 -2.271465778350830078e+00 1.570650488138198853e-01 0.000000000000000000e+00
1.484875000000000000e+03 -2.986996412277221680e+00 4.116078913211822510e-01 0.000000000000000000e+00
1.495945312500000000e+03 -2.142691612243652344e+00 2.355805039405822754e-01 0.000000000000000000e+00
1.500890625000000000e+03 -1.312523365020751953e+00 7.244075834751129150e-02 0.000000000000000000e+00
1.506886718750000000e+03 -7.068001031875610352e-01 2.689991593360900879e-01 0.000000000000000000e+00
1.512894531250000000e+03 -1.808272242546081543e+00 1.481122225522994995e-01 0.000000000000000000e+00
1.529906250000000000e+03 -9.855102896690368652e-01 4.355385899543762207e-02 0.000000000000000000e+00
1.537894531250000000e+03 2.018221318721771240e-01 2.973337471485137939e-02 0.000000000000000000e+00
1.743132812500000000e+03 -2.505613863468170166e-01 1.639627665281295776e-01 0.000000000000000000e+00
1.747230468750000000e+03 1.201960444450378418e-01 1.741571933962404728e-03 0.000000000000000000e+00
1.751175781250000000e+03 3.579896986484527588e-01 1.007429808378219604e-01 0.000000000000000000e+00
1.752082031250000000e+03 4.020931720733642578e-01 1.944789886474609375e+00 0.000000000000000000e+00
1.765226562500000000e+03 4.588371813297271729e-01 3.964503407478332520e-01 0.000000000000000000e+00
1.772019531250000000e+03 -1.699951142072677612e-01 1.507505327463150024e-01 0.000000000000000000e+00
1.776011718750000000e+03 8.101138472557067871e-01 2.403896749019622803e-01 0.000000000000000000e+00
1.792964843750000000e+03 3.865773975849151611e-01 3.173878788948059082e-01 0.000000000000000000e+00
1.796968750000000000e+03 1.375404357910156250e+00 1.905601024627685547e-01 0.000000000000000000e+00
1.801156250000000000e+03 -2.205397933721542358e-01 6.687476485967636108e-02 0.000000000000000000e+00
1.808921875000000000e+03 -9.841462373733520508e-01 3.004343807697296143e-01 0.000000000000000000e+00
1.813910156250000000e+03 -2.055985689163208008e+00 6.404806375503540039e-01 0.000000000000000000e+00
1.820894531250000000e+03 6.238473951816558838e-02 2.131499648094177246e-01 0.000000000000000000e+00
1.827898437500000000e+03 -6.319045424461364746e-01 2.515626549720764160e-01 0.000000000000000000e+00
1.831980468750000000e+03 -1.278616547584533691e+00 2.816738188266754150e-01 0.000000000000000000e+00
1.832964843750000000e+03 8.673815429210662842e-02 8.330320939421653748e-03 0.000000000000000000e+00
1.836960937500000000e+03 -1.116723537445068359e+00 3.719913959503173828e-01 0.000000000000000000e+00
1.838906250000000000e+03 -9.174324870109558105e-01 2.530365288257598877e-01 0.000000000000000000e+00
1.848878906250000000e+03 -1.523262977600097656e+00 3.019118607044219971e-01 0.000000000000000000e+00
1.853894531250000000e+03 -6.307274699211120605e-01 1.053533032536506653e-01 0.000000000000000000e+00
1.857886718750000000e+03 -8.676184415817260742e-01 1.178949475288391113e-01 0.000000000000000000e+00
1.865886718750000000e+03 -7.609681487083435059e-01 1.809546947479248047e-01 0.000000000000000000e+00
1.869894531250000000e+03 -1.511849284172058105e+00 2.208550870418548584e-01 0.000000000000000000e+00
1.878929687500000000e+03 -8.307042717933654785e-01 2.624442875385284424e-01 0.000000000000000000e+00
1.885886718750000000e+03 -8.073558211326599121e-01 1.213658526539802551e-01 0.000000000000000000e+00
1.892882812500000000e+03 2.660522051155567169e-02 2.615390717983245850e-01 0.000000000000000000e+00
2.129113281250000000e+03 -2.818739414215087891e+00 4.060007631778717041e-01 0.000000000000000000e+00
2.158062500000000000e+03 -6.712425351142883301e-01 3.742383420467376709e-01 0.000000000000000000e+00
2.187996093750000000e+03 -1.080370426177978516e+00 3.351388871669769287e-01 0.000000000000000000e+00
2.208019531250000000e+03 -1.123351693153381348e+00 1.911437809467315674e-01 0.000000000000000000e+00
6.764335937500000000e+02 3.847520589828491211e+00 1.014842510223388672e+00 1.000000000000000000e+00
7.373867187500000000e+02 1.216019749641418457e+00 3.630174398422241211e-01 1.000000000000000000e+00
1.009562500000000000e+03 4.531401097774505615e-01 3.721056282520294189e-01 1.000000000000000000e+00
1.040410156250000000e+03 -6.332778185606002808e-02 5.332328677177429199e-01 1.000000000000000000e+00
1.042457031250000000e+03 -1.761390089988708496e+00 4.124739468097686768e-01 1.000000000000000000e+00
1.063386718750000000e+03 -1.580255688168108463e-03 5.796427130699157715e-01 1.000000000000000000e+00
1.065410156250000000e+03 -1.182933211326599121e+00 5.021789669990539551e-01 1.000000000000000000e+00
1.098359375000000000e+03 3.813128232955932617e+00 6.029914617538452148e-01 1.000000000000000000e+00
1.126394531250000000e+03 1.543982863426208496e+00 6.969127655029296875e-01 1.000000000000000000e+00
1.386585937500000000e+03 -3.854648470878601074e-01 4.671162962913513184e-01 1.000000000000000000e+00
1.414449218750000000e+03 -8.210524916648864746e-01 2.977889180183410645e-01 1.000000000000000000e+00
1.451468750000000000e+03 -7.099356055259704590e-01 5.677583813667297363e-01 1.000000000000000000e+00
1.476296875000000000e+03 9.000001847743988037e-02 2.653094530105590820e-01 1.000000000000000000e+00
1.506296875000000000e+03 -6.011125445365905762e-01 3.028770983219146729e-01 1.000000000000000000e+00
1.746515625000000000e+03 -5.290941596031188965e-01 8.476215004920959473e-01 1.000000000000000000e+00
1.748621093750000000e+03 -2.023710966110229492e+00 1.620451211929321289e+00 1.000000000000000000e+00
1.749472656250000000e+03 2.574591875076293945e+00 9.628996849060058594e-01 1.000000000000000000e+00
1.805410156250000000e+03 3.854549825191497803e-01 3.300392627716064453e-01 1.000000000000000000e+00
1.833343750000000000e+03 -6.291871517896652222e-02 2.524341046810150146e-01 1.000000000000000000e+00
1.867382812500000000e+03 2.333133518695831299e-01 3.021262288093566895e-01 1.000000000000000000e+00
2.156355468750000000e+03 -8.015486001968383789e-01 5.655314326286315918e-01 1.000000000000000000e+00
3.843945312500000000e+02 -6.527674794197082520e-01 2.465728950500488281e+01 2.000000000000000000e+00
6.764335937500000000e+02 2.282812744379043579e-01 1.042744636535644531e+01 2.000000000000000000e+00
1.041433593750000000e+03 4.045987129211425781e+00 3.221184158325195312e+01 2.000000000000000000e+00
1.098359375000000000e+03 3.445360898971557617e+00 2.976749420166015625e+01 2.000000000000000000e+00
2.156355468750000000e+03 -4.176887273788452148e-01 6.884217262268066406e+00 2.000000000000000000e+00
