1.607818298339843750e+02 1.598886966705322266e+00 5.505192756652832031e+00 -5.136718750000000000e+00 -8.244552612304687500e-01 6.646823287010192871e-01
1.573356628417968750e+02 1.220679998397827148e+00 4.887602329254150391e+00 -4.936220169067382812e+00 1.283760070800781250e-01 6.231304407119750977e-01
1.501474914550781250e+02 2.102932929992675781e+00 6.568785190582275391e+00 -4.157681465148925781e+00 2.735939025878906250e-01 6.840296983718872070e-01
5.220069580078125000e+02 2.739893436431884766e+00 7.905200958251953125e+00 1.366122055053710938e+01 9.952402114868164062e+00 4.923663735389709473e-01
1.383165435791015625e+02 1.507796764373779297e+00 5.364963054656982422e+00 -6.217384338378906250e-01 3.078205108642578125e+00 5.258296132087707520e-01
1.683410339355468750e+02 9.655845165252685547e-01 4.356150627136230469e+00 -3.773094177246093750e+00 4.930782318115234375e-01 6.478888392448425293e-01
1.694893646240234375e+02 1.104016065597534180e+00 4.814249992370605469e+00 -3.642200469970703125e+00 7.364692687988281250e-01 9.895895719528198242e-01
1.627266235351562500e+02 1.383302688598632812e+00 5.162262916564941406e+00 -8.561845779418945312e+00 -2.720132827758789062e+00 7.951169013977050781e-01
1.637940673828125000e+02 2.189549922943115234e+00 6.727927207946777344e+00 1.322047424316406250e+01 1.330535507202148438e+01 7.232183814048767090e-01
1.503830261230468750e+02 1.688421487808227539e+00 5.867542266845703125e+00 -2.104162216186523438e+00 6.853904724121093750e-01 3.662735521793365479e-01
1.819095001220703125e+02 1.078319072723388672e+00 4.604880332946777344e+00 -3.796642303466796875e+00 -2.864665985107421875e-01 6.649910211563110352e-01
1.618565368652343750e+02 1.884895801544189453e+00 6.215941429138183594e+00 -5.702246665954589844e+00 -5.203170776367187500e-01 7.126533985137939453e-01
1.467912292480468750e+02 1.525826930999755859e+00 5.681928634643554688e+00 -4.577965736389160156e+00 8.099441528320312500e-01 1.203600049018859863e+00
1.728435058593750000e+02 1.473606586456298828e+00 5.549813270568847656e+00 -2.439235687255859375e+00 1.837593078613281250e+00 5.559843778610229492e-01
1.602846221923828125e+02 1.584616184234619141e+00 5.573396682739257812e+00 -7.171873092651367188e+00 -1.170988082885742188e+00 5.530916452407836914e-01
1.621235351562500000e+02 1.538420200347900391e+00 5.650732040405273438e+00 -5.583160400390625000e+00 -9.012012481689453125e-01 6.943553090095520020e-01
1.613732910156250000e+02 1.386853694915771484e+00 5.087758064270019531e+00 -4.192312240600585938e+00 4.756851196289062500e-01 7.438516020774841309e-01
1.571059722900390625e+02 1.230731487274169922e+00 4.799431800842285156e+00 -4.824851989746093750e+00 6.278610229492187500e-01 6.771451234817504883e-01
1.755210723876953125e+02 1.707927227020263672e+00 5.643091678619384766e+00 -7.943116188049316406e+00 -2.895368576049804688e+00 7.744779586791992188e-01
1.637623748779296875e+02 1.011083602905273438e+00 4.404215812683105469e+00 -5.256281852722167969e+00 -5.759601593017578125e-01 6.807619333267211914e-01
1.525001831054687500e+02 1.233753204345703125e+00 4.816051006317138672e+00 -5.674557685852050781e+00 5.530529022216796875e-01 1.233676433563232422e+00
1.593242034912109375e+02 1.195807933807373047e+00 5.006023406982421875e+00 -3.397697448730468750e+00 7.801170349121093750e-01 7.053934335708618164e-01
1.439048461914062500e+02 1.355703830718994141e+00 5.176285743713378906e+00 -3.978845596313476562e+00 1.532459259033203125e-01 5.176063776016235352e-01
1.591866149902343750e+02 1.278547763824462891e+00 4.945963382720947266e+00 -3.623760223388671875e+00 -1.573295593261718750e-01 7.646572589874267578e-01
1.674173431396484375e+02 1.437764406204223633e+00 5.250099182128906250e+00 -4.165622711181640625e+00 3.067817687988281250e-01 1.216096043586730957e+00
1.475949401855468750e+02 1.116374492645263672e+00 4.680234909057617188e+00 -4.687651634216308594e+00 2.565574645996093750e-01 5.950791835784912109e-01
1.466900634765625000e+02 1.190333127975463867e+00 4.814414978027343750e+00 -4.834531784057617188e+00 4.129791259765625000e-02 6.315134763717651367e-01
1.577039489746093750e+02 1.125790596008300781e+00 4.912755966186523438e+00 -4.326498031616210938e+00 3.171958923339843750e-01 4.551253914833068848e-01
1.467133026123046875e+02 1.839004516601562500e+00 6.113983154296875000e+00 -8.443716049194335938e+00 -2.226373672485351562e+00 6.743873357772827148e-01
1.672024688720703125e+02 1.298976182937622070e+00 5.311244964599609375e+00 -6.799509048461914062e+00 -1.113191604614257812e+00 5.345935821533203125e-01
1.545117797851562500e+02 1.200136423110961914e+00 4.984026908874511719e+00 -4.848442077636718750e+00 -4.508380889892578125e-01 6.881239414215087891e-01
1.597186279296875000e+02 1.137514591217041016e+00 4.598566055297851562e+00 -5.339231491088867188e+00 -6.851940155029296875e-01 7.002515196800231934e-01
1.526229248046875000e+02 1.115028142929077148e+00 4.513447284698486328e+00 -4.096351623535156250e+00 9.220237731933593750e-01 7.906605005264282227e-01
1.458386077880859375e+02 1.183796882629394531e+00 5.207314491271972656e+00 -3.911489486694335938e+00 4.700450897216796875e-01 7.372425794601440430e-01
1.639443359375000000e+02 1.356923341751098633e+00 5.121095657348632812e+00 -1.832983016967773438e+00 1.778419494628906250e+00 4.830074906349182129e-01
1.621825408935546875e+02 1.173699855804443359e+00 4.773412704467773438e+00 -5.250206947326660156e+00 2.826461791992187500e-01 9.879143238067626953e-01
1.474726867675781250e+02 1.870113611221313477e+00 6.185949325561523438e+00 -3.656137466430664062e+00 4.018173217773437500e-01 3.901700973510742188e-01
1.498138427734375000e+02 1.217630863189697266e+00 4.659193515777587891e+00 -4.880607604980468750e+00 -4.976501464843750000e-01 8.161339163780212402e-01
1.563041534423828125e+02 2.692721366882324219e+00 8.129264831542968750e+00 1.482524490356445312e+01 1.412463378906250000e+01 7.336754202842712402e-01
1.756725921630859375e+02 1.346150398254394531e+00 5.051151275634765625e+00 -3.128076553344726562e+00 -6.284332275390625000e-02 6.572440862655639648e-01
1.597920227050781250e+02 1.114671707153320312e+00 4.714270591735839844e+00 -4.809154510498046875e+00 -9.249267578125000000e-01 8.175221085548400879e-01
1.412002258300781250e+02 1.462818145751953125e+00 5.162907123565673828e+00 -3.046228408813476562e+00 9.800052642822265625e-01 4.854554533958435059e-01
1.406602783203125000e+02 1.418290853500366211e+00 5.078587055206298828e+00 -5.227752685546875000e+00 -1.930656433105468750e-01 6.201725006103515625e-01
1.625988616943359375e+02 1.141389369964599609e+00 5.118603229522705078e+00 -5.273323059082031250e+00 -9.081172943115234375e-01 6.394589543342590332e-01
1.405320587158203125e+02 1.599017143249511719e+00 5.231586456298828125e+00 -4.592721939086914062e+00 3.588485717773437500e-01 5.473116636276245117e-01
1.529735870361328125e+02 1.363545894622802734e+00 5.219972133636474609e+00 -4.472079277038574219e+00 -4.077682495117187500e-01 6.141222119331359863e-01
1.631221466064453125e+02 1.924252033233642578e+00 6.368393898010253906e+00 -3.225448608398437500e+00 5.055217742919921875e-01 6.759805083274841309e-01
1.555600891113281250e+02 1.830656051635742188e+00 5.902124881744384766e+00 -7.804080009460449219e+00 -1.772018432617187500e+00 7.394871711730957031e-01
1.445350646972656250e+02 1.152774810791015625e+00 4.859885215759277344e+00 -5.040298461914062500e+00 -1.200027465820312500e-01 5.645452737808227539e-01
1.571229858398437500e+02 1.802516460418701172e+00 6.141056060791015625e+00 -7.551041603088378906e+00 -2.095338821411132812e+00 6.955785751342773438e-01
1.464223937988281250e+02 1.163749694824218750e+00 4.606643676757812500e+00 -4.588550567626953125e+00 6.906700134277343750e-02 5.351620316505432129e-01
1.535529785156250000e+02 1.552859306335449219e+00 5.474933624267578125e+00 -8.888429641723632812e+00 -3.066846847534179688e+00 5.532773733139038086e-01
1.459606475830078125e+02 1.527599811553955078e+00 5.261832714080810547e+00 -2.324649810791015625e+00 8.964252471923828125e-01 4.978948831558227539e-01
1.444702453613281250e+02 1.654242277145385742e+00 5.629178524017333984e+00 -2.101701736450195312e+00 1.257465362548828125e+00 6.412674188613891602e-01
1.686755371093750000e+02 1.318393230438232422e+00 4.668747425079345703e+00 -5.011912345886230469e+00 -1.429958343505859375e-01 6.143079996109008789e-01
1.727071685791015625e+02 1.339895248413085938e+00 4.813900947570800781e+00 -4.102295875549316406e+00 8.413505554199218750e-02 4.027566313743591309e-01
1.782805328369140625e+02 3.136254787445068359e+00 8.651840209960937500e+00 1.055560874938964844e+01 7.812755584716796875e+00 4.946825206279754639e-01
1.505129852294921875e+02 1.355591297149658203e+00 5.337697029113769531e+00 -4.859298706054687500e+00 3.792457580566406250e-01 8.195021748542785645e-01
1.597498779296875000e+02 1.760728359222412109e+00 5.955802917480468750e+00 -7.259578704833984375e+00 -1.211946487426757812e+00 4.328592419624328613e-01
1.438362884521484375e+02 1.355186700820922852e+00 5.143229961395263672e+00 -5.522602081298828125e+00 -8.619499206542968750e-02 5.339580178260803223e-01
1.583497924804687500e+02 1.386936664581298828e+00 5.141670227050781250e+00 -4.625691413879394531e+00 1.670482635498046875e+00 8.709818720817565918e-01
1.431157073974609375e+02 1.186529636383056641e+00 4.746169090270996094e+00 -5.345435142517089844e+00 4.938507080078125000e-02 7.291623353958129883e-01
1.408373413085937500e+02 1.486141681671142578e+00 5.302381038665771484e+00 -6.385173797607421875e+00 -6.750087738037109375e-01 4.979135096073150635e-01
1.605282897949218750e+02 1.668259620666503906e+00 5.867011070251464844e+00 -3.391347885131835938e+00 8.511123657226562500e-01 4.614976644515991211e-01
1.788243103027343750e+02 1.967730998992919922e+00 6.574015617370605469e+00 -2.797546386718750000e-01 1.923175811767578125e+00 7.332006692886352539e-01
1.638546295166015625e+02 1.428655624389648438e+00 5.409491062164306641e+00 -4.171666145324707031e+00 3.341217041015625000e-01 6.443191766738891602e-01
1.464647674560546875e+02 2.576546669006347656e+00 7.682488918304443359e+00 1.192111778259277344e+01 9.370059967041015625e+00 5.689298510551452637e-01
1.398351135253906250e+02 1.193179845809936523e+00 4.728908538818359375e+00 -2.107215881347656250e+00 2.016368865966796875e+00 7.327920794486999512e-01
1.533446960449218750e+02 1.170589208602905273e+00 4.827793121337890625e+00 -5.201240539550781250e+00 -4.449062347412109375e-01 4.109002649784088135e-01
1.667078399658203125e+02 2.147161483764648438e+00 6.853680610656738281e+00 5.105010986328125000e+00 6.181238174438476562e+00 7.369000911712646484e-01
1.517922668457031250e+02 1.265968799591064453e+00 4.869580268859863281e+00 -4.835758209228515625e+00 -1.569732666015625000e+00 5.511944293975830078e-01
1.368018798828125000e+02 1.595635890960693359e+00 5.465890884399414062e+00 -1.198360061645507812e+01 -1.955432891845703125e+00 3.172081112861633301e-01
1.547710418701171875e+02 1.628211498260498047e+00 5.885640144348144531e+00 -6.017613410949707031e+00 -8.379745483398437500e-02 7.389237880706787109e-01
1.822623291015625000e+02 1.636780738830566406e+00 5.795040607452392578e+00 -5.845185279846191406e+00 -1.254116058349609375e+00 6.200559139251708984e-01
1.534566802978515625e+02 1.671585083007812500e+00 5.949332237243652344e+00 -2.213590621948242188e+00 1.377647399902343750e+00 6.916033625602722168e-01
1.701240997314453125e+02 1.372432947158813477e+00 5.342442512512207031e+00 -5.492246627807617188e+00 -2.392826080322265625e-01 9.220474362373352051e-01
1.646542968750000000e+02 1.455180644989013672e+00 5.242788314819335938e+00 -2.018041610717773438e+00 1.710136413574218750e+00 4.155763387680053711e-01
1.529146423339843750e+02 1.248194217681884766e+00 4.722640037536621094e+00 -5.180347442626953125e+00 1.430597305297851562e+00 7.120393514633178711e-01
1.426676330566406250e+02 1.761081695556640625e+00 6.064103603363037109e+00 -7.899444580078125000e+00 -1.466096878051757812e+00 4.960858225822448730e-01
1.779267272949218750e+02 1.354848384857177734e+00 5.110494136810302734e+00 -5.779893875122070312e+00 -1.308830261230468750e+00 7.160993814468383789e-01
1.706902313232421875e+02 1.314452648162841797e+00 4.834685802459716797e+00 -4.716635704040527344e+00 -2.115345001220703125e-01 6.431079506874084473e-01
1.439591217041015625e+02 1.566580295562744141e+00 5.528363704681396484e+00 -5.360035896301269531e+00 -5.291538238525390625e-01 6.460807323455810547e-01
1.705699157714843750e+02 1.493393421173095703e+00 5.491871833801269531e+00 -4.416485786437988281e+00 -2.899150848388671875e-01 9.284490942955017090e-01
1.528343811035156250e+02 1.299355983734130859e+00 4.983705520629882812e+00 -3.550031661987304688e+00 7.171554565429687500e-01 6.963385343551635742e-01
1.601576995849609375e+02 1.679307937622070312e+00 5.510160923004150391e+00 -4.199949264526367188e+00 5.603485107421875000e-01 7.152119874954223633e-01
1.583262634277343750e+02 1.189581871032714844e+00 4.915234565734863281e+00 -4.829866409301757812e+00 5.642528533935546875e-01 8.315371274948120117e-01
1.545457916259765625e+02 9.331321716308593750e-01 4.557167053222656250e+00 -6.622513771057128906e+00 -9.916305541992187500e-01 7.111895084381103516e-01
1.598652648925781250e+02 1.615866661071777344e+00 5.391833305358886719e+00 -6.000385284423828125e+00 -7.689857482910156250e-02 5.035725831985473633e-01
1.535741424560546875e+02 1.126964092254638672e+00 4.472464561462402344e+00 -4.265271186828613281e+00 -5.539417266845703125e-01 6.114164590835571289e-01
1.465916442871093750e+02 1.393016815185546875e+00 4.804634094238281250e+00 -4.863683700561523438e+00 -2.601718902587890625e-01 4.206706583499908447e-01
1.491845703125000000e+02 1.742960453033447266e+00 5.765279769897460938e+00 -4.163520812988281250e+00 6.059341430664062500e-01 5.434653162956237793e-01
1.764088592529296875e+02 1.174684762954711914e+00 4.900890827178955078e+00 -5.159897804260253906e+00 -7.705707550048828125e-01 7.241040468215942383e-01
1.449930114746093750e+02 1.120618820190429688e+00 4.288061618804931641e+00 -3.162347793579101562e+00 5.244541168212890625e-01 4.348297119140625000e-01
1.583551025390625000e+02 1.431640148162841797e+00 5.486131668090820312e+00 -5.964410781860351562e+00 -9.021587371826171875e-01 4.731170535087585449e-01
1.646325073242187500e+02 1.097122669219970703e+00 4.706709861755371094e+00 -4.863282203674316406e+00 -7.092857360839843750e-02 4.745277166366577148e-01
1.610576019287109375e+02 1.678495883941650391e+00 5.708656787872314453e+00 -5.046989440917968750e+00 -1.261632919311523438e+00 6.726981401443481445e-01
1.713742065429687500e+02 1.094598293304443359e+00 4.630147457122802734e+00 -3.648571014404296875e+00 4.643516540527343750e-01 4.635930359363555908e-01
1.683323211669921875e+02 1.264331340789794922e+00 4.855924606323242188e+00 -3.367116928100585938e+00 -9.082031250000000000e-02 6.238593459129333496e-01
1.318032379150390625e+02 1.745192050933837891e+00 5.896077632904052734e+00 -4.956179618835449219e+00 -1.499252319335937500e-01 4.209029972553253174e-01
1.475824432373046875e+02 1.833759307861328125e+00 6.200851440429687500e+00 -3.265922546386718750e+00 1.100143432617187500e+00 7.969650030136108398e-01
1.497412719726562500e+02 1.061923503875732422e+00 4.732426643371582031e+00 -3.071655273437500000e+00 8.405532836914062500e-01 5.861078500747680664e-01
1.406263427734375000e+02 1.977114677429199219e+00 6.239074707031250000e+00 -5.054898262023925781e+00 -2.302932739257812500e-02 4.782201349735260010e-01
1.867423706054687500e+02 1.207939147949218750e+00 4.578040122985839844e+00 -5.606960296630859375e+00 -3.524093627929687500e-01 5.741097927093505859e-01
1.725325622558593750e+02 1.249455928802490234e+00 4.908022880554199219e+00 -7.490444183349609375e+00 -7.900829315185546875e-01 6.011922955513000488e-01
1.593489837646484375e+02 1.302954673767089844e+00 4.778974056243896484e+00 -3.219612121582031250e+00 1.372528076171875000e-02 5.473791956901550293e-01
1.381636505126953125e+02 1.317987680435180664e+00 5.152831554412841797e+00 -6.704713821411132812e+00 -1.046279907226562500e+00 4.631850421428680420e-01
1.750947265625000000e+02 1.499990940093994141e+00 5.580355644226074219e+00 -4.755706787109375000e+00 -9.861431121826171875e-01 5.898337960243225098e-01
1.481269226074218750e+02 1.540499448776245117e+00 5.543199539184570312e+00 -4.795652389526367188e+00 5.412197113037109375e-01 8.541330695152282715e-01
1.521217956542968750e+02 1.033260345458984375e+00 4.683754920959472656e+00 -4.361501693725585938e+00 2.383270263671875000e-01 6.091115474700927734e-01
1.670385437011718750e+02 1.656290054321289062e+00 5.899182796478271484e+00 -3.550083160400390625e+00 9.202384948730468750e-01 5.910090208053588867e-01
1.564007568359375000e+02 1.376693010330200195e+00 5.328753948211669922e+00 -5.813964843750000000e+00 -2.585929870605468750e+00 8.483641147613525391e-01
1.668490447998046875e+02 1.294915199279785156e+00 4.807894229888916016e+00 -5.923803329467773438e+00 -8.240814208984375000e-01 6.473898291587829590e-01
1.543577728271484375e+02 2.158466339111328125e+00 6.847006797790527344e+00 -1.290403366088867188e+00 2.436252593994140625e+00 7.059321403503417969e-01
1.534463958740234375e+02 2.072882175445556641e+00 6.389575004577636719e+00 -1.000108909606933594e+01 -2.381364822387695312e+00 4.566985070705413818e-01
1.483107910156250000e+02 1.178533077239990234e+00 4.678561687469482422e+00 -4.636851310729980469e+00 5.989570617675781250e-01 6.032254695892333984e-01
1.501331939697265625e+02 1.322121620178222656e+00 5.226993083953857422e+00 -3.873947143554687500e+00 -1.058521270751953125e-01 6.158289909362792969e-01
1.878761596679687500e+02 1.529215812683105469e+00 5.161550521850585938e+00 -5.183610916137695312e+00 -1.335573196411132812e+00 6.156077980995178223e-01
1.765776214599609375e+02 1.609447956085205078e+00 5.433365821838378906e+00 -3.389488220214843750e+00 2.108554840087890625e-01 4.085183739662170410e-01
1.566066131591796875e+02 1.294763565063476562e+00 4.960008621215820312e+00 -3.758594512939453125e+00 4.849700927734375000e-01 5.248880386352539062e-01
1.831631469726562500e+02 1.382302284240722656e+00 5.270544528961181641e+00 -6.091230392456054688e+00 -8.926601409912109375e-01 7.717651128768920898e-01
5.223507080078125000e+02 1.103073120117187500e+00 4.436032772064208984e+00 -4.392596244812011719e+00 1.326339721679687500e+00 6.372447013854980469e-01
1.527113494873046875e+02 1.577094793319702148e+00 5.632814884185791016e+00 -5.783374786376953125e+00 -1.102325439453125000e+00 6.267960071563720703e-01
1.564954833984375000e+02 1.750424146652221680e+00 5.997915267944335938e+00 -3.846984863281250000e+00 3.177375793457031250e-01 7.149735093116760254e-01
1.680920562744140625e+02 3.163912296295166016e+00 8.874178886413574219e+00 1.063593101501464844e+01 9.477796554565429688e+00 6.186110973358154297e-01
1.461651153564453125e+02 1.281903266906738281e+00 4.716070175170898438e+00 -5.173091888427734375e+00 -4.383678436279296875e-01 5.743904709815979004e-01
1.615981597900390625e+02 1.230050563812255859e+00 4.874165534973144531e+00 -5.385763168334960938e+00 -3.560905456542968750e-01 7.650482654571533203e-01
1.666110687255859375e+02 1.904948234558105469e+00 6.139166355133056641e+00 -5.899879455566406250e+00 -5.044918060302734375e-01 3.903491497039794922e-01
1.441503143310546875e+02 1.349017143249511719e+00 5.027503967285156250e+00 -7.530383110046386719e+00 -2.535865783691406250e+00 6.334865689277648926e-01
1.448983306884765625e+02 1.456949710845947266e+00 5.356942653656005859e+00 -6.440335273742675781e+00 -8.483123779296875000e-02 3.904226124286651611e-01
1.485648803710937500e+02 1.071762323379516602e+00 4.700908660888671875e+00 -4.071456909179687500e+00 -1.089855194091796875e+00 6.548221111297607422e-01
1.662236480712890625e+02 1.665812015533447266e+00 6.083113193511962891e+00 -3.254756927490234375e+00 -6.237030029296875000e-03 7.695274949073791504e-01
1.462537841796875000e+02 1.399710178375244141e+00 5.450453758239746094e+00 -5.897150039672851562e+00 -7.475814819335937500e-01 5.045850276947021484e-01
1.599435577392578125e+02 1.880614280700683594e+00 6.305878639221191406e+00 -6.851316452026367188e+00 -1.512199401855468750e+00 7.782371044158935547e-01
1.658819274902343750e+02 1.797683238983154297e+00 6.189731597900390625e+00 -8.589582443237304688e+00 -1.382221221923828125e+00 5.017521977424621582e-01
1.416462707519531250e+02 1.082090377807617188e+00 4.245588302612304688e+00 -5.708219528198242188e+00 -3.834915161132812500e-02 4.535483121871948242e-01
1.487197113037109375e+02 1.482343673706054688e+00 5.219771385192871094e+00 -3.736911773681640625e+00 6.909446716308593750e-01 5.601067543029785156e-01
1.523398284912109375e+02 1.469686269760131836e+00 5.309937953948974609e+00 -5.887786865234375000e+00 -4.022083282470703125e-01 6.478178501129150391e-01
1.475479431152343750e+02 1.142637729644775391e+00 4.682714939117431641e+00 -5.110408782958984375e+00 -1.378040313720703125e-01 5.454156994819641113e-01
1.477898559570312500e+02 1.358774185180664062e+00 5.413544178009033203e+00 -6.644358634948730469e+00 -1.488252639770507812e+00 6.992595195770263672e-01
1.440765075683593750e+02 2.003702163696289062e+00 6.474846839904785156e+00 -9.129853248596191406e+00 -3.225231170654296875e+00 6.403344869613647461e-01
1.571711730957031250e+02 1.013445854187011719e+00 4.515887260437011719e+00 -4.830981254577636719e+00 1.576900482177734375e-01 3.798862993717193604e-01
1.445976562500000000e+02 1.546818256378173828e+00 5.348903656005859375e+00 -3.911586761474609375e+00 5.086231231689453125e-01 5.073027610778808594e-01
1.713432769775390625e+02 1.479938507080078125e+00 5.282863140106201172e+00 -5.117704391479492188e+00 -1.848754882812500000e+00 7.701143622398376465e-01
1.556452331542968750e+02 1.238858222961425781e+00 4.922286987304687500e+00 -3.652233123779296875e+00 -2.346229553222656250e-02 7.825016975402832031e-01
1.591557464599609375e+02 1.180076599121093750e+00 4.274340629577636719e+00 -4.004902839660644531e+00 -1.273345947265625000e-02 8.205821514129638672e-01
1.610478515625000000e+02 1.266010761260986328e+00 4.834954261779785156e+00 -4.462018966674804688e+00 7.850112915039062500e-01 8.869680762290954590e-01
1.698832702636718750e+02 1.351303100585937500e+00 4.873888015747070312e+00 -4.444795608520507812e+00 -4.432792663574218750e-01 3.886169493198394775e-01
1.716414489746093750e+02 1.781825065612792969e+00 6.110393524169921875e+00 -1.346876144409179688e+00 1.200702667236328125e+00 3.713321983814239502e-01
1.551334075927734375e+02 1.609144687652587891e+00 5.539586544036865234e+00 -1.319854736328125000e+00 1.745794296264648438e+00 5.192455053329467773e-01
1.491940917968750000e+02 1.210038661956787109e+00 4.804224014282226562e+00 -4.742588996887207031e+00 -6.937217712402343750e-01 8.703527450561523438e-01
1.574167785644531250e+02 1.213321208953857422e+00 4.784245967864990234e+00 -3.974306106567382812e+00 4.983978271484375000e-01 3.366948366165161133e-01
1.669331512451171875e+02 1.181877374649047852e+00 4.977402687072753906e+00 -3.477787017822265625e+00 4.130153656005859375e-01 8.108222484588623047e-01
1.392369689941406250e+02 1.270166873931884766e+00 4.951238632202148438e+00 -5.610743522644042969e+00 -1.131286621093750000e-01 6.665629744529724121e-01
1.829221496582031250e+02 1.373743534088134766e+00 5.372742652893066406e+00 -7.319931030273437500e+00 -2.965824127197265625e+00 8.152240514755249023e-01
1.652628784179687500e+02 1.155142545700073242e+00 4.942024230957031250e+00 -4.923926353454589844e+00 4.495124816894531250e-01 6.116791367530822754e-01
1.571968994140625000e+02 1.206672191619873047e+00 5.145053386688232422e+00 -3.753955841064453125e+00 1.729698181152343750e-01 5.798050165176391602e-01
1.491443023681640625e+02 1.325044631958007812e+00 4.972430229187011719e+00 -3.747634887695312500e+00 -4.226646423339843750e-01 5.513457059860229492e-01
1.443554077148437500e+02 1.385860443115234375e+00 5.267321109771728516e+00 -1.425693511962890625e+00 1.291938781738281250e+00 4.308351278305053711e-01
1.583360137939453125e+02 1.263794422149658203e+00 5.350908279418945312e+00 -4.322282791137695312e+00 1.679481506347656250e+00 1.130799293518066406e+00
1.777712402343750000e+02 1.083480358123779297e+00 4.782987594604492188e+00 -4.557912826538085938e+00 -1.256692886352539062e+00 6.425457596778869629e-01
1.610047760009765625e+02 1.668819904327392578e+00 5.802535057067871094e+00 -4.571075439453125000e+00 -2.535552978515625000e-01 7.613317966461181641e-01
1.570776519775390625e+02 1.212497711181640625e+00 4.936640262603759766e+00 -4.195946693420410156e+00 8.390598297119140625e-01 7.089114189147949219e-01
1.535000305175781250e+02 2.610108852386474609e+00 7.424437522888183594e+00 -1.283168792724609375e+00 1.860031127929687500e+00 6.740605831146240234e-01
1.777025909423828125e+02 1.118080139160156250e+00 4.628041744232177734e+00 -4.509008407592773438e+00 3.908271789550781250e-01 9.863966107368469238e-01
1.534882965087890625e+02 1.211058616638183594e+00 5.195674896240234375e+00 -5.071521759033203125e+00 -8.194351196289062500e-01 7.400748133659362793e-01
1.454614562988281250e+02 1.587013721466064453e+00 5.634655952453613281e+00 -3.389045715332031250e+00 2.596778869628906250e-01 7.129669785499572754e-01
1.607856445312500000e+02 1.328743457794189453e+00 5.162264347076416016e+00 -3.659875869750976562e+00 9.607334136962890625e-01 6.033751368522644043e-01
1.498002014160156250e+02 1.584203720092773438e+00 5.515246868133544922e+00 -4.822534561157226562e+00 -3.777599334716796875e-01 5.410135388374328613e-01
1.477906646728515625e+02 1.534198760986328125e+00 5.672351360321044922e+00 -6.471704483032226562e+00 -1.905233383178710938e+00 7.484775185585021973e-01
1.546511230468750000e+02 1.368903875350952148e+00 5.346662521362304688e+00 -4.627687454223632812e+00 6.309089660644531250e-01 7.995477318763732910e-01
1.740536041259765625e+02 9.767761230468750000e-01 4.403315067291259766e+00 -4.661243438720703125e+00 5.762023925781250000e-01 8.320773243904113770e-01
1.542830352783203125e+02 1.533344745635986328e+00 5.562849521636962891e+00 -5.825698852539062500e+00 -3.894596099853515625e-01 1.045126795768737793e+00
1.514434356689453125e+02 1.704010963439941406e+00 6.169600009918212891e+00 -5.115813255310058594e+00 -9.140701293945312500e-01 9.358907938003540039e-01
1.582706146240234375e+02 1.505700111389160156e+00 5.399347782135009766e+00 -4.721532821655273438e+00 9.661769866943359375e-01 5.540692210197448730e-01
1.549177551269531250e+02 1.398709774017333984e+00 5.273124694824218750e+00 -6.895608901977539062e+00 -5.656318664550781250e-01 9.092181324958801270e-01
1.560131835937500000e+02 1.598404407501220703e+00 5.688848495483398438e+00 4.571037292480468750e-01 1.445615768432617188e+00 4.608749151229858398e-01
1.650162048339843750e+02 1.501052379608154297e+00 5.385971546173095703e+00 -3.469877243041992188e+00 1.831722259521484375e-01 6.815928220748901367e-01
1.592740478515625000e+02 1.438609600067138672e+00 5.275194644927978516e+00 -5.024171829223632812e+00 -1.418197631835937500e+00 7.110583782196044922e-01
1.511259307861328125e+02 1.415618896484375000e+00 5.147399902343750000e+00 -2.771825790405273438e+00 4.819011688232421875e-01 7.185989618301391602e-01
1.656479797363281250e+02 1.486198902130126953e+00 5.292034626007080078e+00 -5.863149642944335938e+00 -1.065292358398437500e-01 4.793027639389038086e-01
1.677885437011718750e+02 1.240051269531250000e+00 5.163405418395996094e+00 -6.110416412353515625e+00 -7.069892883300781250e-01 4.392295777797698975e-01
1.495921325683593750e+02 1.442194938659667969e+00 5.221273422241210938e+00 -3.750205993652343750e+00 7.364006042480468750e-01 3.419547080993652344e-01
1.421943969726562500e+02 1.290504455566406250e+00 5.259206295013427734e+00 -3.900123596191406250e+00 5.223369598388671875e-01 8.145225644111633301e-01
1.586325225830078125e+02 1.548666000366210938e+00 5.486714363098144531e+00 -2.232616424560546875e+00 4.627246856689453125e-01 3.961655199527740479e-01
1.716624298095703125e+02 1.341562747955322266e+00 5.207823276519775391e+00 -2.327894210815429688e+00 8.305816650390625000e-01 5.723278522491455078e-01
1.405287017822265625e+02 1.414406299591064453e+00 5.165546417236328125e+00 -6.547357559204101562e+00 -7.331867218017578125e-01 4.282763600349426270e-01
1.515303192138671875e+02 1.232741355895996094e+00 4.854959487915039062e+00 -3.779548645019531250e+00 1.155879974365234375e+00 6.629815697669982910e-01
1.503749389648437500e+02 1.577321529388427734e+00 5.620841026306152344e+00 -4.707416534423828125e+00 -3.465881347656250000e-01 4.567784070968627930e-01
1.636237030029296875e+02 1.416365385055541992e+00 5.411174297332763672e+00 -3.683351516723632812e+00 7.951946258544921875e-01 1.072607994079589844e+00
1.601614379882812500e+02 1.356275558471679688e+00 4.961362838745117188e+00 -4.970482826232910156e+00 -1.383834838867187500e+00 7.170853018760681152e-01
1.467744750976562500e+02 3.740620613098144531e+00 9.607864379882812500e+00 1.646698760986328125e+01 9.454900741577148438e+00 4.371923804283142090e-01
1.681136322021484375e+02 1.201519727706909180e+00 4.836157321929931641e+00 -5.855473518371582031e+00 -1.347854614257812500e+00 9.909948110580444336e-01
1.666747589111328125e+02 1.223827838897705078e+00 4.848034858703613281e+00 -3.396070480346679688e+00 2.126502990722656250e-02 6.788256168365478516e-01
1.545274047851562500e+02 1.195698738098144531e+00 4.583499908447265625e+00 -3.721563339233398438e+00 7.200603485107421875e-01 8.213286399841308594e-01
1.418365173339843750e+02 1.440170288085937500e+00 5.323597431182861328e+00 -7.688081741333007812e+00 -1.833009719848632812e+00 5.532867908477783203e-01
1.617931365966796875e+02 1.449056863784790039e+00 5.416770458221435547e+00 -5.972517967224121094e+00 -6.744766235351562500e-01 7.354882359504699707e-01
1.672178649902343750e+02 1.647615909576416016e+00 5.849046707153320312e+00 -9.345399856567382812e+00 -2.838788986206054688e+00 7.105433940887451172e-01
1.531089782714843750e+02 1.275050878524780273e+00 4.977627277374267578e+00 -4.021271705627441406e+00 2.209854125976562500e-02 6.943348050117492676e-01
1.621783752441406250e+02 2.379068374633789062e+00 7.120332241058349609e+00 3.340503692626953125e+00 8.213747024536132812e+00 9.911838769912719727e-01
1.666131591796875000e+02 1.006588935852050781e+00 4.429438591003417969e+00 -4.035097122192382812e+00 4.563312530517578125e-01 1.187937498092651367e+00
1.483645324707031250e+02 1.589267015457153320e+00 5.687015056610107422e+00 -5.123727798461914062e+00 -2.220420837402343750e-01 4.176390171051025391e-01
1.616489105224609375e+02 1.677445173263549805e+00 5.878050327301025391e+00 -9.149469375610351562e+00 -1.899858474731445312e+00 4.607961177825927734e-01
1.571128082275390625e+02 2.186835765838623047e+00 6.865930557250976562e+00 -4.792060852050781250e+00 -1.178956985473632812e+00 4.986684024333953857e-01
1.461464843750000000e+02 1.048287630081176758e+00 4.458862304687500000e+00 -5.787030220031738281e+00 1.313934326171875000e-01 6.957202553749084473e-01
1.494924011230468750e+02 1.631256818771362305e+00 5.523756980895996094e+00 -5.267888069152832031e+00 -3.472156524658203125e-01 5.473973751068115234e-01
1.602040710449218750e+02 1.525330543518066406e+00 5.583200454711914062e+00 -5.570606231689453125e+00 -3.306312561035156250e-01 4.240999817848205566e-01
1.628604583740234375e+02 1.663572072982788086e+00 6.049356460571289062e+00 -5.797986030578613281e+00 -1.846593856811523438e+00 9.899819493293762207e-01
1.587504577636718750e+02 1.041551113128662109e+00 4.703413963317871094e+00 -4.394533157348632812e+00 4.698715209960937500e-01 5.290396213531494141e-01
1.612742156982421875e+02 1.283479690551757812e+00 5.114484786987304688e+00 -5.009900093078613281e+00 -8.246459960937500000e-01 6.394681930541992188e-01
1.550534973144531250e+02 1.494525909423828125e+00 5.300794601440429688e+00 -4.308568954467773438e+00 2.590522766113281250e-01 1.321352005004882812e+00
1.590845336914062500e+02 1.329824447631835938e+00 5.318653106689453125e+00 -5.282120704650878906e+00 -1.090600967407226562e+00 6.561212539672851562e-01
1.551059417724609375e+02 3.342072486877441406e+00 9.274233818054199219e+00 7.198717117309570312e+00 9.946731567382812500e+00 8.325380086898803711e-01
1.634648132324218750e+02 1.322421550750732422e+00 5.168727397918701172e+00 -1.979976654052734375e+00 2.186519622802734375e+00 7.882426977157592773e-01
1.579411926269531250e+02 1.805478096008300781e+00 6.234468460083007812e+00 -4.236616134643554688e+00 -1.341648101806640625e-01 7.714703679084777832e-01
1.687060699462890625e+02 1.056166887283325195e+00 4.861586570739746094e+00 -5.152311325073242188e+00 -1.773750305175781250e+00 8.286049962043762207e-01
1.717561187744140625e+02 1.442946910858154297e+00 4.968895435333251953e+00 -5.377799034118652344e+00 -5.729103088378906250e-02 4.605625867843627930e-01
1.495076599121093750e+02 2.060105323791503906e+00 6.456041812896728516e+00 -8.004362106323242188e+00 -2.407787322998046875e+00 7.638894319534301758e-01
1.744583892822265625e+02 1.062758922576904297e+00 4.552927970886230469e+00 -5.036998748779296875e+00 -8.155784606933593750e-01 4.743549525737762451e-01
1.605220947265625000e+02 1.247928142547607422e+00 4.541042327880859375e+00 -5.414938926696777344e+00 -5.968666076660156250e-01 3.775872290134429932e-01
1.679200897216796875e+02 1.887530326843261719e+00 6.102823257446289062e+00 -8.019141197204589844e+00 -2.225185394287109375e+00 6.383010745048522949e-01
1.445200500488281250e+02 1.301327705383300781e+00 4.813896656036376953e+00 -1.462585449218750000e+00 1.278720855712890625e+00 7.486411929130554199e-01
1.697274932861328125e+02 1.251741886138916016e+00 5.046152114868164062e+00 -3.893129348754882812e+00 8.125400543212890625e-01 4.263347685337066650e-01
1.510072631835937500e+02 1.599269151687622070e+00 5.440015792846679688e+00 -6.066734313964843750e+00 -8.663101196289062500e-01 5.410512089729309082e-01
1.748567657470703125e+02 1.165621042251586914e+00 4.871500968933105469e+00 -5.693971633911132812e+00 -2.456264495849609375e-01 5.303748250007629395e-01
1.611052703857421875e+02 1.571417093276977539e+00 5.645090579986572266e+00 -6.930593490600585938e+00 -1.532794952392578125e+00 4.462012946605682373e-01
1.638129730224609375e+02 1.194925069808959961e+00 4.735722541809082031e+00 -3.865409851074218750e+00 -9.956073760986328125e-01 8.611139655113220215e-01
1.439116668701171875e+02 1.364691734313964844e+00 5.324885368347167969e+00 -4.217705726623535156e+00 2.457733154296875000e-01 6.587702035903930664e-01
1.536377716064453125e+02 1.251140594482421875e+00 4.930492401123046875e+00 -2.352783203125000000e+00 2.248710632324218750e+00 6.679862141609191895e-01
1.438112182617187500e+02 1.462781906127929688e+00 5.527075767517089844e+00 -4.269274711608886719e+00 -2.083473205566406250e-01 8.203850984573364258e-01
1.439774322509765625e+02 1.579100608825683594e+00 5.461146831512451172e+00 -3.694650650024414062e+00 2.451610565185546875e-01 8.767147064208984375e-01
1.552802429199218750e+02 1.215990781784057617e+00 4.722376346588134766e+00 -3.648174285888671875e+00 -1.120414733886718750e-01 6.200429201126098633e-01
1.545293121337890625e+02 9.717631340026855469e-01 4.304357051849365234e+00 -5.523506164550781250e+00 -1.002300262451171875e+00 5.826053023338317871e-01
1.681373138427734375e+02 1.074843406677246094e+00 4.518394947052001953e+00 -5.144451141357421875e+00 -2.948150634765625000e-01 5.735325813293457031e-01
1.524919433593750000e+02 1.725829362869262695e+00 5.996698379516601562e+00 -2.719005584716796875e+00 4.526729583740234375e-01 6.236733198165893555e-01
1.689126586914062500e+02 1.380558967590332031e+00 5.053079605102539062e+00 -3.673431396484375000e+00 9.541931152343750000e-01 6.679334640502929688e-01
1.614379425048828125e+02 1.753810882568359375e+00 6.044891357421875000e+00 -3.069952011108398438e+00 -5.424747467041015625e-01 5.984931588172912598e-01
1.660396575927734375e+02 1.112602710723876953e+00 4.652263641357421875e+00 -5.323563575744628906e+00 -1.516199111938476562e+00 9.858358502388000488e-01
1.516866912841796875e+02 2.812565803527832031e+00 8.348579406738281250e+00 -1.036688709259033203e+01 -3.452108383178710938e+00 8.403143882751464844e-01
1.672024688720703125e+02 1.298976182937622070e+00 5.311244964599609375e+00 -6.799509048461914062e+00 -1.113191604614257812e+00 5.345935821533203125e-01
1.525323486328125000e+02 1.389646530151367188e+00 5.236343383789062500e+00 -5.096042633056640625e+00 -7.138843536376953125e-01 3.880268037319183350e-01
1.499135894775390625e+02 3.642891883850097656e+00 1.000370979309082031e+01 1.703808975219726562e+01 1.069685173034667969e+01 5.114665031433105469e-01
1.466505889892578125e+02 1.872051715850830078e+00 6.272094726562500000e+00 -5.297490119934082031e+00 -1.161529541015625000e+00 6.149863004684448242e-01
1.472557373046875000e+02 1.959752082824707031e+00 6.391310691833496094e+00 -5.517066955566406250e+00 -6.404991149902343750e-01 5.563027262687683105e-01
1.680630493164062500e+02 1.563728809356689453e+00 5.774744033813476562e+00 -3.944007873535156250e+00 1.476858139038085938e+00 6.388244628906250000e-01
1.550953216552734375e+02 1.904970169067382812e+00 6.192881107330322266e+00 -3.340030670166015625e+00 3.971576690673828125e-01 4.300523400306701660e-01
1.586073455810546875e+02 1.663314342498779297e+00 5.891931056976318359e+00 -7.555614471435546875e+00 -2.824131011962890625e+00 7.958834171295166016e-01
1.485320129394531250e+02 1.664482593536376953e+00 5.937445640563964844e+00 6.137084960937500000e-02 1.874380111694335938e+00 3.723774552345275879e-01
1.823739471435546875e+02 2.306964874267578125e+00 7.000744342803955078e+00 -3.728633880615234375e+00 1.651000976562500000e+00 7.985936403274536133e-01
1.574147644042968750e+02 1.565160751342773438e+00 5.465249061584472656e+00 -6.968477249145507812e+00 -1.684406280517578125e+00 6.093276739120483398e-01
1.557185668945312500e+02 1.090303421020507812e+00 4.380048751831054688e+00 -4.584947586059570312e+00 5.854415893554687500e-01 6.719323396682739258e-01
1.642040863037109375e+02 1.159914493560791016e+00 4.717847824096679688e+00 -3.818746566772460938e+00 5.014419555664062500e-02 1.075353860855102539e+00
1.524359436035156250e+02 1.522999763488769531e+00 5.577125072479248047e+00 -6.808141708374023438e+00 -9.288005828857421875e-01 5.149598717689514160e-01
1.543810577392578125e+02 1.303453445434570312e+00 4.946650505065917969e+00 -4.065885543823242188e+00 7.156772613525390625e-01 5.038198232650756836e-01
1.459120941162109375e+02 1.495379447937011719e+00 5.326026916503906250e+00 -5.573739051818847656e+00 -1.084295272827148438e+00 4.743140339851379395e-01
1.551334075927734375e+02 1.609144687652587891e+00 5.539586544036865234e+00 -1.319854736328125000e+00 1.745794296264648438e+00 5.192455053329467773e-01
1.550343627929687500e+02 1.291875362396240234e+00 4.956759452819824219e+00 -5.119208335876464844e+00 3.414649963378906250e-01 5.590610504150390625e-01
1.444340362548828125e+02 1.478196144104003906e+00 5.378958225250244141e+00 -2.867681503295898438e+00 1.215551376342773438e+00 5.032066106796264648e-01
1.521668090820312500e+02 1.807730436325073242e+00 6.054587364196777344e+00 -5.858327865600585938e+00 -1.069351196289062500e+00 6.981614232063293457e-01
1.663657989501953125e+02 1.164931297302246094e+00 4.729539871215820312e+00 -2.972446441650390625e+00 1.214473724365234375e+00 5.113908648490905762e-01
1.452138824462890625e+02 1.586498260498046875e+00 5.743239402770996094e+00 -7.591713905334472656e+00 -1.533481597900390625e+00 5.426413416862487793e-01
1.570555877685546875e+02 3.488143920898437500e+00 9.546221733093261719e+00 5.195646286010742188e+00 5.282890319824218750e+00 5.954552292823791504e-01
5.316732788085937500e+02 1.202319383621215820e+00 4.830963134765625000e+00 -2.905834197998046875e+00 1.253040313720703125e+00 8.012883663177490234e-01
1.475305786132812500e+02 1.308294773101806641e+00 5.155357360839843750e+00 -3.817447662353515625e+00 1.888370513916015625e-01 7.625477910041809082e-01
1.413975219726562500e+02 2.562197685241699219e+00 7.695175170898437500e+00 1.460424041748046875e+01 9.658084869384765625e+00 5.147883892059326172e-01
1.604800109863281250e+02 3.124242305755615234e+00 8.944253921508789062e+00 1.107270812988281250e+01 9.909389495849609375e+00 6.990223526954650879e-01
1.756822967529296875e+02 1.055317401885986328e+00 4.243661880493164062e+00 -5.440407752990722656e+00 -1.554851531982421875e-01 8.938978910446166992e-01
1.462615509033203125e+02 9.379482269287109375e-01 4.355040550231933594e+00 -4.476223945617675781e+00 -5.915451049804687500e-02 6.013695001602172852e-01
1.691580047607421875e+02 1.285453557968139648e+00 4.897525310516357422e+00 -1.813257217407226562e+00 1.117847442626953125e+00 8.054813742637634277e-01
1.471180267333984375e+02 3.730388164520263672e+00 9.834455490112304688e+00 3.663345336914062500e+00 4.741416931152343750e+00 5.659283399581909180e-01
1.579774627685546875e+02 2.522830009460449219e+00 7.529348373413085938e+00 1.101847457885742188e+01 9.007528305053710938e+00 6.120052337646484375e-01
1.475908508300781250e+02 1.884130001068115234e+00 6.410376548767089844e+00 -4.627040863037109375e+00 3.042335510253906250e-01 6.570751667022705078e-01
1.651704406738281250e+02 1.591747760772705078e+00 5.480996131896972656e+00 -3.003442764282226562e+00 5.594806671142578125e-01 4.828298091888427734e-01
1.684461975097656250e+02 1.307677745819091797e+00 5.056390762329101562e+00 -2.893739700317382812e+00 3.445701599121093750e-01 4.500389695167541504e-01
1.573543701171875000e+02 1.437819957733154297e+00 5.304575920104980469e+00 -5.837766647338867188e+00 -1.490482330322265625e+00 6.887285709381103516e-01
1.638328094482421875e+02 1.738211154937744141e+00 5.947436809539794922e+00 -5.458768844604492188e+00 -4.896163940429687500e-01 4.578618407249450684e-01
1.520623626708984375e+02 1.183786392211914062e+00 4.822483062744140625e+00 -5.508062362670898438e+00 -1.072715759277343750e+00 7.833445072174072266e-01
1.432973480224609375e+02 1.350623607635498047e+00 5.140583515167236328e+00 -5.919505119323730469e+00 3.645324707031250000e-02 3.120891153812408447e-01
1.642284545898437500e+02 1.929959297180175781e+00 6.349019050598144531e+00 -6.326781272888183594e+00 -9.967327117919921875e-01 7.514581084251403809e-01
1.476307830810546875e+02 1.601276874542236328e+00 5.589352607727050781e+00 -8.793320655822753906e+00 -2.374439239501953125e+00 5.198166966438293457e-01
1.597876281738281250e+02 1.530320644378662109e+00 5.731491088867187500e+00 -6.552021026611328125e+00 -2.140066146850585938e+00 7.105770111083984375e-01
1.581075897216796875e+02 1.127260446548461914e+00 4.550576686859130859e+00 -4.708106994628906250e+00 1.387023925781250000e-01 5.718877315521240234e-01
1.477452850341796875e+02 1.348874568939208984e+00 4.731463432312011719e+00 -3.310277938842773438e+00 -6.764984130859375000e-02 6.032215952873229980e-01
1.630221099853515625e+02 1.385586261749267578e+00 5.414551734924316406e+00 -5.421185493469238281e+00 -2.199096679687500000e+00 1.020727038383483887e+00
1.564587402343750000e+02 1.223234891891479492e+00 4.972231388092041016e+00 -4.983137130737304688e+00 6.958007812500000000e-03 6.234799623489379883e-01
1.651019744873046875e+02 1.244840145111083984e+00 4.903043270111083984e+00 -3.493026733398437500e+00 6.288223266601562500e-01 4.653699696063995361e-01
1.380417022705078125e+02 1.216122150421142578e+00 4.577966690063476562e+00 -3.824352264404296875e+00 9.689044952392578125e-01 5.292836427688598633e-01
1.412399902343750000e+02 1.304954290390014648e+00 5.130927085876464844e+00 -5.997733116149902344e+00 -7.924213409423828125e-01 4.246842563152313232e-01
1.603990478515625000e+02 1.683515548706054688e+00 5.846669197082519531e+00 -6.437421798706054688e+00 -2.310892105102539062e+00 7.994998097419738770e-01
1.744588623046875000e+02 1.113004684448242188e+00 4.459083080291748047e+00 -5.640368461608886719e+00 -1.416740417480468750e-01 6.065013408660888672e-01
1.591880340576171875e+02 1.187704563140869141e+00 4.826812744140625000e+00 -5.884179115295410156e+00 -1.187017440795898438e+00 6.369248628616333008e-01
1.567160034179687500e+02 1.219664096832275391e+00 4.564303874969482422e+00 -5.026697158813476562e+00 -2.391319274902343750e-01 5.023694038391113281e-01
1.644461975097656250e+02 1.327391147613525391e+00 4.909429550170898438e+00 -1.692947387695312500e+00 1.587730407714843750e+00 5.789872407913208008e-01
1.559457092285156250e+02 1.043535470962524414e+00 4.755796909332275391e+00 -4.442951202392578125e+00 -9.475040435791015625e-01 9.179282188415527344e-01
1.628002166748046875e+02 1.542763948440551758e+00 5.735573291778564453e+00 -4.080715179443359375e+00 3.098869323730468750e-01 5.797280073165893555e-01
1.624393768310546875e+02 1.381449222564697266e+00 5.225046157836914062e+00 -6.069150924682617188e+00 -9.168224334716796875e-01 4.776609539985656738e-01
1.601576995849609375e+02 1.679307937622070312e+00 5.510160923004150391e+00 -4.199949264526367188e+00 5.603485107421875000e-01 7.152119874954223633e-01
1.674962005615234375e+02 1.106039524078369141e+00 4.498419761657714844e+00 -4.500460624694824219e+00 2.852077484130859375e-01 4.820877909660339355e-01
1.678592376708984375e+02 1.287045955657958984e+00 4.816547393798828125e+00 -3.649116516113281250e+00 5.485935211181640625e-01 5.492171049118041992e-01
1.424997253417968750e+02 1.808460235595703125e+00 5.985180377960205078e+00 -6.182108879089355469e+00 -1.188426971435546875e+00 3.754590153694152832e-01
1.572317657470703125e+02 1.526332378387451172e+00 5.691328048706054688e+00 -7.531314849853515625e+00 -1.415700912475585938e+00 4.439831972122192383e-01
