0.000000000000000000e+00 1.042252540588378906e+00 1.263567656278610229e-01 0.000000000000000000e+00
3.121093750000000000e+00 1.442679882049560547e+00 1.500593274831771851e-01 0.000000000000000000e+00
7.000000000000000000e+00 1.055349946022033691e+00 1.272363513708114624e-01 0.000000000000000000e+00
1.301171875000000000e+01 8.439794182777404785e-01 1.245950311422348022e-01 0.000000000000000000e+00
2.104687500000000000e+01 5.885489583015441895e-01 1.717812120914459229e-01 0.000000000000000000e+00
2.705859375000000000e+01 -9.084030240774154663e-02 1.871238350868225098e-01 0.000000000000000000e+00
4.300781250000000000e+01 3.156127929687500000e-01 1.393683254718780518e-01 0.000000000000000000e+00
2.561601562500000000e+02 9.528109431266784668e-02 4.384818673133850098e-02 0.000000000000000000e+00
2.701132812500000000e+02 -1.773039698600769043e-01 4.357173666357994080e-02 0.000000000000000000e+00
2.741171875000000000e+02 -1.756899654865264893e-01 3.860830143094062805e-02 0.000000000000000000e+00
2.830390625000000000e+02 -4.890937730669975281e-02 1.182475611567497253e-01 0.000000000000000000e+00
2.940078125000000000e+02 -1.026717275381088257e-01 5.610610172152519226e-02 0.000000000000000000e+00
2.989921875000000000e+02 1.104116961359977722e-01 7.871559262275695801e-02 0.000000000000000000e+00
3.030390625000000000e+02 5.943528413772583008e-01 3.486300408840179443e-01 0.000000000000000000e+00
3.040234375000000000e+02 9.404807537794113159e-02 1.459409892559051514e-01 0.000000000000000000e+00
3.109843750000000000e+02 -4.537554830312728882e-02 5.648089572787284851e-02 0.000000000000000000e+00
3.149570312500000000e+02 -3.660495877265930176e-01 1.505432873964309692e-01 0.000000000000000000e+00
3.280273437500000000e+02 -8.771821111440658569e-02 1.107017397880554199e-01 0.000000000000000000e+00
3.299843750000000000e+02 -4.666964709758758545e-02 4.397938773036003113e-02 0.000000000000000000e+00
3.379843750000000000e+02 2.210070751607418060e-02 6.205054745078086853e-02 0.000000000000000000e+00
3.449960937500000000e+02 2.119831144809722900e-01 1.163293495774269104e-01 0.000000000000000000e+00
3.510390625000000000e+02 2.307789325714111328e-01 1.696401387453079224e-01 0.000000000000000000e+00
3.640039062500000000e+02 -1.481285691261291504e-01 5.402354151010513306e-02 0.000000000000000000e+00
3.691132812500000000e+02 -2.018544524908065796e-01 8.473913371562957764e-02 0.000000000000000000e+00
3.710546875000000000e+02 -3.547920584678649902e-01 1.126328036189079285e-01 0.000000000000000000e+00
3.810781250000000000e+02 -8.416460752487182617e-01 1.838649213314056396e-01 0.000000000000000000e+00
3.860039062500000000e+02 -2.683833241462707520e-01 6.983479112386703491e-02 0.000000000000000000e+00
3.930039062500000000e+02 -2.298499941825866699e-01 9.184728562831878662e-02 0.000000000000000000e+00
4.030156250000000000e+02 -5.094565749168395996e-01 1.249952092766761780e-01 0.000000000000000000e+00
4.110273437500000000e+02 -6.047130823135375977e-01 2.648797929286956787e-01 0.000000000000000000e+00
4.180234375000000000e+02 -3.889140188694000244e-01 1.045707911252975464e-01 0.000000000000000000e+00
4.260078125000000000e+02 -2.966535091400146484e-01 1.105917021632194519e-01 0.000000000000000000e+00
4.330078125000000000e+02 -5.477424860000610352e-01 1.890218555927276611e-01 0.000000000000000000e+00
6.131367187500000000e+02 -3.183415830135345459e-01 1.994546800851821899e-01 0.000000000000000000e+00
6.211679687500000000e+02 9.154689311981201172e-01 1.223955079913139343e-01 0.000000000000000000e+00
6.261757812500000000e+02 6.414034366607666016e-01 5.498231202363967896e-02 0.000000000000000000e+00
6.390625000000000000e+02 3.393854796886444092e-01 2.854000329971313477e-01 0.000000000000000000e+00
6.480390625000000000e+02 6.284510493278503418e-01 1.291669160127639771e-01 0.000000000000000000e+00
6.560195312500000000e+02 5.193083882331848145e-01 6.633862853050231934e-02 0.000000000000000000e+00
6.660703125000000000e+02 6.157377362251281738e-01 9.127952903509140015e-02 0.000000000000000000e+00
6.789609375000000000e+02 8.509020805358886719e-01 8.105402439832687378e-02 0.000000000000000000e+00
6.849726562500000000e+02 5.828145146369934082e-01 1.745268553495407104e-01 0.000000000000000000e+00
6.889882812500000000e+02 6.810893416404724121e-01 6.743815541267395020e-02 0.000000000000000000e+00
6.929609375000000000e+02 1.316130876541137695e+00 8.734312653541564941e-02 0.000000000000000000e+00
7.121640625000000000e+02 1.139836668968200684e+00 1.146381646394729614e-01 0.000000000000000000e+00
7.159804687500000000e+02 1.120531082153320312e+00 7.235009223222732544e-02 0.000000000000000000e+00
7.229843750000000000e+02 1.709915876388549805e+00 8.210873603820800781e-02 0.000000000000000000e+00
7.279882812500000000e+02 1.808019399642944336e+00 1.303790360689163208e-01 0.000000000000000000e+00
7.379921875000000000e+02 1.774424672126770020e+00 8.767558634281158447e-02 0.000000000000000000e+00
7.470000000000000000e+02 1.596783280372619629e+00 7.487719506025314331e-02 0.000000000000000000e+00
7.520625000000000000e+02 1.440542578697204590e+00 6.929819285869598389e-02 0.000000000000000000e+00
7.610000000000000000e+02 1.429673910140991211e+00 1.870336979627609253e-01 0.000000000000000000e+00
7.660000000000000000e+02 1.398614645004272461e+00 8.621326088905334473e-02 0.000000000000000000e+00
7.730156250000000000e+02 1.511222600936889648e+00 8.275871723890304565e-02 0.000000000000000000e+00
7.800000000000000000e+02 1.249281644821166992e+00 1.070015430450439453e-01 0.000000000000000000e+00
7.869921875000000000e+02 1.247532725334167480e+00 1.863397508859634399e-01 0.000000000000000000e+00
9.881875000000000000e+02 2.215942382812500000e+00 8.297592401504516602e-02 0.000000000000000000e+00
9.931679687500000000e+02 2.266882658004760742e+00 6.166111677885055542e-02 0.000000000000000000e+00
1.009050781250000000e+03 2.606310367584228516e+00 1.251075118780136108e-01 0.000000000000000000e+00
1.032988281250000000e+03 2.647555351257324219e+00 1.356874406337738037e-01 0.000000000000000000e+00
1.036988281250000000e+03 2.110230684280395508e+00 1.351866424083709717e-01 0.000000000000000000e+00
1.046964843750000000e+03 2.230363130569458008e+00 1.275565922260284424e-01 0.000000000000000000e+00
1.051105468750000000e+03 2.542565345764160156e+00 1.379108279943466187e-01 0.000000000000000000e+00
1.051960937500000000e+03 2.794858217239379883e+00 2.254595756530761719e-01 0.000000000000000000e+00
1.060980468750000000e+03 2.233398675918579102e+00 9.440314024686813354e-02 0.000000000000000000e+00
1.064972656250000000e+03 2.039269447326660156e+00 1.184865236282348633e-01 0.000000000000000000e+00
1.074976562500000000e+03 1.966317415237426758e+00 9.955442696809768677e-02 0.000000000000000000e+00
1.091097656250000000e+03 1.444509625434875488e+00 1.584389656782150269e-01 0.000000000000000000e+00
1.100992187500000000e+03 1.158200979232788086e+00 1.027438715100288391e-01 0.000000000000000000e+00
1.107003906250000000e+03 1.185583949089050293e+00 1.130103021860122681e-01 0.000000000000000000e+00
1.115000000000000000e+03 1.399273753166198730e+00 1.783671081066131592e-01 0.000000000000000000e+00
1.122000000000000000e+03 1.504046797752380371e+00 1.099018529057502747e-01 0.000000000000000000e+00
1.136058593750000000e+03 1.840119123458862305e+00 1.691951900720596313e-01 0.000000000000000000e+00
1.143000000000000000e+03 1.578962922096252441e+00 2.091464102268218994e-01 0.000000000000000000e+00
1.350179687500000000e+03 5.130017995834350586e-01 1.325603276491165161e-01 0.000000000000000000e+00
1.359164062500000000e+03 1.437598466873168945e-01 1.369975507259368896e-01 0.000000000000000000e+00
1.374050781250000000e+03 1.038399696350097656e+00 2.546026408672332764e-01 0.000000000000000000e+00
1.378097656250000000e+03 1.251526236534118652e+00 2.345778197050094604e-01 0.000000000000000000e+00
1.389011718750000000e+03 1.621606200933456421e-01 6.376069784164428711e-02 0.000000000000000000e+00
1.401980468750000000e+03 -4.696361720561981201e-02 8.493303507566452026e-02 0.000000000000000000e+00
1.406949218750000000e+03 9.383909106254577637e-01 2.198548913002014160e-01 0.000000000000000000e+00
1.415960937500000000e+03 7.029224634170532227e-01 1.539936512708663940e-01 0.000000000000000000e+00
1.416957031250000000e+03 2.714588344097137451e-01 2.901538908481597900e-01 0.000000000000000000e+00
1.417960937500000000e+03 -7.557128369808197021e-02 1.131315678358078003e-01 0.000000000000000000e+00
1.421964843750000000e+03 7.987014204263687134e-02 1.240860596299171448e-01 0.000000000000000000e+00
1.426066406250000000e+03 -1.091290265321731567e-01 7.377415150403976440e-02 0.000000000000000000e+00
1.429968750000000000e+03 -1.959820219781249762e-04 8.194390684366226196e-02 0.000000000000000000e+00
1.436984375000000000e+03 5.496592447161674500e-02 1.397686749696731567e-01 0.000000000000000000e+00
1.444007812500000000e+03 1.228605136275291443e-01 1.271837949752807617e-01 0.000000000000000000e+00
1.453984375000000000e+03 8.215988278388977051e-01 1.233204379677772522e-01 0.000000000000000000e+00
1.454984375000000000e+03 3.246024549007415771e-01 1.018118560314178467e-01 0.000000000000000000e+00
1.465996093750000000e+03 2.306216210126876831e-01 1.463282853364944458e-01 0.000000000000000000e+00
1.483000000000000000e+03 2.174187600612640381e-01 1.251682788133621216e-01 0.000000000000000000e+00
1.495019531250000000e+03 4.404410123825073242e-01 1.777288913726806641e-01 0.000000000000000000e+00
1.507996093750000000e+03 -2.482520937919616699e-01 1.349101960659027100e-01 0.000000000000000000e+00
1.515992187500000000e+03 -8.712661862373352051e-01 2.122582346200942993e-01 0.000000000000000000e+00
1.734066406250000000e+03 -1.065233469009399414e+00 2.240732163190841675e-01 0.000000000000000000e+00
1.757003906250000000e+03 1.181560605764389038e-01 1.492420434951782227e-01 0.000000000000000000e+00
1.760996093750000000e+03 -9.556733369827270508e-01 2.181661874055862427e-01 0.000000000000000000e+00
1.771960937500000000e+03 -5.652890205383300781e-01 1.083207428455352783e-01 0.000000000000000000e+00
1.775957031250000000e+03 -1.045034170150756836e+00 1.155362203717231750e-01 0.000000000000000000e+00
1.780960937500000000e+03 -1.317994475364685059e+00 1.128937751054763794e-01 0.000000000000000000e+00
1.787960937500000000e+03 -1.104722976684570312e+00 1.185006275773048401e-01 0.000000000000000000e+00
1.799972656250000000e+03 -7.387405633926391602e-01 1.464505586773157120e-02 0.000000000000000000e+00
1.817000000000000000e+03 -3.632821142673492432e-01 1.101320311427116394e-01 0.000000000000000000e+00
1.821054687500000000e+03 5.892414450645446777e-01 2.832407951354980469e-01 0.000000000000000000e+00
1.822003906250000000e+03 -7.684779912233352661e-02 2.432809770107269287e-01 0.000000000000000000e+00
1.829074218750000000e+03 -1.409225016832351685e-01 1.863469779491424561e-01 0.000000000000000000e+00
1.853000000000000000e+03 6.891272664070129395e-01 2.279956340789794922e-01 0.000000000000000000e+00
1.861003906250000000e+03 6.370610594749450684e-01 1.190191805362701416e-01 0.000000000000000000e+00
2.108214843750000000e+03 -9.551961421966552734e-01 6.557837128639221191e-02 0.000000000000000000e+00
2.137000000000000000e+03 -1.521214127540588379e+00 6.220587715506553650e-02 0.000000000000000000e+00
2.167058593750000000e+03 -1.893627047538757324e+00 5.543424934148788452e-02 0.000000000000000000e+00
2.186128906250000000e+03 -2.380848407745361328e+00 5.340295284986495972e-02 0.000000000000000000e+00
3.337187500000000000e+02 -5.244117379188537598e-01 1.098855018615722656e+00 1.000000000000000000e+00
3.624101562500000000e+02 -2.057052850723266602e+00 1.212272763252258301e+00 1.000000000000000000e+00
6.539296875000000000e+02 -5.856047272682189941e-01 5.758814215660095215e-01 1.000000000000000000e+00
6.943789062500000000e+02 5.693097114562988281e-01 1.089102029800415039e+00 1.000000000000000000e+00
7.164023437500000000e+02 -2.629325091838836670e-01 6.917613148689270020e-01 1.000000000000000000e+00
7.574101562500000000e+02 2.094628512859344482e-01 1.061403036117553711e+00 1.000000000000000000e+00
9.831054687500000000e+02 7.132926583290100098e-02 5.423327088356018066e-01 1.000000000000000000e+00
1.019015625000000000e+03 2.496697455644607544e-01 6.210388541221618652e-01 1.000000000000000000e+00
1.042703125000000000e+03 1.017575979232788086e+00 1.225452303886413574e+00 1.000000000000000000e+00
1.076390625000000000e+03 -8.675487637519836426e-01 2.055854320526123047e+00 1.000000000000000000e+00
1.105402343750000000e+03 1.912829875946044922e+00 9.493697881698608398e-01 1.000000000000000000e+00
1.364582031250000000e+03 1.013554811477661133e+00 3.946085572242736816e-01 1.000000000000000000e+00
1.393484375000000000e+03 2.660345435142517090e-01 4.721204638481140137e-01 1.000000000000000000e+00
1.430058593750000000e+03 3.210203051567077637e-01 4.451247751712799072e-01 1.000000000000000000e+00
1.455410156250000000e+03 -1.209556236863136292e-01 5.105348229408264160e-01 1.000000000000000000e+00
1.725058593750000000e+03 -5.702453851699829102e-01 4.248653948307037354e-01 1.000000000000000000e+00
1.782000000000000000e+03 -1.374782562255859375e+00 4.871686697006225586e-01 1.000000000000000000e+00
1.809445312500000000e+03 -2.443075418472290039e+00 6.902026534080505371e-01 1.000000000000000000e+00
1.845410156250000000e+03 -1.534604668617248535e+00 5.815729498863220215e-01 1.000000000000000000e+00
2.029718750000000000e+03 1.028715491294860840e+00 5.191832184791564941e-01 1.000000000000000000e+00
2.101964843750000000e+03 2.000221967697143555e+00 9.128819108009338379e-01 1.000000000000000000e+00
2.134382812500000000e+03 2.586551904678344727e-01 5.202367305755615234e-01 1.000000000000000000e+00
2.167398437500000000e+03 2.078261613845825195e+00 8.966048955917358398e-01 1.000000000000000000e+00
3.313867187500000000e+02 1.610054612159729004e+00 9.369139671325683594e-01 2.000000000000000000e+00
3.333828125000000000e+02 7.376392483711242676e-01 5.872833132743835449e-01 2.000000000000000000e+00
3.363906250000000000e+02 3.003542423248291016e+00 7.670484185218811035e-01 2.000000000000000000e+00
3.624101562500000000e+02 5.246300697326660156e-01 9.133473634719848633e-01 2.000000000000000000e+00
6.534101562500000000e+02 -1.972808837890625000e+00 4.464286863803863525e-01 2.000000000000000000e+00
6.544492187500000000e+02 1.481117248535156250e+00 5.097578167915344238e-01 2.000000000000000000e+00
6.943789062500000000e+02 3.212285518646240234e+00 7.834987044334411621e-01 2.000000000000000000e+00
7.164023437500000000e+02 5.411384701728820801e-01 5.212642550468444824e-01 2.000000000000000000e+00
9.786914062500000000e+02 -2.662362158298492432e-01 7.308714985847473145e-01 2.000000000000000000e+00
9.805585937500000000e+02 -2.451590895652770996e-01 3.849402666091918945e-01 2.000000000000000000e+00
1.017433593750000000e+03 1.171607255935668945e+00 7.718654870986938477e-01 2.000000000000000000e+00
1.018453125000000000e+03 -5.156748294830322266e-01 8.829239606857299805e-01 2.000000000000000000e+00
1.020445312500000000e+03 9.776396155357360840e-01 7.334353327751159668e-01 2.000000000000000000e+00
1.042378906250000000e+03 1.014966845512390137e+00 5.567672848701477051e-01 2.000000000000000000e+00
1.105402343750000000e+03 1.287662833929061890e-01 6.108847260475158691e-01 2.000000000000000000e+00
1.365535156250000000e+03 3.252670764923095703e-01 3.311939239501953125e-01 2.000000000000000000e+00
1.393484375000000000e+03 1.083273768424987793e+00 4.514542818069458008e-01 2.000000000000000000e+00
1.429402343750000000e+03 -2.337445467710494995e-01 3.366954624652862549e-01 2.000000000000000000e+00
1.431375000000000000e+03 2.902105748653411865e-01 5.003302097320556641e-01 2.000000000000000000e+00
1.453410156250000000e+03 3.006848394870758057e-01 4.146024286746978760e-01 2.000000000000000000e+00
1.722527343750000000e+03 3.983033895492553711e+00 5.599601864814758301e-01 2.000000000000000000e+00
1.723507812500000000e+03 -6.610206961631774902e-01 3.016036450862884521e-01 2.000000000000000000e+00
1.724578125000000000e+03 7.021429538726806641e-01 6.414424777030944824e-01 2.000000000000000000e+00
1.725500000000000000e+03 8.077983856201171875e-01 7.584734559059143066e-01 2.000000000000000000e+00
1.726500000000000000e+03 -6.410918235778808594e-01 2.477764934301376343e-01 2.000000000000000000e+00
1.727507812500000000e+03 -4.720261394977569580e-01 1.068073511123657227e+00 2.000000000000000000e+00
1.780378906250000000e+03 -1.284241527318954468e-01 2.308443635702133179e-01 2.000000000000000000e+00
1.784429687500000000e+03 -7.229763269424438477e-02 2.148667275905609131e-01 2.000000000000000000e+00
1.809445312500000000e+03 -1.801589250564575195e+00 5.749428868293762207e-01 2.000000000000000000e+00
1.845410156250000000e+03 -1.329852223396301270e+00 4.084583222866058350e-01 2.000000000000000000e+00
2.029718750000000000e+03 -2.628891468048095703e-01 6.029325127601623535e-01 2.000000000000000000e+00
2.101429687500000000e+03 1.288705587387084961e+00 8.466655015945434570e-01 2.000000000000000000e+00
2.102496093750000000e+03 4.791525900363922119e-01 4.985321462154388428e-01 2.000000000000000000e+00
2.133394531250000000e+03 -6.874808669090270996e-01 4.258426725864410400e-01 2.000000000000000000e+00
2.135371093750000000e+03 -8.331390023231506348e-01 3.741001784801483154e-01 2.000000000000000000e+00
