5.261895751953125000e+02 1.134338855743408203e+00 7.149929523468017578e+00 -5.470619201660156250e-01 -2.616453170776367188e+00 3.017323255538940430e+00
5.286011962890625000e+02 -6.745588779449462891e-02 4.707931995391845703e+00 4.438781738281250000e-02 -1.116090774536132812e+00 4.224506855010986328e+00
5.325145874023437500e+02 1.462675571441650391e+00 7.697386741638183594e+00 2.452812194824218750e-01 9.565086364746093750e-01 4.966686248779296875e+00
1.646047973632812500e+02 2.705911636352539062e+00 9.867815017700195312e+00 -9.691696166992187500e-01 -8.248769760131835938e+00 5.386132240295410156e+00
5.426816406250000000e+02 3.165616989135742188e+00 1.101931762695312500e+01 8.752899169921875000e-01 1.830251693725585938e+00 2.090738058090209961e+00
1.633934020996093750e+02 5.319447517395019531e-01 6.011648178100585938e+00 6.023368835449218750e-01 8.498020172119140625e-01 1.823227524757385254e+00
5.228590698242187500e+02 1.227748394012451172e+00 7.205607414245605469e+00 -1.026851654052734375e+00 -3.843559265136718750e+00 2.937557458877563477e+00
5.339533691406250000e+02 1.176504611968994141e+00 7.184737205505371094e+00 1.575546264648437500e-01 1.087974548339843750e+00 6.256490230560302734e+00
1.621395568847656250e+02 1.959547519683837891e+00 9.124297142028808594e+00 -2.510356903076171875e-01 -4.057500839233398438e+00 8.976552009582519531e+00
5.115138549804687500e+02 2.281782627105712891e-01 4.850958824157714844e+00 -2.247810363769531250e-01 -3.341484069824218750e-01 4.056993007659912109e+00
2.171266479492187500e+02 1.527395248413085938e-01 4.988925933837890625e+00 -6.666355133056640625e-01 -6.369113922119140625e-01 6.376588940620422363e-01
1.620909881591796875e+02 8.105864524841308594e-01 6.894046783447265625e+00 -2.068162918090820312e+00 -1.506385803222656250e+00 6.993046402931213379e-01
5.367067260742187500e+02 1.507040977478027344e+00 8.480281829833984375e+00 4.887504577636718750e-01 9.357795715332031250e-01 2.955620527267456055e+00
1.637150268554687500e+02 -1.206357479095458984e-01 4.473661899566650391e+00 -1.163940429687500000e-01 -4.955514907836914062e+00 4.978117465972900391e+00
5.271888427734375000e+02 9.638793468475341797e-01 6.796174049377441406e+00 -1.909008026123046875e-01 -2.019975662231445312e+00 3.612429857254028320e+00
5.110404052734375000e+02 7.053351402282714844e-02 4.977994918823242188e+00 -1.260852813720703125e-01 -1.124797821044921875e+00 4.290170192718505859e+00
5.317593383789062500e+02 6.573166847229003906e-01 6.347188472747802734e+00 4.554176330566406250e-01 4.559135437011718750e-01 5.390723228454589844e+00
5.543131103515625000e+02 -2.777552604675292969e-02 4.522330284118652344e+00 1.117706298828125000e-02 3.581619262695312500e-02 4.200935363769531250e+00
4.821669006347656250e+02 7.103490829467773438e-01 6.551217079162597656e+00 1.164094924926757812e+00 2.226638793945312500e-01 1.709942698478698730e+00
5.324992675781250000e+02 3.336172103881835938e-01 5.455667495727539062e+00 6.657238006591796875e-01 1.841117858886718750e+00 3.017777919769287109e+00
5.103832397460937500e+02 2.626494884490966797e+00 1.035395050048828125e+01 1.981107711791992188e+00 4.707086563110351562e+00 2.701655626296997070e+00
1.764326629638671875e+02 7.411670684814453125e-02 5.050217628479003906e+00 1.543083190917968750e-01 -1.819568634033203125e+00 4.213413715362548828e+00
5.343759155273437500e+02 9.801149368286132812e-02 5.008683204650878906e+00 -3.550930023193359375e-01 -2.518032073974609375e+00 3.695717096328735352e+00
5.315819091796875000e+02 2.666418552398681641e-01 5.447183609008789062e+00 -1.553115844726562500e-01 -3.218208312988281250e+00 4.295173645019531250e+00
5.396978149414062500e+02 6.068129539489746094e-01 6.430593490600585938e+00 -5.493888854980468750e-01 -7.750300407409667969e+00 7.370107650756835938e+00
5.318058471679687500e+02 -4.609477519989013672e-02 4.771092891693115234e+00 1.723251342773437500e-01 2.536582946777343750e-02 4.515006542205810547e+00
5.338745117187500000e+02 -1.349116563796997070e-01 4.429862976074218750e+00 2.132110595703125000e-01 -2.213916778564453125e-01 3.474844932556152344e+00
5.288824462890625000e+02 8.502886295318603516e-01 6.591779708862304688e+00 1.954307556152343750e-01 2.534866333007812500e-02 3.982029199600219727e+00
1.564267272949218750e+02 2.109768390655517578e-01 5.753434181213378906e+00 3.484935760498046875e-01 -8.217926025390625000e-01 2.064630746841430664e+00
4.964600219726562500e+02 3.063499927520751953e-01 5.038742542266845703e+00 4.163265228271484375e-01 -2.401809692382812500e-01 3.842840671539306641e+00
5.404564819335937500e+02 -1.104545593261718750e-02 4.762768745422363281e+00 1.673297882080078125e-01 -4.455032348632812500e-01 4.762279033660888672e+00
5.306057128906250000e+02 -1.303770542144775391e-01 4.168564319610595703e+00 2.325801849365234375e-01 1.996402740478515625e-01 3.828991651535034180e+00
1.642416229248046875e+02 3.621196746826171875e-02 4.660002231597900391e+00 7.476272583007812500e-01 1.306110382080078125e+00 3.613797426223754883e+00
5.221166992187500000e+02 9.935274124145507812e-01 7.079260349273681641e+00 -4.654521942138671875e-01 -1.063796997070312500e+00 4.227826595306396484e+00
5.336000366210937500e+02 1.579347133636474609e+00 8.013539314270019531e+00 -7.556343078613281250e-01 -3.532381057739257812e+00 4.054882526397705078e+00
5.376328735351562500e+02 9.835896492004394531e-01 6.580416679382324219e+00 -2.156143188476562500e-01 -1.581750869750976562e+00 3.467464923858642578e+00
5.322000122070312500e+02 7.381045818328857422e-01 6.688612937927246094e+00 1.093395233154296875e+00 5.467880249023437500e+00 6.900993347167968750e+00
5.283739013671875000e+02 3.074464797973632812e-01 5.737748622894287109e+00 -4.509811401367187500e-01 -4.605577468872070312e+00 7.587099075317382812e+00
1.638298950195312500e+02 9.169008731842041016e-01 7.063668251037597656e+00 2.142299652099609375e+00 3.903253555297851562e+00 3.193819046020507812e+00
1.591763153076171875e+02 6.914429664611816406e-01 6.150058746337890625e+00 -2.865428924560546875e-01 -3.377653121948242188e+00 3.667339801788330078e+00
1.408197784423828125e+02 2.676203250885009766e-01 5.437798023223876953e+00 6.943531036376953125e-01 5.252113342285156250e-01 1.420991301536560059e+00
1.722637939453125000e+02 5.107941627502441406e-01 6.194764137268066406e+00 5.015182495117187500e-01 -4.280281066894531250e-02 1.355545520782470703e+00
1.511933135986328125e+02 8.321077823638916016e-01 6.653739929199218750e+00 -1.227493286132812500e-01 -2.246551513671875000e-01 9.939671754837036133e-01
1.739079895019531250e+02 7.096445560455322266e-01 6.483793258666992188e+00 -1.735301971435546875e+00 -4.577273368835449219e+00 1.837739706039428711e+00
5.239325561523437500e+02 1.019896984100341797e+00 7.079093456268310547e+00 -1.633415222167968750e-01 -2.986242294311523438e+00 4.842415809631347656e+00
5.399778442382812500e+02 -8.574724197387695312e-02 4.430830955505371094e+00 8.763504028320312500e-02 -4.844741821289062500e-01 4.285395145416259766e+00
5.072877807617187500e+02 3.654551506042480469e-01 5.690258026123046875e+00 8.195095062255859375e-01 2.240806579589843750e+00 4.945877075195312500e+00
5.265488891601562500e+02 3.073164463043212891e+00 1.105534744262695312e+01 -2.541028976440429688e+00 -1.207733345031738281e+01 4.747569084167480469e+00
5.403981933593750000e+02 -5.749273300170898438e-02 4.701205730438232422e+00 8.917617797851562500e-02 -4.931087493896484375e-01 4.331095695495605469e+00
1.567580871582031250e+02 9.024238586425781250e-02 5.108945846557617188e+00 1.973304748535156250e-01 -2.228801727294921875e+00 2.862177371978759766e+00
5.339052124023437500e+02 -6.943297386169433594e-02 4.743638038635253906e+00 2.241554260253906250e-01 -4.562835693359375000e-01 4.592772960662841797e+00
5.324121704101562500e+02 8.634324073791503906e-01 6.397773742675781250e+00 3.443908691406250000e-01 -1.493759155273437500e+00 4.194565296173095703e+00
5.296729736328125000e+02 1.301455974578857422e+00 7.679354667663574219e+00 -1.883087158203125000e-01 -1.507823944091796875e+00 4.233893394470214844e+00
1.725817871093750000e+02 1.231312751770019531e+00 7.600876808166503906e+00 -6.002655029296875000e-01 -1.771484375000000000e+00 1.764507412910461426e+00
5.305642089843750000e+02 2.140666961669921875e+00 9.121564865112304688e+00 -1.748878479003906250e+00 -4.706966400146484375e+00 2.182149887084960938e+00
5.112109069824218750e+02 -2.201647758483886719e-01 4.623095512390136719e+00 1.133937835693359375e-01 6.931343078613281250e-01 4.912503242492675781e+00
5.287130126953125000e+02 1.270606279373168945e+00 8.145485877990722656e+00 -9.893779754638671875e-01 -4.841327667236328125e+00 3.643827199935913086e+00
1.738301086425781250e+02 5.218753814697265625e-01 6.269702434539794922e+00 -6.826133728027343750e-01 -7.660713195800781250e-01 9.931821823120117188e-01
1.599133758544921875e+02 3.977048397064208984e-01 5.783656120300292969e+00 -1.120925903320312500e+00 -5.152731895446777344e+00 3.262306690216064453e+00
5.303472290039062500e+02 5.618309974670410156e-02 4.761878013610839844e+00 6.510963439941406250e-01 6.509513854980468750e-01 2.936483383178710938e+00
4.980861206054687500e+02 3.810331821441650391e-01 5.418895721435546875e+00 2.083950042724609375e-01 -1.560482025146484375e+00 7.723761558532714844e+00
5.351541748046875000e+02 6.365966796875000000e-02 5.163299560546875000e+00 -5.391159057617187500e-01 -3.987466812133789062e+00 4.526523113250732422e+00
5.573773193359375000e+02 2.306842803955078125e-02 4.670639514923095703e+00 5.018234252929687500e-01 1.500833511352539062e+00 4.327008724212646484e+00
1.759944763183593750e+02 4.605031013488769531e-01 5.860781669616699219e+00 -7.178382873535156250e-01 -5.621386528015136719e+00 4.326811313629150391e+00
4.854100341796875000e+02 3.995439529418945312e+00 1.282126712799072266e+01 4.163597106933593750e+00 1.474224472045898438e+01 4.254258155822753906e+00
5.379131469726562500e+02 -1.656270027160644531e-01 4.536861419677734375e+00 -1.812171936035156250e-02 -2.126195907592773438e+00 4.246577262878417969e+00
5.404216918945312500e+02 3.404549121856689453e+00 1.161086750030517578e+01 -1.159337997436523438e+00 -3.779098510742187500e+00 2.835719108581542969e+00
5.562390136718750000e+02 7.511618137359619141e-01 6.395304679870605469e+00 -1.217819213867187500e+00 -7.765532493591308594e+00 6.360575675964355469e+00
5.291423339843750000e+02 -3.980970382690429688e-02 5.125836372375488281e+00 5.958557128906250000e-02 -1.144107818603515625e+00 5.264237403869628906e+00
5.444720458984375000e+02 3.363227367401123047e+00 1.163794708251953125e+01 -1.852135848999023438e+01 -1.717834281921386719e+01 9.255692958831787109e-01
5.305108032226562500e+02 2.518076896667480469e+00 1.001239776611328125e+01 -6.105809211730957031e+00 -1.129355430603027344e+01 1.835375308990478516e+00
1.453330688476562500e+02 9.690954685211181641e-01 7.180421829223632812e+00 -2.778797149658203125e-01 -5.760326385498046875e-01 3.843178749084472656e+00
5.259415893554687500e+02 3.792946338653564453e-01 6.032441616058349609e+00 1.277893066406250000e+00 6.219657897949218750e+00 6.509457111358642578e+00
5.183250732421875000e+02 1.820864677429199219e+00 8.718112945556640625e+00 3.016365051269531250e+00 6.635375976562500000e+00 2.236679792404174805e+00
5.342506103515625000e+02 3.204779624938964844e-01 5.735073566436767578e+00 1.337926864624023438e+00 7.084617614746093750e+00 6.672262191772460938e+00
5.262429199218750000e+02 -1.257805824279785156e-01 4.949129104614257812e+00 -2.865447998046875000e-01 -1.957517623901367188e+00 9.074925422668457031e+00
5.411230468750000000e+02 1.466839313507080078e+00 8.042923927307128906e+00 1.954986572265625000e+00 7.497751235961914062e+00 3.967505455017089844e+00
5.321702880859375000e+02 3.257297992706298828e+00 1.133633613586425781e+01 8.132362365722656250e-01 2.231939315795898438e+00 3.431463003158569336e+00
5.314020385742187500e+02 1.284620761871337891e+00 7.413906097412109375e+00 -2.244333267211914062e+00 -2.726612091064453125e+00 1.050720095634460449e+00
5.329304809570312500e+02 1.185496568679809570e+00 7.581892013549804688e+00 -1.535358428955078125e+00 -5.484987258911132812e+00 3.046927213668823242e+00
5.031327209472656250e+02 -2.198954820632934570e-01 4.455815315246582031e+00 4.077453613281250000e-01 1.483211517333984375e+00 5.102805137634277344e+00
1.794084472656250000e+02 3.621940612792968750e-01 5.743982315063476562e+00 8.283138275146484375e-01 3.604278564453125000e-01 1.463404893875122070e+00
1.652460021972656250e+02 7.476000785827636719e-01 6.117982864379882812e+00 5.196342468261718750e-01 5.448322296142578125e-01 2.122248172760009766e+00
5.426968994140625000e+02 -1.460413932800292969e-01 4.408770561218261719e+00 4.720764160156250000e-01 8.432388305664062500e-01 2.710492372512817383e+00
5.377662353515625000e+02 9.090120792388916016e-01 6.625837326049804688e+00 -4.399471282958984375e-01 -1.574428558349609375e+00 5.082821846008300781e+00
1.654743652343750000e+02 2.885818481445312500e-01 5.245956897735595703e+00 -3.426342010498046875e-01 -3.202016830444335938e+00 3.622295856475830078e+00
4.774508056640625000e+02 8.656697273254394531e-01 6.401996135711669922e+00 -1.073310852050781250e+00 -8.088533401489257812e+00 4.874745845794677734e+00
5.115138549804687500e+02 2.281782627105712891e-01 4.850958824157714844e+00 -2.247810363769531250e-01 -3.341484069824218750e-01 4.056993007659912109e+00
5.382984008789062500e+02 2.806987762451171875e-01 5.417871475219726562e+00 1.372947692871093750e-01 5.858840942382812500e-01 2.558273077011108398e+00
4.849190368652343750e+02 5.996534824371337891e-01 5.937592029571533203e+00 7.659511566162109375e-01 1.538230895996093750e+00 4.716143131256103516e+00
5.313674926757812500e+02 9.406976699829101562e-01 7.120390892028808594e+00 -2.358417510986328125e-01 -2.053083419799804688e+00 4.342907905578613281e+00
5.391949462890625000e+02 8.585085868835449219e-01 6.632158756256103516e+00 2.727909088134765625e-01 3.318901062011718750e-01 4.614531040191650391e+00
5.256170043945312500e+02 1.008160114288330078e+00 7.117595672607421875e+00 -6.009731292724609375e-01 -4.430199623107910156e+00 4.333940505981445312e+00
5.326409912109375000e+02 9.888551235198974609e-01 6.774749755859375000e+00 -5.266361236572265625e-01 -3.384838104248046875e+00 3.981051445007324219e+00
5.298541259765625000e+02 2.835001945495605469e-01 5.279654502868652344e+00 1.011428833007812500e-01 -8.679599761962890625e-01 4.563633918762207031e+00
5.380968627929687500e+02 9.972627162933349609e-01 6.952074050903320312e+00 1.892326354980468750e+00 8.495893478393554688e+00 5.115676403045654297e+00
5.317786254882812500e+02 4.553432464599609375e-01 5.465669155120849609e+00 3.319129943847656250e-01 -3.418903350830078125e-01 3.765472412109375000e+00
1.753161621093750000e+02 4.108927249908447266e-01 5.623200893402099609e+00 6.427040100097656250e-01 9.569931030273437500e-02 7.410399913787841797e-01
5.204491577148437500e+02 4.632008075714111328e-01 5.882033348083496094e+00 1.810451507568359375e+00 5.104600906372070312e+00 2.499344825744628906e+00
5.307616577148437500e+02 2.058546066284179688e+00 9.228374481201171875e+00 3.031959533691406250e-01 5.145359039306640625e-01 4.545883655548095703e+00
5.302120361328125000e+02 -1.959085464477539062e-02 4.978765964508056641e+00 -2.086563110351562500e-01 -3.029211044311523438e+00 8.646305084228515625e+00
1.431749572753906250e+02 2.516722679138183594e-01 5.484064579010009766e+00 5.044670104980468750e-01 1.729522705078125000e+00 3.149075746536254883e+00
5.385749511718750000e+02 6.081104278564453125e-01 6.626561641693115234e+00 1.719675064086914062e+00 2.247507095336914062e+00 1.530795335769653320e+00
5.021604003906250000e+02 1.029061794281005859e+00 6.854218006134033203e+00 -5.701942443847656250e-01 -2.552179336547851562e+00 4.316167354583740234e+00
5.271627197265625000e+02 1.087002754211425781e-01 4.826078891754150391e+00 -5.828113555908203125e-01 -1.003343582153320312e+00 2.918126106262207031e+00
5.383543701171875000e+02 4.536170959472656250e-01 6.135451316833496094e+00 -2.179050445556640625e-01 -3.067108154296875000e+00 4.298277854919433594e+00
5.301463623046875000e+02 4.976892471313476562e-01 5.644165515899658203e+00 1.616138458251953125e+00 6.736146926879882812e+00 4.347920417785644531e+00
5.468870849609375000e+02 4.780616760253906250e-01 5.658350944519042969e+00 -2.861022949218750000e-02 -8.717651367187500000e-01 4.293188095092773438e+00
5.342052612304687500e+02 -5.363321304321289062e-02 4.910018920898437500e+00 2.763175964355468750e-01 8.332481384277343750e-01 3.964159250259399414e+00
5.321423339843750000e+02 7.023916244506835938e-01 6.593057155609130859e+00 -1.039031982421875000e+00 -9.859386444091796875e+00 6.958839416503906250e+00
4.852250976562500000e+02 1.338489532470703125e+00 7.493227481842041016e+00 9.005393981933593750e-01 1.730693817138671875e+00 4.337894439697265625e+00
5.402781982421875000e+02 -1.078445911407470703e-01 4.770559310913085938e+00 -1.322288513183593750e-01 -1.837011337280273438e+00 7.834530830383300781e+00
1.747434997558593750e+02 6.163384914398193359e-01 5.861241340637207031e+00 -1.111909866333007812e+00 -6.639876365661621094e+00 4.241325855255126953e+00
1.634819335937500000e+02 1.608895063400268555e+00 8.143396377563476562e+00 -1.176364898681640625e+00 -8.782652854919433594e+00 4.807970046997070312e+00
5.263644409179687500e+02 -1.549608707427978516e-01 4.321649074554443359e+00 4.573822021484375000e-02 -2.019653320312500000e-01 3.442139148712158203e+00
5.240905761718750000e+02 1.729588508605957031e-01 5.222780227661132812e+00 1.119022369384765625e-01 9.087982177734375000e-01 2.956364393234252930e+00
5.056325988769531250e+02 9.440555572509765625e-01 7.065565109252929688e+00 -5.760955810546875000e-02 -4.256114959716796875e-01 7.396073341369628906e+00
5.339566650390625000e+02 2.219189167022705078e+00 9.296594619750976562e+00 -6.457099914550781250e-01 -2.555650711059570312e+00 3.358837604522705078e+00
5.339532470703125000e+02 1.565716266632080078e-01 5.201364994049072266e+00 3.088989257812500000e-01 -3.007888793945312500e-02 2.891058444976806641e+00
5.285407104492187500e+02 1.114537715911865234e+00 7.494264602661132812e+00 -1.480426788330078125e-01 -3.507003784179687500e-01 5.297710895538330078e+00
4.878694458007812500e+02 1.092106342315673828e+00 7.043746948242187500e+00 2.873432159423828125e+00 5.148960113525390625e+00 2.349099874496459961e+00
5.421029663085937500e+02 2.166821956634521484e-01 5.185358524322509766e+00 -2.971153259277343750e-01 -1.358964920043945312e+00 5.076198577880859375e+00
5.284238891601562500e+02 1.126549482345581055e+00 7.001758575439453125e+00 1.118564605712890625e-01 -6.095199584960937500e-01 2.496182680130004883e+00
1.712739410400390625e+02 6.764695644378662109e-01 6.383820533752441406e+00 -1.291019439697265625e+00 -4.415921211242675781e+00 3.289809703826904297e+00
5.303292846679687500e+02 3.697443008422851562e-02 4.702294349670410156e+00 -1.600093841552734375e-01 -2.903097152709960938e+00 4.542138099670410156e+00
5.361074218750000000e+02 2.981085777282714844e-01 5.613411903381347656e+00 5.825424194335937500e-02 -5.095252990722656250e-01 5.212845802307128906e+00
5.322291259765625000e+02 1.615649223327636719e+00 8.064971923828125000e+00 6.350746154785156250e-01 -1.533889770507812500e-01 1.763278841972351074e+00
5.440637207031250000e+02 6.722619533538818359e-01 6.170672893524169922e+00 -1.220870971679687500e+00 -8.305513381958007812e+00 6.651846885681152344e+00
1.707052307128906250e+02 5.870738029479980469e-01 6.214490890502929688e+00 1.952648162841796875e-01 -1.926380157470703125e+00 5.944807529449462891e+00
1.609647979736328125e+02 5.760629177093505859e-01 6.082085609436035156e+00 2.280769348144531250e-01 -3.484443664550781250e+00 4.781071662902832031e+00
5.290388183593750000e+02 1.945801258087158203e+00 9.047392845153808594e+00 4.251861572265625000e+00 5.689077377319335938e+00 1.596901416778564453e+00
5.439123535156250000e+02 1.631522178649902344e-02 4.752550125122070312e+00 -5.593223571777343750e-01 -2.018358230590820312e+00 3.009240627288818359e+00
5.300808715820312500e+02 7.753944396972656250e-02 4.741754531860351562e+00 -6.526985168457031250e-01 -3.586105346679687500e+00 3.025870800018310547e+00
4.903042297363281250e+02 8.862068653106689453e-01 6.767564773559570312e+00 2.480319976806640625e+00 6.443473815917968750e+00 3.044812679290771484e+00
5.282443847656250000e+02 1.180740118026733398e+00 7.161455631256103516e+00 -1.400032043457031250e-01 -1.195152282714843750e+00 4.022454261779785156e+00
5.333264770507812500e+02 5.970520973205566406e-01 6.016923904418945312e+00 8.953590393066406250e-01 1.538761138916015625e+00 2.732295036315917969e+00
1.348470306396484375e+02 2.381193637847900391e-01 5.320298194885253906e+00 9.679794311523437500e-02 -3.786373138427734375e-01 1.707432508468627930e+00
5.289298095703125000e+02 -7.209372520446777344e-02 4.661080360412597656e+00 1.681804656982421875e-01 -3.581657409667968750e-01 3.005144596099853516e+00
1.651895446777343750e+02 3.161320686340332031e-01 5.947968006134033203e+00 5.548515319824218750e-01 -8.865928649902343750e-02 1.069289565086364746e+00
5.540067749023437500e+02 1.719990015029907227e+00 8.310965538024902344e+00 4.568439483642578125e+00 5.962751388549804688e+00 1.348796963691711426e+00
1.520383300781250000e+02 2.529075145721435547e-01 5.604043960571289062e+00 -6.470336914062500000e-01 -1.517263412475585938e+00 1.307681322097778320e+00
1.776031036376953125e+02 3.627014160156250000e-02 5.074826240539550781e+00 1.808834075927734375e-01 -4.413642883300781250e-01 9.284746050834655762e-01
5.298491821289062500e+02 1.437005996704101562e+00 7.611147880554199219e+00 5.922164916992187500e-01 1.030052185058593750e+00 1.667321801185607910e+00
5.323908081054687500e+02 5.493493080139160156e-01 5.978880405426025391e+00 -4.824085235595703125e-01 -3.422605514526367188e+00 4.270529270172119141e+00
5.007510681152343750e+02 1.544376850128173828e+00 8.289720535278320312e+00 -1.999700546264648438e+00 -3.779243469238281250e+00 1.605320930480957031e+00
1.565498352050781250e+02 9.232110977172851562e-01 6.969882011413574219e+00 2.971191406250000000e-01 -5.521774291992187500e-01 1.420930504798889160e+00
5.319059448242187500e+02 3.787660598754882812e-01 6.097363948822021484e+00 5.633926391601562500e-02 -1.913192749023437500e+00 7.414632797241210938e+00
5.338947143554687500e+02 1.169170856475830078e+00 7.427682876586914062e+00 -4.388940811157226562e+00 -6.826046943664550781e+00 1.325827836990356445e+00
5.337200317382812500e+02 7.902293205261230469e-01 6.605121612548828125e+00 1.211330413818359375e+00 6.570613861083984375e+00 6.540245532989501953e+00
5.309620361328125000e+02 5.847930908203125000e-01 6.289466857910156250e+00 4.718475341796875000e-01 1.421300888061523438e+00 5.040727615356445312e+00
1.429138488769531250e+02 7.602190971374511719e-01 6.552476406097412109e+00 1.497535705566406250e-01 -3.387336730957031250e-01 1.504438042640686035e+00
5.331083374023437500e+02 1.163670063018798828e+00 7.228448867797851562e+00 -1.231613159179687500e-01 -1.368839263916015625e+00 2.646813154220581055e+00
1.295100250244140625e+02 1.314697265625000000e-01 4.985287666320800781e+00 1.422138214111328125e-01 -6.285629272460937500e-01 1.669437885284423828e+00
1.381095123291015625e+02 1.407810211181640625e+00 7.614352703094482422e+00 -3.918155670166015625e+00 -9.757304191589355469e+00 2.078654527664184570e+00
1.508207702636718750e+02 2.201447486877441406e-01 5.533196449279785156e+00 -2.971572875976562500e-01 -2.527196884155273438e+00 3.059389829635620117e+00
5.412995605468750000e+02 -3.676891326904296875e-03 4.386856079101562500e+00 1.956748962402343750e-01 1.213712692260742188e+00 3.011672258377075195e+00
5.212082519531250000e+02 5.546879768371582031e-01 6.005402565002441406e+00 -3.098106384277343750e-01 -1.805198669433593750e+00 4.552313327789306641e+00
5.543339233398437500e+02 3.122563362121582031e-01 5.646877765655517578e+00 4.335498809814453125e-01 2.215902328491210938e+00 4.961672782897949219e+00
4.809690551757812500e+02 3.313863277435302734e+00 1.162599372863769531e+01 -1.273212432861328125e-01 -3.506067276000976562e+00 3.708474874496459961e+00
5.405200805664062500e+02 1.311560392379760742e+00 7.844253540039062500e+00 1.339637756347656250e+00 5.129013061523437500e+00 5.029187202453613281e+00
1.588799591064453125e+02 7.675051689147949219e-01 6.277166843414306641e+00 7.894248962402343750e-01 9.309883117675781250e-01 1.967215418815612793e+00
1.530336761474609375e+02 -1.043466329574584961e-01 4.600403308868408203e+00 2.220649719238281250e-01 -7.171440124511718750e-01 4.164923191070556641e+00
5.285823364257812500e+02 3.817468643188476562e+00 1.297179126739501953e+01 -2.497425079345703125e+00 -3.774427413940429688e+00 1.330394983291625977e+00
5.287823486328125000e+02 1.270671844482421875e+00 7.823382854461669922e+00 1.056480407714843750e-01 -4.413127899169921875e-01 6.101006507873535156e+00
5.296786499023437500e+02 2.721045017242431641e-01 5.798020362854003906e+00 -2.547702789306640625e-01 -3.836362838745117188e+00 8.202862739562988281e+00
5.304638671875000000e+02 1.458864688873291016e+00 7.973670959472656250e+00 -7.463531494140625000e-01 -2.638574600219726562e+00 2.936121225357055664e+00
5.313928833007812500e+02 -2.820017337799072266e-01 4.272100448608398438e+00 3.738822937011718750e-01 1.299049377441406250e+00 3.849068641662597656e+00
5.218182983398437500e+02 8.582592010498046875e-02 4.929442405700683594e+00 -3.210754394531250000e-01 -1.341356277465820312e+00 1.858828067779541016e+00
5.240009155273437500e+02 2.819743156433105469e-01 5.498365402221679688e+00 8.823966979980468750e-01 1.544155120849609375e+00 4.248409748077392578e+00
5.364309692382812500e+02 -2.205929756164550781e-01 4.663836479187011719e+00 -3.010101318359375000e-01 -1.005626678466796875e+00 2.585494041442871094e+00
5.258923339843750000e+02 1.508453130722045898e+00 8.007239341735839844e+00 -6.236495971679687500e-01 -1.421545028686523438e+00 2.425963640213012695e+00
5.030972900390625000e+02 6.833925247192382812e-01 6.216385364532470703e+00 -5.127887725830078125e-01 -6.532492637634277344e+00 6.809957027435302734e+00
5.330580444335937500e+02 1.833134174346923828e+00 8.831809997558593750e+00 3.167598724365234375e+00 1.339028167724609375e+01 5.082244396209716797e+00
5.325089721679687500e+02 1.219397068023681641e+00 7.489812850952148438e+00 8.750743865966796875e-01 1.064184188842773438e+00 3.216514587402343750e+00
5.299854125976562500e+02 1.523999929428100586e+00 8.157572746276855469e+00 3.916797637939453125e+00 5.956005096435546875e+00 1.892047405242919922e+00
5.069158020019531250e+02 1.556575298309326172e+00 8.147948265075683594e+00 5.727863311767578125e-01 8.329010009765625000e-02 7.887885570526123047e-01
1.584405059814453125e+02 -5.694317817687988281e-02 4.854097366333007812e+00 -1.290359497070312500e-01 -1.276535034179687500e+00 4.536736011505126953e+00
1.479049987792968750e+02 3.707060813903808594e-01 5.653941154479980469e+00 4.357070922851562500e-01 -5.840187072753906250e-01 3.708395719528198242e+00
1.575511169433593750e+02 9.739656448364257812e-01 6.918798446655273438e+00 7.242221832275390625e-01 7.118625640869140625e-01 9.566075801849365234e-01
1.681667022705078125e+02 7.972435951232910156e-01 6.527882575988769531e+00 6.960144042968750000e-01 3.897476196289062500e-02 1.834472417831420898e+00
5.206127929687500000e+02 4.768574237823486328e-01 5.953052997589111328e+00 8.119163513183593750e-01 6.071704864501953125e+00 6.957563400268554688e+00
5.300207519531250000e+02 5.264139175415039062e-02 4.871978759765625000e+00 -3.295001983642578125e-01 -4.327001571655273438e+00 8.297945022583007812e+00
1.465310516357421875e+02 7.004413604736328125e-01 6.086746215820312500e+00 3.201217651367187500e-01 -7.397956848144531250e-01 3.134005069732666016e+00
5.224561157226562500e+02 1.167806625366210938e+00 7.399585247039794922e+00 -3.288574218750000000e-01 -1.970033645629882812e+00 3.420029163360595703e+00
5.336817016601562500e+02 1.359130859375000000e+00 7.591897964477539062e+00 -7.536449432373046875e-01 -3.407442092895507812e+00 3.546399831771850586e+00
5.309616699218750000e+02 2.246551513671875000e-01 5.239407062530517578e+00 -9.085845947265625000e-02 -2.847087860107421875e+00 3.759474277496337891e+00
5.400941162109375000e+02 -2.059667110443115234e-01 4.604785442352294922e+00 -5.268287658691406250e-02 -6.611366271972656250e-01 2.964636325836181641e+00
5.367688598632812500e+02 6.126370429992675781e-01 6.060919761657714844e+00 3.920288085937500000e-01 -2.365722656250000000e-01 3.473787784576416016e+00
5.289916381835937500e+02 7.894775867462158203e-01 6.527956008911132812e+00 -1.233003616333007812e+00 -1.045936965942382812e+01 7.959536552429199219e+00
5.337091674804687500e+02 5.140066146850585938e-01 6.060238838195800781e+00 -8.226356506347656250e-01 -7.797882080078125000e+00 7.710339546203613281e+00
1.825935974121093750e+02 4.929726123809814453e-01 6.217277526855468750e+00 -6.939468383789062500e-01 -1.074291610717773438e+01 9.540616989135742188e+00
1.464169464111328125e+02 8.373293876647949219e-01 6.416984558105468750e+00 -5.470046997070312500e-01 -1.250303268432617188e+00 1.885812044143676758e+00
5.064419860839843750e+02 4.100751876831054688e-02 4.810238361358642578e+00 -1.607933044433593750e-01 -1.188068389892578125e+00 3.518513441085815430e+00
5.301034545898437500e+02 1.209653377532958984e+00 7.540658950805664062e+00 -1.079597473144531250e-01 -1.790622711181640625e+00 4.704683303833007812e+00
5.253326416015625000e+02 9.390268325805664062e-01 6.763167858123779297e+00 1.424716949462890625e+00 5.087957382202148438e+00 4.596258163452148438e+00
5.279137573242187500e+02 5.252742767333984375e-02 5.038518905639648438e+00 -2.609500885009765625e-01 -3.247997283935546875e+00 8.454946517944335938e+00
1.609881134033203125e+02 4.281594753265380859e-01 6.132789611816406250e+00 -9.015846252441406250e-01 -8.346914291381835938e+00 6.438989639282226562e+00
5.329346313476562500e+02 2.593421936035156250e-02 4.666333198547363281e+00 3.562583923339843750e-01 8.681297302246093750e-01 3.875493526458740234e+00
5.365045776367187500e+02 3.361392974853515625e+00 1.159373283386230469e+01 -4.134941101074218750e-02 -2.599033355712890625e+00 7.844362735748291016e+00
1.431186523437500000e+02 4.865965843200683594e-01 5.888537883758544922e+00 2.289352416992187500e+00 2.117801666259765625e+00 1.308553934097290039e+00
5.284855957031250000e+02 4.571588039398193359e-01 5.938591003417968750e+00 1.001298904418945312e+00 5.166553497314453125e+00 5.902838706970214844e+00
5.321103515625000000e+02 7.461783885955810547e-01 6.718533515930175781e+00 -6.878890991210937500e-01 -8.115795135498046875e+00 8.240271568298339844e+00
5.365510864257812500e+02 1.498744010925292969e+00 7.510863304138183594e+00 -1.417152404785156250e+00 -6.187319755554199219e+00 3.993777036666870117e+00
1.653158264160156250e+02 2.530157566070556641e-01 5.647568702697753906e+00 7.428474426269531250e-01 -6.029319763183593750e-02 1.629932880401611328e+00
5.335242919921875000e+02 7.996315956115722656e-01 6.721630096435546875e+00 -1.096179962158203125e+00 -4.133439064025878906e+00 3.108645439147949219e+00
1.794270019531250000e+02 -2.490679025650024414e-01 4.217015743255615234e+00 2.087898254394531250e-01 -1.293365478515625000e+00 4.261171817779541016e+00
5.182552490234375000e+02 1.664123535156250000e+00 8.402698516845703125e+00 -1.996868133544921875e+00 -7.839093208312988281e+00 3.733904600143432617e+00
5.400285034179687500e+02 -1.199300289154052734e-01 4.472032546997070312e+00 -1.501388549804687500e-01 -1.414871215820312500e-01 3.981261730194091797e+00
5.321767578125000000e+02 -1.297197341918945312e-01 4.154778480529785156e+00 3.607273101806640625e-01 3.429412841796875000e-01 3.702029943466186523e+00
5.167346191406250000e+02 1.598425388336181641e+00 7.757059574127197266e+00 -1.169984817504882812e+00 -3.765922546386718750e+00 3.357470273971557617e+00
5.294044799804687500e+02 8.410375118255615234e-01 6.678271293640136719e+00 6.833362579345703125e-01 1.694910049438476562e+00 4.299955844879150391e+00
1.468817749023437500e+02 3.315868377685546875e+00 1.162558746337890625e+01 4.808624267578125000e+00 1.470839309692382812e+01 3.403939723968505859e+00
5.351587524414062500e+02 9.686183929443359375e-01 7.034462928771972656e+00 -8.400173187255859375e-01 -7.807554244995117188e+00 7.315351963043212891e+00
5.332785034179687500e+02 2.033589839935302734e+00 9.088169097900390625e+00 -2.351358413696289062e+00 -9.878883361816406250e+00 3.774592638015747070e+00
4.847638549804687500e+02 2.929606437683105469e-01 4.785878181457519531e+00 3.647232055664062500e-02 -1.016923904418945312e+00 2.599837541580200195e+00
5.213959960937500000e+02 1.257661342620849609e+00 7.240302085876464844e+00 -8.732738494873046875e-01 -2.607328414916992188e+00 3.247200489044189453e+00
5.242439575195312500e+02 1.459040164947509766e+00 8.222457885742187500e+00 1.366252899169921875e-01 5.844116210937500000e-02 5.779361248016357422e+00
5.284856567382812500e+02 8.026750087738037109e-01 6.498239040374755859e+00 1.243801116943359375e-01 1.153114318847656250e+00 4.413241386413574219e+00
5.411675415039062500e+02 1.672831773757934570e+00 8.259674072265625000e+00 1.579246520996093750e-01 1.809806823730468750e-01 1.511413931846618652e+00
5.238413696289062500e+02 8.486428260803222656e-01 6.787680149078369141e+00 1.689090728759765625e+00 1.180393600463867188e+01 7.312913894653320312e+00
1.731447296142578125e+02 1.546397686004638672e+00 7.958935260772705078e+00 -2.565992355346679688e+00 -1.347421836853027344e+01 4.808013439178466797e+00
1.755554656982421875e+02 8.492050170898437500e-01 6.629737854003906250e+00 -8.337821960449218750e-01 -4.584021568298339844e+00 3.412280559539794922e+00
5.442247314453125000e+02 2.198596000671386719e-01 5.693539142608642578e+00 -2.350349426269531250e-01 -7.565307617187500000e-01 1.894803762435913086e+00
5.282104492187500000e+02 1.039453506469726562e+00 6.905287265777587891e+00 1.459304809570312500e+00 4.015090942382812500e+00 3.537980318069458008e+00
5.281390380859375000e+02 1.432926416397094727e+00 7.798625469207763672e+00 6.480255126953125000e-01 8.709945678710937500e-01 3.671762466430664062e+00
5.311447753906250000e+02 1.810096740722656250e+00 8.686172485351562500e+00 2.664415359497070312e+00 5.180309295654296875e+00 2.128359317779541016e+00
5.588362426757812500e+02 1.718089580535888672e-01 5.279466629028320312e+00 3.662662506103515625e-01 4.746799468994140625e-01 2.207148551940917969e+00
1.808205718994140625e+02 2.174625396728515625e-01 5.166512489318847656e+00 1.367969512939453125e+00 8.285560607910156250e-01 1.273096561431884766e+00
1.352138366699218750e+02 6.738882064819335938e-01 6.348594188690185547e+00 -1.545095443725585938e+00 -1.418268203735351562e+00 9.952600002288818359e-01
5.251533813476562500e+02 2.911677360534667969e+00 1.085518074035644531e+01 -1.070053291320800781e+01 -1.471680641174316406e+01 1.327351570129394531e+00
5.330583496093750000e+02 3.427090644836425781e-01 5.739778518676757812e+00 -4.990768432617187500e-02 -7.935905456542968750e-01 4.207058429718017578e+00
5.350400390625000000e+02 1.368153095245361328e+00 7.613736629486083984e+00 5.793075561523437500e-01 1.185243606567382812e+00 3.630291461944580078e+00
5.270235595703125000e+02 3.430485725402832031e-02 4.861669540405273438e+00 -3.138618469238281250e-01 -1.040040969848632812e+00 3.912687063217163086e+00
5.371853027343750000e+02 1.105413436889648438e+00 7.273816585540771484e+00 8.665447235107421875e-01 1.368883132934570312e+00 3.386281013488769531e+00
5.297039184570312500e+02 4.683766365051269531e-01 5.588887214660644531e+00 4.694652557373046875e-01 2.688520431518554688e+00 4.783245086669921875e+00
5.362355957031250000e+02 8.087596893310546875e-01 7.012432575225830078e+00 -1.473121643066406250e-01 -2.942520141601562500e+00 4.533833503723144531e+00
1.751319122314453125e+02 1.641459465026855469e-01 5.041311740875244141e+00 7.721118927001953125e-01 2.141933441162109375e+00 3.844936847686767578e+00
5.305615234375000000e+02 3.510728836059570312e+00 1.148226070404052734e+01 5.101192474365234375e+00 1.220913314819335938e+01 2.682606220245361328e+00
1.710898742675781250e+02 1.400286436080932617e+00 7.646836757659912109e+00 -1.109424591064453125e+00 -2.917991638183593750e+00 1.627711534500122070e+00
5.285379638671875000e+02 1.134125471115112305e+00 7.131789207458496094e+00 -6.359462738037109375e-01 -4.080127716064453125e+00 3.883032321929931641e+00
5.301101074218750000e+02 3.830942630767822266e+00 1.306895637512207031e+01 -1.677711486816406250e+00 -4.629274368286132812e+00 2.253959417343139648e+00
5.286579589843750000e+02 2.206116676330566406e+00 9.263111114501953125e+00 -1.278791427612304688e+00 -4.887983322143554688e+00 3.423297405242919922e+00
1.465853118896484375e+02 4.241456985473632812e-01 5.674020767211914062e+00 2.241783142089843750e-01 -2.060953140258789062e+00 4.410459518432617188e+00
1.491247253417968750e+02 8.753824234008789062e-01 6.749825477600097656e+00 1.345039367675781250e+00 5.072801589965820312e+00 3.716471195220947266e+00
5.278637695312500000e+02 8.169841766357421875e-01 6.795103549957275391e+00 -2.506370544433593750e+00 -9.456733703613281250e+00 3.584165573120117188e+00
5.314080810546875000e+02 4.129569530487060547e-01 5.864316463470458984e+00 1.491317749023437500e-01 -2.380241394042968750e+00 8.744001388549804688e+00
4.888135375976562500e+02 7.081453800201416016e-01 6.009960174560546875e+00 -4.200439453125000000e-01 -4.861627578735351562e+00 6.721137046813964844e+00
5.281967163085937500e+02 3.326454162597656250e+00 1.136570549011230469e+01 4.242639541625976562e+00 1.224299240112304688e+01 3.549743652343750000e+00
5.346481933593750000e+02 8.041906356811523438e-01 6.793939590454101562e+00 -1.412849426269531250e-01 -2.036418914794921875e+00 4.711842536926269531e+00
1.761046142578125000e+02 5.931329727172851562e-02 4.883723258972167969e+00 6.271514892578125000e-01 6.681652069091796875e-01 1.665220856666564941e+00
1.703687744140625000e+02 -1.370429992675781250e-01 4.489213943481445312e+00 9.945220947265625000e-01 8.317222595214843750e-01 3.335288524627685547e+00
5.322634887695312500e+02 3.008818626403808594e-01 5.562580108642578125e+00 7.419052124023437500e-01 3.111587524414062500e+00 7.030024528503417969e+00
5.283158569335937500e+02 -6.849741935729980469e-02 4.463115215301513672e+00 4.580974578857421875e-01 5.805492401123046875e-01 4.236565589904785156e+00
5.279965209960937500e+02 5.734980106353759766e-01 6.328914642333984375e+00 -9.955482482910156250e-01 -8.032493591308593750e+00 6.559841632843017578e+00
5.326481933593750000e+02 1.068599700927734375e+00 6.875580310821533203e+00 2.164039611816406250e-01 -6.599273681640625000e-01 4.587298870086669922e+00
5.301105346679687500e+02 9.503221511840820312e-02 4.981060981750488281e+00 -5.225563049316406250e-02 -2.041757583618164062e+00 5.840170383453369141e+00
5.471087036132812500e+02 1.702492237091064453e-01 5.066263198852539062e+00 -4.449405670166015625e-01 -1.157344818115234375e+00 2.563353538513183594e+00
1.772382354736328125e+02 1.690297126770019531e-01 5.367177963256835938e+00 1.231729507446289062e+00 1.229784011840820312e+00 2.053739786148071289e+00
5.332061157226562500e+02 -8.888959884643554688e-02 4.876210212707519531e+00 -3.934040069580078125e-01 -4.657429695129394531e+00 7.900037288665771484e+00
5.318055419921875000e+02 9.831860065460205078e-01 6.963745594024658203e+00 2.511058807373046875e+00 4.548526763916015625e+00 2.183021545410156250e+00
5.173300781250000000e+02 3.203501701354980469e+00 1.133941936492919922e+01 -6.803531646728515625e-01 -2.206689834594726562e+00 2.475734949111938477e+00
5.296326293945312500e+02 2.634045600891113281e+00 1.025967884063720703e+01 2.221446990966796875e+00 8.318595886230468750e+00 4.764975547790527344e+00
5.362918701171875000e+02 4.774339199066162109e-01 5.783858776092529297e+00 -1.770572662353515625e-01 -2.475675582885742188e+00 3.692588329315185547e+00
5.540691528320312500e+02 1.988326787948608398e+00 9.246818542480468750e+00 -1.072465896606445312e+00 -2.339344024658203125e+00 1.597900509834289551e+00
5.372277221679687500e+02 3.769289016723632812e+00 1.212486648559570312e+01 6.614665985107421875e+00 9.454011917114257812e+00 1.479788422584533691e+00
1.464637756347656250e+02 4.722566604614257812e-01 5.417104244232177734e+00 1.146133422851562500e+00 3.584480285644531250e-01 1.848516941070556641e+00
5.357100219726562500e+02 -1.830482482910156250e-01 4.823032379150390625e+00 3.518505096435546875e-01 4.392414093017578125e-01 3.963875532150268555e+00
5.373048095703125000e+02 3.125916957855224609e+00 1.114576339721679688e+01 7.381174087524414062e+00 1.292396163940429688e+01 1.836017370223999023e+00
1.526689910888671875e+02 3.211521625518798828e+00 1.160840034484863281e+01 3.379615783691406250e+00 6.762456893920898438e+00 2.113862037658691406e+00
5.553311767578125000e+02 1.001630306243896484e+00 6.644385337829589844e+00 -3.910766601562500000e+00 -7.900625228881835938e+00 1.976786971092224121e+00
5.322405395507812500e+02 8.226783275604248047e-01 6.642970085144042969e+00 1.168491363525390625e+00 7.499805450439453125e+00 6.455784320831298828e+00
1.551216430664062500e+02 9.338464736938476562e-01 6.705164909362792969e+00 7.064533233642578125e-01 4.375362396240234375e-01 1.678534746170043945e+00
5.248839111328125000e+02 8.707144260406494141e-01 6.823707103729248047e+00 5.463237762451171875e-01 1.187572479248046875e+00 3.375502109527587891e+00
1.530351562500000000e+02 1.851482391357421875e-01 5.076647758483886719e+00 1.684570312500000000e-01 -2.153606414794921875e-01 3.768396377563476562e+00
1.524479827880859375e+02 1.470165252685546875e-01 5.108850479125976562e+00 -2.364349365234375000e-02 -3.643953323364257812e+00 4.266677379608154297e+00
5.245850219726562500e+02 3.119971752166748047e-01 5.270596027374267578e+00 3.079757690429687500e-01 3.282527923583984375e-01 4.144738197326660156e+00
5.504938354492187500e+02 6.814146041870117188e-01 6.253721714019775391e+00 9.854736328125000000e-01 4.348726272583007812e+00 4.453041553497314453e+00
1.372981262207031250e+02 6.513483524322509766e-01 6.372235298156738281e+00 -1.170284271240234375e+00 -3.786376953125000000e+00 2.546918630599975586e+00
1.542155151367187500e+02 1.010559082031250000e+00 6.729652404785156250e+00 -7.672195434570312500e-01 -1.108772277832031250e+00 1.295067191123962402e+00
5.326028442382812500e+02 1.573252439498901367e+00 7.993861675262451172e+00 1.753616333007812500e-02 -1.555812835693359375e+00 4.390819549560546875e+00
5.251561889648437500e+02 -1.010571718215942383e-01 4.613243103027343750e+00 3.501491546630859375e-01 5.978851318359375000e-01 3.523156166076660156e+00
5.315343017578125000e+02 1.556831598281860352e+00 7.857732772827148438e+00 3.946151733398437500e+00 3.832477569580078125e+00 1.036787271499633789e+00
5.386900634765625000e+02 9.143705368041992188e-01 6.831157207489013672e+00 -2.076454162597656250e-01 -9.660949707031250000e-01 5.853747844696044922e+00
5.350454711914062500e+02 1.143398284912109375e-01 5.157917022705078125e+00 6.394577026367187500e-02 -8.652763366699218750e-01 3.570728302001953125e+00
5.315057373046875000e+02 2.567639350891113281e-01 5.234529018402099609e+00 7.112617492675781250e-01 2.174570083618164062e+00 5.028967857360839844e+00
1.642428436279296875e+02 1.271593570709228516e-01 4.991126060485839844e+00 -3.711471557617187500e-01 -4.457738876342773438e+00 5.411038398742675781e+00
1.477467346191406250e+02 -1.160242557525634766e-01 4.965737819671630859e+00 2.806892395019531250e-01 -5.212516784667968750e-01 2.979500055313110352e+00
5.347871093750000000e+02 -9.100604057312011719e-02 5.151526451110839844e+00 4.462814331054687500e-02 -2.989637374877929688e+00 8.388044357299804688e+00
5.244325561523437500e+02 1.078841209411621094e+00 7.121280193328857422e+00 3.093624114990234375e-01 1.869392395019531250e-02 3.852223157882690430e+00
5.284525146484375000e+02 2.080488204956054688e-02 4.613158226013183594e+00 7.151870727539062500e-01 1.353061676025390625e+00 3.239180564880371094e+00
1.753377990722656250e+02 -4.849267005920410156e-02 4.697136878967285156e+00 1.208724975585937500e-01 -1.531814575195312500e+00 3.845423460006713867e+00
5.368617553710937500e+02 2.053735733032226562e+00 9.184352874755859375e+00 3.079986572265625000e+00 5.957134246826171875e+00 2.188699245452880859e+00
5.283400268554687500e+02 6.077141761779785156e-01 6.309659957885742188e+00 -6.084442138671875000e-01 -6.332735061645507812e+00 8.112226486206054688e+00
1.460794982910156250e+02 3.399951457977294922e-01 5.548702239990234375e+00 -9.985847473144531250e-01 -8.699302673339843750e-01 7.887697219848632812e-01
1.630042724609375000e+02 -1.258468627929687500e-02 4.762224674224853516e+00 4.776763916015625000e-02 -1.975286483764648438e+00 3.443377971649169922e+00
5.377662353515625000e+02 9.090120792388916016e-01 6.625837326049804688e+00 -4.399471282958984375e-01 -1.574428558349609375e+00 5.082821846008300781e+00
5.292542114257812500e+02 3.284952640533447266e-01 5.681622505187988281e+00 -3.286285400390625000e-01 -2.012935638427734375e+00 3.179944515228271484e+00
5.427289428710937500e+02 1.573572158813476562e-01 5.071675777435302734e+00 8.026504516601562500e-01 1.856513977050781250e+00 2.458693504333496094e+00
5.026671447753906250e+02 1.062022209167480469e+00 7.186211109161376953e+00 -2.569091796875000000e+00 -1.170680809020996094e+01 4.423694133758544922e+00
5.326052246093750000e+02 3.662085533142089844e-01 5.633191585540771484e+00 1.350486755371093750e+00 8.281314849853515625e+00 6.392496109008789062e+00
