0.000000000000000000e+00 1.127260088920593262e+00 5.096062421798706055e-01 0.000000000000000000e+00
7.130973339080810547e+00 1.370849967002868652e+00 5.333127379417419434e-01 0.000000000000000000e+00
1.404043197631835938e+01 7.347965240478515625e-01 5.132479071617126465e-01 0.000000000000000000e+00
1.606022071838378906e+01 8.791452646255493164e-01 7.168902158737182617e-01 0.000000000000000000e+00
2.101455497741699219e+01 2.097958564758300781e+00 1.089793801307678223e+00 0.000000000000000000e+00
2.704377746582031250e+01 2.767226457595825195e+00 6.524394750595092773e-01 0.000000000000000000e+00
3.204212570190429688e+01 3.864198446273803711e+00 6.067287921905517578e-01 0.000000000000000000e+00
4.203032684326171875e+01 3.402797937393188477e+00 5.413888692855834961e-01 0.000000000000000000e+00
5.797101593017578125e+01 1.963232755661010742e+00 9.601734876632690430e-01 0.000000000000000000e+00
6.095668792724609375e+01 1.994366168975830078e+00 7.068768739700317383e-01 0.000000000000000000e+00
6.395912551879882812e+01 7.123512625694274902e-01 5.649307966232299805e-01 0.000000000000000000e+00
2.721289978027343750e+02 2.280553579330444336e+00 4.538839459419250488e-01 0.000000000000000000e+00
2.791701049804687500e+02 2.868295669555664062e+00 1.950804144144058228e-01 0.000000000000000000e+00
2.831278076171875000e+02 3.316349029541015625e+00 3.771359920501708984e-01 0.000000000000000000e+00
2.991318969726562500e+02 3.961150884628295898e+00 1.406415551900863647e-01 0.000000000000000000e+00
3.030726928710937500e+02 4.571175575256347656e+00 2.383893132209777832e-01 0.000000000000000000e+00
3.110515747070312500e+02 3.410982847213745117e+00 2.387465685606002808e-01 0.000000000000000000e+00
3.150407714843750000e+02 5.162189960479736328e+00 1.403502345085144043e+00 0.000000000000000000e+00
3.280546264648437500e+02 1.993110656738281250e+00 6.609679460525512695e-01 0.000000000000000000e+00
3.379787292480468750e+02 5.943577289581298828e-01 2.401488721370697021e-01 0.000000000000000000e+00
3.449705505371093750e+02 1.980438381433486938e-01 6.007562279701232910e-01 0.000000000000000000e+00
3.519610290527343750e+02 6.813789010047912598e-01 8.095151782035827637e-01 0.000000000000000000e+00
3.610982971191406250e+02 -1.312466412782669067e-01 6.968599557876586914e-02 0.000000000000000000e+00
3.649256286621093750e+02 1.311126947402954102e-01 5.849210619926452637e-01 0.000000000000000000e+00
3.719294433593750000e+02 1.439134627580642700e-01 3.587709367275238037e-01 0.000000000000000000e+00
3.810239562988281250e+02 -3.081482648849487305e-01 4.378917217254638672e-01 0.000000000000000000e+00
3.850198669433593750e+02 6.332204341888427734e-01 2.575925886631011963e-01 0.000000000000000000e+00
3.890346374511718750e+02 6.331704854965209961e-01 2.417342066764831543e-01 0.000000000000000000e+00
3.959488220214843750e+02 2.266412675380706787e-01 1.213255748152732849e-01 0.000000000000000000e+00
4.049319763183593750e+02 5.023908019065856934e-01 6.253335475921630859e-01 0.000000000000000000e+00
4.119456176757812500e+02 5.232301354408264160e-01 2.881608307361602783e-01 0.000000000000000000e+00
4.189273681640625000e+02 1.450155019760131836e+00 2.394472658634185791e-01 0.000000000000000000e+00
4.259533081054687500e+02 5.560260415077209473e-01 4.004446417093276978e-02 0.000000000000000000e+00
4.329245910644531250e+02 -5.448392033576965332e-01 5.170470476150512695e-01 0.000000000000000000e+00
6.262741088867187500e+02 -2.897865176200866699e-01 1.580271720886230469e-01 0.000000000000000000e+00
6.392847900390625000e+02 -2.854898869991302490e-01 1.147613767534494400e-02 0.000000000000000000e+00
6.592169799804687500e+02 -6.148206815123558044e-02 2.302114516496658325e-01 0.000000000000000000e+00
6.601964111328125000e+02 -9.632974267005920410e-01 4.650127291679382324e-01 0.000000000000000000e+00
6.631819458007812500e+02 -8.897175788879394531e-01 1.938715726137161255e-01 0.000000000000000000e+00
6.681585083007812500e+02 -6.283184289932250977e-01 2.474813163280487061e-01 0.000000000000000000e+00
6.692078247070312500e+02 1.267967512831091881e-03 5.232251882553100586e-01 0.000000000000000000e+00
6.920289916992187500e+02 -9.413463473320007324e-01 3.205244839191436768e-01 0.000000000000000000e+00
6.961449584960937500e+02 -1.384337246417999268e-01 2.696698606014251709e-01 0.000000000000000000e+00
6.991156005859375000e+02 -5.358257889747619629e-01 6.937250494956970215e-01 0.000000000000000000e+00
7.090168457031250000e+02 5.885585546493530273e-01 1.898197680711746216e-01 0.000000000000000000e+00
7.160803222656250000e+02 3.153473436832427979e-01 1.147020235657691956e-01 0.000000000000000000e+00
7.230814208984375000e+02 6.962138414382934570e-01 1.312678009271621704e-01 0.000000000000000000e+00
7.260821533203125000e+02 1.022648572921752930e+00 5.605667829513549805e-01 0.000000000000000000e+00
7.370481567382812500e+02 2.037464141845703125e+00 3.832408487796783447e-01 0.000000000000000000e+00
7.410882568359375000e+02 1.839117288589477539e+00 2.588959634304046631e-01 0.000000000000000000e+00
7.479555053710937500e+02 2.222447395324707031e+00 2.138381302356719971e-01 0.000000000000000000e+00
7.539444580078125000e+02 1.831806302070617676e+00 4.206563234329223633e-01 0.000000000000000000e+00
7.549439697265625000e+02 2.313070058822631836e+00 5.430561900138854980e-01 0.000000000000000000e+00
7.620401000976562500e+02 4.781097173690795898e-01 1.347838163375854492e+00 0.000000000000000000e+00
7.689882812500000000e+02 8.191674947738647461e-01 7.979650795459747314e-02 0.000000000000000000e+00
7.760011596679687500e+02 5.082533359527587891e-01 7.905590534210205078e-02 0.000000000000000000e+00
7.809943237304687500e+02 9.194182753562927246e-01 1.817170381546020508e-01 0.000000000000000000e+00
7.879835205078125000e+02 -1.357040524482727051e+00 6.524814963340759277e-01 0.000000000000000000e+00
9.892888183593750000e+02 -1.916395187377929688e+00 5.024096965789794922e-01 0.000000000000000000e+00
9.942460327148437500e+02 -5.117571353912353516e-01 4.364098012447357178e-01 0.000000000000000000e+00
1.012269897460937500e+03 -1.415182352066040039e+00 5.924990773200988770e-01 0.000000000000000000e+00
1.019148193359375000e+03 -2.113323688507080078e+00 5.410204529762268066e-01 0.000000000000000000e+00
1.023225158691406250e+03 -2.309291601181030273e+00 4.687890112400054932e-01 0.000000000000000000e+00
1.035092407226562500e+03 -1.856801509857177734e+00 1.254596233367919922e+00 0.000000000000000000e+00
1.039067749023437500e+03 -2.964105367660522461e+00 7.757063508033752441e-01 0.000000000000000000e+00
1.040142333984375000e+03 -2.325166463851928711e+00 3.458617627620697021e-01 0.000000000000000000e+00
1.048025756835937500e+03 -2.704278707504272461e+00 7.454830408096313477e-01 0.000000000000000000e+00
1.054065551757812500e+03 -1.582473330199718475e-02 1.318937420845031738e+00 0.000000000000000000e+00
1.063007812500000000e+03 -1.153074145317077637e+00 5.503545999526977539e-01 0.000000000000000000e+00
1.067052001953125000e+03 -1.269664406776428223e+00 4.637137949466705322e-01 0.000000000000000000e+00
1.075050415039062500e+03 -1.230450868606567383e+00 5.809169411659240723e-01 0.000000000000000000e+00
1.081128417968750000e+03 -1.136004686355590820e+00 4.354719221591949463e-01 0.000000000000000000e+00
1.091111572265625000e+03 -5.978072807192802429e-02 8.037538528442382812e-01 0.000000000000000000e+00
1.101009033203125000e+03 -2.215314865112304688e+00 3.912674188613891602e-01 0.000000000000000000e+00
1.108001220703125000e+03 -2.446298122406005859e+00 4.143345057964324951e-01 0.000000000000000000e+00
1.120965820312500000e+03 -3.515025377273559570e+00 3.588673174381256104e-01 0.000000000000000000e+00
1.129929931640625000e+03 -3.487280845642089844e+00 5.434582233428955078e-01 0.000000000000000000e+00
1.136948608398437500e+03 -2.127760410308837891e+00 4.121248722076416016e-01 0.000000000000000000e+00
1.351223632812500000e+03 2.917399108409881592e-01 7.150674462318420410e-01 0.000000000000000000e+00
1.362177978515625000e+03 3.492856323719024658e-01 5.078003406524658203e-01 0.000000000000000000e+00
1.369164550781250000e+03 4.388389289379119873e-01 4.891251921653747559e-01 0.000000000000000000e+00
1.373173339843750000e+03 2.141788244247436523e+00 4.943616092205047607e-01 0.000000000000000000e+00
1.379157348632812500e+03 1.115101695060729980e+00 1.170893907546997070e+00 0.000000000000000000e+00
1.389166259765625000e+03 1.733855843544006348e+00 6.432896852493286133e-01 0.000000000000000000e+00
1.396091796875000000e+03 8.209829330444335938e-01 4.529499113559722900e-01 0.000000000000000000e+00
1.402063354492187500e+03 1.008788466453552246e+00 4.804397225379943848e-01 0.000000000000000000e+00
1.407058105468750000e+03 3.766881823539733887e-01 5.423258543014526367e-01 0.000000000000000000e+00
1.422035644531250000e+03 3.294520854949951172e+00 8.223181962966918945e-01 0.000000000000000000e+00
1.423196044921875000e+03 1.429526567459106445e+00 3.371841013431549072e-01 0.000000000000000000e+00
1.424000122070312500e+03 1.899102926254272461e+00 5.129994750022888184e-01 0.000000000000000000e+00
1.430993896484375000e+03 2.314944028854370117e+00 5.839820504188537598e-01 0.000000000000000000e+00
1.437992187500000000e+03 3.271654605865478516e+00 8.727974295616149902e-01 0.000000000000000000e+00
1.445938598632812500e+03 2.074246406555175781e+00 4.546700417995452881e-01 0.000000000000000000e+00
1.450998535156250000e+03 1.513451576232910156e+00 4.980906546115875244e-01 0.000000000000000000e+00
1.451931274414062500e+03 2.792161703109741211e+00 1.786578178405761719e+00 0.000000000000000000e+00
1.452929565429687500e+03 2.116446495056152344e+00 4.506301283836364746e-01 0.000000000000000000e+00
1.456975219726562500e+03 1.405150413513183594e+00 4.015092551708221436e-01 0.000000000000000000e+00
1.461034301757812500e+03 1.460481882095336914e+00 3.727818429470062256e-01 0.000000000000000000e+00
1.474975585937500000e+03 6.250323653221130371e-01 3.608221411705017090e-01 0.000000000000000000e+00
1.481944824218750000e+03 1.264393687248229980e+00 2.669677138328552246e-01 0.000000000000000000e+00
1.491988769531250000e+03 2.459882259368896484e+00 4.428989291191101074e-01 0.000000000000000000e+00
1.505952392578125000e+03 3.999751329421997070e+00 2.955739498138427734e-01 0.000000000000000000e+00
1.513949462890625000e+03 3.609194755554199219e+00 4.234115481376647949e-01 0.000000000000000000e+00
1.517955200195312500e+03 3.515410900115966797e+00 3.800461292266845703e-01 0.000000000000000000e+00
1.722208984375000000e+03 7.610103130340576172e+00 4.399720132350921631e-01 0.000000000000000000e+00
1.727185668945312500e+03 7.372342109680175781e+00 4.227383136749267578e-01 0.000000000000000000e+00
1.732257324218750000e+03 5.332679748535156250e+00 9.212864637374877930e-01 0.000000000000000000e+00
1.735203002929687500e+03 4.881417751312255859e+00 9.577665925025939941e-01 0.000000000000000000e+00
1.746127929687500000e+03 4.185524940490722656e+00 4.471252858638763428e-01 0.000000000000000000e+00
1.751134277343750000e+03 4.059062480926513672e+00 4.199126362800598145e-01 0.000000000000000000e+00
1.757196289062500000e+03 4.584762096405029297e+00 2.249441593885421753e-01 0.000000000000000000e+00
1.764079223632812500e+03 5.628470778465270996e-01 1.356781959533691406e+00 0.000000000000000000e+00
1.772152465820312500e+03 2.543839454650878906e+00 7.868022918701171875e-01 0.000000000000000000e+00
1.776156005859375000e+03 3.434751033782958984e+00 3.247480094432830811e-01 0.000000000000000000e+00
1.781144409179687500e+03 3.944690704345703125e+00 3.151905238628387451e-01 0.000000000000000000e+00
1.788159179687500000e+03 3.599817276000976562e+00 2.689177691936492920e-01 0.000000000000000000e+00
1.791177124023437500e+03 4.298911094665527344e+00 3.108989894390106201e-01 0.000000000000000000e+00
1.793090454101562500e+03 5.164118289947509766e+00 6.465882658958435059e-01 0.000000000000000000e+00
1.807078735351562500e+03 4.659585475921630859e+00 2.038099765777587891e-01 0.000000000000000000e+00
1.812132934570312500e+03 4.640355587005615234e+00 2.644426226615905762e-01 0.000000000000000000e+00
1.818074951171875000e+03 3.379565477371215820e+00 2.977006733417510986e-01 0.000000000000000000e+00
1.829982421875000000e+03 4.810826301574707031e+00 3.070895373821258545e-01 0.000000000000000000e+00
1.832009033203125000e+03 4.481009483337402344e+00 4.162935912609100342e-01 0.000000000000000000e+00
1.836000000000000000e+03 5.228291511535644531e+00 3.240641057491302490e-01 0.000000000000000000e+00
1.844040283203125000e+03 6.380707740783691406e+00 2.658731341361999512e-01 0.000000000000000000e+00
1.848964843750000000e+03 6.068835735321044922e+00 3.955495953559875488e-01 0.000000000000000000e+00
1.858932128906250000e+03 6.099045753479003906e+00 3.449150025844573975e-01 0.000000000000000000e+00
1.865930786132812500e+03 6.157715797424316406e+00 6.758668422698974609e-01 0.000000000000000000e+00
1.872928588867187500e+03 5.369505882263183594e+00 4.673769474029541016e-01 0.000000000000000000e+00
2.108178222656250000e+03 -1.399061441421508789e+00 4.835557937622070312e-01 0.000000000000000000e+00
2.137239257812500000e+03 -5.371202468872070312e+00 1.202567934989929199e+00 0.000000000000000000e+00
2.145120605468750000e+03 -3.168728351593017578e+00 6.610310673713684082e-01 0.000000000000000000e+00
2.167063964843750000e+03 -5.542252063751220703e+00 5.284184813499450684e-01 0.000000000000000000e+00
2.189001953125000000e+03 -5.779708385467529297e+00 2.276454865932464600e-01 0.000000000000000000e+00
3.335123596191406250e+02 1.546694278717041016e+00 1.233304977416992188e+00 1.000000000000000000e+00
6.563964233398437500e+02 -4.782596975564956665e-02 1.749433159828186035e+00 1.000000000000000000e+00
7.184300537109375000e+02 3.871866166591644287e-01 9.920328855514526367e-01 1.000000000000000000e+00
9.816447143554687500e+02 -1.327465415000915527e+00 9.064011573791503906e-01 1.000000000000000000e+00
1.021059020996093750e+03 -6.284952640533447266e+00 2.779598236083984375e+00 1.000000000000000000e+00
1.044597045898437500e+03 -1.118178248405456543e+00 1.842615365982055664e+00 1.000000000000000000e+00
1.095342407226562500e+03 -4.682586193084716797e-01 1.079264998435974121e+00 1.000000000000000000e+00
1.400619018554687500e+03 -3.915326893329620361e-01 4.346295297145843506e-01 1.000000000000000000e+00
1.429424072265625000e+03 -3.664422035217285156e-01 5.081750750541687012e-01 1.000000000000000000e+00
1.455443847656250000e+03 -7.912201881408691406e-01 2.722624778747558594e+00 1.000000000000000000e+00
1.484413574218750000e+03 4.614983499050140381e-01 2.434985876083374023e+00 1.000000000000000000e+00
1.723568481445312500e+03 -3.713462650775909424e-01 1.555846333503723145e+00 1.000000000000000000e+00
1.782118896484375000e+03 6.843467354774475098e-01 1.089856743812561035e+00 1.000000000000000000e+00
1.847352539062500000e+03 9.622566103935241699e-01 1.442955851554870605e+00 1.000000000000000000e+00
2.133524414062500000e+03 1.266054511070251465e+00 5.904974341392517090e-01 1.000000000000000000e+00
2.167005615234375000e+03 3.038700103759765625e+00 1.985694050788879395e+00 1.000000000000000000e+00
3.335123596191406250e+02 7.812060117721557617e-01 7.416114807128906250e-01 2.000000000000000000e+00
3.635050354003906250e+02 1.617130279541015625e+00 9.629455804824829102e-01 2.000000000000000000e+00
6.576165161132812500e+02 1.170822501182556152e+00 1.823339819908142090e+00 2.000000000000000000e+00
7.184300537109375000e+02 3.227687478065490723e-01 5.999014973640441895e-01 2.000000000000000000e+00
9.816447143554687500e+02 -1.017982587218284607e-01 6.611636877059936523e-01 2.000000000000000000e+00
1.020553039550781250e+03 -1.451993584632873535e+00 9.895783662796020508e-01 2.000000000000000000e+00
1.021565063476562500e+03 -2.291885614395141602e-01 6.227518916130065918e-01 2.000000000000000000e+00
1.044597045898437500e+03 -2.656400799751281738e-01 8.105961680412292480e-01 2.000000000000000000e+00
1.095342407226562500e+03 1.085346579551696777e+00 5.852563381195068359e-01 2.000000000000000000e+00
1.394634033203125000e+03 -1.287082195281982422e+00 9.130855798721313477e-01 2.000000000000000000e+00
1.402614013671875000e+03 -9.679759740829467773e-01 3.520632982254028320e-01 2.000000000000000000e+00
1.429424072265625000e+03 -6.221092343330383301e-01 4.137216508388519287e-01 2.000000000000000000e+00
1.454449340820312500e+03 -8.659135103225708008e-01 5.836513638496398926e-01 2.000000000000000000e+00
1.456438354492187500e+03 -1.188486576080322266e+00 5.194185376167297363e-01 2.000000000000000000e+00
1.484413574218750000e+03 -1.056638836860656738e+00 5.186159610748291016e-01 2.000000000000000000e+00
1.723568481445312500e+03 5.550596117973327637e-01 1.363257408142089844e+00 2.000000000000000000e+00
1.780509033203125000e+03 1.162927031517028809e+00 4.840776324272155762e-01 2.000000000000000000e+00
1.784533569335937500e+03 1.477024316787719727e+00 8.955243825912475586e-01 2.000000000000000000e+00
1.813374389648437500e+03 6.496408581733703613e-01 1.073577404022216797e+00 2.000000000000000000e+00
1.847352539062500000e+03 6.744399070739746094e-01 6.334435939788818359e-01 2.000000000000000000e+00
2.133524414062500000e+03 1.326305747032165527e+00 4.052412509918212891e-01 2.000000000000000000e+00
2.166509033203125000e+03 7.026440501213073730e-01 1.355969905853271484e+00 2.000000000000000000e+00
2.167501953125000000e+03 2.725397586822509766e+00 1.515874743461608887e+00 2.000000000000000000e+00
