0.000000000000000000e+00 -3.454071663420119065e-01 1.417212138264599686e-01
7.130973300001642201e+00 -2.776649592161772873e-01 1.483139916599917896e-01
1.404043159999855561e+01 -4.545510805562629764e-01 1.427339563338997641e-01
1.606022050000319723e+01 -4.144077508778343244e-01 1.993667833463065586e-01
2.101455440000427188e+01 -7.545645366987374647e-02 3.030710371702075023e-01
2.704377719999320107e+01 1.106665644108793811e-01 1.814430430628014845e-01
3.204212460000417195e+01 4.157338462711056559e-01 1.687309443638234929e-01
4.203032840000378201e+01 2.874186278103191272e-01 1.505599468464522694e-01
5.797101419999671634e+01 -1.129236235789013026e-01 2.670236999879969653e-01
6.095668699999805540e+01 -1.042654620738346083e-01 1.965820637219457545e-01
6.395912640000460669e+01 -4.607930722660844580e-01 1.571069393181408758e-01
2.721289990100049181e+02 -2.467684788660873263e-02 1.262248680861574046e-01
2.791701169700027094e+02 1.387738374790428164e-01 5.425175555030074120e-02
2.831277972300013062e+02 2.633772172865257999e-01 1.048813080998189234e-01
2.991319095600047149e+02 4.426963009919264169e-01 3.911233621198848681e-02
3.030726932300021872e+02 6.123437726826688188e-01 6.629593376181780462e-02
3.110515634399998817e+02 2.896948878451410803e-01 6.639529282084077888e-02
3.150407765700001619e+02 7.767045454551450012e-01 3.903132447136459238e-01
3.280546301499998663e+02 -1.046146222405432979e-01 1.838148258210056951e-01
3.379787254399998346e+02 -4.936070111702283714e-01 6.678526819199052944e-02
3.449705391200041049e+02 -6.038217032627877234e-01 1.670699720521138520e-01
3.519610431500041159e+02 -4.694064845272581943e-01 2.251257322928240379e-01
3.610982866400008788e+02 -6.953971809704280194e-01 1.937963603086313019e-02
3.649256383800020558e+02 -6.224352361835950864e-01 1.626662157642154993e-01
3.719294569400008186e+02 -6.188753321162364651e-01 9.977400077713131921e-02
3.810239507299993420e+02 -7.445934586951039602e-01 1.217774420737691571e-01
3.850198662600014359e+02 -4.827993197523565150e-01 7.163635417511257653e-02
3.890346273300019675e+02 -4.828132113889318511e-01 6.722614777164270805e-02
3.959488228600021102e+02 -5.958687714883783570e-01 3.374057700348955663e-02
4.049319739700003993e+02 -5.191829954085134258e-01 1.739049087672124294e-01
4.119456288400033372e+02 -5.133875358195797434e-01 8.013736124321096943e-02
4.189273688200046308e+02 -2.556102702865532539e-01 6.659015411496681247e-02
4.259533230700035347e+02 -5.042670244176066241e-01 1.113634401821834465e-02
4.329245959000108996e+02 -8.104170327439317312e-01 1.437905037586375556e-01
6.262740951200030395e+02 -7.394870434755489441e-01 4.394726713604120427e-02
6.392847990700029186e+02 -7.382921545074225822e-01 3.191507322280729125e-03
6.592169554900028743e+02 -6.759957106240344071e-01 6.402167789792712060e-02
6.601964387100015301e+02 -9.267900664582449100e-01 1.293197805204140127e-01
6.631819599800001015e+02 -9.063275478330404811e-01 5.391557845334538079e-02
6.681585336999996798e+02 -8.336325751741094914e-01 6.882441763149747815e-02
6.692078055200036033e+02 -6.585449870062617395e-01 1.455086346385847662e-01
6.920290121600046405e+02 -9.206854799927486344e-01 8.913767789192560131e-02
6.961449537200023769e+02 -6.973959122285288137e-01 7.499503997942813527e-02
6.991155760600013309e+02 -8.079104700615866719e-01 1.929245562030096339e-01
7.090168495100006112e+02 -4.952197717895493456e-01 5.278877318912499061e-02
7.160803156600013608e+02 -5.711996593381253318e-01 3.189856889363040793e-02
7.230814215499995044e+02 -4.652808973613384302e-01 3.650550084107920257e-02
7.260821391900026356e+02 -3.744996027609639455e-01 1.558933164893344381e-01
7.370481490000020131e+02 -9.227993299735876009e-02 1.065790647823200293e-01
7.410882540599995991e+02 -1.474400557717447380e-01 7.199882698859659536e-02
7.479555009000032442e+02 -4.083613480798158057e-02 5.946826404225548368e-02
7.539444837400005781e+02 -1.494732524658570760e-01 1.169842910361638816e-01
7.549439466900003026e+02 -1.563404014132989406e-02 1.510236303548474490e-01
7.620400790000057896e+02 -5.259355273792635233e-01 3.748330460507789952e-01
7.689882828600020730e+02 -4.310875613370466763e-01 2.219136385727382352e-02
7.760011832700038212e+02 -5.175526061366483299e-01 2.198540346618587868e-02
7.809943329500019900e+02 -4.032078657349116302e-01 5.053540822609712407e-02
7.879835417900030734e+02 -1.036289783264179754e+00 1.814547485767506740e-01
9.892887907399999676e+02 -1.191846000125786897e+00 1.397198514592558061e-01
9.942460368000029121e+02 -8.012169386942284977e-01 1.213653211049830205e-01
1.012269921960003558e+03 -1.052459025142462812e+00 1.647736576675578324e-01
1.019148178890005511e+03 -1.246611700473839068e+00 1.504574889687997907e-01
1.023225155270003597e+03 -1.301110318500384500e+00 1.303699627975019038e-01
1.035092435620004835e+03 -1.175273004295255053e+00 3.489025137087958806e-01
1.039067773779999698e+03 -1.483213708423790189e+00 2.157235047276657158e-01
1.040142370370005665e+03 -1.305525030428381417e+00 9.618396616795367449e-02
1.048025770160005777e+03 -1.410955972528618263e+00 2.073184228337022206e-01
1.054065582870003709e+03 -6.632984005821733753e-01 3.667957685243451449e-01
1.063007851970003685e+03 -9.795668508101768035e-01 1.530533104206544537e-01
1.067052043750001758e+03 -1.011990517275906054e+00 1.289585514233255181e-01
1.075050381879998895e+03 -1.001085247898301001e+00 1.615526767587095458e-01
1.081128400870002224e+03 -9.748198468402060612e-01 1.211045007585772187e-01
1.091111525259999325e+03 -6.755225769712900341e-01 2.235235045596629389e-01
1.101009015260002343e+03 -1.274975430015743205e+00 1.088112523223406514e-01
1.108001169549999759e+03 -1.339211707367671034e+00 1.152261976171474189e-01
1.120965880010000546e+03 -1.636424191720318611e+00 9.980080606671051791e-02
1.129929893350003113e+03 -1.628708522329563646e+00 1.511354328774371369e-01
1.136948556620001909e+03 -1.250626606466840318e+00 1.146117027984123043e-01
1.351223649960003968e+03 -5.777648522461421576e-01 1.988598493092242070e-01
1.362178011380005046e+03 -5.617614321652150133e-01 1.412189886168593034e-01
1.369164548840002681e+03 -5.368567247656083063e-01 1.360254416887795303e-01
1.373173292860003130e+03 -6.326744341604045863e-02 1.374816963985931173e-01
1.379157317240002158e+03 -3.487884048232696710e-01 3.256249550848137608e-01
1.389166232550000132e+03 -1.767132295325329061e-01 1.788985005304391807e-01
1.396091743340002722e+03 -4.305826810358237555e-01 1.259651250737075234e-01
1.402063301850001153e+03 -3.783540576701189262e-01 1.336100275504223389e-01
1.407058123540002271e+03 -5.541408316761353703e-01 1.508205245216473478e-01
1.422035611800005427e+03 2.573068484777603637e-01 2.286862395999927633e-01
1.423196026810001058e+03 -2.613470181272579129e-01 9.377071350824056628e-02
1.424000100440003735e+03 -1.307581316211640088e-01 1.426648609485288710e-01
1.430993949060000887e+03 -1.511293212559644550e-02 1.624050928592050136e-01
1.437992204440000933e+03 2.509477958576235568e-01 2.427244730518466065e-01
1.445938586529999156e+03 -8.205078884509758863e-02 1.264434887373048488e-01
1.450998482890005107e+03 -2.380075509931253164e-01 1.385187401864019230e-01
1.451931274940005096e+03 1.176010496250072257e-01 4.968464178891520699e-01
1.452929567780003708e+03 -7.031500314843618094e-02 1.253199915233149941e-01
1.456975217244995292e+03 -2.681260439644294613e-01 1.116595065010031335e-01
1.461034304159999010e+03 -2.527383715500259864e-01 1.036704262713118579e-01
1.474975590620000730e+03 -4.850764212872918368e-01 1.003444401588670376e-01
1.481944843340002990e+03 -3.072703979504264327e-01 7.424357321605272453e-02
1.491988810880000528e+03 2.519428880187205011e-02 1.231699540749922189e-01
1.505952367739999318e+03 4.534310980714911787e-01 8.219895678910155157e-02
1.513949423739999474e+03 3.448174953073894211e-01 1.177505214607285078e-01
1.517955188979998638e+03 3.187362354850656887e-01 1.056906239127905767e-01
1.722209026390002691e+03 1.457467962979949183e+00 1.223559722620937429e-01
1.727185620620002737e+03 1.391346714043896871e+00 1.175632932540407183e-01
1.732257346940001298e+03 8.241177020613937865e-01 2.562092405443051057e-01
1.735203017400002864e+03 6.986220560001779045e-01 2.663543523562003079e-01
1.746127927749999799e+03 5.050945574434894114e-01 1.243452917765474341e-01
1.751134250009999960e+03 4.699254662960531959e-01 1.167774687226130759e-01
1.757196328264995827e+03 6.161221660317897086e-01 6.255684680259430974e-02
1.764079278280005383e+03 -5.023701136871004946e-01 3.773203060086054439e-01
1.772152496230002725e+03 4.854281887706193843e-02 2.188092750272820353e-01
1.776155962680000812e+03 2.963047682943285022e-01 9.031223938667719275e-02
1.781144370959998923e+03 4.381187521562211473e-01 8.765430794273093573e-02
1.788159158870003012e+03 3.422096666148532473e-01 7.478588162724461585e-02
1.791177155340003083e+03 5.366272444062621938e-01 8.646083443077669239e-02
1.793090403560003324e+03 7.772408241450995403e-01 1.798158479770231577e-01
1.807078760880001937e+03 6.369305299439067536e-01 5.667944093922347437e-02
1.812132988659999683e+03 6.315827113969294526e-01 7.354134673938814148e-02
1.818074985370003560e+03 2.809577042663045088e-01 8.279038901866987710e-02
1.829982365080002637e+03 6.789905628241366120e-01 8.540143071761688298e-02
1.832009036030001880e+03 5.872687326019830900e-01 1.157710165930664198e-01
1.835999994750003680e+03 7.950874072337940079e-01 9.012204952742319808e-02
1.844040266470001370e+03 1.115573730216465886e+00 7.393917295365846909e-02
1.848964895670003898e+03 1.028842242064871071e+00 1.100021219418239465e-01
1.858932139570002619e+03 1.037243724173510406e+00 9.592067659340362817e-02
1.865930765350000001e+03 1.053559748591478940e+00 1.879581891779856517e-01
1.872928551770004560e+03 8.343589753074930337e-01 1.299772659991276225e-01
2.108178153900000325e+03 -1.047975741587336529e+00 1.344765979819460000e-01
2.137239250149999862e+03 -2.152625982797645054e+00 3.344334806488772904e-01
2.145120613830004004e+03 -1.540119213896910866e+00 1.838323722519617787e-01
2.167063959650004108e+03 -2.200194854856938775e+00 1.469528822824342218e-01
2.189001928419995238e+03 -2.266231351726917254e+00 6.330808287460405748e-02
