5.772943725585937500e+02 5.704202651977539062e-01 2.051390886306762695e+00 -7.151031494140625000e-01 -4.090535640716552734e-01 5.426576137542724609e-01
2.495749511718750000e+02 6.004602909088134766e-01 2.655003547668457031e+00 -4.949736595153808594e-01 -6.023406982421875000e-02 3.693940937519073486e-01
4.654300231933593750e+02 6.085462570190429688e-01 2.589408159255981445e+00 -7.803642749786376953e-01 3.664922714233398438e-01 6.821001768112182617e-01
5.586450805664062500e+02 6.389081478118896484e-01 2.912582159042358398e+00 5.156517028808593750e-01 3.115892410278320312e-02 3.241764903068542480e-01
5.393543090820312500e+02 4.863966703414916992e-01 2.273310899734497070e+00 -1.493012905120849609e-01 5.845165252685546875e-01 5.987601280212402344e-01
2.488255310058593750e+02 6.941298246383666992e-01 2.393099069595336914e+00 -2.371656894683837891e-01 -5.490887165069580078e-01 5.159364938735961914e-01
5.816309204101562500e+02 6.440494060516357422e-01 2.148785591125488281e+00 -1.289451122283935547e-01 -2.292990684509277344e-01 3.099047839641571045e-01
1.318611450195312500e+02 6.454747319221496582e-01 2.265487909317016602e+00 -6.180012226104736328e-01 5.491018295288085938e-01 4.796245694160461426e-01
2.890719299316406250e+02 5.811993479728698730e-01 2.119227409362792969e+00 -1.493132114410400391e-01 9.316539764404296875e-01 1.343163967132568359e+00
2.384229431152343750e+02 7.094336152076721191e-01 2.026801586151123047e+00 -4.544520378112792969e-01 9.920358657836914062e-02 4.269169270992279053e-01
5.555036010742187500e+02 4.212450981140136719e-01 2.096076250076293945e+00 -6.025969982147216797e-01 -1.624393463134765625e-01 6.042329072952270508e-01
5.784744262695312500e+02 4.737039208412170410e-01 2.351227045059204102e+00 -5.353164672851562500e-01 3.394937515258789062e-01 6.728529334068298340e-01
4.644437866210937500e+02 5.240278840065002441e-01 2.670874595642089844e+00 -7.601439952850341797e-01 6.260633468627929688e-02 6.816139221191406250e-01
5.205981445312500000e+02 5.819716453552246094e-01 2.649605274200439453e+00 -9.500598907470703125e-01 1.019239425659179688e-02 4.877643585205078125e-01
5.894739379882812500e+02 5.371739268302917480e-01 2.550907373428344727e+00 -6.647360324859619141e-01 -1.197218894958496094e-01 4.257023632526397705e-01
6.037474365234375000e+02 5.936333537101745605e-01 2.087996959686279297e+00 -6.928277015686035156e-01 -5.367994308471679688e-03 4.151314795017242432e-01
4.587031860351562500e+02 6.085196137428283691e-01 2.433285236358642578e+00 -3.213143348693847656e-01 1.886200904846191406e-01 5.607991218566894531e-01
5.810387573242187500e+02 5.493670701980590820e-01 2.275661945343017578e+00 -6.428670883178710938e-01 3.186631202697753906e-01 6.440007090568542480e-01
5.389396972656250000e+02 5.121212005615234375e-01 2.489232063293457031e+00 -4.786264896392822266e-01 6.653070449829101562e-01 6.944448947906494141e-01
5.853730468750000000e+02 6.353474259376525879e-01 2.282185792922973633e+00 -6.178104877471923828e-01 2.002072334289550781e-01 3.209280967712402344e-01
5.038205566406250000e+02 7.259764075279235840e-01 2.666639328002929688e+00 -3.839492797851562500e-01 2.216148376464843750e-01 7.940007448196411133e-01
5.538539428710937500e+02 5.468570590019226074e-01 2.412712097167968750e+00 -6.614744663238525391e-01 -1.890182495117187500e-02 6.432104706764221191e-01
5.683180541992187500e+02 5.265872478485107422e-01 2.369141817092895508e+00 -5.180144309997558594e-01 -1.214861869812011719e-02 5.547086596488952637e-01
5.570750122070312500e+02 5.641923546791076660e-01 2.053784132003784180e+00 -7.889235019683837891e-01 -1.485657691955566406e-01 5.034199953079223633e-01
5.179963378906250000e+02 7.382516264915466309e-01 2.466104507446289062e+00 -4.686045646667480469e-01 -1.794946193695068359e-01 6.029701828956604004e-01
2.488394470214843750e+02 6.509206891059875488e-01 2.519198179244995117e+00 -4.891216754913330078e-01 -4.693627357482910156e-02 3.541601002216339111e-01
2.472919921875000000e+02 5.746737122535705566e-01 2.380644559860229492e+00 -2.163171768188476562e-01 4.026651382446289062e-02 4.096833169460296631e-01
4.580793457031250000e+02 5.868813395500183105e-01 2.408157348632812500e+00 -8.818173408508300781e-01 8.962154388427734375e-02 4.801399111747741699e-01
6.047326049804687500e+02 6.179184317588806152e-01 2.439883232116699219e+00 -6.776928901672363281e-02 -1.178276538848876953e-01 4.166875779628753662e-01
5.587169189453125000e+02 4.459530711174011230e-01 2.168312072753906250e+00 -6.275570392608642578e-01 -3.052711486816406250e-01 6.034002304077148438e-01
5.565376586914062500e+02 6.320522427558898926e-01 2.367783784866333008e+00 -5.081975460052490234e-01 -3.183364868164062500e-02 4.296636581420898438e-01
5.854715576171875000e+02 6.183915734291076660e-01 2.195378065109252930e+00 -8.255445957183837891e-01 -4.976153373718261719e-02 5.003950595855712891e-01
5.681800537109375000e+02 5.942305922508239746e-01 2.209180116653442383e+00 -6.557381153106689453e-01 -4.053950309753417969e-01 5.539011359214782715e-01
1.282697296142578125e+02 6.297820210456848145e-01 2.438245773315429688e+00 5.130767822265625000e-03 7.248878479003906250e-02 5.082944631576538086e-01
5.836723632812500000e+02 6.751928925514221191e-01 2.012689352035522461e+00 -2.227187156677246094e-01 2.669620513916015625e-01 3.604615032672882080e-01
4.604425048828125000e+02 5.045757889747619629e-01 2.410669326782226562e+00 -5.808520317077636719e-01 9.464263916015625000e-02 8.639320731163024902e-01
4.838856811523437500e+02 5.465630888938903809e-01 2.263757467269897461e+00 -4.842209815979003906e-01 2.675008773803710938e-01 6.527588367462158203e-01
5.903440551757812500e+02 5.520988106727600098e-01 2.584224939346313477e+00 -6.574702262878417969e-01 -1.628792285919189453e-01 5.185719728469848633e-01
5.285798339843750000e+02 6.156542897224426270e-01 2.389897823333740234e+00 -1.073505878448486328e+00 -2.210497856140136719e-01 8.860028982162475586e-01
4.635427551269531250e+02 5.030424594879150391e-01 2.327113389968872070e+00 -6.660997867584228516e-01 1.587581634521484375e-01 5.724346637725830078e-01
2.471725463867187500e+02 7.395292520523071289e-01 2.821371078491210938e+00 -4.231786727905273438e-01 -4.260647296905517578e-01 4.826254248619079590e-01
5.590671997070312500e+02 5.461612939834594727e-01 2.463341951370239258e+00 -6.206846237182617188e-01 2.257823944091796875e-01 6.208944320678710938e-01
1.844079437255859375e+02 5.025036931037902832e-01 2.260576725006103516e+00 -5.789303779602050781e-01 6.804943084716796875e-02 5.057822465896606445e-01
4.922310485839843750e+02 4.708275198936462402e-01 2.245825529098510742e+00 -8.186674118041992188e-01 1.096725463867187500e-03 4.935730099678039551e-01
5.608154296875000000e+02 5.740866661071777344e-01 2.539703607559204102e+00 -1.004514694213867188e+00 -3.807067871093750000e-02 6.864796876907348633e-01
5.912413330078125000e+02 5.153802633285522461e-01 2.215785741806030273e+00 -3.752577304840087891e-01 -3.784656524658203125e-02 5.464733839035034180e-01
5.359573974609375000e+02 6.023914813995361328e-01 2.326545953750610352e+00 -1.881420612335205078e-01 3.030371665954589844e-01 6.288208961486816406e-01
4.868233337402343750e+02 6.744120121002197266e-01 2.523225784301757812e+00 -4.129445552825927734e-01 7.460594177246093750e-01 7.246634364128112793e-01
2.480530090332031250e+02 6.418085098266601562e-01 2.682037830352783203e+00 -6.680452823638916016e-01 -3.850531578063964844e-01 4.613655209541320801e-01
5.369920043945312500e+02 6.019659042358398438e-01 2.202881097793579102e+00 -7.036900520324707031e-01 -3.556394577026367188e-01 6.879968047142028809e-01
2.487581024169921875e+02 5.578507184982299805e-01 2.299674987792968750e+00 -6.128811836242675781e-01 -2.633404731750488281e-01 4.124311208724975586e-01
1.320240631103515625e+02 4.825022816658020020e-01 2.070878505706787109e+00 -2.926373481750488281e-01 -4.338324069976806641e-01 5.770232677459716797e-01
5.567159423828125000e+02 5.366158485412597656e-01 2.147284507751464844e+00 -5.305576324462890625e-01 2.907848358154296875e-01 7.682617902755737305e-01
2.120940856933593750e+02 7.095990180969238281e-01 2.525704383850097656e+00 -4.024684429168701172e-01 2.228569984436035156e-01 5.626436471939086914e-01
6.009093017578125000e+02 5.727518200874328613e-01 2.203623771667480469e+00 -5.358874797821044922e-01 -2.607119083404541016e-01 5.818874835968017578e-01
4.579924621582031250e+02 6.199168562889099121e-01 2.214154481887817383e+00 -3.802561759948730469e-01 -2.022385597229003906e-02 6.303375959396362305e-01
5.534305419921875000e+02 8.699219822883605957e-01 2.752745628356933594e+00 -2.614200115203857422e-01 -2.667307853698730469e-01 5.424125194549560547e-01
2.053730926513671875e+02 7.023531198501586914e-01 2.369431972503662109e+00 -5.781781673431396484e-01 -1.783382892608642578e-01 3.197639882564544678e-01
5.081323242187500000e+02 6.080786585807800293e-01 2.571421623229980469e+00 -6.340038776397705078e-01 -2.136111259460449219e-02 6.310739517211914062e-01
5.689486694335937500e+02 6.375209093093872070e-01 2.427088499069213867e+00 -6.075763702392578125e-01 9.509325027465820312e-02 3.716611564159393311e-01
5.382055053710937500e+02 6.266052126884460449e-01 2.056107521057128906e+00 -1.685857772827148438e-01 -3.064942359924316406e-01 7.033108472824096680e-01
5.892536621093750000e+02 5.064574480056762695e-01 2.144524812698364258e+00 -2.823722362518310547e-01 5.774259567260742188e-02 4.848029911518096924e-01
5.912352294921875000e+02 6.855914592742919922e-01 2.332873582839965820e+00 -2.010619640350341797e-01 -9.405136108398437500e-02 4.707383513450622559e-01
4.612736816406250000e+02 5.945622920989990234e-01 2.673725843429565430e+00 -8.794474601745605469e-01 1.529288291931152344e-01 6.045832633972167969e-01
1.595239562988281250e+02 3.908068537712097168e-01 2.033852100372314453e+00 -1.989328861236572266e-01 2.403163909912109375e-01 6.858069300651550293e-01
2.416327514648437500e+02 5.923716425895690918e-01 2.643869161605834961e+00 -5.577206611633300781e-01 -4.183661937713623047e-01 4.703755676746368408e-01
4.591680908203125000e+02 6.926070451736450195e-01 2.465236902236938477e+00 -1.050333976745605469e+00 6.372070312500000000e-01 6.905058622360229492e-01
4.922174377441406250e+02 5.000242590904235840e-01 2.307759523391723633e+00 -4.263997077941894531e-01 -7.663130760192871094e-02 8.386224508285522461e-01
2.010431976318359375e+02 6.110301613807678223e-01 2.132301330566406250e+00 -4.092013835906982422e-01 -2.033877372741699219e-01 4.236781895160675049e-01
2.312983245849609375e+02 7.378768324851989746e-01 2.466807126998901367e+00 -7.066261768341064453e-01 4.280924797058105469e-01 3.387699127197265625e-01
5.101940307617187500e+02 5.924850106239318848e-01 2.546283006668090820e+00 -7.056164741516113281e-01 4.310226440429687500e-01 6.329747438430786133e-01
5.614732055664062500e+02 4.898574352264404297e-01 2.212526559829711914e+00 -5.763351917266845703e-01 1.511025428771972656e-01 1.134911179542541504e+00
4.265310363769531250e+02 5.264295339584350586e-01 2.120063066482543945e+00 -4.967415332794189453e-01 4.371643066406250000e-02 6.771258115768432617e-01
5.404058227539062500e+02 6.346809864044189453e-01 2.096731662750244141e+00 -4.339838027954101562e-01 1.485848426818847656e-01 7.816028594970703125e-01
5.968613281250000000e+02 4.925773739814758301e-01 2.414159774780273438e+00 -5.315291881561279297e-01 4.363059997558593750e-04 4.386291205883026123e-01
5.374313354492187500e+02 7.228153347969055176e-01 2.868570327758789062e+00 -6.487262248992919922e-01 8.618593215942382812e-02 4.938805699348449707e-01
5.255240478515625000e+02 6.489839553833007812e-01 2.764948129653930664e+00 -3.708505630493164062e-01 -1.366126537322998047e-01 4.196590483188629150e-01
5.415814819335937500e+02 7.305889129638671875e-01 2.628726959228515625e+00 -9.640645980834960938e-01 -5.289077758789062500e-02 2.604655921459197998e-01
2.109223632812500000e+02 6.315061450004577637e-01 2.443090915679931641e+00 -7.239532470703125000e-01 -5.437362194061279297e-01 5.819794535636901855e-01
4.877712402343750000e+02 5.361598730087280273e-01 2.482751607894897461e+00 -7.165741920471191406e-01 -1.398956775665283203e-01 6.531035900115966797e-01
4.624325866699218750e+02 6.459916830062866211e-01 2.360050916671752930e+00 -4.778957366943359375e-01 2.815508842468261719e-01 5.122222900390625000e-01
1.947860412597656250e+02 5.937815904617309570e-01 2.131436347961425781e+00 -7.364404201507568359e-01 -1.770293712615966797e-01 4.494239091873168945e-01
5.345833129882812500e+02 5.014653205871582031e-01 2.223288774490356445e+00 -2.062892913818359375e-01 4.800081253051757812e-02 6.475811600685119629e-01
5.805516357421875000e+02 5.757585763931274414e-01 2.354701042175292969e+00 -6.521272659301757812e-01 -2.153396606445312500e-02 6.499044895172119141e-01
1.818863525390625000e+02 6.424767374992370605e-01 2.772946119308471680e+00 -7.797050476074218750e-01 -1.956903934478759766e-01 6.026120185852050781e-01
5.602885131835937500e+02 6.600083708763122559e-01 2.482702255249023438e+00 -4.422736167907714844e-01 -9.786605834960937500e-02 5.607144832611083984e-01
5.356153564453125000e+02 5.770362019538879395e-01 2.410577535629272461e+00 1.057410240173339844e-01 5.167961120605468750e-02 3.838798701763153076e-01
2.384229431152343750e+02 7.094336152076721191e-01 2.026801586151123047e+00 -4.544520378112792969e-01 9.920358657836914062e-02 4.269169270992279053e-01
2.063099212646484375e+02 5.693904757499694824e-01 2.209325790405273438e+00 -7.784152030944824219e-01 -1.973748207092285156e-01 5.710179209709167480e-01
5.560203247070312500e+02 5.073838829994201660e-01 2.133271694183349609e+00 -8.297431468963623047e-01 2.190923690795898438e-01 6.829054355621337891e-01
5.388316040039062500e+02 5.004328489303588867e-01 2.071861743927001953e+00 -7.753515243530273438e-01 1.133108139038085938e-01 6.522444486618041992e-01
4.583913879394531250e+02 6.042518615722656250e-01 2.016068220138549805e+00 -8.101153373718261719e-01 2.262544631958007812e-01 6.513364315032958984e-01
4.907474365234375000e+02 5.390486121177673340e-01 2.181257009506225586e+00 -3.681910037994384766e-01 2.887415885925292969e-01 4.482742846012115479e-01
4.863479614257812500e+02 5.525422692298889160e-01 2.098888874053955078e+00 -4.719865322113037109e-01 1.345300674438476562e-01 6.885194182395935059e-01
4.584849853515625000e+02 5.844988226890563965e-01 2.389582633972167969e+00 -6.738936901092529297e-01 1.619100570678710938e-01 6.035555601119995117e-01
5.411524047851562500e+02 6.103352904319763184e-01 2.599652051925659180e+00 -2.261030673980712891e-01 -2.344131469726562500e-02 3.470268547534942627e-01
4.872109375000000000e+02 5.249947309494018555e-01 2.100200891494750977e+00 -5.557322502136230469e-01 2.785015106201171875e-01 6.581673026084899902e-01
1.543283233642578125e+02 6.038522124290466309e-01 2.408159494400024414e+00 -9.428298473358154297e-01 -1.889312267303466797e-01 5.325661897659301758e-01
4.854855041503906250e+02 5.620900392532348633e-01 2.403436183929443359e+00 -3.466606140136718750e-01 -1.196265220642089844e-02 3.159638047218322754e-01
5.867659301757812500e+02 5.294425487518310547e-01 2.346709728240966797e+00 -3.999447822570800781e-01 4.683899879455566406e-01 4.800349473953247070e-01
5.842734985351562500e+02 5.699764490127563477e-01 2.472121953964233398e+00 -4.601466655731201172e-01 4.432582855224609375e-01 4.212042689323425293e-01
2.390887908935546875e+02 5.235524177551269531e-01 2.569363832473754883e+00 -5.254936218261718750e-01 -3.115427494049072266e-01 3.365058302879333496e-01
4.595072326660156250e+02 7.062598466873168945e-01 2.433235645294189453e+00 -9.452235698699951172e-01 1.690006256103515625e-01 8.543676137924194336e-01
5.675477905273437500e+02 7.142247557640075684e-01 2.440841436386108398e+00 -7.474470138549804688e-01 -1.536655426025390625e-01 2.202816009521484375e-01
4.587668762207031250e+02 5.697459578514099121e-01 2.182135581970214844e+00 -5.930340290069580078e-01 9.724855422973632812e-02 8.545848727226257324e-01
1.823291931152343750e+02 6.172593235969543457e-01 2.258280992507934570e+00 -4.371595382690429688e-01 2.252769470214843750e-01 3.687979280948638916e-01
4.598205566406250000e+02 5.877008438110351562e-01 2.538489341735839844e+00 -5.608308315277099609e-01 -1.502072811126708984e-01 7.575210332870483398e-01
1.257141952514648438e+02 5.908045172691345215e-01 2.447695732116699219e+00 -1.068390607833862305e+00 -5.155563354492187500e-02 4.853982329368591309e-01
5.714063110351562500e+02 5.840469598770141602e-01 2.109722614288330078e+00 -7.536089420318603516e-01 -2.119779586791992188e-02 4.448511004447937012e-01
5.388588256835937500e+02 5.980657935142517090e-01 2.177436351776123047e+00 -8.147501945495605469e-01 3.416895866394042969e-01 5.138375759124755859e-01
4.598795471191406250e+02 7.157396674156188965e-01 2.470602989196777344e+00 -4.572200775146484375e-01 -1.734936237335205078e-01 5.535979270935058594e-01
4.618411865234375000e+02 6.088178753852844238e-01 2.518948793411254883e+00 -7.517302036285400391e-01 -6.609320640563964844e-02 5.454239845275878906e-01
5.464833374023437500e+02 5.695862770080566406e-01 2.558936357498168945e+00 -1.066942214965820312e+00 1.407241821289062500e-01 5.526190400123596191e-01
4.275511779785156250e+02 5.833426117897033691e-01 2.218984365463256836e+00 -2.319216728210449219e-01 1.655125617980957031e-01 6.983548998832702637e-01
5.831751098632812500e+02 5.861814618110656738e-01 2.154529571533203125e+00 -5.910551548004150391e-01 1.429247856140136719e-01 5.898670554161071777e-01
5.733493041992187500e+02 6.578840613365173340e-01 2.364671707153320312e+00 -7.750535011291503906e-01 1.437091827392578125e-01 4.823204278945922852e-01
5.575128784179687500e+02 3.710792064666748047e-01 2.115170717239379883e+00 -2.887248992919921875e-01 3.002166748046875000e-01 7.484945654869079590e-01
4.593814392089843750e+02 4.695572257041931152e-01 2.254577636718750000e+00 -1.003445386886596680e+00 2.187061309814453125e-01 5.506560206413269043e-01
5.802642822265625000e+02 5.773954391479492188e-01 2.202796697616577148e+00 -4.789447784423828125e-01 -6.576180458068847656e-02 4.699945151805877686e-01
5.193576049804687500e+02 6.532788872718811035e-01 2.011846065521240234e+00 -2.187192440032958984e-01 -1.377296447753906250e-01 4.975875616073608398e-01
5.424522705078125000e+02 4.214521646499633789e-01 2.173194646835327148e+00 -5.775427818298339844e-01 -3.202545642852783203e-01 6.792798042297363281e-01
2.129291534423828125e+02 5.584781765937805176e-01 2.512686967849731445e+00 -4.990196228027343750e-01 -1.666545867919921875e-02 3.857933878898620605e-01
1.656386260986328125e+02 6.849504113197326660e-01 2.470021486282348633e+00 -8.706223964691162109e-01 -1.263308525085449219e-01 4.432517886161804199e-01
5.457246093750000000e+02 7.245585918426513672e-01 2.594641923904418945e+00 -5.818700790405273438e-01 3.980970382690429688e-01 7.666027545928955078e-01
1.595705566406250000e+02 5.514094829559326172e-01 2.243696928024291992e+00 -2.441990375518798828e-01 -1.402735710144042969e-02 5.406565666198730469e-01
4.585196533203125000e+02 6.154116392135620117e-01 2.396106243133544922e+00 -7.798767089843750000e-01 2.972531318664550781e-01 5.345558524131774902e-01
5.381475219726562500e+02 5.623924136161804199e-01 2.281469583511352539e+00 -9.552550315856933594e-01 2.973079681396484375e-02 3.057896494865417480e-01
2.515155029296875000e+02 8.664147257804870605e-01 3.156107425689697266e+00 -3.545176982879638672e-01 -2.679514884948730469e-01 4.259933829307556152e-01
5.543203125000000000e+02 5.712973475456237793e-01 2.572399377822875977e+00 -2.442467212677001953e-01 -2.302336692810058594e-01 4.960910677909851074e-01
4.637749328613281250e+02 5.623627305030822754e-01 2.463531970977783203e+00 -9.552073478698730469e-01 4.028248786926269531e-01 6.132181286811828613e-01
5.703693237304687500e+02 4.850904345512390137e-01 2.041671991348266602e+00 -2.047789096832275391e-01 2.811527252197265625e-01 7.273608446121215820e-01
1.607587585449218750e+02 5.178081989288330078e-01 2.333728551864624023e+00 -4.033112525939941406e-01 1.637434959411621094e-01 6.306710243225097656e-01
4.988964538574218750e+02 4.676748514175415039e-01 2.104260444641113281e+00 -7.610297203063964844e-01 -1.673555374145507812e-01 5.050254464149475098e-01
5.034439086914062500e+02 6.345899701118469238e-01 2.061057329177856445e+00 -3.137695789337158203e-01 -4.654669761657714844e-01 4.789904356002807617e-01
5.663290405273437500e+02 6.856427788734436035e-01 2.166148662567138672e+00 -5.106699466705322266e-01 -2.673721313476562500e-01 3.780883848667144775e-01
5.692435913085937500e+02 4.677824974060058594e-01 2.132852077484130859e+00 -6.462824344635009766e-01 -8.092880249023437500e-02 4.785829484462738037e-01
5.595629882812500000e+02 5.214604735374450684e-01 2.186720371246337891e+00 -5.940008163452148438e-01 -1.397061347961425781e-01 3.855883777141571045e-01
2.479673919677734375e+02 5.954368710517883301e-01 2.355383872985839844e+00 -5.352818965911865234e-01 -2.633559703826904297e-01 4.247443675994873047e-01
5.016950988769531250e+02 5.732646584510803223e-01 2.004244804382324219e+00 -6.189739704132080078e-01 -3.200888633728027344e-01 5.278524756431579590e-01
4.614530944824218750e+02 6.318135261535644531e-01 2.215665340423583984e+00 -6.498253345489501953e-01 6.101059913635253906e-01 8.564729094505310059e-01
4.852210998535156250e+02 6.101993918418884277e-01 2.278547286987304688e+00 -4.790449142456054688e-01 2.316236495971679688e-01 5.392978191375732422e-01
5.090615234375000000e+02 5.853095650672912598e-01 2.165464401245117188e+00 -4.737675189971923828e-01 4.321098327636718750e-02 4.116927087306976318e-01
4.879041748046875000e+02 4.459393024444580078e-01 2.037320137023925781e+00 -5.182886123657226562e-01 -2.559411525726318359e-01 7.116311788558959961e-01
4.589215393066406250e+02 5.945744514465332031e-01 2.443187236785888672e+00 -6.254351139068603516e-01 3.215980529785156250e-01 4.943739771842956543e-01
5.967660522460937500e+02 8.334777355194091797e-01 2.663192987442016602e+00 -6.693518161773681641e-01 7.404804229736328125e-02 5.429440736770629883e-01
5.077554626464843750e+02 6.217513084411621094e-01 2.554111957550048828e+00 -7.533025741577148438e-01 -1.915454864501953125e-01 5.663211345672607422e-01
4.634964599609375000e+02 6.519082784652709961e-01 2.514251232147216797e+00 -7.955968379974365234e-01 3.045129776000976562e-01 4.273645281791687012e-01
5.912385253906250000e+02 4.205384254455566406e-01 2.261454582214355469e+00 -7.808530330657958984e-01 1.690936088562011719e-01 6.961876153945922852e-01
2.271433410644531250e+02 6.547462344169616699e-01 2.007138490676879883e+00 -4.031157493591308594e-01 -4.209637641906738281e-02 3.348612487316131592e-01
5.889727783203125000e+02 5.810191035270690918e-01 2.220585346221923828e+00 -6.712520122528076172e-01 1.370692253112792969e-01 3.237941563129425049e-01
5.603559570312500000e+02 6.849865317344665527e-01 2.598867654800415039e+00 -6.877791881561279297e-01 2.239108085632324219e-01 4.289650917053222656e-01
5.378741455078125000e+02 6.810195446014404297e-01 2.490751266479492188e+00 -6.184267997741699219e-01 2.189135551452636719e-01 4.450930356979370117e-01
5.502984619140625000e+02 6.684780716896057129e-01 2.515102863311767578e+00 -2.990138530731201172e-01 1.205205917358398438e-01 5.058645009994506836e-01
5.437733154296875000e+02 7.125993371009826660e-01 2.558863401412963867e+00 -7.590794563293457031e-01 -5.924510955810546875e-01 3.861698508262634277e-01
5.741907348632812500e+02 5.402979850769042969e-01 2.392619609832763672e+00 -2.507913112640380859e-01 2.822613716125488281e-01 5.804455280303955078e-01
5.444122314453125000e+02 5.441895127296447754e-01 2.236989974975585938e+00 -7.110607624053955078e-01 3.112006187438964844e-01 5.752829909324645996e-01
5.159380493164062500e+02 5.627534389495849609e-01 2.139261484146118164e+00 -4.751670360565185547e-01 -1.306176185607910156e-01 4.918412864208221436e-01
4.873361511230468750e+02 4.405462741851806641e-01 2.090074300765991211e+00 -6.210577487945556641e-01 -1.513242721557617188e-02 5.195203423500061035e-01
5.830310668945312500e+02 6.798822879791259766e-01 2.976332187652587891e+00 -2.452611923217773438e-01 1.614928245544433594e-01 7.470407485961914062e-01
5.549725952148437500e+02 6.575797200202941895e-01 2.286995887756347656e+00 -4.104483127593994141e-01 -4.628729820251464844e-01 7.006479501724243164e-01
2.053730926513671875e+02 7.023531198501586914e-01 2.369431972503662109e+00 -5.781781673431396484e-01 -1.783382892608642578e-01 3.197639882564544678e-01
2.130795745849609375e+02 6.531758904457092285e-01 2.323545694351196289e+00 -4.246199131011962891e-01 -1.139402389526367188e-02 5.531890392303466797e-01
5.059528198242187500e+02 7.532730698585510254e-01 2.882213592529296875e+00 -7.895171642303466797e-01 5.152773857116699219e-01 4.283750355243682861e-01
5.327026367187500000e+02 5.465605854988098145e-01 2.482749462127685547e+00 -1.036173105239868164e+00 1.410484313964843750e-01 5.335318446159362793e-01
1.648433227539062500e+02 5.662746429443359375e-01 2.167527198791503906e+00 -2.572894096374511719e-01 -3.456330299377441406e-01 5.861178040504455566e-01
5.673523559570312500e+02 5.853058099746704102e-01 2.668312311172485352e+00 -6.545472145080566406e-01 1.349115371704101562e-01 3.570842444896697998e-01
5.939013671875000000e+02 5.987163186073303223e-01 2.314145803451538086e+00 -4.102599620819091797e-01 -2.848112583160400391e-01 4.684334993362426758e-01
5.789119873046875000e+02 6.912217736244201660e-01 2.677650928497314453e+00 -4.609441757202148438e-01 1.930117607116699219e-01 4.284817278385162354e-01
5.902353515625000000e+02 7.112122774124145508e-01 2.393577575683593750e+00 -4.678976535797119141e-01 -2.812361717224121094e-01 3.463276624679565430e-01
2.061196594238281250e+02 4.724087715148925781e-01 2.176505804061889648e+00 -5.989778041839599609e-01 -6.899476051330566406e-02 3.875312805175781250e-01
5.416454467773437500e+02 6.191592216491699219e-01 2.680379629135131836e+00 -4.278326034545898438e-01 1.489996910095214844e-01 6.356907486915588379e-01
5.824926147460937500e+02 6.285955905914306641e-01 2.087351083755493164e+00 -2.716386318206787109e-01 -3.133070468902587891e-01 2.670059204101562500e-01
5.315446166992187500e+02 6.525298357009887695e-01 2.327537059783935547e+00 -6.825804710388183594e-02 -3.971469402313232422e-01 5.679238438606262207e-01
5.972749023437500000e+02 5.788418650627136230e-01 2.058048009872436523e+00 -5.183315277099609375e-01 2.796578407287597656e-01 4.667912423610687256e-01
5.105577392578125000e+02 7.046224474906921387e-01 2.506403684616088867e+00 -1.125332117080688477e+00 3.858327865600585938e-02 5.649468898773193359e-01
5.137284545898437500e+02 5.079823732376098633e-01 2.460457801818847656e+00 -5.329132080078125000e-01 5.195665359497070312e-01 6.103864312171936035e-01
2.081830444335937500e+02 6.034802794456481934e-01 2.403155803680419922e+00 -2.223968505859375000e-01 -3.285729885101318359e-01 5.544250011444091797e-01
5.638404541015625000e+02 6.880265474319458008e-01 2.535787343978881836e+00 -8.480584621429443359e-01 -9.425163269042968750e-02 5.517313480377197266e-01
5.891873168945312500e+02 6.068310737609863281e-01 2.348119497299194336e+00 -9.270966053009033203e-01 2.192378044128417969e-01 4.150161743164062500e-01
1.484498443603515625e+02 6.596460938453674316e-01 2.282677173614501953e+00 -8.794927597045898438e-01 3.104448318481445312e-02 5.214053392410278320e-01
5.048491821289062500e+02 5.359063148498535156e-01 2.443793535232543945e+00 -2.963685989379882812e-01 -1.373744010925292969e-01 5.251666903495788574e-01
5.904270019531250000e+02 5.834831595420837402e-01 2.677476167678833008e+00 -8.510959148406982422e-01 -2.290368080139160156e-02 4.949011206626892090e-01
2.226519622802734375e+02 4.521833062171936035e-01 2.216246128082275391e+00 -5.381190776824951172e-01 1.849937438964843750e-01 4.474245905876159668e-01
4.832532958984375000e+02 5.864323377609252930e-01 2.211376190185546875e+00 -6.439208984375000000e-01 2.601122856140136719e-01 4.838426411151885986e-01
2.086377410888671875e+02 6.537554264068603516e-01 2.162567615509033203e+00 -1.412296295166015625e-01 -1.243293285369873047e-01 3.865454196929931641e-01
4.624424438476562500e+02 5.982344150543212891e-01 2.213400602340698242e+00 -5.667877197265625000e-01 3.207373619079589844e-01 5.332876443862915039e-01
2.292126617431640625e+02 5.762698054313659668e-01 2.290436983108520508e+00 -8.452999591827392578e-01 -3.978013992309570312e-02 4.399624764919281006e-01
4.617923583984375000e+02 5.796722769737243652e-01 2.416572332382202148e+00 -8.221292495727539062e-01 2.913761138916015625e-01 6.399967670440673828e-01
4.639455871582031250e+02 6.015253067016601562e-01 2.389661788940429688e+00 -1.040554046630859375e+00 2.302145957946777344e-01 5.711911916732788086e-01
4.624723815917968750e+02 6.722977161407470703e-01 2.428396463394165039e+00 -7.824277877807617188e-01 3.115248680114746094e-01 6.389477849006652832e-01
5.160558471679687500e+02 5.599635839462280273e-01 2.780658483505249023e+00 1.022100448608398438e-02 -6.343841552734375000e-02 5.236997604370117188e-01
1.498634033203125000e+02 5.325201153755187988e-01 2.424489498138427734e+00 -3.199398517608642578e-01 -3.606081008911132812e-03 7.830231785774230957e-01
2.499924163818359375e+02 6.714488863945007324e-01 2.398711204528808594e+00 -7.056868076324462891e-01 8.548736572265625000e-02 6.184288263320922852e-01
1.600641632080078125e+02 7.016654014587402344e-01 2.597732543945312500e+00 -5.831837654113769531e-01 -3.213047981262207031e-02 3.146534860134124756e-01
5.126400756835937500e+02 5.413930416107177734e-01 2.100951194763183594e+00 -6.038486957550048828e-01 -2.788305282592773438e-02 6.618866324424743652e-01
4.582256774902343750e+02 6.260820031166076660e-01 2.457256078720092773e+00 -9.497094154357910156e-01 2.762413024902343750e-01 5.514259338378906250e-01
1.508463897705078125e+02 8.015944957733154297e-01 2.918824195861816406e+00 -3.134715557098388672e-01 -3.642785549163818359e-01 4.222382307052612305e-01
5.810503540039062500e+02 5.894637703895568848e-01 2.053971290588378906e+00 -5.753219127655029297e-01 1.694917678833007812e-02 4.952880442142486572e-01
2.111051330566406250e+02 8.021159172058105469e-01 2.899281263351440430e+00 2.059078216552734375e-01 4.012846946716308594e-01 3.489365875720977783e-01
5.429894409179687500e+02 4.950961470603942871e-01 2.335826635360717773e+00 -5.959391593933105469e-01 -1.841008663177490234e-01 8.846343755722045898e-01
2.006710968017578125e+02 5.627119541168212891e-01 2.203420639038085938e+00 -5.633413791656494141e-01 -1.160502433776855469e-01 6.746235489845275879e-01
5.092395629882812500e+02 5.091223120689392090e-01 2.352423191070556641e+00 -6.213891506195068359e-01 9.453535079956054688e-02 8.031014204025268555e-01
4.659445190429687500e+02 6.805274486541748047e-01 2.110004425048828125e+00 -7.161152362823486328e-01 3.860282897949218750e-01 6.869472265243530273e-01
5.925435791015625000e+02 5.800175666809082031e-01 2.071905136108398438e+00 -1.803541183471679688e-01 1.333022117614746094e-01 4.564608931541442871e-01
1.500927429199218750e+02 6.706764101982116699e-01 2.291457891464233398e+00 -9.313046932220458984e-01 -1.564490795135498047e-01 3.856067359447479248e-01
5.552860107421875000e+02 5.643325448036193848e-01 2.363145828247070312e+00 -8.528530597686767578e-01 -2.767825126647949219e-01 4.628055095672607422e-01
5.847958374023437500e+02 5.077774524688720703e-01 2.580111503601074219e+00 -1.079416275024414062e+00 -1.081585884094238281e-01 5.516194701194763184e-01
4.617860412597656250e+02 5.872629284858703613e-01 2.470647096633911133e+00 -7.670819759368896484e-01 2.147793769836425781e-01 6.121639609336853027e-01
5.569996337890625000e+02 6.215023994445800781e-01 2.286976337432861328e+00 -2.926838397979736328e-01 -3.201365470886230469e-02 4.458480477333068848e-01
4.971517028808593750e+02 6.882396936416625977e-01 2.802471876144409180e+00 -1.008795499801635742e+00 -1.742076873779296875e-01 3.200510740280151367e-01
5.502151489257812500e+02 6.038184165954589844e-01 2.502501726150512695e+00 -5.883812904357910156e-01 -2.992570400238037109e-01 4.928718209266662598e-01
4.880521850585937500e+02 6.792476773262023926e-01 2.519447088241577148e+00 -5.149650573730468750e-01 9.167814254760742188e-01 6.939046978950500488e-01
5.261737060546875000e+02 6.001031994819641113e-01 2.240954160690307617e+00 -1.019012928009033203e-01 7.143020629882812500e-02 4.226598739624023438e-01
5.185593872070312500e+02 6.001529097557067871e-01 2.236103296279907227e+00 -1.945233345031738281e-01 1.102423667907714844e-01 4.569963216781616211e-01
2.836468505859375000e+02 7.208625078201293945e-01 2.727935552597045898e+00 -4.156839847564697266e-01 -6.248950958251953125e-03 2.410699278116226196e-01
5.265056762695312500e+02 6.490138173103332520e-01 2.569657325744628906e+00 -3.835105895996093750e-01 5.008935928344726562e-02 6.586182713508605957e-01
5.642761840820312500e+02 5.571969747543334961e-01 2.645548582077026367e+00 -1.874363422393798828e-01 4.358482360839843750e-01 6.454079747200012207e-01
2.523783874511718750e+02 6.221856474876403809e-01 2.275776624679565430e+00 2.074241638183593750e-01 1.537942886352539062e-01 4.446227550506591797e-01
5.696947631835937500e+02 4.532992839813232422e-01 2.086229801177978516e+00 -3.416860103607177734e-01 5.230903625488281250e-03 7.276213169097900391e-01
5.319411621093750000e+02 4.894393682479858398e-01 2.057745218276977539e+00 -5.598902702331542969e-01 -4.437959194183349609e-01 4.523681104183197021e-01
5.108415527343750000e+02 6.829630732536315918e-01 2.415506601333618164e+00 -2.612459659576416016e-01 4.811286926269531250e-03 2.205657362937927246e-01
5.438724365234375000e+02 5.678022503852844238e-01 2.138620853424072266e+00 -8.989632129669189453e-01 -2.321243286132812500e-02 3.402450680732727051e-01
2.537623443603515625e+02 7.426027059555053711e-01 2.773043632507324219e+00 -7.311630249023437500e-01 8.054018020629882812e-02 3.505126833915710449e-01
5.545394287109375000e+02 6.219134926795959473e-01 2.600844383239746094e+00 -4.385459423065185547e-01 -8.055329322814941406e-02 6.338688135147094727e-01
5.575538940429687500e+02 7.238222360610961914e-01 2.522231817245483398e+00 -3.815710544586181641e-01 -8.380889892578125000e-02 2.951277494430541992e-01
2.483426361083984375e+02 5.138755440711975098e-01 2.301773548126220703e+00 -4.279601573944091797e-01 2.666187286376953125e-01 8.606391549110412598e-01
5.658874511718750000e+02 6.357830166816711426e-01 2.615745544433593750e+00 -6.750702857971191406e-01 2.357149124145507812e-01 4.998559951782226562e-01
1.751091308593750000e+02 5.100891590118408203e-01 2.078319072723388672e+00 -5.763947963714599609e-01 -3.916859626770019531e-02 3.620688915252685547e-01
5.394494018554687500e+02 5.407931208610534668e-01 2.614485502243041992e+00 -7.200694084167480469e-01 2.054452896118164062e-02 6.025105118751525879e-01
4.610029296875000000e+02 6.247503757476806641e-01 2.855313301086425781e+00 -7.607746124267578125e-01 3.664731979370117188e-01 6.642452478408813477e-01
5.398277587890625000e+02 5.881743431091308594e-01 2.168157100677490234e+00 -3.409695625305175781e-01 -3.185987472534179688e-02 5.251912474632263184e-01
5.772296142578125000e+02 7.647715210914611816e-01 2.475000143051147461e+00 -6.203567981719970703e-01 9.464263916015625000e-02 3.572076857089996338e-01
5.853012695312500000e+02 6.056028008460998535e-01 2.235888719558715820e+00 -7.376551628112792969e-01 -2.115488052368164062e-01 4.203737974166870117e-01
1.967847442626953125e+02 5.352543592453002930e-01 2.270689725875854492e+00 -4.124629497528076172e-01 -4.060983657836914062e-02 5.899404883384704590e-01
5.310646972656250000e+02 6.368328332901000977e-01 2.272749662399291992e+00 -7.354187965393066406e-01 2.335405349731445312e-01 5.183221697807312012e-01
5.898920288085937500e+02 6.499586701393127441e-01 2.232727289199829102e+00 1.089239120483398438e-01 4.038548469543457031e-01 4.849006235599517822e-01
4.610918884277343750e+02 6.403771042823791504e-01 2.266473293304443359e+00 -4.482161998748779297e-01 1.132273674011230469e-01 7.519471645355224609e-01
4.271546020507812500e+02 7.866207957267761230e-01 2.526208400726318359e+00 1.974582672119140625e-01 -1.171731948852539062e-01 4.700094461441040039e-01
4.584086303710937500e+02 6.771085262298583984e-01 2.125896930694580078e+00 -3.297102451324462891e-01 -1.367688179016113281e-02 4.443511366844177246e-01
5.484136352539062500e+02 7.036525607109069824e-01 2.299612283706665039e+00 -7.428431510925292969e-01 -2.600789070129394531e-02 4.886780381202697754e-01
2.232542724609375000e+02 6.467553973197937012e-01 2.767141580581665039e+00 -5.997347831726074219e-01 5.565214157104492188e-01 7.547219991683959961e-01
5.362728271484375000e+02 6.125625967979431152e-01 2.483880519866943359e+00 -4.259610176086425781e-01 1.959776878356933594e-01 7.844309806823730469e-01
5.080171508789062500e+02 5.821951627731323242e-01 2.397459745407104492e+00 -2.686429023742675781e-01 -3.357887268066406250e-02 6.344456076622009277e-01
1.889057464599609375e+02 6.617137193679809570e-01 2.405301570892333984e+00 -4.447185993194580078e-01 -2.871382236480712891e-01 8.151767253875732422e-01
5.711692504882812500e+02 5.360361337661743164e-01 2.628930330276489258e+00 -8.063542842864990234e-01 -5.375981330871582031e-02 5.433052778244018555e-01
5.959888305664062500e+02 6.647687554359436035e-01 2.028401374816894531e+00 -4.985451698303222656e-01 2.247333526611328125e-01 3.989819288253784180e-01
5.226472167968750000e+02 6.191715598106384277e-01 2.629724740982055664e+00 -8.824515342712402344e-01 4.117584228515625000e-01 5.634149909019470215e-01
5.049904785156250000e+02 6.979932785034179688e-01 2.649604320526123047e+00 -1.058387756347656250e+00 9.204268455505371094e-01 7.717342376708984375e-01
5.581247558593750000e+02 6.484496593475341797e-01 2.355578899383544922e+00 -5.439031124114990234e-01 3.225159645080566406e-01 3.918461501598358154e-01
5.331447753906250000e+02 5.239036083221435547e-01 2.240474224090576172e+00 -4.989326000213623047e-01 1.431012153625488281e-01 5.958496332168579102e-01
5.091624145507812500e+02 5.250027775764465332e-01 2.319507360458374023e+00 -9.471178054809570312e-01 1.109123229980468750e-02 5.496474504470825195e-01
1.526416168212890625e+02 6.576786041259765625e-01 2.541400194168090820e+00 -7.151889801025390625e-01 -3.436017036437988281e-01 4.016972780227661133e-01
5.817457275390625000e+02 5.602752566337585449e-01 2.553789138793945312e+00 -5.926728248596191406e-01 -1.039636135101318359e-01 5.153641104698181152e-01
5.048627319335937500e+02 5.285463333129882812e-01 2.219857215881347656e+00 -7.825469970703125000e-01 -2.313995361328125000e-01 4.716373682022094727e-01
2.271433410644531250e+02 6.547462344169616699e-01 2.007138490676879883e+00 -4.031157493591308594e-01 -4.209637641906738281e-02 3.348612487316131592e-01
5.806846923828125000e+02 5.485683083534240723e-01 2.249413251876831055e+00 -4.570770263671875000e-01 2.326011657714843750e-01 6.159008145332336426e-01
4.590415954589843750e+02 5.610758066177368164e-01 2.344906330108642578e+00 -3.529191017150878906e-01 2.815032005310058594e-01 6.779031753540039062e-01
4.632114868164062500e+02 6.683101654052734375e-01 2.368947505950927734e+00 -5.772876739501953125e-01 2.878212928771972656e-01 4.672214984893798828e-01
5.958459472656250000e+02 5.607814788818359375e-01 2.126687049865722656e+00 -6.475782394409179688e-01 -1.213908195495605469e-01 7.597655653953552246e-01
4.591334228515625000e+02 4.883494973182678223e-01 2.278876304626464844e+00 -6.359493732452392578e-01 1.711845397949218750e-01 4.323153495788574219e-01
5.622792358398437500e+02 4.928704500198364258e-01 2.585529088973999023e+00 -3.478276729583740234e-01 1.709389686584472656e-01 3.130765557289123535e-01
5.501780395507812500e+02 6.459273099899291992e-01 2.338448047637939453e+00 -5.765295028686523438e-01 -5.837583541870117188e-01 6.778833866119384766e-01
5.569136352539062500e+02 6.053767800331115723e-01 2.136239767074584961e+00 -5.586051940917968750e-01 1.955533027648925781e-01 6.106522083282470703e-01
5.418569335937500000e+02 7.310924530029296875e-01 2.453989744186401367e+00 -1.359112262725830078e+00 -2.092266082763671875e-01 5.188058018684387207e-01
4.960619506835937500e+02 7.441696524620056152e-01 2.447552204132080078e+00 -6.532180309295654297e-01 -1.230859756469726562e-01 6.785411238670349121e-01
1.201957550048828125e+02 5.856226682662963867e-01 2.183562755584716797e+00 -6.704914569854736328e-01 2.245903015136718750e-02 4.881326854228973389e-01
5.831715087890625000e+02 6.381247639656066895e-01 2.360395193099975586e+00 -6.516301631927490234e-01 -2.918124198913574219e-01 5.740266442298889160e-01
5.602520751953125000e+02 5.818493366241455078e-01 2.640005111694335938e+00 -1.579034328460693359e-01 2.884960174560546875e-01 6.107133030891418457e-01
6.058677978515625000e+02 5.143290162086486816e-01 2.116252183914184570e+00 -7.162010669708251953e-01 3.791332244873046875e-01 5.999395847320556641e-01
4.939830322265625000e+02 5.157318115234375000e-01 2.206542015075683594e+00 -9.061217308044433594e-01 4.481554031372070312e-01 7.796700000762939453e-01
5.760198974609375000e+02 7.069851160049438477e-01 2.378087997436523438e+00 -5.977118015289306641e-01 -2.182281017303466797e-01 6.389235854148864746e-01
2.397627410888671875e+02 6.176899075508117676e-01 2.286073207855224609e+00 -6.600379943847656250e-02 -3.804552555084228516e-01 4.442654550075531006e-01
1.503997497558593750e+02 6.685106158256530762e-01 2.385490894317626953e+00 -5.843424797058105469e-01 -3.890633583068847656e-01 6.299016475677490234e-01
5.512349853515625000e+02 5.683515667915344238e-01 2.579639673233032227e+00 -5.600965023040771484e-01 -2.868056297302246094e-02 4.808672070503234863e-01
5.629145507812500000e+02 6.138318181037902832e-01 2.204476118087768555e+00 -8.616459369659423828e-01 5.527257919311523438e-02 6.441918611526489258e-01
4.586955566406250000e+02 5.268062949180603027e-01 2.297098159790039062e+00 -6.382310390472412109e-01 1.777410507202148438e-01 7.103021144866943359e-01
5.476463012695312500e+02 6.822819709777832031e-01 2.264709949493408203e+00 -3.498494625091552734e-01 2.910327911376953125e-01 5.574133992195129395e-01
5.347258300781250000e+02 4.833682775497436523e-01 2.495846509933471680e+00 -7.409131526947021484e-01 2.140998840332031250e-01 6.513262391090393066e-01
5.969154663085937500e+02 5.441017150878906250e-01 2.312815189361572266e+00 -2.709639072418212891e-01 3.367018699645996094e-01 5.624329447746276855e-01
1.874054565429687500e+02 5.612542629241943359e-01 2.427429914474487305e+00 -8.036124706268310547e-01 -3.350925445556640625e-01 5.609335899353027344e-01
2.483253173828125000e+02 6.330857872962951660e-01 2.570826768875122070e+00 -4.563486576080322266e-01 -3.574991226196289062e-01 4.645856022834777832e-01
2.513628540039062500e+02 8.674091100692749023e-01 2.820227146148681641e+00 2.029943466186523438e-01 1.197409629821777344e-01 4.044808149337768555e-01
5.490313720703125000e+02 6.581712365150451660e-01 2.747503280639648438e+00 -4.822111129760742188e-01 1.809573173522949219e-01 6.312603354454040527e-01
2.469862976074218750e+02 5.946052074432373047e-01 2.513038158416748047e+00 -4.159688949584960938e-01 -1.214110851287841797e-01 3.124547600746154785e-01
5.814205932617187500e+02 6.073474884033203125e-01 2.174239397048950195e+00 -3.262066841125488281e-01 -3.273582458496093750e-01 4.838967919349670410e-01
6.098382568359375000e+02 5.623400211334228516e-01 2.156103134155273438e+00 -3.491163253784179688e-01 -1.289129257202148438e-01 4.906430244445800781e-01
4.612722778320312500e+02 5.681393146514892578e-01 2.331089735031127930e+00 -7.745993137359619141e-01 4.962015151977539062e-01 6.547868847846984863e-01
5.828278808593750000e+02 5.986578464508056641e-01 2.536119699478149414e+00 -3.306782245635986328e-01 2.568435668945312500e-01 7.519308328628540039e-01
4.585545959472656250e+02 4.935517311096191406e-01 2.431981563568115234e+00 -6.097531318664550781e-01 2.517724037170410156e-01 7.127416133880615234e-01
5.634446411132812500e+02 6.645768880844116211e-01 2.409358501434326172e+00 -4.469394683837890625e-01 -1.155495643615722656e-01 4.358731508255004883e-01
1.578385620117187500e+02 6.445708274841308594e-01 2.307772874832153320e+00 -5.984306335449218750e-01 -2.590286731719970703e-01 4.034596681594848633e-01
2.794714050292968750e+02 5.111089348793029785e-01 2.399804592132568359e+00 -2.870655059814453125e-01 -3.622174263000488281e-01 3.543119132518768311e-01
1.455323333740234375e+02 5.768425464630126953e-01 2.455139875411987305e+00 -7.736241817474365234e-01 1.668047904968261719e-01 5.126155614852905273e-01
5.117127075195312500e+02 5.757794976234436035e-01 2.212354898452758789e+00 -4.071664810180664062e-01 5.730152130126953125e-02 3.950810432434082031e-01
5.835892944335937500e+02 6.040496230125427246e-01 2.321981906890869141e+00 -6.951594352722167969e-01 4.464459419250488281e-01 6.219419240951538086e-01
5.722104492187500000e+02 7.849220633506774902e-01 2.475617408752441406e+00 -1.014311313629150391e+00 2.855539321899414062e-02 3.784050941467285156e-01
5.813538818359375000e+02 6.591219902038574219e-01 2.348444938659667969e+00 -3.190231323242187500e-01 -2.386569976806640625e-01 3.802894353866577148e-01
1.542260589599609375e+02 6.105909943580627441e-01 2.525112867355346680e+00 -6.653726100921630859e-01 5.295276641845703125e-02 3.685453832149505615e-01
5.255028076171875000e+02 6.125389933586120605e-01 2.399744749069213867e+00 -9.516453742980957031e-01 -5.715608596801757812e-01 4.898374974727630615e-01
4.899010314941406250e+02 6.097852587699890137e-01 2.451818943023681641e+00 -5.998897552490234375e-01 -2.917230129241943359e-01 5.424944162368774414e-01
