5.656557466666666005e+04 1.185783425502421551e+00 1.377305011238397325e+00
5.659756233333332057e+04 1.299269065382875121e+00 1.556072391063417770e+00
5.662545300000000134e+04 1.864558134559345826e+00 2.225973728846079247e+00
5.665246599999999307e+04 1.045852984011486075e+00 1.432998615687227417e+00
5.691913549999999668e+04 8.993370115465506576e-01 1.191652770438091036e+00
5.695857400000000052e+04 1.215229544306859033e+00 1.482570484201287231e+00
5.698313479999999981e+04 1.799182664999199099e+00 2.033310326697098880e+00
5.701426739999999700e+04 1.059536869653481928e+00 1.208416848180762448e+00
5.724376166666667996e+04 2.078451005085196979e+00 2.295151543481563028e+00
5.728358475000000180e+04 1.393355806575458100e+00 1.529727819934532773e+00
5.730558166666667967e+04 1.071451778976604485e+00 1.307236446507409999e+00
5.734050049999998737e+04 1.249730959676894182e+00 1.379606670004703606e+00
5.736853166666667676e+04 1.395005025593927694e+00 1.517234719712729385e+00
5.762775700000001234e+04 9.636242868944487894e-01 1.169978802679335850e+00
5.765661133333331964e+04 1.252222379957479204e+00 1.468870714805409650e+00
5.769363099999999395e+04 4.950232204649218093e-01 1.048926419474174976e+00
5.771955083333332004e+04 1.108331583110107710e+00 1.309036267078024451e+00
5.774746599999999307e+04 5.791791060590706364e-01 8.292705757362873742e-01
5.798868925000000309e+04 9.543659257283183539e-01 1.399993206298883797e+00
5.804702183333331777e+04 9.427013206636447595e-01 1.071088441718071937e+00
5.807356900000000314e+04 1.011496491691138644e+00 1.302046250555560114e+00
5.810846199999999953e+04 3.521642500315859792e+00 8.038931854165561219e+00
5.836562549999998737e+04 7.166402385644584649e-01 1.166876644366392046e+00
5.839753800000000047e+04 1.006328474699593523e+00 1.146468040183180603e+00
5.843054400000000169e+04 1.434168929736213016e+00 1.629288500766431280e+00
