6.181979370117187500e+02 1.787275910377502441e+00 2.682723283767700195e+00 2.499792575836181641e+00 3.146624565124511719e-01 2.189309746026992798e-01
6.350289306640625000e+02 1.679866313934326172e+00 2.653699874877929688e+00 1.773710250854492188e+00 1.670956611633300781e-01 1.935822367668151855e-01
6.267272338867187500e+02 1.644136786460876465e+00 2.513520002365112305e+00 1.947531700134277344e+00 3.641390800476074219e-01 1.964412033557891846e-01
6.265687255859375000e+02 1.713095307350158691e+00 2.517509460449218750e+00 1.705555915832519531e+00 5.922317504882812500e-01 2.010787725448608398e-01
6.307042236328125000e+02 1.731138706207275391e+00 2.594433784484863281e+00 2.295801639556884766e+00 2.324914932250976562e-01 1.416664123535156250e-01
6.313320312500000000e+02 1.627453804016113281e+00 2.235903739929199219e+00 2.491819858551025391e+00 3.259968757629394531e-01 2.094034999608993530e-01
6.361088256835937500e+02 1.695875525474548340e+00 2.549035310745239258e+00 2.306175231933593750e+00 3.138637542724609375e-01 1.739485412836074829e-01
6.323317871093750000e+02 1.618050694465637207e+00 2.597672939300537109e+00 1.836431026458740234e+00 2.472567558288574219e-01 1.675844192504882812e-01
6.242577514648437500e+02 1.595658183097839355e+00 2.301171064376831055e+00 9.377503395080566406e-01 -2.187848091125488281e-02 3.435360789299011230e-01
6.326335449218750000e+02 1.572389483451843262e+00 2.481456756591796875e+00 1.831433773040771484e+00 -1.577615737915039062e-01 1.674243807792663574e-01
6.365109252929687500e+02 1.652692675590515137e+00 2.541891574859619141e+00 2.659935951232910156e+00 6.804466247558593750e-01 2.903962731361389160e-01
7.958094482421875000e+02 1.596485733985900879e+00 2.427942276000976562e+00 2.600011825561523438e+00 2.315115928649902344e-01 2.412969022989273071e-01
6.050751342773437500e+02 1.618022799491882324e+00 2.501264572143554688e+00 3.217587471008300781e+00 3.908658027648925781e-01 2.034179866313934326e-01
6.334495849609375000e+02 1.569451928138732910e+00 2.346363544464111328e+00 1.637110710144042969e+00 1.190495491027832031e-01 2.126304656267166138e-01
6.324012451171875000e+02 1.659902453422546387e+00 2.503203153610229492e+00 2.290163040161132812e+00 4.391288757324218750e-01 1.682959347963333130e-01
6.325010375976562500e+02 1.641104102134704590e+00 2.585309505462646484e+00 3.146932125091552734e+00 4.604434967041015625e-01 1.900573074817657471e-01
6.316067504882812500e+02 1.627609372138977051e+00 2.700778007507324219e+00 2.104606628417968750e+00 6.733918190002441406e-01 1.775880008935928345e-01
5.735782470703125000e+02 1.519092559814453125e+00 2.111546277999877930e+00 2.724685668945312500e+00 2.301168441772460938e-01 1.860660016536712646e-01
6.337876586914062500e+02 1.598962664604187012e+00 2.521459579467773438e+00 2.033846378326416016e+00 1.271724700927734375e-01 1.878801137208938599e-01
6.173062133789062500e+02 1.610661745071411133e+00 2.271017313003540039e+00 1.046738624572753906e+00 4.051208496093750000e-02 2.207101136445999146e-01
5.585997924804687500e+02 1.600152492523193359e+00 2.542208909988403320e+00 2.595317363739013672e+00 2.085924148559570312e-01 1.952902674674987793e-01
6.298360595703125000e+02 1.605034112930297852e+00 2.539824485778808594e+00 3.021469116210937500e+00 4.398012161254882812e-01 1.923624426126480103e-01
6.283289184570312500e+02 1.701045751571655273e+00 2.639818668365478516e+00 2.014043331146240234e+00 2.085852622985839844e-01 1.499960422515869141e-01
6.310722656250000000e+02 1.564230918884277344e+00 2.484546661376953125e+00 1.921823024749755859e+00 -1.886010169982910156e-02 1.817015111446380615e-01
6.356275024414062500e+02 1.415340065956115723e+00 2.348870992660522461e+00 2.234687805175781250e+00 1.049900054931640625e-01 1.883897185325622559e-01
6.309157104492187500e+02 1.808024048805236816e+00 2.713969230651855469e+00 1.826491355895996094e+00 2.650809288024902344e-01 1.887529939413070679e-01
6.312194213867187500e+02 1.647843599319458008e+00 2.041109085083007812e+00 3.573868274688720703e+00 5.223321914672851562e-01 1.656683981418609619e-01
6.322305908203125000e+02 1.662458062171936035e+00 2.526639461517333984e+00 1.252284049987792969e+00 1.574087142944335938e-01 1.904449760913848877e-01
6.106204223632812500e+02 1.713268399238586426e+00 2.487184524536132812e+00 3.908998966217041016e+00 3.721261024475097656e-01 2.247075438499450684e-01
6.338778686523437500e+02 1.565327405929565430e+00 2.236332893371582031e+00 2.725725173950195312e+00 3.333806991577148438e-02 2.765164971351623535e-01
6.318987426757812500e+02 1.717564225196838379e+00 2.763080120086669922e+00 3.076586723327636719e+00 3.270316123962402344e-01 1.863163709640502930e-01
7.970704345703125000e+02 1.683696150779724121e+00 2.444267749786376953e+00 2.172801494598388672e+00 -4.029631614685058594e-02 2.613683640956878662e-01
6.348195190429687500e+02 1.679825901985168457e+00 2.394823789596557617e+00 1.722013950347900391e+00 2.190661430358886719e-01 2.085938751697540283e-01
1.939270629882812500e+02 1.722993731498718262e+00 2.640795230865478516e+00 2.938404083251953125e+00 1.859951019287109375e-01 1.582325249910354614e-01
6.335421142578125000e+02 1.668324947357177734e+00 2.610269308090209961e+00 2.538447380065917969e+00 1.763987541198730469e-01 1.718261837959289551e-01
6.187490844726562500e+02 1.628951907157897949e+00 2.544501304626464844e+00 3.230760097503662109e+00 3.958988189697265625e-01 2.248493731021881104e-01
6.131356201171875000e+02 1.662606835365295410e+00 2.940792560577392578e+00 3.145952224731445312e+00 4.334545135498046875e-01 2.703454494476318359e-01
6.135394287109375000e+02 1.756399393081665039e+00 2.493092536926269531e+00 2.394886016845703125e+00 2.097058296203613281e-01 1.751765310764312744e-01
5.374211425781250000e+02 1.628626108169555664e+00 2.544790983200073242e+00 2.392401695251464844e+00 3.963112831115722656e-01 2.157205343246459961e-01
6.371132812500000000e+02 1.541076302528381348e+00 2.346808910369873047e+00 1.302900314331054688e+00 2.757906913757324219e-01 2.248266339302062988e-01
6.318811035156250000e+02 1.775650143623352051e+00 2.582646846771240234e+00 2.105457782745361328e+00 8.699893951416015625e-03 2.520221769809722900e-01
6.048745727539062500e+02 1.627486348152160645e+00 2.529933452606201172e+00 3.680212497711181641e+00 1.407885551452636719e-01 1.996541321277618408e-01
6.325160522460937500e+02 1.666126608848571777e+00 2.646085500717163086e+00 2.074236869812011719e+00 1.141452789306640625e-01 1.620861887931823730e-01
6.321765747070312500e+02 1.631269335746765137e+00 2.555874109268188477e+00 1.308939456939697266e+00 2.715730667114257812e-01 1.796480119228363037e-01
6.243284912109375000e+02 1.730293631553649902e+00 2.593987941741943359e+00 3.184611797332763672e+00 5.266690254211425781e-01 1.269857883453369141e-01
5.765290527343750000e+02 1.588599324226379395e+00 2.271255016326904297e+00 2.131640911102294922e+00 1.332354545593261719e-01 1.925519853830337524e-01
6.247125854492187500e+02 1.756253838539123535e+00 2.574561595916748047e+00 1.012167930603027344e+00 2.627277374267578125e-01 1.772096753120422363e-01
6.367316284179687500e+02 1.532682061195373535e+00 2.208265542984008789e+00 1.241114139556884766e+00 2.163124084472656250e-01 1.460335552692413330e-01
1.300847625732421875e+02 1.711894750595092773e+00 2.629102468490600586e+00 1.843624114990234375e+00 2.669382095336914062e-01 1.445516049861907959e-01
6.139335327148437500e+02 1.899765610694885254e+00 3.230636119842529297e+00 3.073017597198486328e+00 5.661225318908691406e-01 1.811397969722747803e-01
6.255265502929687500e+02 1.730208158493041992e+00 2.605937957763671875e+00 3.444888591766357422e+00 2.621674537658691406e-01 1.878114640712738037e-01
6.338754882812500000e+02 1.596971392631530762e+00 2.384787797927856445e+00 2.703163623809814453e+00 9.539604187011718750e-02 1.541247814893722534e-01
6.318486938476562500e+02 1.622386574745178223e+00 2.554805755615234375e+00 2.911252975463867188e+00 3.644371032714843750e-01 1.655282825231552124e-01
6.358923950195312500e+02 1.613751649856567383e+00 2.272382736206054688e+00 1.545393466949462891e+00 1.046848297119140625e-01 1.908579617738723755e-01
6.155351562500000000e+02 1.602443456649780273e+00 2.403313636779785156e+00 1.412103176116943359e+00 6.380772590637207031e-01 2.732701897621154785e-01
6.322916870117187500e+02 1.615786194801330566e+00 2.438852787017822266e+00 1.012575626373291016e+00 1.183366775512695312e-01 2.002235352993011475e-01
6.344089965820312500e+02 1.743066310882568359e+00 2.613597393035888672e+00 2.294523715972900391e+00 4.356336593627929688e-01 2.456331998109817505e-01
6.277244262695312500e+02 1.720797538757324219e+00 2.616121292114257812e+00 2.479877471923828125e+00 2.590155601501464844e-01 1.678225398063659668e-01
6.122476806640625000e+02 1.532755374908447266e+00 2.139611005783081055e+00 2.211558818817138672e+00 5.917787551879882812e-02 2.309528291225433350e-01
6.330288085937500000e+02 1.598786711692810059e+00 2.302923202514648438e+00 2.371740341186523438e+00 4.651951789855957031e-01 2.425946593284606934e-01
1.364020538330078125e+02 1.546984314918518066e+00 2.186238050460815430e+00 3.211743831634521484e+00 -1.590943336486816406e-01 1.737423539161682129e-01
6.190639038085937500e+02 1.717586398124694824e+00 2.624304056167602539e+00 3.047652244567871094e+00 4.907917976379394531e-01 1.866217255592346191e-01
6.325658569335937500e+02 1.584192991256713867e+00 2.537160873413085938e+00 1.590354442596435547e+00 -7.529258728027343750e-03 1.855729669332504272e-01
6.324019165039062500e+02 1.656795024871826172e+00 2.486694097518920898e+00 4.200422763824462891e+00 5.304932594299316406e-01 1.547143608331680298e-01
6.348988037109375000e+02 1.666425585746765137e+00 2.716966152191162109e+00 1.616537570953369141e+00 4.195857048034667969e-01 2.330330163240432739e-01
5.959559326171875000e+02 1.815309286117553711e+00 2.748110055923461914e+00 3.134393692016601562e+00 -1.954209804534912109e-01 1.860555261373519897e-01
2.240843811035156250e+02 1.764819025993347168e+00 2.696592569351196289e+00 8.389902114868164062e-01 1.699495315551757812e-01 1.635407805442810059e-01
2.071183624267578125e+02 1.588411927223205566e+00 2.360332012176513672e+00 1.901955604553222656e+00 3.434586524963378906e-01 2.367877811193466187e-01
6.304214477539062500e+02 1.544024586677551270e+00 2.588954210281372070e+00 3.630790710449218750e+00 4.754185676574707031e-01 2.091315984725952148e-01
6.149896240234375000e+02 1.651856541633605957e+00 2.541554212570190430e+00 2.859992980957031250e+00 3.862285614013671875e-01 2.078087627887725830e-01
6.333614501953125000e+02 1.600415706634521484e+00 2.325167417526245117e+00 1.744108200073242188e+00 2.399349212646484375e-01 1.873028576374053955e-01
6.336076049804687500e+02 1.581059098243713379e+00 2.168070793151855469e+00 1.468889713287353516e+00 1.306271553039550781e-01 1.904937922954559326e-01
6.269368896484375000e+02 1.535422921180725098e+00 2.335287570953369141e+00 2.360503673553466797e+00 3.500556945800781250e-01 2.103981673717498779e-01
6.107965087890625000e+02 1.820590734481811523e+00 2.946075201034545898e+00 2.369487285614013672e+00 4.752087593078613281e-01 2.320120930671691895e-01
6.006666259765625000e+02 1.665800809860229492e+00 2.652137994766235352e+00 3.307018280029296875e+00 4.758453369140625000e-01 1.973116099834442139e-01
6.264240722656250000e+02 1.666293621063232422e+00 2.732266902923583984e+00 1.081833839416503906e+00 2.338552474975585938e-01 1.515463292598724365e-01
6.321684570312500000e+02 1.665745019912719727e+00 2.411908149719238281e+00 1.410117149353027344e+00 1.929354667663574219e-01 1.810531318187713623e-01
5.572229003906250000e+02 1.581458568572998047e+00 2.242367506027221680e+00 2.974181175231933594e+00 3.210067749023437500e-01 1.971831768751144409e-01
6.348250122070312500e+02 1.520230531692504883e+00 2.021672248840332031e+00 1.904706954956054688e+00 -7.719755172729492188e-02 1.760676354169845581e-01
6.302106323242187500e+02 1.772555589675903320e+00 2.930428028106689453e+00 2.311167716979980469e+00 1.668858528137207031e-01 1.507630646228790283e-01
2.154224090576171875e+02 1.756293535232543945e+00 2.515697479248046875e+00 6.639766693115234375e-01 1.461482048034667969e-01 1.787995547056198120e-01
6.149713745117187500e+02 1.688979029655456543e+00 2.724319219589233398e+00 1.931273937225341797e+00 1.607441902160644531e-01 1.557721346616744995e-01
6.286091918945312500e+02 1.624912500381469727e+00 2.240257978439331055e+00 2.769410610198974609e+00 4.057168960571289062e-01 2.011280357837677002e-01
6.259578857421875000e+02 1.641254305839538574e+00 2.394187688827514648e+00 1.856503486633300781e+00 -1.077497005462646484e-01 1.677018105983734131e-01
6.266162109375000000e+02 1.568256378173828125e+00 2.453753232955932617e+00 1.982789039611816406e+00 1.389503479003906250e-01 1.768336594104766846e-01
6.331900024414062500e+02 1.585723638534545898e+00 2.295844078063964844e+00 2.622778415679931641e+00 3.313946723937988281e-01 1.975171566009521484e-01
6.329115600585937500e+02 1.733886003494262695e+00 2.519962787628173828e+00 2.504041194915771484e+00 1.543879508972167969e-01 1.871637254953384399e-01
6.336068115234375000e+02 1.668347477912902832e+00 2.622165918350219727e+00 2.165968418121337891e+00 3.596854209899902344e-01 1.469156742095947266e-01
6.323353881835937500e+02 1.641888737678527832e+00 2.605334997177124023e+00 2.203402519226074219e+00 2.072620391845703125e-01 1.859927177429199219e-01
6.186309204101562500e+02 1.543089032173156738e+00 2.263454675674438477e+00 2.918450832366943359e+00 3.559470176696777344e-01 2.085849642753601074e-01
6.247365722656250000e+02 1.760348320007324219e+00 2.713597059249877930e+00 2.959747314453125000e+00 6.103157997131347656e-01 2.324311584234237671e-01
6.306665039062500000e+02 1.553148388862609863e+00 2.337086915969848633e+00 2.354707717895507812e+00 3.242111206054687500e-01 2.397467494010925293e-01
6.259768676757812500e+02 1.622926592826843262e+00 2.316555023193359375e+00 1.492607593536376953e+00 7.564306259155273438e-02 2.126026898622512817e-01
6.340203247070312500e+02 1.499273896217346191e+00 2.263180255889892578e+00 2.411499023437500000e+00 -1.970434188842773438e-01 2.320245802402496338e-01
6.328262939453125000e+02 1.623625755310058594e+00 2.653444290161132812e+00 2.966167926788330078e+00 2.441930770874023438e-01 1.980622261762619019e-01
6.258262939453125000e+02 1.804281830787658691e+00 2.673544883728027344e+00 2.783904075622558594e+00 3.499126434326171875e-01 1.267729103565216064e-01
6.187603759765625000e+02 1.601061224937438965e+00 2.268010616302490234e+00 1.512932777404785156e+00 1.959419250488281250e-01 1.488456726074218750e-01
6.342407226562500000e+02 1.630618453025817871e+00 2.198751449584960938e+00 2.258901596069335938e+00 1.163506507873535156e-01 2.084439396858215332e-01
7.967274780273437500e+02 1.680113434791564941e+00 2.270789623260498047e+00 2.894883155822753906e+00 2.033162117004394531e-01 1.879177242517471313e-01
5.752260742187500000e+02 1.621335864067077637e+00 2.313481569290161133e+00 1.632850170135498047e+00 1.773595809936523438e-02 1.854746192693710327e-01
6.313702392578125000e+02 1.785450935363769531e+00 2.684443712234497070e+00 1.602263450622558594e+00 3.013634681701660156e-01 1.302316635847091675e-01
6.249882812500000000e+02 1.626240372657775879e+00 2.463846206665039062e+00 1.616342067718505859e+00 6.683349609375000000e-02 1.852347701787948608e-01
2.210314483642578125e+02 1.619552731513977051e+00 2.585996866226196289e+00 1.661460399627685547e+00 7.008957862854003906e-01 2.124455720186233521e-01
6.292380981445312500e+02 1.870851039886474609e+00 2.941189289093017578e+00 3.677895069122314453e+00 5.433011054992675781e-01 1.273710727691650391e-01
5.726155395507812500e+02 1.749237537384033203e+00 2.854794502258300781e+00 3.163928985595703125e+00 2.059102058410644531e-01 1.269126087427139282e-01
7.934706420898437500e+02 1.531882762908935547e+00 2.563640356063842773e+00 3.056619167327880859e+00 2.547478675842285156e-01 2.224019914865493774e-01
6.375467529296875000e+02 1.775199890136718750e+00 2.450729846954345703e+00 2.601993083953857422e+00 3.619170188903808594e-01 2.055754065513610840e-01
7.962167968750000000e+02 1.580178260803222656e+00 2.193414211273193359e+00 1.808750629425048828e+00 1.390194892883300781e-01 3.508116304874420166e-01
6.249724121093750000e+02 1.589727997779846191e+00 2.115481376647949219e+00 1.649439334869384766e+00 2.275252342224121094e-01 2.035408020019531250e-01
6.348193359375000000e+02 1.628118634223937988e+00 2.422780036926269531e+00 2.885844707489013672e+00 5.251336097717285156e-01 2.450428307056427002e-01
6.341448974609375000e+02 1.766621470451354980e+00 2.690828084945678711e+00 1.001553535461425781e+00 2.578663825988769531e-01 1.642520129680633545e-01
6.365127563476562500e+02 1.791219830513000488e+00 2.617891311645507812e+00 1.589834690093994141e+00 4.036355018615722656e-01 2.241405546665191650e-01
6.155946044921875000e+02 1.601160645484924316e+00 2.314038753509521484e+00 1.132299900054931641e+00 3.305816650390625000e-01 2.605573534965515137e-01
6.244866333007812500e+02 1.535188674926757812e+00 2.234946489334106445e+00 2.993161678314208984e+00 2.873826026916503906e-01 2.286460995674133301e-01
6.331184082031250000e+02 1.821018457412719727e+00 2.831798076629638672e+00 3.499052524566650391e+00 6.309437751770019531e-01 2.013307064771652222e-01
6.245813598632812500e+02 1.657095789909362793e+00 2.414545536041259766e+00 1.926617622375488281e+00 4.205632209777832031e-01 2.003318965435028076e-01
6.034946289062500000e+02 1.601116657257080078e+00 2.491293907165527344e+00 1.757287979125976562e+00 1.547169685363769531e-01 1.925460398197174072e-01
6.314404296875000000e+02 1.623216271400451660e+00 2.116072177886962891e+00 1.964926719665527344e+00 4.278898239135742188e-01 2.020205855369567871e-01
6.302870483398437500e+02 1.648988008499145508e+00 2.449316978454589844e+00 2.497971057891845703e+00 2.478432655334472656e-01 1.794712245464324951e-01
6.309080810546875000e+02 1.757558465003967285e+00 2.368260860443115234e+00 2.454705238342285156e+00 3.872346878051757812e-01 1.691838949918746948e-01
6.320597534179687500e+02 1.806595325469970703e+00 3.013432264328002930e+00 1.675643920898437500e+00 -1.910924911499023438e-02 1.297361254692077637e-01
6.320645141601562500e+02 1.609098196029663086e+00 2.544656515121459961e+00 2.378132343292236328e+00 1.802563667297363281e-01 2.652404308319091797e-01
6.302242431640625000e+02 1.633370041847229004e+00 2.454588413238525391e+00 2.150650024414062500e+00 3.506255149841308594e-01 1.298674345016479492e-01
6.154113769531250000e+02 1.713326692581176758e+00 2.717474699020385742e+00 1.553111076354980469e+00 9.541749954223632812e-02 1.865829378366470337e-01
6.318154907226562500e+02 1.547049045562744141e+00 2.379774570465087891e+00 2.507483959197998047e+00 5.408430099487304688e-01 1.612434685230255127e-01
6.367550048828125000e+02 1.809359431266784668e+00 2.543705701828002930e+00 1.442611217498779297e+00 2.979063987731933594e-01 1.924544721841812134e-01
6.308784790039062500e+02 1.611423492431640625e+00 2.489966392517089844e+00 3.148429393768310547e+00 2.156543731689453125e-01 2.102050781250000000e-01
5.802383422851562500e+02 1.770391941070556641e+00 2.380026340484619141e+00 1.590182781219482422e+00 -2.039575576782226562e-01 1.787061393260955811e-01
6.332285156250000000e+02 1.658134698867797852e+00 2.581275939941406250e+00 2.036721706390380859e+00 2.204823493957519531e-01 1.575120687484741211e-01
6.345593872070312500e+02 1.752241253852844238e+00 2.806918144226074219e+00 2.333626747131347656e+00 3.737401962280273438e-01 1.909700185060501099e-01
6.325646362304687500e+02 1.722292780876159668e+00 2.531417608261108398e+00 1.803922653198242188e+00 2.557849884033203125e-01 1.647537797689437866e-01
1.844601745605468750e+02 1.633003115653991699e+00 2.777597904205322266e+00 3.236458301544189453e+00 -7.707238197326660156e-02 2.764185070991516113e-01
6.256315917968750000e+02 1.696880817413330078e+00 2.486140251159667969e+00 2.832586765289306641e+00 1.864957809448242188e-01 1.375854909420013428e-01
6.159940795898437500e+02 1.784473180770874023e+00 2.782300949096679688e+00 1.615638732910156250e+00 4.661798477172851562e-02 2.046714723110198975e-01
6.267019042968750000e+02 1.604798436164855957e+00 2.274480819702148438e+00 2.055759429931640625e+00 3.006148338317871094e-01 1.665566712617874146e-01
6.150612182617187500e+02 1.817157149314880371e+00 2.921341657638549805e+00 2.606406211853027344e+00 8.558273315429687500e-02 1.627568304538726807e-01
6.143568725585937500e+02 1.683337092399597168e+00 2.202712297439575195e+00 1.917092800140380859e+00 4.843473434448242188e-02 1.677032411098480225e-01
6.319196777343750000e+02 1.715547561645507812e+00 2.547632455825805664e+00 2.563996315002441406e+00 5.795216560363769531e-01 1.744564622640609741e-01
6.178527832031250000e+02 1.654357433319091797e+00 2.423305034637451172e+00 1.990840435028076172e+00 5.096983909606933594e-01 2.088181078433990479e-01
6.247137451171875000e+02 1.652875423431396484e+00 2.612548112869262695e+00 2.264776229858398438e+00 4.889202117919921875e-01 2.430287003517150879e-01
1.571416625976562500e+02 1.601414918899536133e+00 2.361304283142089844e+00 2.847177982330322266e+00 1.151323318481445312e-02 1.895879358053207397e-01
6.318148803710937500e+02 1.591562986373901367e+00 2.041262865066528320e+00 2.043850421905517578e+00 2.594518661499023438e-01 2.522020339965820312e-01
7.987532958984375000e+02 1.684095263481140137e+00 2.478353738784790039e+00 1.880443096160888672e+00 -5.862712860107421875e-02 3.053093254566192627e-01
6.351252441406250000e+02 1.541865587234497070e+00 2.319581985473632812e+00 1.185042858123779297e+00 -1.048803329467773438e-02 2.353182733058929443e-01
6.336906738281250000e+02 1.679942131042480469e+00 2.301445960998535156e+00 1.302559375762939453e+00 -9.720325469970703125e-02 1.977045834064483643e-01
6.166502685546875000e+02 1.875903606414794922e+00 2.944615125656127930e+00 3.305618762969970703e+00 4.739022254943847656e-01 1.421760320663452148e-01
7.990239868164062500e+02 1.566448569297790527e+00 2.444393157958984375e+00 2.613172531127929688e+00 2.738666534423828125e-01 2.908840179443359375e-01
6.102530517578125000e+02 1.591459631919860840e+00 2.316152811050415039e+00 1.201937198638916016e+00 1.433658599853515625e-01 2.074539661407470703e-01
6.337667846679687500e+02 1.714056968688964844e+00 2.680457592010498047e+00 1.198263168334960938e+00 6.906747817993164062e-02 1.577898710966110229e-01
5.869656982421875000e+02 1.699512243270874023e+00 2.452999591827392578e+00 2.097890377044677734e+00 3.255510330200195312e-01 1.640703976154327393e-01
6.311290893554687500e+02 1.661874413490295410e+00 2.225144863128662109e+00 2.220396995544433594e+00 2.535915374755859375e-01 2.104008346796035767e-01
6.281972656250000000e+02 1.756614327430725098e+00 2.814725637435913086e+00 2.550365924835205078e+00 6.067752838134765625e-03 1.617901325225830078e-01
1.546261444091796875e+02 1.573529601097106934e+00 2.378584146499633789e+00 1.871001720428466797e+00 6.930279731750488281e-01 1.933385133743286133e-01
6.149962768554687500e+02 1.615194678306579590e+00 2.433425903320312500e+00 2.687313556671142578e+00 3.662514686584472656e-01 2.433725893497467041e-01
1.968956451416015625e+02 1.584498047828674316e+00 2.555835247039794922e+00 1.957542896270751953e+00 1.916861534118652344e-01 1.318375319242477417e-01
6.233787231445312500e+02 1.653675079345703125e+00 2.562975645065307617e+00 2.309823036193847656e+00 2.931714057922363281e-01 2.050221562385559082e-01
6.269835205078125000e+02 1.640849471092224121e+00 2.058339834213256836e+00 2.565040588378906250e+00 1.863646507263183594e-01 1.847439855337142944e-01
6.326336669921875000e+02 1.716844677925109863e+00 2.694188117980957031e+00 1.809973716735839844e+00 1.470541954040527344e-01 1.728704571723937988e-01
6.338217773437500000e+02 1.763507962226867676e+00 2.758529186248779297e+00 2.311341762542724609e+00 1.062250137329101562e-01 2.490206360816955566e-01
6.319708251953125000e+02 1.551296949386596680e+00 2.450267791748046875e+00 2.768990993499755859e+00 4.357957839965820312e-01 2.489352077245712280e-01
5.590243530273437500e+02 1.513940215110778809e+00 2.309594869613647461e+00 2.339174747467041016e+00 2.717304229736328125e-01 1.751376092433929443e-01
6.324251098632812500e+02 1.700527548789978027e+00 2.693975925445556641e+00 2.470176219940185547e+00 2.215623855590820312e-01 1.874075084924697876e-01
6.307150878906250000e+02 1.609611034393310547e+00 2.664014577865600586e+00 2.235178947448730469e+00 2.749633789062500000e-01 1.749542653560638428e-01
6.440101928710937500e+02 1.633901119232177734e+00 2.410208702087402344e+00 2.753880023956298828e+00 3.766131401062011719e-01 1.758032143115997314e-01
5.868635253906250000e+02 1.584203720092773438e+00 2.238105773925781250e+00 2.409009933471679688e+00 2.439212799072265625e-01 2.139326930046081543e-01
6.346632080078125000e+02 1.979937553405761719e+00 3.311327219009399414e+00 1.601657867431640625e+00 2.379107475280761719e-01 1.727496236562728882e-01
6.319537353515625000e+02 1.727206230163574219e+00 2.531309127807617188e+00 1.858065128326416016e+00 2.561569213867187500e-01 2.695076465606689453e-01
6.063331909179687500e+02 1.732007384300231934e+00 2.554009437561035156e+00 2.526834011077880859e+00 2.161765098571777344e-01 1.635774970054626465e-01
6.142861328125000000e+02 1.739938139915466309e+00 2.481950521469116211e+00 1.425459384918212891e+00 5.654215812683105469e-01 1.758456528186798096e-01
6.329320068359375000e+02 1.682072877883911133e+00 2.637346744537353516e+00 2.375276088714599609e+00 3.421735763549804688e-01 1.487406194210052490e-01
6.342965087890625000e+02 1.580127120018005371e+00 2.355995178222656250e+00 1.469001770019531250e+00 2.853798866271972656e-01 1.685168147087097168e-01
6.024704589843750000e+02 1.676955938339233398e+00 2.319037914276123047e+00 1.481719017028808594e+00 3.560781478881835938e-01 1.961202174425125122e-01
6.309739990234375000e+02 1.746772050857543945e+00 2.684113979339599609e+00 2.430167198181152344e+00 4.758262634277343750e-01 1.802786439657211304e-01
6.349735717773437500e+02 1.517805814743041992e+00 2.282863378524780273e+00 1.976726055145263672e+00 1.206803321838378906e-01 1.601277887821197510e-01
6.057598266601562500e+02 1.695067644119262695e+00 2.617371082305908203e+00 3.579437732696533203e+00 5.204892158508300781e-01 2.553274631500244141e-01
5.825895996093750000e+02 1.580131053924560547e+00 2.179739475250244141e+00 1.310417652130126953e+00 -9.573340415954589844e-02 1.981530934572219849e-01
6.310196533203125000e+02 1.799973487854003906e+00 2.748447418212890625e+00 3.387842178344726562e+00 5.611681938171386719e-01 1.573135107755661011e-01
6.332147827148437500e+02 1.711440205574035645e+00 2.710084915161132812e+00 2.619068622589111328e+00 5.130076408386230469e-01 2.865744829177856445e-01
6.341506958007812500e+02 1.561482191085815430e+00 2.412433147430419922e+00 6.602859497070312500e-01 1.456522941589355469e-01 1.972930282354354858e-01
6.372706909179687500e+02 1.524083971977233887e+00 2.339544296264648438e+00 2.288260459899902344e+00 2.829861640930175781e-01 2.021530270576477051e-01
6.342792358398437500e+02 1.728645324707031250e+00 2.834733724594116211e+00 1.689107418060302734e+00 3.728175163269042969e-01 1.850814819335937500e-01
6.336518554687500000e+02 1.642687678337097168e+00 2.400851726531982422e+00 2.864410877227783203e+00 3.813576698303222656e-01 1.961897015571594238e-01
6.178989868164062500e+02 1.774469614028930664e+00 3.058441638946533203e+00 3.025035858154296875e+00 2.097249031066894531e-01 1.963749676942825317e-01
6.345155029296875000e+02 1.674034118652343750e+00 2.832745790481567383e+00 3.277630805969238281e+00 5.165195465087890625e-01 1.730331629514694214e-01
6.319267578125000000e+02 1.671788215637207031e+00 2.286176681518554688e+00 2.798204421997070312e+00 4.773879051208496094e-01 1.761224269866943359e-01
2.171439208984375000e+02 1.783007979393005371e+00 2.952700138092041016e+00 2.462718486785888672e+00 2.947258949279785156e-01 1.660595685243606567e-01
1.656131134033203125e+02 1.880104303359985352e+00 3.028453826904296875e+00 2.294375896453857422e+00 1.774382591247558594e-01 1.267658770084381104e-01
6.146362304687500000e+02 1.788723587989807129e+00 2.632507801055908203e+00 2.403211593627929688e+00 6.870174407958984375e-01 2.889049649238586426e-01
2.068833312988281250e+02 1.520245552062988281e+00 2.207997083663940430e+00 3.532972335815429688e+00 1.018786430358886719e-01 1.964192390441894531e-01
6.146862792968750000e+02 1.732892870903015137e+00 2.402137994766235352e+00 2.696127891540527344e+00 2.069830894470214844e-01 1.911225914955139160e-01
6.172364501953125000e+02 1.558261394500732422e+00 2.077149391174316406e+00 2.402904033660888672e+00 2.710342407226562500e-01 2.651668787002563477e-01
6.353337402343750000e+02 1.752392888069152832e+00 2.713515520095825195e+00 3.057796955108642578e+00 3.484106063842773438e-01 1.665170341730117798e-01
6.323107299804687500e+02 1.634201169013977051e+00 2.530348777770996094e+00 2.051959037780761719e+00 2.151584625244140625e-01 2.258310019969940186e-01
6.185657958984375000e+02 1.766027808189392090e+00 2.891500234603881836e+00 2.112684249877929688e+00 -7.954835891723632812e-03 1.369592696428298950e-01
6.350375366210937500e+02 1.643512368202209473e+00 2.786954879760742188e+00 2.386906147003173828e+00 2.665090560913085938e-01 1.832815855741500854e-01
2.195303497314453125e+02 1.701552152633666992e+00 2.586715459823608398e+00 3.378629684448242188e+00 5.439543724060058594e-01 2.504056692123413086e-01
6.354182739257812500e+02 1.660928845405578613e+00 2.053501844406127930e+00 2.760825157165527344e+00 3.518104553222656250e-01 1.502350270748138428e-01
6.327614135742187500e+02 1.440700531005859375e+00 2.252410888671875000e+00 2.268569469451904297e+00 -8.003711700439453125e-02 2.309698164463043213e-01
6.280385742187500000e+02 1.698802709579467773e+00 2.568734407424926758e+00 3.381049633026123047e+00 6.718087196350097656e-01 1.688363552093505859e-01
6.313229980468750000e+02 1.591668486595153809e+00 2.256513595581054688e+00 3.053359985351562500e+00 2.469253540039062500e-01 1.933976411819458008e-01
6.010808715820312500e+02 1.596323728561401367e+00 2.123557567596435547e+00 2.880346775054931641e+00 6.057572364807128906e-01 2.551406919956207275e-01
5.870137939453125000e+02 1.590362787246704102e+00 2.309309720993041992e+00 3.201608657836914062e+00 5.468916893005371094e-01 2.386521399021148682e-01
6.336520385742187500e+02 1.614126801490783691e+00 2.405800819396972656e+00 1.544978618621826172e+00 3.926777839660644531e-01 1.921729743480682373e-01
6.312997436523437500e+02 1.705758571624755859e+00 2.491129636764526367e+00 1.566944122314453125e+00 6.180047988891601562e-02 1.532581150531768799e-01
6.343403320312500000e+02 1.733024835586547852e+00 2.599202394485473633e+00 1.694078445434570312e+00 1.602196693420410156e-01 1.846069991588592529e-01
6.200034179687500000e+02 1.678529858589172363e+00 2.361926317214965820e+00 2.760500907897949219e+00 6.220722198486328125e-01 1.791349053382873535e-01
5.726155395507812500e+02 1.749237537384033203e+00 2.854794502258300781e+00 3.163928985595703125e+00 2.059102058410644531e-01 1.269126087427139282e-01
6.193117675781250000e+02 1.603937625885009766e+00 2.491829872131347656e+00 3.102395534515380859e+00 2.418947219848632812e-01 1.699668020009994507e-01
6.074527587890625000e+02 1.697883248329162598e+00 2.509818315505981445e+00 1.934700012207031250e+00 2.287983894348144531e-01 1.631502211093902588e-01
6.302622070312500000e+02 1.612737774848937988e+00 2.460108518600463867e+00 2.682113647460937500e+00 2.382612228393554688e-01 2.009483277797698975e-01
6.324761352539062500e+02 1.663853883743286133e+00 2.439750194549560547e+00 2.114779949188232422e+00 2.977061271667480469e-01 1.597367227077484131e-01
6.267659301757812500e+02 1.645107030868530273e+00 2.297412157058715820e+00 1.860640048980712891e+00 2.433848381042480469e-01 1.426504254341125488e-01
6.102958984375000000e+02 1.572333693504333496e+00 2.716241121292114258e+00 2.791106700897216797e+00 1.639842987060546875e-01 2.579331994056701660e-01
6.347237548828125000e+02 1.555854558944702148e+00 2.467200994491577148e+00 1.606802940368652344e+00 6.685733795166015625e-02 2.417849749326705933e-01
6.307451782226562500e+02 1.682783126831054688e+00 2.500284671783447266e+00 2.525956630706787109e+00 3.847074508666992188e-01 1.602426767349243164e-01
5.296888427734375000e+02 1.944437980651855469e+00 3.077614068984985352e+00 4.256687164306640625e+00 5.072021484375000000e-01 9.552335739135742188e-02
6.309796752929687500e+02 1.780922651290893555e+00 2.738564252853393555e+00 1.351401805877685547e+00 2.176403999328613281e-01 1.784198582172393799e-01
6.314480590820312500e+02 1.524920821189880371e+00 2.364369630813598633e+00 1.814360618591308594e+00 4.019904136657714844e-01 1.968440413475036621e-01
6.301431884765625000e+02 1.603586435317993164e+00 2.419837713241577148e+00 2.354891300201416016e+00 1.968598365783691406e-01 1.927557587623596191e-01
6.181970214843750000e+02 1.593222379684448242e+00 2.432747125625610352e+00 1.760988235473632812e+00 1.135444641113281250e-01 2.084566354751586914e-01
6.334443359375000000e+02 1.795910120010375977e+00 2.499783992767333984e+00 2.077710628509521484e+00 -1.593947410583496094e-02 1.684125512838363647e-01
6.302760009765625000e+02 1.729786515235900879e+00 2.759454011917114258e+00 2.491345405578613281e+00 2.891254425048828125e-01 1.530723422765731812e-01
6.265709838867187500e+02 1.702499508857727051e+00 2.427146911621093750e+00 3.143103122711181641e+00 4.136037826538085938e-01 1.681302189826965332e-01
6.344318237304687500e+02 1.583684802055358887e+00 2.218176364898681641e+00 1.872758865356445312e+00 5.407857894897460938e-01 2.193488776683807373e-01
6.245380859375000000e+02 1.624951839447021484e+00 2.655869960784912109e+00 2.547340393066406250e+00 1.825666427612304688e-01 1.858638077974319458e-01
6.357947387695312500e+02 1.688041687011718750e+00 2.613957643508911133e+00 1.700756549835205078e+00 2.276563644409179688e-01 1.954578608274459839e-01
6.278902587890625000e+02 1.926042675971984863e+00 3.174324274063110352e+00 2.106356620788574219e+00 1.354169845581054688e-01 1.346477568149566650e-01
6.219254150390625000e+02 1.582075119018554688e+00 2.234429836273193359e+00 2.021744251251220703e+00 4.426789283752441406e-01 1.791518032550811768e-01
5.761910400390625000e+02 1.548476696014404297e+00 2.253535509109497070e+00 3.025670051574707031e+00 2.791476249694824219e-01 1.813114881515502930e-01
5.994263916015625000e+02 1.633613586425781250e+00 2.548632860183715820e+00 2.619025707244873047e+00 2.045893669128417969e-01 1.864971518516540527e-01
7.996078491210937500e+02 1.695571541786193848e+00 2.464289188385009766e+00 3.049573898315429688e+00 3.107404708862304688e-01 2.315171360969543457e-01
6.271538085937500000e+02 1.711316466331481934e+00 2.908688545227050781e+00 2.465577125549316406e+00 3.020858764648437500e-01 1.619736254215240479e-01
5.865627441406250000e+02 1.563204169273376465e+00 2.361766815185546875e+00 2.649080753326416016e+00 -1.007246971130371094e-01 1.922973841428756714e-01
6.153107910156250000e+02 1.562718152999877930e+00 2.350041866302490234e+00 1.644282341003417969e+00 9.724617004394531250e-02 2.132568061351776123e-01
6.243430786132812500e+02 1.480880022048950195e+00 2.227551698684692383e+00 1.389763355255126953e+00 2.900266647338867188e-01 1.997097581624984741e-01
7.927213745117187500e+02 1.692070007324218750e+00 2.551824569702148438e+00 2.120058536529541016e+00 6.520748138427734375e-02 1.932623982429504395e-01
5.869595336914062500e+02 1.607403039932250977e+00 2.509352922439575195e+00 2.734978199005126953e+00 3.344631195068359375e-01 1.681323200464248657e-01
6.240946655273437500e+02 1.582773923873901367e+00 2.311702728271484375e+00 1.664955615997314453e+00 2.357459068298339844e-01 2.019287943840026855e-01
6.196980590820312500e+02 1.480042099952697754e+00 2.315914630889892578e+00 1.369848251342773438e+00 4.505610466003417969e-01 2.163222730159759521e-01
6.365549926757812500e+02 1.607500314712524414e+00 2.348000288009643555e+00 2.709617614746093750e+00 3.979253768920898438e-01 1.880226731300354004e-01
6.118580932617187500e+02 1.716899037361145020e+00 2.712443828582763672e+00 3.548364639282226562e+00 3.170037269592285156e-01 1.385883837938308716e-01
6.307117309570312500e+02 1.687034964561462402e+00 2.672368288040161133e+00 3.393113613128662109e+00 3.954434394836425781e-01 1.648395359516143799e-01
6.308167724609375000e+02 1.736150503158569336e+00 2.634490251541137695e+00 2.501072883605957031e+00 4.987359046936035156e-01 1.664039492607116699e-01
6.244891357421875000e+02 1.622762441635131836e+00 2.458703041076660156e+00 2.193922996520996094e+00 2.580595016479492188e-01 1.911882311105728149e-01
6.269147338867187500e+02 1.706068992614746094e+00 2.565990209579467773e+00 2.521049976348876953e+00 5.943870544433593750e-01 1.608223468065261841e-01
6.337576293945312500e+02 1.670845866203308105e+00 2.389344930648803711e+00 2.500336170196533203e+00 1.573538780212402344e-01 1.883771717548370361e-01
6.277749633789062500e+02 1.684031248092651367e+00 2.890413522720336914e+00 2.707989215850830078e+00 5.007982254028320312e-02 1.948595196008682251e-01
6.320915527343750000e+02 1.688593506813049316e+00 2.560416936874389648e+00 4.084103107452392578e+00 6.168508529663085938e-01 2.116472870111465454e-01
6.311996459960937500e+02 1.626177430152893066e+00 2.267016172409057617e+00 2.531807422637939453e+00 1.971411705017089844e-01 2.036357223987579346e-01
1.961262512207031250e+02 1.624425411224365234e+00 2.499240875244140625e+00 2.182345390319824219e+00 4.248428344726562500e-01 1.833701133728027344e-01
6.254979248046875000e+02 1.707922577857971191e+00 2.351002216339111328e+00 1.715972423553466797e+00 2.550792694091796875e-01 1.842885613441467285e-01
6.353833618164062500e+02 1.577870488166809082e+00 2.586907863616943359e+00 9.074044227600097656e-01 -1.957142353057861328e-01 2.580635547637939453e-01
1.843932342529296875e+02 1.704824805259704590e+00 2.790126323699951172e+00 7.823634147644042969e-01 -3.080010414123535156e-01 2.178681492805480957e-01
6.147872314453125000e+02 1.654474735260009766e+00 2.406723499298095703e+00 3.313140869140625000e+00 3.868508338928222656e-01 2.089948803186416626e-01
6.148549194335937500e+02 1.744493246078491211e+00 2.552114248275756836e+00 2.171518802642822266e+00 2.679038047790527344e-01 1.824515163898468018e-01
6.277437133789062500e+02 1.633138656616210938e+00 2.375094175338745117e+00 2.980687618255615234e+00 2.845120429992675781e-01 1.610700637102127075e-01
6.323984375000000000e+02 1.651070117950439453e+00 2.391462564468383789e+00 1.674342155456542969e+00 1.963710784912109375e-01 2.235889136791229248e-01
6.307117309570312500e+02 1.687034964561462402e+00 2.672368288040161133e+00 3.393113613128662109e+00 3.954434394836425781e-01 1.648395359516143799e-01
6.103277587890625000e+02 1.626665949821472168e+00 2.441947460174560547e+00 3.108870983123779297e+00 5.168390274047851562e-01 2.186163067817687988e-01
5.733792114257812500e+02 1.663124322891235352e+00 2.491238594055175781e+00 2.961819171905517578e+00 2.023935317993164062e-01 2.118281275033950806e-01
6.041069946289062500e+02 1.599873542785644531e+00 2.494207859039306641e+00 2.132761478424072266e+00 1.437926292419433594e-01 2.469781190156936646e-01
6.331962890625000000e+02 1.636059403419494629e+00 2.552680492401123047e+00 2.242813110351562500e+00 1.402091979980468750e-01 1.991011798381805420e-01
6.203272705078125000e+02 1.622150182723999023e+00 2.434750795364379883e+00 1.227769851684570312e+00 -8.342266082763671875e-03 2.652731835842132568e-01
6.328347778320312500e+02 1.764555096626281738e+00 2.795839309692382812e+00 2.576298713684082031e+00 1.347494125366210938e-01 1.527729779481887817e-01
7.929257812500000000e+02 1.664485096931457520e+00 2.569504499435424805e+00 2.674987316131591797e+00 2.250266075134277344e-01 2.904672920703887939e-01
6.321557006835937500e+02 1.563845038414001465e+00 2.486586093902587891e+00 1.769988536834716797e+00 2.145767211914062500e-04 1.972919702529907227e-01
1.615746917724609375e+02 1.573614001274108887e+00 2.163803100585937500e+00 3.307850360870361328e+00 1.288580894470214844e-01 1.582033932209014893e-01
6.371744384765625000e+02 1.674050927162170410e+00 2.560606241226196289e+00 1.992840766906738281e+00 2.816867828369140625e-01 1.965670138597488403e-01
1.827332305908203125e+02 1.679179668426513672e+00 2.707054138183593750e+00 3.524959087371826172e+00 3.595590591430664062e-01 1.946387588977813721e-01
6.354478149414062500e+02 1.672376871109008789e+00 2.346638202667236328e+00 1.950151920318603516e+00 2.566719055175781250e-01 1.795473545789718628e-01
6.150404663085937500e+02 1.512382745742797852e+00 2.405024528503417969e+00 1.867306232452392578e+00 4.136490821838378906e-01 2.714878618717193604e-01
5.438286132812500000e+02 1.632098317146301270e+00 2.410606622695922852e+00 3.307678699493408203e+00 4.399299621582031250e-01 3.067601621150970459e-01
6.309061279296875000e+02 1.672536373138427734e+00 2.422146320343017578e+00 3.035371303558349609e+00 3.416156768798828125e-01 1.932294964790344238e-01
6.151847534179687500e+02 1.646998524665832520e+00 2.408583164215087891e+00 2.862343788146972656e+00 3.522491455078125000e-01 2.844563722610473633e-01
6.134696044921875000e+02 1.532768607139587402e+00 2.276665210723876953e+00 1.920833587646484375e+00 -3.887414932250976562e-02 1.832994073629379272e-01
6.132222900390625000e+02 1.589209794998168945e+00 2.664915561676025391e+00 2.789998054504394531e+00 4.510116577148437500e-01 2.167669236660003662e-01
6.175481567382812500e+02 1.649190425872802734e+00 2.212158203125000000e+00 1.853754520416259766e+00 -1.760768890380859375e-01 1.849287450313568115e-01
6.371744384765625000e+02 1.674050927162170410e+00 2.560606241226196289e+00 1.992840766906738281e+00 2.816867828369140625e-01 1.965670138597488403e-01
4.950958251953125000e+02 1.631571888923645020e+00 2.222516536712646484e+00 2.649171352386474609e+00 -5.758059024810791016e-01 2.299363315105438232e-01
6.323264160156250000e+02 1.572450637817382812e+00 2.367700338363647461e+00 2.763390541076660156e+00 4.625344276428222656e-01 2.127964645624160767e-01
6.247198486328125000e+02 1.581812620162963867e+00 2.284598350524902344e+00 2.407562732696533203e+00 1.033663749694824219e-01 2.497311085462570190e-01
6.140338134765625000e+02 1.593718409538269043e+00 2.460603713989257812e+00 2.771189212799072266e+00 -9.128689765930175781e-02 2.854738235473632812e-01
6.330264282226562500e+02 1.655791163444519043e+00 2.686451196670532227e+00 1.271665096282958984e+00 2.539300918579101562e-01 1.561334878206253052e-01
6.340808715820312500e+02 1.554175496101379395e+00 2.335237503051757812e+00 1.632330417633056641e+00 2.929639816284179688e-01 2.377968877553939819e-01
6.038253173828125000e+02 1.733229398727416992e+00 2.620079040527343750e+00 1.633462905883789062e+00 -2.297043800354003906e-01 2.184893041849136353e-01
6.281712646484375000e+02 1.575420022010803223e+00 2.283058643341064453e+00 1.557593345642089844e+00 4.557609558105468750e-02 2.093178331851959229e-01
6.372744750976562500e+02 1.682501673698425293e+00 2.423229455947875977e+00 3.378338813781738281e+00 6.542873382568359375e-01 1.916459053754806519e-01
6.331472778320312500e+02 1.635635972023010254e+00 2.471106052398681641e+00 2.087469100952148438e+00 1.363611221313476562e-01 2.227744609117507935e-01
6.336895751953125000e+02 1.674507617950439453e+00 2.581269264221191406e+00 1.606979370117187500e+00 2.887320518493652344e-01 1.623894870281219482e-01
5.754215698242187500e+02 1.698614954948425293e+00 2.333403825759887695e+00 3.273069858551025391e+00 3.132081031799316406e-01 2.238098978996276855e-01
5.944764404296875000e+02 1.694520473480224609e+00 2.508063316345214844e+00 3.301372528076171875e+00 6.511688232421875000e-01 2.449696511030197144e-01
2.178154449462890625e+02 1.588699102401733398e+00 2.641814231872558594e+00 2.104229927062988281e+00 -9.646415710449218750e-03 1.767377853393554688e-01
1.396296234130859375e+02 1.737186551094055176e+00 2.629691600799560547e+00 2.752590179443359375e+00 -1.539182662963867188e-01 1.459033191204071045e-01
2.079933166503906250e+02 1.606130957603454590e+00 2.411989688873291016e+00 1.357142925262451172e+00 3.553318977355957031e-01 1.764407455921173096e-01
1.711387634277343750e+02 1.577128410339355469e+00 2.494532585144042969e+00 7.837343215942382812e-01 -7.184743881225585938e-03 2.975266873836517334e-01
6.201331787109375000e+02 1.653135418891906738e+00 2.411585092544555664e+00 8.213996887207031250e-01 2.427864074707031250e-01 2.111459076404571533e-01
6.160191650390625000e+02 1.566140651702880859e+00 2.103781461715698242e+00 2.335491180419921875e+00 2.755045890808105469e-01 2.327598631381988525e-01
6.243571166992187500e+02 1.759197831153869629e+00 2.505333900451660156e+00 2.163379192352294922e+00 3.048372268676757812e-01 1.799625754356384277e-01
6.330713500976562500e+02 1.865200877189636230e+00 3.191202878952026367e+00 2.417132854461669922e+00 1.477026939392089844e-01 1.539705842733383179e-01
6.360205078125000000e+02 1.629981517791748047e+00 2.232011318206787109e+00 2.728114128112792969e+00 2.349638938903808594e-01 2.072122395038604736e-01
6.351676635742187500e+02 1.729510426521301270e+00 2.755118131637573242e+00 1.728096008300781250e+00 3.183078765869140625e-01 1.945052295923233032e-01
6.306040649414062500e+02 1.716993451118469238e+00 2.684024095535278320e+00 1.908204555511474609e+00 2.114677429199218750e-01 1.561504155397415161e-01
6.248040771484375000e+02 1.586085200309753418e+00 2.464870214462280273e+00 2.401404380798339844e+00 4.508256912231445312e-01 2.099180966615676880e-01
6.262812500000000000e+02 1.645279765129089355e+00 2.596138000488281250e+00 1.931531429290771484e+00 5.667018890380859375e-01 2.285591661930084229e-01
6.154531250000000000e+02 1.594967961311340332e+00 2.474967241287231445e+00 2.805209159851074219e+00 4.477453231811523438e-01 1.986554116010665894e-01
6.356320190429687500e+02 1.863492488861083984e+00 3.097277402877807617e+00 1.916983127593994141e+00 1.796531677246093750e-01 1.867871135473251343e-01
6.129035644531250000e+02 1.696173429489135742e+00 2.641171216964721680e+00 2.349641323089599609e+00 1.829266548156738281e-01 1.899625957012176514e-01
6.190639038085937500e+02 1.717586398124694824e+00 2.624304056167602539e+00 3.047652244567871094e+00 4.907917976379394531e-01 1.866217255592346191e-01
6.286878051757812500e+02 1.596456766128540039e+00 2.640783548355102539e+00 2.776296138763427734e+00 2.022147178649902344e-01 1.691776663064956665e-01
6.356033935546875000e+02 1.852393507957458496e+00 3.028642177581787109e+00 1.584973335266113281e+00 1.625967025756835938e-01 1.564851552248001099e-01
6.342176513671875000e+02 1.654888153076171875e+00 2.248426914215087891e+00 2.819683551788330078e+00 4.833126068115234375e-01 1.935175061225891113e-01
6.372311401367187500e+02 1.686699867248535156e+00 2.670395851135253906e+00 1.490461826324462891e+00 2.574205398559570312e-01 2.252157330513000488e-01
6.321015014648437500e+02 1.721596479415893555e+00 2.428917169570922852e+00 2.809302806854248047e+00 4.699134826660156250e-01 1.807451993227005005e-01
6.281947021484375000e+02 1.688040614128112793e+00 2.634612321853637695e+00 3.342938423156738281e+00 6.661319732666015625e-01 2.118771076202392578e-01
5.962586669921875000e+02 1.696856856346130371e+00 2.556701898574829102e+00 1.695642471313476562e+00 4.322385787963867188e-01 2.216359674930572510e-01
6.272557373046875000e+02 1.654600262641906738e+00 2.068703889846801758e+00 1.992990970611572266e+00 1.616358757019042969e-01 1.905999481678009033e-01
6.315296630859375000e+02 1.733685374259948730e+00 2.297404527664184570e+00 2.112202644348144531e+00 3.210854530334472656e-01 1.846427619457244873e-01
6.332783203125000000e+02 1.797573447227478027e+00 2.778782129287719727e+00 2.182884216308593750e+00 3.213453292846679688e-01 1.728022247552871704e-01
5.871884155273437500e+02 1.485391497611999512e+00 2.379656076431274414e+00 2.305099964141845703e+00 4.378056526184082031e-01 1.769646406173706055e-01
6.193960571289062500e+02 1.757607102394104004e+00 2.638241529464721680e+00 3.178408145904541016e+00 5.424118041992187500e-01 1.970806419849395752e-01
6.346148681640625000e+02 1.611953496932983398e+00 2.532761812210083008e+00 2.384734153747558594e+00 2.658653259277343750e-01 2.420874834060668945e-01
6.342037963867187500e+02 1.712185859680175781e+00 2.535456657409667969e+00 1.853303909301757812e+00 3.413605690002441406e-01 1.788034886121749878e-01
1.961262512207031250e+02 1.624425411224365234e+00 2.499240875244140625e+00 2.182345390319824219e+00 4.248428344726562500e-01 1.833701133728027344e-01
6.350816040039062500e+02 1.663361787796020508e+00 2.857050180435180664e+00 1.908876895904541016e+00 3.004550933837890625e-01 1.962841749191284180e-01
6.355065307617187500e+02 1.640044093132019043e+00 2.202571630477905273e+00 1.658260822296142578e+00 1.093888282775878906e-01 1.924500763416290283e-01
6.345880737304687500e+02 1.667293548583984375e+00 2.460529804229736328e+00 7.789731025695800781e-01 1.405549049377441406e-01 1.942838132381439209e-01
6.148173217773437500e+02 1.737353563308715820e+00 2.639463424682617188e+00 3.307144641876220703e+00 6.532430648803710938e-01 2.139952182769775391e-01
6.355596923828125000e+02 1.745766758918762207e+00 2.747914075851440430e+00 1.496050357818603516e+00 3.562855720520019531e-01 1.309233754873275757e-01
6.327819824218750000e+02 1.581551194190979004e+00 2.530076503753662109e+00 1.325421333312988281e+00 8.426189422607421875e-02 1.850319653749465942e-01
6.322864379882812500e+02 1.630002260208129883e+00 2.157999753952026367e+00 2.316975593566894531e+00 2.199816703796386719e-01 1.404286026954650879e-01
6.356483154296875000e+02 1.619592785835266113e+00 2.262057304382324219e+00 1.739902496337890625e+00 4.870867729187011719e-01 2.105208337306976318e-01
6.317343750000000000e+02 1.679128527641296387e+00 2.388173103332519531e+00 1.762042045593261719e+00 3.320908546447753906e-01 1.897581815719604492e-01
6.307188720703125000e+02 1.537654876708984375e+00 2.351696491241455078e+00 2.317173480987548828e+00 2.860426902770996094e-01 2.070775032043457031e-01
1.713958282470703125e+02 1.623970508575439453e+00 2.542782783508300781e+00 3.728218078613281250e+00 -1.507461071014404297e-01 1.715019643306732178e-01
6.320740966796875000e+02 1.602851510047912598e+00 2.390204429626464844e+00 2.174134254455566406e+00 3.676509857177734375e-01 2.024798989295959473e-01
6.317536621093750000e+02 1.876000881195068359e+00 3.016396999359130859e+00 2.468738555908203125e+00 1.879930496215820312e-01 1.350407898426055908e-01
6.352651367187500000e+02 1.505239129066467285e+00 2.035879611968994141e+00 2.560000419616699219e+00 3.166151046752929688e-01 2.548874914646148682e-01
5.874604492187500000e+02 1.756840348243713379e+00 2.781112909317016602e+00 3.424594402313232422e+00 3.240513801574707031e-01 1.954697072505950928e-01
7.990074462890625000e+02 1.661607265472412109e+00 2.389208078384399414e+00 2.757494449615478516e+00 2.175807952880859375e-02 2.832792699337005615e-01
6.242574462890625000e+02 1.689624190330505371e+00 2.794299364089965820e+00 3.103334903717041016e+00 6.823682785034179688e-01 2.519063353538513184e-01
6.274812011718750000e+02 1.546958565711975098e+00 2.403161525726318359e+00 8.175468444824218750e-01 4.828929901123046875e-02 1.919941008090972900e-01
6.346041259765625000e+02 1.770809292793273926e+00 2.961649417877197266e+00 2.102711200714111328e+00 5.610227584838867188e-02 1.957316398620605469e-01
6.189739990234375000e+02 1.628396153450012207e+00 2.476965904235839844e+00 2.115375995635986328e+00 3.904414176940917969e-01 1.795541644096374512e-01
6.082258911132812500e+02 1.672357916831970215e+00 2.776357412338256836e+00 2.591543197631835938e+00 3.255367279052734375e-01 1.938827037811279297e-01
6.306376953125000000e+02 1.588703751564025879e+00 2.258581399917602539e+00 1.950237751007080078e+00 4.442119598388671875e-01 1.698943823575973511e-01
6.302872924804687500e+02 1.677474498748779297e+00 2.546457529067993164e+00 1.934762001037597656e+00 2.396225929260253906e-01 1.987193673849105835e-01
6.297792358398437500e+02 1.757371783256530762e+00 3.168262004852294922e+00 3.313331604003906250e+00 3.986883163452148438e-01 2.220447063446044922e-01
6.339005126953125000e+02 1.894729137420654297e+00 3.141523599624633789e+00 2.718849182128906250e+00 1.253962516784667969e-01 1.823700070381164551e-01
6.360191040039062500e+02 1.726279616355895996e+00 2.771033048629760742e+00 4.051783084869384766e+00 6.661486625671386719e-01 2.203845679759979248e-01
6.248640136718750000e+02 1.669772624969482422e+00 2.230388641357421875e+00 1.273207664489746094e+00 3.479576110839843750e-01 2.089395523071289062e-01
6.345758666992187500e+02 1.666389465332031250e+00 2.680974245071411133e+00 2.554616928100585938e+00 5.377101898193359375e-01 1.700951904058456421e-01
6.363745727539062500e+02 1.662273168563842773e+00 2.206735849380493164e+00 1.850941181182861328e+00 1.661896705627441406e-01 2.010145783424377441e-01
6.187856445312500000e+02 1.726296067237854004e+00 2.422132015228271484e+00 2.700536251068115234e+00 6.671190261840820312e-02 1.718961894512176514e-01
6.351186523437500000e+02 2.048518180847167969e+00 3.532100439071655273e+00 -3.384494781494140625e-01 -4.440081119537353516e-01 2.260331064462661743e-01
2.177820739746093750e+02 1.624761581420898438e+00 2.534851789474487305e+00 8.758687973022460938e-01 2.889990806579589844e-01 1.553364545106887817e-01
5.385266113281250000e+02 1.696903347969055176e+00 2.346176862716674805e+00 1.596720218658447266e+00 -6.123900413513183594e-02 1.871607303619384766e-01
6.324451904296875000e+02 1.704725384712219238e+00 2.739131927490234375e+00 1.526815891265869141e+00 1.573371887207031250e-01 1.813415288925170898e-01
7.858150634765625000e+02 1.736359715461730957e+00 2.798230886459350586e+00 2.915158271789550781e+00 3.903150558471679688e-01 2.642219066619873047e-01
6.327299804687500000e+02 1.837096691131591797e+00 3.084988594055175781e+00 2.612113952636718750e+00 3.033947944641113281e-01 1.702123582363128662e-01
5.862630615234375000e+02 1.551810145378112793e+00 2.538482666015625000e+00 2.518765926361083984e+00 4.066538810729980469e-01 2.266247570514678955e-01
6.309030151367187500e+02 1.721475958824157715e+00 2.459031820297241211e+00 1.488871574401855469e+00 4.491305351257324219e-01 1.939787715673446655e-01
6.111945190429687500e+02 1.574240207672119141e+00 2.352767229080200195e+00 3.361783027648925781e+00 1.850605010986328125e-01 1.801951974630355835e-01
6.313898925781250000e+02 1.839695215225219727e+00 3.118097066879272461e+00 2.402362823486328125e+00 3.940558433532714844e-01 1.624813526868820190e-01
6.098076171875000000e+02 1.531187534332275391e+00 2.034556865692138672e+00 1.847584247589111328e+00 -1.329159736633300781e-01 3.169178962707519531e-01
6.324451904296875000e+02 1.704725384712219238e+00 2.739131927490234375e+00 1.526815891265869141e+00 1.573371887207031250e-01 1.813415288925170898e-01
6.177266845703125000e+02 1.655263304710388184e+00 2.434430599212646484e+00 3.394062519073486328e+00 6.186413764953613281e-01 2.186765372753143311e-01
6.417321777343750000e+02 1.632590055465698242e+00 2.255071878433227539e+00 1.454458236694335938e+00 5.813360214233398438e-02 1.821343898773193359e-01
6.251289062500000000e+02 1.641528964042663574e+00 2.714707374572753906e+00 2.759416103363037109e+00 4.129528999328613281e-01 2.078050673007965088e-01
6.367469482421875000e+02 1.634266257286071777e+00 2.448356628417968750e+00 3.824939727783203125e+00 5.478525161743164062e-01 1.837810575962066650e-01
6.150742187500000000e+02 1.666037201881408691e+00 2.466880083084106445e+00 1.540191173553466797e+00 3.508567810058593750e-01 2.135319262742996216e-01
6.334360351562500000e+02 1.775591492652893066e+00 2.286555051803588867e+00 2.126879692077636719e+00 3.364872932434082031e-01 2.437071204185485840e-01
1.883330535888671875e+02 1.721721649169921875e+00 2.857292890548706055e+00 4.597408771514892578e+00 3.720664978027343750e-01 1.748332530260086060e-01
6.312151489257812500e+02 1.588504910469055176e+00 2.179563760757446289e+00 2.179155349731445312e+00 2.696704864501953125e-01 1.965311169624328613e-01
5.882778320312500000e+02 1.740712761878967285e+00 2.800393104553222656e+00 2.697713375091552734e+00 5.363845825195312500e-01 1.955613493919372559e-01
6.309693603515625000e+02 1.819782495498657227e+00 2.731775760650634766e+00 2.238924503326416016e+00 1.755499839782714844e-01 1.278922110795974731e-01
6.183502807617187500e+02 1.693182229995727539e+00 2.686401605606079102e+00 2.443673610687255859e+00 3.334212303161621094e-01 1.941758543252944946e-01
6.090839233398437500e+02 1.640965700149536133e+00 2.092451095581054688e+00 1.561920642852783203e+00 2.232813835144042969e-01 1.711210906505584717e-01
7.916961059570312500e+02 1.727373242378234863e+00 2.439654350280761719e+00 2.780625820159912109e+00 4.170846939086914062e-01 1.986999958753585815e-01
6.327238769531250000e+02 1.473144888877868652e+00 2.364870786666870117e+00 1.769831180572509766e+00 4.391193389892578125e-02 1.938827335834503174e-01
6.333046875000000000e+02 1.588164806365966797e+00 2.375688314437866211e+00 1.761610507965087891e+00 3.746414184570312500e-01 1.760819405317306519e-01
6.278497924804687500e+02 1.727188706398010254e+00 2.893767118453979492e+00 2.863607406616210938e+00 4.985308647155761719e-01 2.083823233842849731e-01
6.303744506835937500e+02 1.690194606781005859e+00 2.465222120285034180e+00 1.736378669738769531e+00 1.444864273071289062e-01 1.519339680671691895e-01
6.335757446289062500e+02 1.784501433372497559e+00 2.796420335769653320e+00 2.113943099975585938e+00 2.966380119323730469e-01 1.709415167570114136e-01
2.264384460449218750e+02 1.748575210571289062e+00 2.442375183105468750e+00 3.624358177185058594e+00 4.408645629882812500e-01 1.915445923805236816e-01
6.306912231445312500e+02 1.749929547309875488e+00 2.641026020050048828e+00 1.748356819152832031e+00 8.218526840209960938e-02 1.669962555170059204e-01
6.274299926757812500e+02 1.690727829933166504e+00 2.616291522979736328e+00 1.936523914337158203e+00 1.402640342712402344e-01 1.630413383245468140e-01
7.986691284179687500e+02 1.621194958686828613e+00 2.629661560058593750e+00 2.356951236724853516e+00 2.967190742492675781e-01 2.183098793029785156e-01
6.312097778320312500e+02 1.696260333061218262e+00 2.774126529693603516e+00 2.903792858123779297e+00 4.994964599609375000e-01 2.239409834146499634e-01
6.313029785156250000e+02 1.722394704818725586e+00 2.562366962432861328e+00 2.331719398498535156e+00 3.859210014343261719e-01 1.419481933116912842e-01
6.024887695312500000e+02 1.605116009712219238e+00 2.443861722946166992e+00 1.575942039489746094e+00 6.554865837097167969e-01 2.404065430164337158e-01
6.048762817382812500e+02 1.611335158348083496e+00 2.246362209320068359e+00 1.861841678619384766e+00 9.722232818603515625e-02 1.686652153730392456e-01
6.319668579101562500e+02 1.789070844650268555e+00 2.754482269287109375e+00 1.794335842132568359e+00 2.435636520385742188e-01 1.518661528825759888e-01
6.176075439453125000e+02 1.561299085617065430e+00 2.327647686004638672e+00 2.235395908355712891e+00 1.420331001281738281e-01 1.839380711317062378e-01
6.282064208984375000e+02 1.994541645050048828e+00 3.211332321166992188e+00 2.726538181304931641e+00 2.110648155212402344e-01 1.548262238502502441e-01
6.324202880859375000e+02 1.557214260101318359e+00 2.384344100952148438e+00 7.767152786254882812e-01 2.484130859375000000e-01 1.730276942253112793e-01
6.311215209960937500e+02 1.650071620941162109e+00 2.644595146179199219e+00 1.922397613525390625e+00 2.752757072448730469e-01 1.894541233777999878e-01
6.326404418945312500e+02 1.501374959945678711e+00 2.315620660781860352e+00 1.924393177032470703e+00 3.035259246826171875e-01 2.213306128978729248e-01
6.265651245117187500e+02 1.648606777191162109e+00 2.612418174743652344e+00 2.066874504089355469e+00 4.435420036315917969e-01 1.554616093635559082e-01
6.350187988281250000e+02 1.661339044570922852e+00 2.165186882019042969e+00 2.223701477050781250e+00 -2.640962600708007812e-02 1.927351951599121094e-01
6.368090820312500000e+02 1.758608102798461914e+00 2.745524883270263672e+00 2.340795993804931641e+00 3.657817840576171875e-01 1.698116213083267212e-01
6.104628295898437500e+02 1.628092169761657715e+00 2.252985239028930664e+00 2.265686988830566406e+00 4.541826248168945312e-01 2.702981829643249512e-01
1.847012329101562500e+02 1.679892778396606445e+00 2.566706895828247070e+00 2.986397743225097656e+00 2.071475982666015625e-01 1.655399948358535767e-01
6.134375610351562500e+02 1.782868146896362305e+00 2.694292783737182617e+00 2.702481746673583984e+00 3.551459312438964844e-01 1.660290658473968506e-01
1.338127288818359375e+02 1.763474702835083008e+00 2.968859910964965820e+00 2.824292182922363281e+00 5.052042007446289062e-01 1.516106128692626953e-01
1.264563064575195312e+02 1.557635545730590820e+00 2.338129997253417969e+00 3.981122970581054688e+00 4.052162170410156250e-01 2.052140980958938599e-01
6.327873535156250000e+02 1.729026198387145996e+00 2.873381137847900391e+00 2.824532985687255859e+00 3.510713577270507812e-02 1.725335717201232910e-01
7.990808715820312500e+02 1.649382472038269043e+00 2.520033597946166992e+00 3.535048961639404297e+00 4.853415489196777344e-01 2.422787398099899292e-01
6.304013671875000000e+02 1.630118846893310547e+00 2.505915164947509766e+00 2.664453983306884766e+00 3.966784477233886719e-01 2.047237157821655273e-01
6.339776000976562500e+02 1.845059275627136230e+00 3.037156820297241211e+00 2.538716793060302734e+00 -2.010822296142578125e-02 2.571428120136260986e-01
6.132238159179687500e+02 1.655865550041198730e+00 2.744803905487060547e+00 2.094588279724121094e+00 3.999185562133789062e-01 2.166572362184524536e-01
6.255583496093750000e+02 1.724787592887878418e+00 2.800466060638427734e+00 2.001821994781494141e+00 2.531647682189941406e-01 1.473848223686218262e-01
5.849570312500000000e+02 1.515955448150634766e+00 2.014891862869262695e+00 2.207686901092529297e+00 3.647899627685546875e-01 1.714594960212707520e-01
6.344511718750000000e+02 1.682794570922851562e+00 2.500217437744140625e+00 1.817119121551513672e+00 4.114532470703125000e-01 1.797838509082794189e-01
6.308339843750000000e+02 1.651859045028686523e+00 2.439182996749877930e+00 1.449110507965087891e+00 -1.164078712463378906e-02 2.017652690410614014e-01
7.991175537109375000e+02 1.653880357742309570e+00 2.327497482299804688e+00 1.700711250305175781e+00 -3.784394264221191406e-01 4.109104871749877930e-01
6.365050048828125000e+02 1.648662567138671875e+00 2.674519062042236328e+00 1.700427532196044922e+00 4.218053817749023438e-01 2.451476305723190308e-01
6.351430664062500000e+02 1.702636480331420898e+00 2.434226989746093750e+00 1.339325904846191406e+00 2.627229690551757812e-01 1.845544874668121338e-01
6.334221801757812500e+02 1.703241586685180664e+00 2.609839439392089844e+00 2.357854843139648438e+00 8.209943771362304688e-02 2.037677317857742310e-01
1.756821289062500000e+02 1.644312024116516113e+00 2.520781993865966797e+00 2.251868247985839844e+00 3.758645057678222656e-01 1.538232266902923584e-01
6.255838012695312500e+02 1.536688208580017090e+00 2.242758750915527344e+00 2.416105270385742188e+00 8.021545410156250000e-01 2.346096187829971313e-01
6.336975097656250000e+02 1.603033542633056641e+00 2.467390298843383789e+00 3.503568172454833984e+00 4.908871650695800781e-01 1.482589393854141235e-01
6.187203979492187500e+02 1.565045952796936035e+00 2.288144588470458984e+00 1.965699195861816406e+00 3.785371780395507812e-01 1.978749185800552368e-01
6.041605834960937500e+02 1.832530856132507324e+00 2.772095680236816406e+00 2.982535362243652344e+00 2.960348129272460938e-01 1.615477353334426880e-01
6.323074340820312500e+02 1.776907563209533691e+00 2.522861242294311523e+00 2.896745204925537109e+00 2.667284011840820312e-01 1.671376675367355347e-01
6.327304077148437500e+02 1.743860960006713867e+00 2.627005338668823242e+00 1.924295425415039062e+00 1.620674133300781250e-01 1.291794478893280029e-01
6.274709472656250000e+02 1.803174972534179688e+00 2.797494173049926758e+00 2.794921398162841797e+00 4.118871688842773438e-01 1.685124635696411133e-01
6.363756103515625000e+02 1.735640168190002441e+00 2.744216442108154297e+00 2.323160171508789062e+00 5.059432983398437500e-01 2.063151895999908447e-01
5.880419921875000000e+02 1.756247401237487793e+00 2.578560352325439453e+00 2.434237003326416016e+00 1.761102676391601562e-01 2.015359848737716675e-01
6.320296630859375000e+02 1.762220144271850586e+00 2.816818714141845703e+00 1.402804851531982422e+00 2.771115303039550781e-01 1.477159261703491211e-01
6.328579711914062500e+02 1.749163508415222168e+00 2.719971418380737305e+00 2.649428844451904297e+00 3.482151031494140625e-01 1.506140232086181641e-01
2.191658782958984375e+02 1.835149049758911133e+00 3.062170743942260742e+00 2.262427806854248047e+00 4.228258132934570312e-01 2.071983814239501953e-01
6.323497314453125000e+02 1.726338624954223633e+00 2.507634162902832031e+00 1.771190166473388672e+00 1.336002349853515625e-01 1.544055491685867310e-01
6.287571411132812500e+02 1.597270369529724121e+00 2.507086992263793945e+00 1.848480701446533203e+00 9.330511093139648438e-02 2.256673574447631836e-01
6.277909545898437500e+02 1.837066650390625000e+00 3.116123199462890625e+00 1.743559837341308594e+00 1.335906982421875000e-01 1.419634073972702026e-01
1.449379119873046875e+02 1.788376688957214355e+00 2.960198879241943359e+00 3.879656791687011719e+00 2.393364906311035156e-01 1.551958471536636353e-01
6.251280517578125000e+02 1.705781817436218262e+00 2.784312963485717773e+00 2.128851413726806641e+00 1.935172080993652344e-01 1.884552687406539917e-01
6.324721679687500000e+02 1.497819066047668457e+00 2.227569580078125000e+00 1.918613910675048828e+00 3.093409538269042969e-01 1.982107758522033691e-01
6.186461181640625000e+02 1.718583106994628906e+00 2.675792932510375977e+00 3.203268051147460938e+00 4.823017120361328125e-01 1.769893616437911987e-01
6.308802490234375000e+02 1.735385537147521973e+00 2.698487758636474609e+00 1.649048328399658203e+00 1.459908485412597656e-01 1.466657072305679321e-01
6.342453613281250000e+02 1.587398767471313477e+00 2.455456733703613281e+00 2.237410545349121094e+00 1.171827316284179688e-01 2.070489823818206787e-01
5.853229370117187500e+02 1.603461265563964844e+00 2.561426162719726562e+00 2.838683128356933594e+00 3.474235534667968750e-02 1.793166846036911011e-01
6.205083618164062500e+02 1.543325424194335938e+00 2.470970630645751953e+00 2.620589733123779297e+00 3.617572784423828125e-01 2.148020118474960327e-01
6.157901611328125000e+02 1.640605926513671875e+00 2.593612670898437500e+00 3.023359775543212891e+00 4.353356361389160156e-01 2.280879765748977661e-01
6.301770019531250000e+02 1.695104122161865234e+00 2.378730058670043945e+00 1.935877799987792969e+00 1.456689834594726562e-01 1.633246243000030518e-01
6.353579101562500000e+02 1.586797952651977539e+00 2.489223718643188477e+00 2.071223258972167969e+00 4.259133338928222656e-01 2.506318688392639160e-01
5.826866455078125000e+02 1.606964230537414551e+00 2.628893852233886719e+00 2.879619598388671875e+00 -9.192228317260742188e-03 1.787683069705963135e-01
6.248715209960937500e+02 1.928029656410217285e+00 3.117042541503906250e+00 1.825070381164550781e+00 4.617571830749511719e-01 2.242211252450942993e-01
6.101176147460937500e+02 1.733832716941833496e+00 2.555695056915283203e+00 2.956600189208984375e+00 1.657938957214355469e-01 1.729494482278823853e-01
5.542374877929687500e+02 1.697600722312927246e+00 2.686648368835449219e+00 1.987760066986083984e+00 2.181720733642578125e-01 1.625463515520095825e-01
6.178698730468750000e+02 1.687600374221801758e+00 2.700228691101074219e+00 3.272881507873535156e+00 4.853725433349609375e-01 1.997543573379516602e-01
6.191102294921875000e+02 1.545060992240905762e+00 2.228411436080932617e+00 3.250744342803955078e+00 2.019691467285156250e-01 2.233961373567581177e-01
6.140143432617187500e+02 1.552064776420593262e+00 2.483922004699707031e+00 3.267853260040283203e+00 1.398944854736328125e-01 2.273999303579330444e-01
6.261977539062500000e+02 1.683172941207885742e+00 2.517780780792236328e+00 2.263367176055908203e+00 3.402495384216308594e-01 1.784587502479553223e-01
1.298907318115234375e+02 1.639089584350585938e+00 2.272255420684814453e+00 2.475183010101318359e+00 1.568531990051269531e-01 1.781417578458786011e-01
6.369877929687500000e+02 1.712998390197753906e+00 2.899906873703002930e+00 1.880974769592285156e+00 5.196166038513183594e-01 1.365687549114227295e-01
6.187666015625000000e+02 1.699302315711975098e+00 2.837492704391479492e+00 1.051535606384277344e+00 4.975795745849609375e-02 1.804303973913192749e-01
6.342139892578125000e+02 1.584554195404052734e+00 2.347604513168334961e+00 1.829385757446289062e+00 9.173870086669921875e-02 1.595972478389739990e-01
6.101015625000000000e+02 1.576097011566162109e+00 2.304237127304077148e+00 2.346661090850830078e+00 4.102802276611328125e-01 2.601246535778045654e-01
1.778690032958984375e+02 1.562841534614562988e+00 2.396856784820556641e+00 2.430031299591064453e+00 3.368067741394042969e-01 2.833052873611450195e-01
6.194973754882812500e+02 1.556097745895385742e+00 2.208593845367431641e+00 1.723208427429199219e+00 6.480002403259277344e-01 2.056895494461059570e-01
6.292761230468750000e+02 1.842278003692626953e+00 2.728655338287353516e+00 2.569484710693359375e+00 3.182220458984375000e-01 1.575364172458648682e-01
6.358515014648437500e+02 1.653432607650756836e+00 2.335276126861572266e+00 2.063314914703369141e+00 5.338597297668457031e-01 1.935997456312179565e-01
6.286422119140625000e+02 1.570309162139892578e+00 2.320949792861938477e+00 2.929890155792236328e+00 8.841037750244140625e-02 2.143858969211578369e-01
6.139335327148437500e+02 1.899765610694885254e+00 3.230636119842529297e+00 3.073017597198486328e+00 5.661225318908691406e-01 1.811397969722747803e-01
7.930845947265625000e+02 1.676396608352661133e+00 2.526626586914062500e+00 2.795610427856445312e+00 1.312637329101562500e-01 2.393483966588973999e-01
1.824142303466796875e+02 1.654156088829040527e+00 2.598813533782958984e+00 3.040754795074462891e+00 7.844209671020507812e-02 1.799488663673400879e-01
6.260786743164062500e+02 1.713198304176330566e+00 2.656713485717773438e+00 2.180638313293457031e+00 3.768396377563476562e-01 1.326288133859634399e-01
5.534595336914062500e+02 1.610232591629028320e+00 2.757904529571533203e+00 2.327852249145507812e+00 4.695653915405273438e-02 1.894676536321640015e-01
6.269418334960937500e+02 1.529156565666198730e+00 2.315053701400756836e+00 2.814192771911621094e+00 2.719187736511230469e-01 2.389187812805175781e-01
6.349146118164062500e+02 1.665845155715942383e+00 2.535332679748535156e+00 2.784409523010253906e+00 4.632544517517089844e-01 2.171366512775421143e-01
6.185317382812500000e+02 1.712215542793273926e+00 2.899196624755859375e+00 2.871797084808349609e+00 2.187371253967285156e-01 2.086258530616760254e-01
6.055841674804687500e+02 1.804304361343383789e+00 3.075061798095703125e+00 1.812720298767089844e+00 2.674078941345214844e-01 1.500850766897201538e-01
5.879588623046875000e+02 1.560551285743713379e+00 2.038449048995971680e+00 8.565235137939453125e-01 2.059197425842285156e-01 2.059726119041442871e-01
6.144376831054687500e+02 1.769145607948303223e+00 2.545417070388793945e+00 2.773866653442382812e+00 3.742504119873046875e-01 1.667997837066650391e-01
6.172200927734375000e+02 1.643928647041320801e+00 2.454777956008911133e+00 9.583330154418945312e-01 1.547813415527343750e-01 1.805853098630905151e-01
6.184971923828125000e+02 1.895697236061096191e+00 3.124403715133666992e+00 3.906521797180175781e+00 7.615733146667480469e-01 1.922524571418762207e-01
6.325390625000000000e+02 1.934437632560729980e+00 2.760791778564453125e+00 1.526896953582763672e+00 1.492953300476074219e-01 2.448482662439346313e-01
6.327066650390625000e+02 1.617094039916992188e+00 2.474695444107055664e+00 2.592725753784179688e+00 2.192902565002441406e-01 1.491516679525375366e-01
1.751981964111328125e+02 1.683416485786437988e+00 2.751758337020874023e+00 4.674251079559326172e+00 3.484797477722167969e-01 1.637645363807678223e-01
6.368227539062500000e+02 1.626329779624938965e+00 2.562993288040161133e+00 2.670340538024902344e+00 1.635408401489257812e-01 1.782524287700653076e-01
6.245169677734375000e+02 1.655010104179382324e+00 2.372093677520751953e+00 2.089238166809082031e+00 3.456902503967285156e-01 2.189112007617950439e-01
6.370850219726562500e+02 1.746257066726684570e+00 2.882624626159667969e+00 2.953267097473144531e+00 3.274869918823242188e-01 1.516784727573394775e-01
6.325040283203125000e+02 1.645480751991271973e+00 2.546628713607788086e+00 3.237869739532470703e+00 2.856707572937011719e-01 1.646902412176132202e-01
5.216354980468750000e+02 1.648944735527038574e+00 2.329813957214355469e+00 2.842648029327392578e+00 -8.574724197387695312e-03 1.579008102416992188e-01
6.188656616210937500e+02 1.833006858825683594e+00 2.955656290054321289e+00 2.344594001770019531e+00 3.625988960266113281e-01 2.068897932767868042e-01
6.326347656250000000e+02 1.868727087974548340e+00 2.940198421478271484e+00 1.071751117706298828e+00 3.729891777038574219e-01 1.587948948144912720e-01
6.316497802734375000e+02 1.751547098159790039e+00 2.934458017349243164e+00 4.777812957763671875e-01 -2.106106281280517578e-01 2.262450009584426880e-01
6.138570556640625000e+02 1.587047934532165527e+00 2.096387386322021484e+00 2.679736614227294922e+00 2.042984962463378906e-01 1.926003992557525635e-01
6.346941528320312500e+02 1.611885190010070801e+00 2.291098117828369141e+00 2.838392257690429688e+00 4.724931716918945312e-01 2.058863788843154907e-01
7.969136962890625000e+02 1.706526041030883789e+00 2.625533580780029297e+00 2.305314540863037109e+00 2.940177917480468750e-01 2.198863774538040161e-01
2.079768218994140625e+02 1.572524666786193848e+00 2.488087654113769531e+00 3.176655769348144531e+00 4.754590988159179688e-01 2.566686570644378662e-01
6.318564453125000000e+02 1.677778124809265137e+00 2.462162733078002930e+00 2.198619842529296875e+00 2.972722053527832031e-01 2.099962234497070312e-01
6.303800048828125000e+02 1.663489818572998047e+00 2.463026762008666992e+00 3.018357753753662109e+00 3.415083885192871094e-01 1.815254986286163330e-01
6.366433715820312500e+02 1.641125917434692383e+00 2.588660478591918945e+00 2.983388900756835938e+00 6.399035453796386719e-01 1.834259033203125000e-01
6.065307617187500000e+02 1.711428761482238770e+00 2.828988313674926758e+00 2.493662834167480469e+00 3.985619544982910156e-01 1.589100658893585205e-01
6.314338378906250000e+02 1.644128203392028809e+00 2.377131462097167969e+00 2.469902038574218750e+00 4.103994369506835938e-01 2.029972672462463379e-01
2.138825683593750000e+02 1.577468872070312500e+00 2.481867551803588867e+00 2.494161128997802734e+00 -2.471709251403808594e-01 2.096468061208724976e-01
6.337849731445312500e+02 1.691856503486633301e+00 2.591836452484130859e+00 2.489540576934814453e+00 3.098845481872558594e-01 2.124470174312591553e-01
5.888375244140625000e+02 1.855713009834289551e+00 2.851854085922241211e+00 2.163748741149902344e+00 8.327484130859375000e-02 1.920840740203857422e-01
6.327537231445312500e+02 1.696575045585632324e+00 2.395233869552612305e+00 2.992994785308837891e+00 2.844905853271484375e-01 1.849660426378250122e-01
6.319204101562500000e+02 1.515694737434387207e+00 2.097555637359619141e+00 2.437095642089843750e+00 -4.396080970764160156e-02 1.933944076299667358e-01
6.364862670898437500e+02 1.698115706443786621e+00 2.336698293685913086e+00 1.657304763793945312e+00 5.415534973144531250e-01 2.081356942653656006e-01
1.625735015869140625e+02 1.584617137908935547e+00 2.286596059799194336e+00 3.093676567077636719e+00 2.024698257446289062e-01 1.199317872524261475e-01
6.342572631835937500e+02 1.544247031211853027e+00 2.028903484344482422e+00 1.782195568084716797e+00 7.389545440673828125e-02 2.098153829574584961e-01
6.361268920898437500e+02 1.806385755538940430e+00 2.985378742218017578e+00 1.302804946899414062e+00 1.648235321044921875e-01 1.482941210269927979e-01
6.211940917968750000e+02 1.714525461196899414e+00 2.600742101669311523e+00 2.365272045135498047e+00 7.415151596069335938e-01 2.783776521682739258e-01
6.316668701171875000e+02 1.617268562316894531e+00 2.617832183837890625e+00 2.795531749725341797e+00 5.198860168457031250e-01 1.517202556133270264e-01
6.281244506835937500e+02 1.561870932579040527e+00 2.344510793685913086e+00 3.364143371582031250e+00 3.404021263122558594e-01 1.677870452404022217e-01
6.145505371093750000e+02 1.583787083625793457e+00 2.432702302932739258e+00 3.305304050445556641e+00 1.839876174926757812e-02 2.210454940795898438e-01
1.968619995117187500e+02 1.698780536651611328e+00 2.508350372314453125e+00 2.961168289184570312e+00 3.125357627868652344e-01 1.291138082742691040e-01
2.248844604492187500e+02 1.550135016441345215e+00 2.257032155990600586e+00 2.230241298675537109e+00 3.997182846069335938e-01 1.788493394851684570e-01
6.313128051757812500e+02 1.574613213539123535e+00 2.294381856918334961e+00 3.308463096618652344e+00 5.076050758361816406e-01 1.680934280157089233e-01
6.254918212890625000e+02 1.758515119552612305e+00 2.610802888870239258e+00 2.671041488647460938e+00 3.854513168334960938e-01 2.310871779918670654e-01
5.798458251953125000e+02 1.704833388328552246e+00 2.258186578750610352e+00 1.984522342681884766e+00 3.714561462402343750e-03 2.100855261087417603e-01
6.332315673828125000e+02 1.450026392936706543e+00 2.211153745651245117e+00 2.308907508850097656e+00 1.977109909057617188e-01 2.111680954694747925e-01
2.042069244384765625e+02 1.658476233482360840e+00 2.555564403533935547e+00 3.259460926055908203e+00 3.126406669616699219e-01 2.129189819097518921e-01
6.176043701171875000e+02 1.752461194992065430e+00 2.657934427261352539e+00 2.394652366638183594e+00 3.602933883666992188e-01 2.196045964956283569e-01
6.350691528320312500e+02 1.774137735366821289e+00 2.463252067565917969e+00 2.460808753967285156e+00 3.500533103942871094e-01 2.175159156322479248e-01
6.311812133789062500e+02 1.699193239212036133e+00 2.605274438858032227e+00 3.314683437347412109e+00 6.001591682434082031e-01 1.815610826015472412e-01
6.303872680664062500e+02 1.771546006202697754e+00 2.810366153717041016e+00 1.588099002838134766e+00 2.676033973693847656e-01 1.292383819818496704e-01
6.318648071289062500e+02 1.527642011642456055e+00 2.246204137802124023e+00 1.926379203796386719e+00 1.877284049987792969e-01 2.159133851528167725e-01
5.090005493164062500e+02 1.501690030097961426e+00 2.275916099548339844e+00 2.247085571289062500e+00 3.105878829956054688e-02 2.654000818729400635e-01
6.133240966796875000e+02 1.687489867210388184e+00 2.732277631759643555e+00 2.439146041870117188e+00 4.758834838867187500e-03 1.670658439397811890e-01
6.311353149414062500e+02 1.708460450172424316e+00 2.619024753570556641e+00 2.444863319396972656e+00 3.992033004760742188e-01 1.881146430969238281e-01
6.357039184570312500e+02 1.517735719680786133e+00 2.118180274963378906e+00 2.579977512359619141e+00 2.755141258239746094e-01 1.973216086626052856e-01
6.316524047851562500e+02 1.525039553642272949e+00 2.151677608489990234e+00 1.882259845733642578e+00 2.909421920776367188e-01 1.800675541162490845e-01
6.176835327148437500e+02 1.744059443473815918e+00 2.639158248901367188e+00 2.464375495910644531e+00 5.521726608276367188e-01 1.804057508707046509e-01
6.323676757812500000e+02 1.651751041412353516e+00 2.529262542724609375e+00 3.548233509063720703e+00 3.133797645568847656e-01 1.745978742837905884e-01
2.189016113281250000e+02 1.648375391960144043e+00 2.371597528457641602e+00 2.505092620849609375e+00 6.151652336120605469e-01 2.484354376792907715e-01
6.323483886718750000e+02 1.616144895553588867e+00 2.288871765136718750e+00 2.897653579711914062e+00 3.397393226623535156e-01 1.927468776702880859e-01
6.332125244140625000e+02 1.551054477691650391e+00 2.382901191711425781e+00 2.132377624511718750e+00 2.523159980773925781e-01 1.798178106546401978e-01
5.555447998046875000e+02 1.717800974845886230e+00 2.505843162536621094e+00 3.014640808105468750e+00 3.215312957763671875e-01 2.491241544485092163e-01
6.368467407226562500e+02 1.641450285911560059e+00 2.538478851318359375e+00 2.213003635406494141e+00 4.619264602661132812e-01 1.689016669988632202e-01
5.802811889648437500e+02 1.719565153121948242e+00 2.605902433395385742e+00 2.692589759826660156e+00 5.613803863525390625e-02 2.042726576328277588e-01
6.003040771484375000e+02 1.657873988151550293e+00 2.259697914123535156e+00 2.379114627838134766e+00 4.714632034301757812e-01 1.458677649497985840e-01
6.330288085937500000e+02 1.598786711692810059e+00 2.302923202514648438e+00 2.371740341186523438e+00 4.651951789855957031e-01 2.425946593284606934e-01
6.069847412109375000e+02 1.636235713958740234e+00 2.203569412231445312e+00 1.839780807495117188e+00 3.869104385375976562e-01 1.718901991844177246e-01
1.818083953857421875e+02 1.581246495246887207e+00 2.557579755783081055e+00 3.111708164215087891e+00 6.904840469360351562e-02 2.667623162269592285e-01
6.327084350585937500e+02 1.793313026428222656e+00 2.541153669357299805e+00 1.769554615020751953e+00 3.951478004455566406e-01 1.693627387285232544e-01
7.921916503906250000e+02 1.672871112823486328e+00 2.536757230758666992e+00 2.622749805450439453e+00 2.418279647827148438e-02 2.608755230903625488e-01
6.237675170898437500e+02 1.756151199340820312e+00 2.471185922622680664e+00 2.124834060668945312e+00 1.614165306091308594e-01 1.371039599180221558e-01
6.287725219726562500e+02 1.629657864570617676e+00 2.314448833465576172e+00 1.770699024200439453e+00 3.105163574218750000e-02 1.758017987012863159e-01
6.069691772460937500e+02 1.683268427848815918e+00 2.547403812408447266e+00 1.096735000610351562e+00 2.213811874389648438e-01 1.546009629964828491e-01
6.305598144531250000e+02 1.640182852745056152e+00 2.024349212646484375e+00 2.855701446533203125e+00 4.037499427795410156e-01 2.163972258567810059e-01
5.831116333007812500e+02 1.582386255264282227e+00 2.233339548110961914e+00 3.053195476531982422e+00 2.520680427551269531e-01 2.266727238893508911e-01
6.271316528320312500e+02 1.789524674415588379e+00 2.849806070327758789e+00 2.339575290679931641e+00 2.670598030090332031e-01 1.611798703670501709e-01
5.882171630859375000e+02 1.722420096397399902e+00 2.453158855438232422e+00 3.521685600280761719e+00 2.729249000549316406e-01 1.617076098918914795e-01
1.982481994628906250e+02 1.749501824378967285e+00 2.704540014266967773e+00 2.100622653961181641e+00 1.627683639526367188e-01 2.971710562705993652e-01
6.259080200195312500e+02 1.722027778625488281e+00 2.640884399414062500e+00 2.003998756408691406e+00 -1.466453075408935547e-01 1.541470140218734741e-01
6.190415649414062500e+02 1.771590352058410645e+00 2.822682142257690430e+00 2.646574974060058594e+00 4.757809638977050781e-01 1.796489059925079346e-01
6.321831054687500000e+02 1.723477602005004883e+00 2.528794288635253906e+00 2.569639682769775391e+00 4.037714004516601562e-01 2.566430270671844482e-01
6.327679443359375000e+02 1.535377502441406250e+00 2.192598819732666016e+00 2.485496997833251953e+00 1.814675331115722656e-01 2.060187011957168579e-01
5.875469970703125000e+02 1.595859527587890625e+00 2.233621597290039062e+00 2.996563911437988281e+00 -3.079974651336669922e-01 1.881748288869857788e-01
6.323214721679687500e+02 1.702561020851135254e+00 2.537583827972412109e+00 2.630171775817871094e+00 2.758002281188964844e-01 1.792133152484893799e-01
6.091645507812500000e+02 1.628718733787536621e+00 2.117683410644531250e+00 1.597363948822021484e+00 2.959299087524414062e-01 2.506725192070007324e-01
6.253165893554687500e+02 1.535328865051269531e+00 2.350554466247558594e+00 2.475869655609130859e+00 8.760213851928710938e-02 1.930942833423614502e-01
5.958955688476562500e+02 1.689096331596374512e+00 2.544716358184814453e+00 2.733030319213867188e+00 2.322983741760253906e-01 1.784463375806808472e-01
6.336745605468750000e+02 1.796988010406494141e+00 2.758162498474121094e+00 2.291994094848632812e+00 1.931309700012207031e-01 1.780481487512588501e-01
7.997105102539062500e+02 1.624688625335693359e+00 2.597949504852294922e+00 2.242424488067626953e+00 1.554727554321289062e-01 1.985450237989425659e-01
6.341801757812500000e+02 1.712664723396301270e+00 2.766247272491455078e+00 2.294633388519287109e+00 3.759837150573730469e-01 1.744814217090606689e-01
5.640465087890625000e+02 1.638949751853942871e+00 2.567931652069091797e+00 2.321062088012695312e+00 2.602910995483398438e-01 1.916614025831222534e-01
1.412714080810546875e+02 1.910203695297241211e+00 3.068320989608764648e+00 1.774752140045166016e+00 7.900714874267578125e-02 1.127501651644706726e-01
5.813001098632812500e+02 1.672804236412048340e+00 2.224155426025390625e+00 2.431890964508056641e+00 2.186036109924316406e-01 1.628286987543106079e-01
7.987665405273437500e+02 1.599658966064453125e+00 2.365585803985595703e+00 2.850739955902099609e+00 2.219152450561523438e-01 3.106421232223510742e-01
5.990565795898437500e+02 1.632527470588684082e+00 2.540775299072265625e+00 1.620578765869140625e+00 5.098581314086914062e-02 1.410102993249893188e-01
6.332007446289062500e+02 1.612112998962402344e+00 2.309028387069702148e+00 2.717823982238769531e+00 5.161333084106445312e-01 1.683928221464157104e-01
2.092141876220703125e+02 1.790662646293640137e+00 3.034996509552001953e+00 3.460788726806640625e+00 4.080629348754882812e-01 1.797482669353485107e-01
6.270177612304687500e+02 1.546832680702209473e+00 2.168969154357910156e+00 2.016479969024658203e+00 1.090669631958007812e-01 1.490126848220825195e-01
6.189702758789062500e+02 1.639086365699768066e+00 2.547368764877319336e+00 2.507975101470947266e+00 4.462122917175292969e-01 2.250413447618484497e-01
6.341901855468750000e+02 1.660847306251525879e+00 2.408328771591186523e+00 1.041514873504638672e+00 1.851320266723632812e-01 1.973028331995010376e-01
6.290072631835937500e+02 1.598759889602661133e+00 2.375270843505859375e+00 3.507089614868164062e+00 3.957724571228027344e-01 1.625657975673675537e-01
6.174237670898437500e+02 1.711715579032897949e+00 2.521506547927856445e+00 9.585499763488769531e-01 4.818439483642578125e-03 2.363946139812469482e-01
6.057824707031250000e+02 1.701117277145385742e+00 2.797413349151611328e+00 3.198771476745605469e+00 3.764438629150390625e-01 2.101864814758300781e-01
1.540631103515625000e+02 1.612933039665222168e+00 2.348717689514160156e+00 2.289485931396484375e+00 -2.558112144470214844e-02 2.187023311853408813e-01
6.326488647460937500e+02 1.547767519950866699e+00 2.356375455856323242e+00 1.745235919952392578e+00 -6.050825119018554688e-02 1.760509312152862549e-01
6.316488037109375000e+02 1.579617142677307129e+00 2.362174987792968750e+00 8.309125900268554688e-01 4.157304763793945312e-02 1.792721301317214966e-01
6.323247680664062500e+02 1.542805790901184082e+00 2.358788490295410156e+00 2.070345878601074219e+00 2.293014526367187500e-01 2.405172884464263916e-01
6.243571166992187500e+02 1.759197831153869629e+00 2.505333900451660156e+00 2.163379192352294922e+00 3.048372268676757812e-01 1.799625754356384277e-01
6.319826660156250000e+02 1.844392657279968262e+00 3.021437883377075195e+00 2.063333988189697266e+00 2.729749679565429688e-01 1.617452651262283325e-01
6.142829589843750000e+02 1.641321182250976562e+00 2.571136236190795898e+00 2.495899200439453125e+00 4.406833648681640625e-01 2.300140857696533203e-01
6.176541137695312500e+02 1.548795342445373535e+00 2.554288148880004883e+00 2.536542415618896484e+00 3.551101684570312500e-01 2.423578798770904541e-01
6.309805908203125000e+02 1.708321690559387207e+00 2.818947553634643555e+00 2.335774898529052734e+00 3.086805343627929688e-01 2.058379948139190674e-01
6.301293334960937500e+02 1.847722530364990234e+00 2.831813097000122070e+00 2.080292701721191406e+00 2.311897277832031250e-01 1.163449138402938843e-01
6.292556152343750000e+02 1.771033167839050293e+00 2.266501665115356445e+00 2.884759902954101562e+00 4.928565025329589844e-01 1.723306030035018921e-01
6.355043334960937500e+02 1.663882851600646973e+00 2.353284597396850586e+00 2.549798488616943359e+00 2.497315406799316406e-01 1.579855084419250488e-01
6.320888671875000000e+02 1.561732888221740723e+00 2.319655179977416992e+00 1.864240169525146484e+00 4.142594337463378906e-01 2.012393623590469360e-01
6.179631958007812500e+02 1.602953076362609863e+00 2.529546022415161133e+00 1.966407299041748047e+00 1.202774047851562500e-01 2.177522331476211548e-01
6.308922119140625000e+02 1.647274971008300781e+00 2.446279048919677734e+00 2.179133892059326172e+00 1.383113861083984375e-01 1.542397588491439819e-01
6.312766723632812500e+02 1.733920693397521973e+00 2.630875587463378906e+00 2.790002822875976562e+00 5.607438087463378906e-01 1.896085143089294434e-01
6.326605834960937500e+02 1.493222117424011230e+00 2.186276435852050781e+00 1.532611846923828125e+00 1.563239097595214844e-01 2.250371724367141724e-01
6.119895019531250000e+02 1.661410212516784668e+00 2.421633720397949219e+00 2.390701770782470703e+00 2.467870712280273438e-01 2.772181332111358643e-01
5.631389770507812500e+02 1.581640243530273438e+00 2.286233425140380859e+00 2.541687488555908203e+00 2.618908882141113281e-01 2.112419009208679199e-01
6.344583740234375000e+02 1.595312714576721191e+00 2.273655414581298828e+00 2.110991477966308594e+00 1.083517074584960938e-01 1.847557723522186279e-01
6.327132568359375000e+02 1.667034626007080078e+00 2.594403028488159180e+00 2.955274581909179688e+00 6.135988235473632812e-01 1.758660972118377686e-01
6.304816894531250000e+02 1.743298053741455078e+00 2.659937143325805664e+00 2.738049030303955078e+00 1.279449462890625000e-01 1.644068062305450439e-01
6.319490966796875000e+02 1.707061767578125000e+00 2.671807289123535156e+00 1.692435741424560547e+00 2.341914176940917969e-01 2.133311480283737183e-01
6.261511840820312500e+02 1.604775905609130859e+00 2.436084985733032227e+00 2.041347026824951172e+00 -2.704477310180664062e-01 1.474123001098632812e-01
5.752260742187500000e+02 1.621335864067077637e+00 2.313481569290161133e+00 1.632850170135498047e+00 1.773595809936523438e-02 1.854746192693710327e-01
6.281545410156250000e+02 1.682722330093383789e+00 2.576468229293823242e+00 1.777529716491699219e+00 4.471015930175781250e-01 1.772487312555313110e-01
6.307598876953125000e+02 1.695310115814208984e+00 2.599081277847290039e+00 2.584109306335449219e+00 3.230667114257812500e-01 1.496818065643310547e-01
