0.000000000000000000e+00 -2.504822015762329102e+00 1.041209325194358826e-01 0.000000000000000000e+00
3.121093750000000000e+00 -2.417629957199096680e+00 1.170294657349586487e-01 0.000000000000000000e+00
7.000000000000000000e+00 -2.461814641952514648e+00 1.049032434821128845e-01 0.000000000000000000e+00
1.301171875000000000e+01 -2.548834085464477539e+00 1.040805056691169739e-01 0.000000000000000000e+00
2.104687500000000000e+01 -2.465562582015991211e+00 1.428994983434677124e-01 0.000000000000000000e+00
2.705859375000000000e+01 -2.641477584838867188e+00 1.659737378358840942e-01 0.000000000000000000e+00
4.300781250000000000e+01 -2.430604219436645508e+00 1.172085925936698914e-01 0.000000000000000000e+00
2.561601562500000000e+02 -2.469086885452270508e+00 1.292426604777574539e-02 0.000000000000000000e+00
2.701132812500000000e+02 -2.501610755920410156e+00 9.069219976663589478e-02 0.000000000000000000e+00
2.741171875000000000e+02 -2.313576221466064453e+00 1.125126183032989502e-01 0.000000000000000000e+00
2.830390625000000000e+02 -2.123568296432495117e+00 6.270375102758407593e-02 0.000000000000000000e+00
2.940078125000000000e+02 -2.358955621719360352e+00 1.072269603610038757e-01 0.000000000000000000e+00
2.989921875000000000e+02 -1.937933802604675293e+00 1.231697350740432739e-01 0.000000000000000000e+00
3.030390625000000000e+02 -1.903149604797363281e+00 4.795537143945693970e-02 0.000000000000000000e+00
3.040234375000000000e+02 -2.135998964309692383e+00 3.356981649994850159e-02 0.000000000000000000e+00
3.052851562500000000e+02 -2.055576086044311523e+00 7.977329939603805542e-02 0.000000000000000000e+00
3.109843750000000000e+02 -2.007893323898315430e+00 1.044284552335739136e-01 0.000000000000000000e+00
3.149570312500000000e+02 -2.032577514648437500e+00 2.689465694129467010e-02 0.000000000000000000e+00
3.280273437500000000e+02 -1.945940852165222168e+00 6.901802122592926025e-02 0.000000000000000000e+00
3.299843750000000000e+02 -1.819570064544677734e+00 9.974322468042373657e-02 0.000000000000000000e+00
3.379843750000000000e+02 -1.785226702690124512e+00 1.050111502408981323e-01 0.000000000000000000e+00
3.449960937500000000e+02 -1.843937277793884277e+00 5.729720741510391235e-02 0.000000000000000000e+00
3.510390625000000000e+02 -1.801042079925537109e+00 4.303776845335960388e-02 0.000000000000000000e+00
3.640039062500000000e+02 -1.742050290107727051e+00 9.990438818931579590e-03 0.000000000000000000e+00
3.691132812500000000e+02 -1.975191473960876465e+00 1.038956269621849060e-01 0.000000000000000000e+00
3.710546875000000000e+02 -1.423461675643920898e+00 8.500761538743972778e-02 0.000000000000000000e+00
3.810781250000000000e+02 -1.753956675529479980e+00 1.258617788553237915e-01 0.000000000000000000e+00
3.860039062500000000e+02 -1.530261635780334473e+00 4.748913925141096115e-03 0.000000000000000000e+00
3.930039062500000000e+02 -1.476750254631042480e+00 1.328616961836814880e-02 0.000000000000000000e+00
4.030156250000000000e+02 -1.126647472381591797e+00 8.539208024740219116e-02 0.000000000000000000e+00
4.110273437500000000e+02 -8.444147109985351562e-01 3.316636383533477783e-01 0.000000000000000000e+00
4.180234375000000000e+02 -1.530107021331787109e+00 7.096177339553833008e-02 0.000000000000000000e+00
4.260078125000000000e+02 -1.445057511329650879e+00 1.113942414522171021e-01 0.000000000000000000e+00
4.330078125000000000e+02 -1.742493629455566406e+00 1.895416975021362305e-01 0.000000000000000000e+00
6.131367187500000000e+02 -9.296138882637023926e-01 1.574975103139877319e-01 0.000000000000000000e+00
6.211679687500000000e+02 -7.566838860511779785e-01 7.002279907464981079e-02 0.000000000000000000e+00
6.261757812500000000e+02 -1.861692965030670166e-01 3.091057017445564270e-02 0.000000000000000000e+00
6.390625000000000000e+02 -4.204054176807403564e-01 1.377919912338256836e-01 0.000000000000000000e+00
6.480390625000000000e+02 -4.935327917337417603e-02 6.732197105884552002e-02 0.000000000000000000e+00
6.560195312500000000e+02 -4.604376852512359619e-02 4.335395246744155884e-02 0.000000000000000000e+00
6.660703125000000000e+02 1.977074891328811646e-01 3.854011371731758118e-02 0.000000000000000000e+00
6.789609375000000000e+02 8.659991621971130371e-01 3.039479814469814301e-02 0.000000000000000000e+00
6.849726562500000000e+02 2.084928303956985474e-01 5.881082415580749512e-01 0.000000000000000000e+00
6.889882812500000000e+02 9.509215354919433594e-01 3.375155106186866760e-02 0.000000000000000000e+00
6.929609375000000000e+02 1.075470328330993652e+00 2.077291533350944519e-02 0.000000000000000000e+00
7.159804687500000000e+02 9.772610664367675781e-01 1.275500934571027756e-02 0.000000000000000000e+00
7.229843750000000000e+02 7.742385864257812500e-01 1.279492769390344620e-02 0.000000000000000000e+00
7.279882812500000000e+02 2.175019085407257080e-01 5.911948531866073608e-02 0.000000000000000000e+00
7.379921875000000000e+02 8.235780596733093262e-01 3.507849527522921562e-03 0.000000000000000000e+00
7.470000000000000000e+02 4.398089945316314697e-01 1.383637427352368832e-03 0.000000000000000000e+00
7.520625000000000000e+02 3.441188335418701172e-01 1.217537652701139450e-02 0.000000000000000000e+00
7.610000000000000000e+02 -3.827105835080146790e-02 1.445676982402801514e-01 0.000000000000000000e+00
7.660000000000000000e+02 -2.655499242246150970e-02 5.810364149510860443e-03 0.000000000000000000e+00
7.730156250000000000e+02 2.649361267685890198e-02 4.781149327754974365e-03 0.000000000000000000e+00
7.800000000000000000e+02 1.739095896482467651e-01 2.306573465466499329e-02 0.000000000000000000e+00
7.869921875000000000e+02 -3.106554448604583740e-01 1.061548888683319092e-01 0.000000000000000000e+00
9.881875000000000000e+02 -1.640723705291748047e+00 5.186804570257663727e-03 0.000000000000000000e+00
9.931679687500000000e+02 -1.483522057533264160e+00 1.260318327695131302e-02 0.000000000000000000e+00
1.001167968750000000e+03 -4.389634728431701660e-01 1.497752815485000610e-01 0.000000000000000000e+00
1.009050781250000000e+03 1.738895475864410400e-01 4.240151867270469666e-02 0.000000000000000000e+00
1.032988281250000000e+03 -4.658967554569244385e-01 2.641518972814083099e-02 0.000000000000000000e+00
1.036988281250000000e+03 -1.011423468589782715e+00 1.889588683843612671e-02 0.000000000000000000e+00
1.046964843750000000e+03 -9.111059308052062988e-01 5.039294809103012085e-02 0.000000000000000000e+00
1.051105468750000000e+03 -9.588094949722290039e-01 2.892195805907249451e-02 0.000000000000000000e+00
1.051960937500000000e+03 -9.650752544403076172e-01 1.193237304687500000e-01 0.000000000000000000e+00
1.060980468750000000e+03 -1.124024391174316406e+00 1.836414076387882233e-02 0.000000000000000000e+00
1.064972656250000000e+03 -9.567588567733764648e-01 3.416357934474945068e-02 0.000000000000000000e+00
1.074976562500000000e+03 -6.794978976249694824e-01 6.043738499283790588e-02 0.000000000000000000e+00
1.091097656250000000e+03 -1.131736993789672852e+00 7.282299548387527466e-02 0.000000000000000000e+00
1.100992187500000000e+03 -1.094721078872680664e+00 1.717737130820751190e-02 0.000000000000000000e+00
1.107003906250000000e+03 -1.076825737953186035e+00 2.861848846077919006e-02 0.000000000000000000e+00
1.115000000000000000e+03 -1.369883894920349121e+00 1.780848801136016846e-01 0.000000000000000000e+00
1.122000000000000000e+03 -1.112323403358459473e+00 4.946706816554069519e-02 0.000000000000000000e+00
1.136058593750000000e+03 -4.361838102340698242e-01 1.670178771018981934e-01 0.000000000000000000e+00
1.143000000000000000e+03 -1.239951133728027344e+00 1.585575938224792480e-01 0.000000000000000000e+00
1.350179687500000000e+03 -2.946663379669189453e+00 8.628187328577041626e-02 0.000000000000000000e+00
1.359164062500000000e+03 -2.683847427368164062e+00 9.311829507350921631e-02 0.000000000000000000e+00
1.374050781250000000e+03 -2.014754772186279297e+00 2.743318378925323486e-01 0.000000000000000000e+00
1.378097656250000000e+03 -2.295358896255493164e+00 8.022993057966232300e-02 0.000000000000000000e+00
1.389011718750000000e+03 -2.313633918762207031e+00 5.708263814449310303e-02 0.000000000000000000e+00
1.401980468750000000e+03 -2.137141466140747070e+00 9.134411811828613281e-02 0.000000000000000000e+00
1.406949218750000000e+03 -2.362802505493164062e+00 9.201421588659286499e-02 0.000000000000000000e+00
1.415960937500000000e+03 -1.490497469902038574e+00 9.387950599193572998e-02 0.000000000000000000e+00
1.416957031250000000e+03 -1.394639372825622559e+00 1.622937619686126709e-01 0.000000000000000000e+00
1.417960937500000000e+03 -2.329656600952148438e+00 8.166141062974929810e-02 0.000000000000000000e+00
1.421964843750000000e+03 -2.001435756683349609e+00 7.804870605468750000e-02 0.000000000000000000e+00
1.426066406250000000e+03 -2.784684658050537109e+00 6.059845909476280212e-02 0.000000000000000000e+00
1.429968750000000000e+03 -2.808358669281005859e+00 4.708807542920112610e-02 0.000000000000000000e+00
1.436984375000000000e+03 -3.088736772537231445e+00 9.052491188049316406e-02 0.000000000000000000e+00
1.444007812500000000e+03 -2.797478675842285156e+00 7.085581123828887939e-02 0.000000000000000000e+00
1.453984375000000000e+03 -2.358161926269531250e+00 1.025542467832565308e-01 0.000000000000000000e+00
1.454984375000000000e+03 -3.020759105682373047e+00 5.111387744545936584e-02 0.000000000000000000e+00
1.465996093750000000e+03 -3.479050397872924805e+00 8.309838920831680298e-02 0.000000000000000000e+00
1.483000000000000000e+03 -3.903853893280029297e+00 1.502987891435623169e-01 0.000000000000000000e+00
1.495019531250000000e+03 -3.746174335479736328e+00 1.298009455204010010e-01 0.000000000000000000e+00
1.515992187500000000e+03 -3.635571956634521484e+00 2.412434816360473633e-01 0.000000000000000000e+00
1.734066406250000000e+03 -4.607870578765869141e+00 1.395615190267562866e-01 0.000000000000000000e+00
1.757003906250000000e+03 -3.197062492370605469e+00 1.100379377603530884e-01 0.000000000000000000e+00
1.760996093750000000e+03 -4.120068073272705078e+00 1.483598798513412476e-01 0.000000000000000000e+00
1.771960937500000000e+03 -3.878226518630981445e+00 6.096336245536804199e-02 0.000000000000000000e+00
1.775957031250000000e+03 -4.117671012878417969e+00 7.683113217353820801e-02 0.000000000000000000e+00
1.780960937500000000e+03 -4.065194129943847656e+00 1.100399717688560486e-01 0.000000000000000000e+00
1.787960937500000000e+03 -4.106308460235595703e+00 9.367042034864425659e-02 0.000000000000000000e+00
1.792968750000000000e+03 -4.298289775848388672e+00 1.502176523208618164e-01 0.000000000000000000e+00
1.799972656250000000e+03 -3.653020620346069336e+00 4.165880382061004639e-01 0.000000000000000000e+00
1.817000000000000000e+03 -4.450882911682128906e+00 4.832186922430992126e-02 0.000000000000000000e+00
1.821054687500000000e+03 -3.666348934173583984e+00 1.706121712923049927e-01 0.000000000000000000e+00
1.822003906250000000e+03 -4.213490962982177734e+00 1.547769904136657715e-01 0.000000000000000000e+00
1.829074218750000000e+03 -4.111397266387939453e+00 1.201806440949440002e-01 0.000000000000000000e+00
1.853000000000000000e+03 -4.541604518890380859e+00 8.820057660341262817e-02 0.000000000000000000e+00
1.861003906250000000e+03 -4.073842525482177734e+00 7.797724008560180664e-02 0.000000000000000000e+00
2.108214843750000000e+03 -3.079398393630981445e+00 1.371924765408039093e-02 0.000000000000000000e+00
2.137000000000000000e+03 -3.510927200317382812e+00 1.982924714684486389e-02 0.000000000000000000e+00
2.167058593750000000e+03 -3.367377042770385742e+00 7.294597569853067398e-03 0.000000000000000000e+00
2.186125000000000000e+03 -3.162932157516479492e+00 2.770739607512950897e-02 0.000000000000000000e+00
3.624101562500000000e+02 -2.969970405101776123e-01 4.786786735057830811e-01 1.000000000000000000e+00
6.534101562500000000e+02 -2.220896244049072266e+00 1.335488319396972656e+00 1.000000000000000000e+00
6.544492187500000000e+02 -1.492901206016540527e+00 9.194662570953369141e-01 1.000000000000000000e+00
6.943789062500000000e+02 3.961465060710906982e-01 1.019682884216308594e+00 1.000000000000000000e+00
7.574101562500000000e+02 -1.545450687408447266e+00 6.888928413391113281e-01 1.000000000000000000e+00
9.786914062500000000e+02 3.329636573791503906e+00 8.939567208290100098e-01 1.000000000000000000e+00
9.805585937500000000e+02 9.190042614936828613e-01 5.054999589920043945e-01 1.000000000000000000e+00
9.885937500000000000e+02 6.109477877616882324e-01 6.527362465858459473e-01 1.000000000000000000e+00
1.017433593750000000e+03 1.386903882026672363e+00 7.054323554039001465e-01 1.000000000000000000e+00
1.018453125000000000e+03 1.545919299125671387e+00 8.367797732353210449e-01 1.000000000000000000e+00
1.020445312500000000e+03 8.842315077781677246e-01 6.383056640625000000e-01 1.000000000000000000e+00
1.041375000000000000e+03 -1.189527511596679688e+00 1.049453020095825195e+00 1.000000000000000000e+00
1.042378906250000000e+03 2.877127826213836670e-01 6.833336353302001953e-01 1.000000000000000000e+00
1.044359375000000000e+03 -1.604729533195495605e+00 1.112997651100158691e+00 1.000000000000000000e+00
1.076390625000000000e+03 3.463738441467285156e+00 9.797683954238891602e-01 1.000000000000000000e+00
1.105402343750000000e+03 1.756638765335083008e+00 5.908047556877136230e-01 1.000000000000000000e+00
1.361714843750000000e+03 1.317620724439620972e-01 9.608865976333618164e-01 1.000000000000000000e+00
1.365535156250000000e+03 -6.188188791275024414e-01 4.819453954696655273e-01 1.000000000000000000e+00
1.393484375000000000e+03 -7.850080132484436035e-01 3.796324729919433594e-01 1.000000000000000000e+00
1.429402343750000000e+03 4.411071836948394775e-01 4.762532114982604980e-01 1.000000000000000000e+00
1.431375000000000000e+03 -9.931640326976776123e-02 5.032535195350646973e-01 1.000000000000000000e+00
1.453410156250000000e+03 -1.983867287635803223e-01 5.717236995697021484e-01 1.000000000000000000e+00
1.722527343750000000e+03 -3.525184869766235352e+00 1.293810963630676270e+00 1.000000000000000000e+00
1.723507812500000000e+03 4.899796545505523682e-01 6.996232271194458008e-01 1.000000000000000000e+00
1.724578125000000000e+03 -1.481071859598159790e-01 1.326901316642761230e+00 1.000000000000000000e+00
1.725500000000000000e+03 7.675964236259460449e-01 9.043253064155578613e-01 1.000000000000000000e+00
1.726500000000000000e+03 -5.927948355674743652e-01 3.634845316410064697e-01 1.000000000000000000e+00
1.780378906250000000e+03 -2.297725081443786621e-01 3.007442951202392578e-01 1.000000000000000000e+00
1.784429687500000000e+03 -1.336699873208999634e-01 4.160275459289550781e-01 1.000000000000000000e+00
1.809445312500000000e+03 2.503048181533813477e+00 1.298462390899658203e+00 1.000000000000000000e+00
1.845410156250000000e+03 -6.428481936454772949e-01 5.098801255226135254e-01 1.000000000000000000e+00
3.624101562500000000e+02 6.879432201385498047e-01 7.020342826843261719e+00 2.000000000000000000e+00
6.539296875000000000e+02 -1.188465878367424011e-01 6.296750068664550781e+00 2.000000000000000000e+00
6.943789062500000000e+02 1.013116717338562012e+00 7.527121067047119141e+00 2.000000000000000000e+00
7.574101562500000000e+02 6.515439033508300781e+00 1.376629638671875000e+01 2.000000000000000000e+00
9.831054687500000000e+02 8.596764802932739258e-01 7.116477489471435547e+00 2.000000000000000000e+00
1.019015625000000000e+03 8.034346103668212891e-01 6.890499591827392578e+00 2.000000000000000000e+00
1.042703125000000000e+03 5.613826513290405273e-01 6.447531700134277344e+00 2.000000000000000000e+00
1.076390625000000000e+03 1.329911220818758011e-02 6.525776863098144531e+00 2.000000000000000000e+00
1.105402343750000000e+03 4.675672948360443115e-02 6.326691150665283203e+00 2.000000000000000000e+00
1.364582031250000000e+03 3.772791326045989990e-01 7.089132308959960938e+00 2.000000000000000000e+00
1.393484375000000000e+03 1.031437143683433533e-01 6.107696056365966797e+00 2.000000000000000000e+00
1.430058593750000000e+03 -3.099481165409088135e-01 6.092483520507812500e+00 2.000000000000000000e+00
1.455410156250000000e+03 6.244956851005554199e-01 6.536773204803466797e+00 2.000000000000000000e+00
1.725058593750000000e+03 -1.222884893417358398e+00 4.616574287414550781e+00 2.000000000000000000e+00
1.782000000000000000e+03 -9.020258188247680664e-01 5.124573230743408203e+00 2.000000000000000000e+00
1.809445312500000000e+03 -4.370382428169250488e-01 5.800220966339111328e+00 2.000000000000000000e+00
1.845410156250000000e+03 -7.196496129035949707e-01 5.484574317932128906e+00 2.000000000000000000e+00
