3.185280456542968750e+02 5.586988329887390137e-01 5.980259895324707031e+00 -2.904075384140014648e+00 2.601327896118164062e+00 2.938027083873748779e-01
2.647300338745117188e+01 4.265147447586059570e-01 5.570643424987792969e+00 -2.729997634887695312e+00 -5.735993385314941406e-01 9.875798821449279785e-01
6.024429321289062500e+01 2.498983860015869141e+00 9.912604331970214844e+00 -8.366326332092285156e+00 -6.707365512847900391e+00 9.939879775047302246e-01
3.845243453979492188e+01 1.599442243576049805e+00 8.507004737854003906e+00 -6.181597709655761719e-02 -1.761639118194580078e+00 6.211251765489578247e-02
4.766997375488281250e+02 2.718475580215454102e+00 1.008635044097900391e+01 -8.132653236389160156e+00 -1.907696914672851562e+01 3.235144376754760742e+00
6.020800781250000000e+02 1.208555340766906738e+00 7.216067790985107422e+00 -3.606067895889282227e+00 -8.867692947387695312e-01 3.192126378417015076e-02
7.017822875976562500e+02 1.351207733154296875e+00 7.368897914886474609e+00 -4.438216686248779297e+00 -7.798465728759765625e+00 2.117086410522460938e+00
2.294012145996093750e+02 3.478224515914916992e+00 1.161968803405761719e+01 -3.264434337615966797e+00 -1.094839572906494141e+00 1.358210444450378418e+00
3.608630676269531250e+02 3.710328102111816406e+00 1.177694320678710938e+01 -9.758075714111328125e+00 1.073439121246337891e+00 2.191203832626342773e-01
4.356363220214843750e+02 7.321531772613525391e-01 6.266798973083496094e+00 1.513266563415527344e-01 3.805325031280517578e+00 2.541292667388916016e+00
5.925026855468750000e+02 1.674019098281860352e+00 7.986285209655761719e+00 -5.834928512573242188e+00 -7.815384864807128906e+00 1.692533612251281738e+00
4.716473693847656250e+02 6.019247770309448242e-01 5.900191783905029297e+00 -3.615891933441162109e+00 -8.953630447387695312e+00 4.173212051391601562e+00
2.470153045654296875e+02 1.208569645881652832e+00 7.576288223266601562e+00 -1.774119138717651367e+00 -2.063790559768676758e+00 8.461440801620483398e-01
4.430638732910156250e+02 1.142948150634765625e+00 7.213430404663085938e+00 -3.588265180587768555e+00 -7.047876358032226562e+00 1.962932586669921875e+00
5.703298339843750000e+02 6.294998526573181152e-01 5.969913005828857422e+00 -1.148329973220825195e+00 -5.960261821746826172e-01 2.250154256820678711e+00
8.714286804199218750e+01 8.074987530708312988e-01 6.108684539794921875e+00 -3.027534484863281250e+00 1.672837734222412109e+00 3.188450336456298828e-01
5.794496459960937500e+02 9.251985549926757812e-01 6.457613468170166016e+00 -3.142751455307006836e+00 -2.142426967620849609e+00 3.466333150863647461e-01
2.366370697021484375e+02 7.416317462921142578e-01 6.203007698059082031e+00 -9.588873386383056641e-01 5.757474899291992188e-01 3.831243216991424561e-01
1.325628356933593750e+02 2.044964313507080078e+00 9.115637779235839844e+00 8.547880172729492188e+00 9.602217674255371094e+00 7.772819995880126953e-01
7.228237304687500000e+02 5.015064477920532227e-01 5.837422847747802734e+00 -1.423217058181762695e+00 -1.262366771697998047e+00 3.310858905315399170e-01
4.381646728515625000e+02 1.191760063171386719e+00 7.215261459350585938e+00 -4.972574710845947266e+00 -1.363981819152832031e+01 3.043923616409301758e+00
5.422510375976562500e+02 7.259190082550048828e-01 6.001894950866699219e+00 -2.211555242538452148e+00 -1.943286657333374023e+00 2.997561991214752197e-01
5.449280395507812500e+02 2.407065033912658691e-01 5.165822505950927734e+00 -2.967467308044433594e+00 7.676362991333007812e-02 5.228770524263381958e-02
5.905217895507812500e+02 2.627052664756774902e-01 5.388348102569580078e+00 -2.059020996093750000e+00 -2.272199392318725586e+00 2.365310430526733398e+00
2.732521362304687500e+02 3.214097738265991211e+00 1.113234996795654297e+01 -9.366868972778320312e+00 -1.110386276245117188e+01 1.636217117309570312e+00
6.137045898437500000e+02 3.457208871841430664e-01 5.427015304565429688e+00 -2.173311710357666016e+00 -3.410303592681884766e-01 3.389835655689239502e-01
2.134915733337402344e+01 4.506156444549560547e-01 5.503155708312988281e+00 -2.435086965560913086e+00 4.266691207885742188e-01 1.451646815985441208e-02
2.275891723632812500e+02 8.674024939537048340e-01 6.182097434997558594e+00 -2.500617504119873047e+00 -6.841206550598144531e-01 4.811871647834777832e-01
1.942165222167968750e+02 2.570146083831787109e+00 1.000940895080566406e+01 1.744768619537353516e+00 -4.842150211334228516e-01 2.623776160180568695e-02
4.250238952636718750e+02 1.246735692024230957e+00 7.285188674926757812e+00 1.665112972259521484e+00 2.258219718933105469e+00 6.301356852054595947e-02
5.149179687500000000e+02 4.059888720512390137e-01 5.587107181549072266e+00 -3.036630153656005859e+00 -8.242666721343994141e-01 6.826689243316650391e-01
4.501544494628906250e+02 2.572786211967468262e-01 5.364349365234375000e+00 -2.607034444808959961e+00 -2.274262905120849609e+00 1.459928154945373535e+00
5.939955444335937500e+02 1.151230454444885254e+00 6.969188690185546875e+00 -2.616374492645263672e+00 -1.049178838729858398e+00 7.368883490562438965e-01
7.224224243164062500e+02 1.233404397964477539e+00 7.279460906982421875e+00 -5.953050613403320312e+00 -1.093129062652587891e+01 2.112436532974243164e+00
7.502947387695312500e+02 2.212672472000122070e+00 9.140493392944335938e+00 -3.088361024856567383e+00 -1.819299459457397461e+00 5.871881544589996338e-02
5.121334228515625000e+02 8.614217042922973633e-01 6.707592487335205078e+00 -4.548816680908203125e+00 -4.539804458618164062e+00 1.115940451622009277e+00
3.817531127929687500e+02 1.039231777191162109e+00 6.627001762390136719e+00 -6.096486091613769531e+00 2.555537223815917969e-01 1.849211007356643677e-02
3.173375549316406250e+02 9.834251999855041504e-01 6.521147727966308594e+00 -3.337199687957763672e+00 -2.032196521759033203e+00 1.310068845748901367e+00
1.493393554687500000e+02 2.546259880065917969e+00 9.586663246154785156e+00 -1.046932792663574219e+01 -9.272623062133789062e+00 1.499946355819702148e+00
3.205436096191406250e+02 7.261961698532104492e-01 6.294151306152343750e+00 -3.245527744293212891e+00 -1.161085367202758789e+00 1.958768129348754883e+00
3.781697387695312500e+02 5.661484003067016602e-01 5.714035034179687500e+00 -3.338760137557983398e+00 1.448206901550292969e+00 6.217958405613899231e-02
3.426616210937500000e+02 7.813717126846313477e-01 6.265106201171875000e+00 -2.250465154647827148e+00 -2.383782863616943359e+00 1.964485883712768555e+00
4.118085327148437500e+02 1.094215989112854004e+00 6.766863822937011719e+00 -1.646487712860107422e+00 1.976275444030761719e-01 8.716201186180114746e-01
1.477289428710937500e+02 4.859324693679809570e-01 5.405095577239990234e+00 -1.519683599472045898e+00 4.749453067779541016e+00 1.082052230834960938e+00
6.786628417968750000e+02 2.661878585815429688e+00 9.821848869323730469e+00 2.883269786834716797e+00 7.242560386657714844e-01 2.985696494579315186e-01
4.597208862304687500e+02 2.768371105194091797e-01 5.223380088806152344e+00 -2.973483800888061523e+00 2.728581428527832031e-01 3.721510171890258789e-01
1.665364532470703125e+02 4.144060015678405762e-01 5.909875392913818359e+00 -2.436059713363647461e+00 2.673847675323486328e+00 1.849709600210189819e-01
6.696741485595703125e+01 3.579745769500732422e+00 1.170813274383544922e+01 -1.477344894409179688e+01 -1.719853878021240234e+00 2.133521735668182373e-01
6.253975219726562500e+02 3.482257127761840820e-01 5.449597835540771484e+00 -2.266702651977539062e+00 1.440951824188232422e+00 1.109307706356048584e-01
9.044978332519531250e+01 1.458281159400939941e+00 7.766230583190917969e+00 -4.230046272277832031e-01 -1.419970989227294922e+00 2.330562621355056763e-01
6.557247924804687500e+01 4.646013975143432617e-01 5.576226711273193359e+00 -2.359104156494140625e+00 -5.645275115966796875e-01 4.478860497474670410e-01
2.634511108398437500e+02 2.317799329757690430e+00 9.326711654663085938e+00 -5.778784751892089844e+00 -5.293695926666259766e+00 1.691639542579650879e+00
5.381098022460937500e+02 4.295930266380310059e-01 5.650284767150878906e+00 -2.410507202148437500e+00 1.310710906982421875e+00 2.696714878082275391e+00
2.776086807250976562e+00 1.763085603713989258e+00 8.443286895751953125e+00 -2.091652154922485352e+00 7.393598556518554688e-02 1.036368727684020996e+00
3.262120361328125000e+02 1.820703744888305664e+00 8.176442146301269531e+00 -3.642160892486572266e+00 -2.745325565338134766e+00 1.445263624191284180e+00
6.840189208984375000e+02 7.155440449714660645e-01 5.891564846038818359e+00 -1.560233831405639648e+00 1.304819583892822266e+00 1.531093358993530273e+00
2.913092956542968750e+02 1.226065158843994141e+00 6.638198852539062500e+00 -4.117017745971679688e+00 2.872538566589355469e-01 9.114026427268981934e-01
3.795432739257812500e+02 9.037671685218811035e-01 6.185904502868652344e+00 -2.816569805145263672e+00 -2.310323715209960938e-01 7.992205023765563965e-01
2.636346740722656250e+02 1.133143782615661621e+00 7.076529026031494141e+00 -1.435576677322387695e+00 8.882880210876464844e-01 2.056480407714843750e+00
1.929836730957031250e+02 3.393307924270629883e-01 5.240396499633789062e+00 -2.346837520599365234e+00 7.163977622985839844e-01 1.645960330963134766e+00
4.540300903320312500e+02 2.856544256210327148e+00 1.063650321960449219e+01 -3.710467815399169922e+00 -2.073094844818115234e+00 1.648907780647277832e+00
5.392923583984375000e+02 1.107418537139892578e-01 4.855490684509277344e+00 -2.628185749053955078e+00 -9.094274044036865234e-01 1.545922994613647461e+00
3.751195373535156250e+02 1.127291917800903320e+00 6.953680515289306641e+00 -3.499128818511962891e+00 -1.317892074584960938e+00 6.442756056785583496e-01
5.918344116210937500e+02 1.251494288444519043e+00 7.197643756866455078e+00 -6.181788444519042969e-01 2.243659496307373047e+00 4.217526912689208984e-01
1.224483337402343750e+02 2.464567184448242188e+00 9.825096130371093750e+00 3.026020526885986328e+00 1.533379745483398438e+01 2.911725282669067383e+00
4.987983703613281250e+02 4.907706379890441895e-01 5.663552284240722656e+00 -2.652553319931030273e+00 -1.138024330139160156e+00 2.678911924362182617e+00
5.643498229980468750e+01 2.477212667465209961e+00 9.395262718200683594e+00 1.206875324249267578e+01 5.369815826416015625e+00 3.308255076408386230e-01
2.223108520507812500e+02 3.735347270965576172e+00 1.210805606842041016e+01 -1.261728382110595703e+01 -5.102224349975585938e+00 5.680917501449584961e-01
3.895197753906250000e+02 2.870498895645141602e-01 5.470008850097656250e+00 -2.854027748107910156e+00 9.882855415344238281e-01 1.457061767578125000e-01
6.051791992187500000e+02 2.430838346481323242e+00 9.930045127868652344e+00 -6.678395271301269531e+00 -7.049803733825683594e+00 1.139148592948913574e+00
5.895136108398437500e+02 1.364760398864746094e+00 7.290986061096191406e+00 -7.602810859680175781e-01 3.473467826843261719e+00 2.340299129486083984e+00
5.116111145019531250e+02 2.097811222076416016e+00 9.374805450439453125e+00 -1.617359733581542969e+01 -1.297168922424316406e+01 9.621160030364990234e-01
1.527244720458984375e+02 3.322765827178955078e+00 1.136739730834960938e+01 -7.287101745605468750e+00 -2.981798648834228516e+00 3.707630038261413574e-01
5.230728149414062500e+02 3.085676431655883789e+00 1.101644420623779297e+01 -6.647873878479003906e+00 -6.395898818969726562e+00 1.080530762672424316e+00
4.880550842285156250e+02 8.387554287910461426e-01 6.559250831604003906e+00 -3.609820604324340820e+00 -3.160169124603271484e+00 2.497924804687500000e+00
1.210357437133789062e+02 1.100235581398010254e+00 6.877341270446777344e+00 -7.744239807128906250e+00 -1.173951625823974609e+00 2.214808166027069092e-01
1.787117614746093750e+02 2.845191955566406250e+00 1.019637966156005859e+01 -2.049658298492431641e+00 1.820588111877441406e-01 1.169168502092361450e-01
5.458832397460937500e+02 1.505434036254882812e+00 7.795822143554687500e+00 -5.165851116180419922e+00 -1.047369098663330078e+01 3.474018812179565430e+00
4.918149108886718750e+02 6.902638673782348633e-01 5.845324516296386719e+00 -3.509799242019653320e+00 -4.681558609008789062e+00 3.001131534576416016e+00
2.552119903564453125e+02 1.605222940444946289e+00 7.876390457153320312e+00 2.006912231445312500e+00 2.414989471435546875e-01 9.726478904485702515e-02
5.248090209960937500e+02 1.076422929763793945e+00 6.789045810699462891e+00 -4.116402626037597656e+00 -2.064002752304077148e+00 5.058994293212890625e-01
5.238655395507812500e+02 1.066599607467651367e+00 6.728521823883056641e+00 -1.912627220153808594e+00 -8.043098449707031250e-01 7.769328355789184570e-01
4.719002380371093750e+02 2.489164829254150391e+00 9.699300765991210938e+00 1.640415191650390625e+00 2.651479244232177734e+00 8.754345774650573730e-01
4.037263488769531250e+02 6.484598517417907715e-01 6.160279750823974609e+00 -2.640882730484008789e+00 5.541801452636718750e-02 2.695806324481964111e-01
2.664300537109375000e+02 1.303928971290588379e+00 7.226498603820800781e+00 2.840318679809570312e+00 1.439137458801269531e+00 7.916183471679687500e-01
6.969732055664062500e+02 5.860140919685363770e-01 5.541685581207275391e+00 -2.006624937057495117e+00 -2.676498889923095703e-01 1.004951357841491699e+00
6.224321899414062500e+02 2.694890975952148438e+00 9.850082397460937500e+00 5.837781429290771484e+00 8.610713958740234375e+00 1.099524497985839844e+00
4.356363220214843750e+02 7.321531772613525391e-01 6.266798973083496094e+00 1.513266563415527344e-01 3.805325031280517578e+00 2.541292667388916016e+00
5.015920104980468750e+02 1.917120218276977539e-01 5.321626663208007812e+00 -2.546409368515014648e+00 -1.759861707687377930e+00 1.584492683410644531e+00
4.464537048339843750e+01 1.447367072105407715e+00 7.755009651184082031e+00 1.157505512237548828e+00 2.976415157318115234e+00 5.039272904396057129e-01
6.325168457031250000e+02 7.964943647384643555e-01 6.249184608459472656e+00 -4.820500373840332031e+00 -4.967689514160156250e+00 1.320583701133728027e+00
4.522755126953125000e+02 6.071506142616271973e-01 6.120359897613525391e+00 -1.876454353332519531e+00 1.588759422302246094e+00 1.872788190841674805e+00
2.803568725585937500e+02 1.410035371780395508e+00 7.557207584381103516e+00 -7.436033248901367188e+00 -8.253480911254882812e+00 1.334690928459167480e+00
4.572780151367187500e+02 8.785027265548706055e-01 6.219002723693847656e+00 -3.286026716232299805e+00 -1.645630598068237305e+00 1.282398819923400879e+00
9.545595169067382812e+00 3.599010109901428223e-01 5.486647605895996094e+00 -2.669199705123901367e+00 -9.367585182189941406e-01 1.659489750862121582e+00
1.816002197265625000e+02 -3.619134426116943359e-03 4.609281063079833984e+00 -2.261022329330444336e+00 -2.709833383560180664e+00 2.254497408866882324e-01
3.814416122436523438e+01 9.487437009811401367e-01 6.562502861022949219e+00 -3.666791915893554688e+00 -7.980465888977050781e-02 1.056401014328002930e+00
2.760448608398437500e+02 9.221236705780029297e-01 6.307417869567871094e+00 -2.176111936569213867e+00 -4.341447353363037109e-01 2.226330041885375977e-01
5.434326782226562500e+02 1.982616543769836426e+00 8.439989089965820312e+00 -5.495847702026367188e+00 -8.512393951416015625e+00 2.157560825347900391e+00
6.343612670898437500e+02 2.247531175613403320e+00 9.313447952270507812e+00 -7.522158622741699219e+00 -9.306746482849121094e+00 1.402863979339599609e+00
4.453589782714843750e+02 1.107114553451538086e+00 7.032172203063964844e+00 -4.286367893218994141e+00 -2.084578275680541992e+00 7.836225032806396484e-01
3.411235046386718750e+02 5.967434644699096680e-01 5.845310211181640625e+00 -4.073902130126953125e+00 -1.008206605911254883e+00 1.528530359268188477e+00
3.401243286132812500e+02 3.440008163452148438e+00 1.177501296997070312e+01 4.286727905273437500e+00 1.483805179595947266e+00 4.260724186897277832e-01
1.253912200927734375e+02 1.011021018028259277e+00 6.860330581665039062e+00 -3.423563241958618164e+00 3.549051284790039062e-01 2.902344465255737305e+00
4.577389221191406250e+02 8.242164254188537598e-01 6.104729652404785156e+00 -3.793721199035644531e+00 -5.765759944915771484e-01 7.650700807571411133e-01
9.914405822753906250e+01 1.542728543281555176e+00 8.010381698608398438e+00 8.645868301391601562e-01 1.423692703247070312e+00 3.556817173957824707e-01
6.083478393554687500e+02 7.208778858184814453e-01 6.378475189208984375e+00 -1.816636323928833008e+00 -3.594342470169067383e+00 2.942428588867187500e+00
1.451345367431640625e+02 1.527032256126403809e+00 7.851493835449218750e+00 -2.306021451950073242e+00 1.060795783996582031e+00 2.108894824981689453e+00
6.120175781250000000e+02 4.596673846244812012e-01 5.457784175872802734e+00 -1.830558776855468750e+00 -1.566081047058105469e+00 1.223980039358139038e-01
8.108396148681640625e+01 8.911479115486145020e-01 6.135892868041992188e+00 -1.668674945831298828e+00 2.426879405975341797e+00 1.251858472824096680e+00
4.862234497070312500e+02 1.976825475692749023e+00 8.781943321228027344e+00 -1.156339454650878906e+01 -8.672375679016113281e+00 9.712970852851867676e-01
6.268604125976562500e+02 6.269998550415039062e-01 5.753654956817626953e+00 -2.318003177642822266e+00 -1.261940002441406250e+00 2.349677801132202148e+00
5.688425292968750000e+02 6.154851317405700684e-01 6.139540672302246094e+00 -1.983505487442016602e+00 -4.883646011352539062e+00 2.042138814926147461e+00
1.962085723876953125e+01 2.043892383575439453e+00 8.724470138549804688e+00 -3.534123897552490234e+00 -3.437050580978393555e+00 3.247963786125183105e-01
4.126798095703125000e+02 5.836617946624755859e-01 5.916264057159423828e+00 -1.911376714706420898e+00 -7.110249996185302734e-01 3.891966938972473145e-01
6.646221923828125000e+02 6.677862405776977539e-01 5.944740295410156250e+00 -1.985836029052734375e+00 2.661657333374023438e-01 1.253316998481750488e+00
1.457967224121093750e+02 2.654307842254638672e+00 9.989204406738281250e+00 -9.567379951477050781e-01 -3.652610778808593750e+00 6.937804818153381348e-02
1.749996757507324219e+01 1.611620187759399414e-01 5.048371315002441406e+00 -2.196300029754638672e+00 -1.292353868484497070e+00 3.235981702804565430e+00
3.589809875488281250e+02 4.610027670860290527e-01 5.502751350402832031e+00 -1.969873905181884766e+00 -5.597710609436035156e-02 4.621423780918121338e-02
5.771613159179687500e+02 3.790806770324707031e+00 1.225060749053955078e+01 -6.934098243713378906e+00 -2.004420757293701172e-01 2.294314503669738770e-01
2.255053253173828125e+02 1.623517751693725586e+00 8.249844551086425781e+00 -1.001251935958862305e+00 -7.434368133544921875e-02 1.276128172874450684e+00
4.387890014648437500e+02 1.028801560401916504e+00 6.800529003143310547e+00 -2.825163602828979492e+00 -1.664139032363891602e+00 1.251424670219421387e+00
4.481269836425781250e+02 9.829055666923522949e-01 6.924653530120849609e+00 -1.617670059204101562e+00 1.275472640991210938e+00 5.356577634811401367e-01
4.253413085937500000e+02 3.295397996902465820e+00 1.153269386291503906e+01 -2.517496347427368164e+00 1.696395874023437500e-01 1.494256019592285156e+00
6.100393066406250000e+02 5.206495523452758789e-01 5.552327156066894531e+00 -2.367641925811767578e+00 -2.283973693847656250e+00 2.177490949630737305e+00
1.372705383300781250e+02 5.120477080345153809e-01 5.792354106903076172e+00 -1.174116134643554688e+00 3.154206275939941406e-01 6.861338615417480469e-01
1.710806427001953125e+02 2.315926790237426758e+00 9.575849533081054688e+00 1.812586784362792969e+00 3.815293312072753906e+00 1.097494602203369141e+00
2.261914215087890625e+02 2.222849845886230469e+00 9.190814018249511719e+00 2.752096652984619141e+00 6.876435279846191406e+00 1.757253170013427734e+00
5.302404785156250000e+02 6.031049489974975586e-01 5.951090335845947266e+00 -8.257615566253662109e-01 -2.516419887542724609e+00 5.078067779541015625e-01
4.718079223632812500e+02 7.735841870307922363e-01 6.625269889831542969e+00 -4.945013523101806641e+00 -2.872992753982543945e+00 1.177222609519958496e+00
7.102353668212890625e+01 1.178138732910156250e+00 7.018193244934082031e+00 -2.782639265060424805e+00 3.737192153930664062e+00 1.045978426933288574e+00
6.400550537109375000e+02 1.013605594635009766e-01 4.862318992614746094e+00 -1.669172048568725586e+00 -1.894426345825195312e-01 1.034718036651611328e+00
7.171435546875000000e+02 1.791200876235961914e+00 8.126126289367675781e+00 4.441456794738769531e+00 2.609081268310546875e+00 4.980181455612182617e-01
4.571154174804687500e+02 2.439891815185546875e+00 9.494476318359375000e+00 -8.826852798461914062e+00 -1.822496604919433594e+01 2.659872531890869141e+00
4.136035766601562500e+02 2.819304466247558594e-01 5.182591438293457031e+00 -1.829680204391479492e+00 -3.794595003128051758e+00 8.595042228698730469e-01
4.644986267089843750e+02 4.853019714355468750e-01 5.766215801239013672e+00 -2.795712947845458984e+00 -2.738258838653564453e+00 2.812606096267700195e+00
3.169974670410156250e+02 9.780541658401489258e-01 6.726054191589355469e+00 -3.432606458663940430e+00 -5.095124244689941406e-01 6.526380777359008789e-01
7.681527137756347656e+00 3.526298999786376953e-01 5.342298030853271484e+00 -2.434569597244262695e+00 -3.258585929870605469e-01 4.772499576210975647e-02
6.926460571289062500e+02 3.674179911613464355e-01 5.259261131286621094e+00 -2.300714254379272461e+00 8.109116554260253906e-01 1.804983496665954590e+00
9.008171844482421875e+01 1.765235304832458496e+00 8.124924659729003906e+00 -1.907688379287719727e+00 3.381752967834472656e+00 1.239159107208251953e+00
2.598949623107910156e+01 1.071177601814270020e+00 6.956477165222167969e+00 -4.187412261962890625e+00 -6.352281570434570312e-01 2.041810601949691772e-01
5.031324462890625000e+02 3.193737268447875977e-01 5.596730232238769531e+00 -2.485339641571044922e+00 -2.173026800155639648e+00 4.621155261993408203e-01
4.494433898925781250e+02 1.901656746864318848e+00 8.447119712829589844e+00 -4.425343513488769531e+00 -5.563694000244140625e+00 1.165462970733642578e+00
1.577809429168701172e+01 3.512306809425354004e-01 5.638058185577392578e+00 -1.848261356353759766e+00 -7.515037059783935547e-01 7.746959328651428223e-01
4.863077545166015625e+01 2.915788888931274414e-01 5.037285804748535156e+00 -1.459758281707763672e+00 -2.844316959381103516e+00 1.565320730209350586e+00
2.506857452392578125e+02 1.555525183677673340e+00 7.836915969848632812e+00 -6.834948062896728516e-01 2.219417095184326172e+00 3.764452934265136719e-01
1.630453681945800781e+01 1.616512894630432129e+00 7.700891494750976562e+00 -3.295572996139526367e+00 2.746844291687011719e-01 3.953334316611289978e-02
3.299103698730468750e+02 2.228429794311523438e+00 9.136251449584960938e+00 2.364699840545654297e+00 9.516641616821289062e+00 2.106832027435302734e+00
3.094257926940917969e+01 3.934863805770874023e-01 5.074169635772705078e+00 -1.714773178100585938e+00 -1.716374158859252930e+00 2.338307164609432220e-02
9.016536712646484375e+01 3.469761610031127930e-01 5.363672733306884766e+00 -1.267862319946289062e+00 2.066607475280761719e+00 1.566974401473999023e+00
4.546401367187500000e+02 1.148396968841552734e+00 6.913657188415527344e+00 -1.626576185226440430e+00 9.379816055297851562e-01 9.461117386817932129e-01
5.946752319335937500e+02 1.076632142066955566e-01 4.690191268920898438e+00 -2.435668706893920898e+00 1.557400226593017578e+00 4.266139268875122070e-01
4.817297973632812500e+02 1.268058896064758301e+00 7.250377655029296875e+00 -1.821259260177612305e+00 -4.306125640869140625e-01 2.401390671730041504e-02
6.051791992187500000e+02 2.430838346481323242e+00 9.930045127868652344e+00 -6.678395271301269531e+00 -7.049803733825683594e+00 1.139148592948913574e+00
5.357862091064453125e+01 1.057453274726867676e+00 6.746428012847900391e+00 -2.330205440521240234e+00 1.297307014465332031e-01 1.864296078681945801e+00
3.580268096923828125e+01 1.216239333152770996e+00 7.027035713195800781e+00 -1.960865259170532227e+00 -3.306674957275390625e-01 9.024957418441772461e-01
5.979267578125000000e+02 2.619006037712097168e-01 5.074638366699218750e+00 -2.113658189773559570e+00 -3.595222234725952148e+00 2.657835483551025391e+00
5.697641601562500000e+02 1.365155577659606934e+00 7.512465476989746094e+00 -2.743595838546752930e+00 -4.032509326934814453e+00 1.731290102005004883e+00
2.003729858398437500e+02 2.135690927505493164e+00 9.044012069702148438e+00 -1.167070865631103516e-01 1.610679626464843750e+00 2.485071897506713867e+00
7.283841609954833984e+00 3.299470424652099609e+00 1.146369934082031250e+01 -1.400154113769531250e+01 -1.199927043914794922e+01 9.709910154342651367e-01
2.940286254882812500e+02 4.107261896133422852e-01 5.345403671264648438e+00 -1.891454458236694336e+00 -3.448172807693481445e+00 1.424750328063964844e+00
1.152207336425781250e+02 9.284982085227966309e-01 6.568790435791015625e+00 -2.573297023773193359e+00 -7.486855983734130859e-01 3.783183693885803223e-01
1.690620880126953125e+02 3.135191440582275391e+00 1.063874721527099609e+01 1.176029682159423828e+01 6.025395393371582031e+00 4.347941279411315918e-01
7.918667602539062500e+01 2.895697593688964844e+00 1.049477958679199219e+01 1.608319282531738281e+00 2.281262874603271484e+00 8.870455622673034668e-01
1.029026260375976562e+02 1.466084599494934082e+00 7.663175106048583984e+00 -1.685774326324462891e+00 -1.676138639450073242e+00 1.287595033645629883e-01
4.068532104492187500e+02 1.343894243240356445e+00 7.365272521972656250e+00 1.477019786834716797e+00 1.170873641967773438e-01 1.505120247602462769e-01
2.509055137634277344e+01 3.193168640136718750e-01 5.453443050384521484e+00 -2.192541360855102539e+00 2.021346092224121094e+00 1.482277154922485352e+00
2.812409973144531250e+01 9.192322492599487305e-01 6.606096267700195312e+00 -1.119046211242675781e+00 2.183365821838378906e-01 4.451671540737152100e-01
4.901752929687500000e+02 6.029087901115417480e-01 5.925952434539794922e+00 -7.346117496490478516e-01 -2.531375885009765625e+00 2.493364959955215454e-01
2.074578094482421875e+02 1.251580119132995605e+00 7.099513530731201172e+00 -2.098616361618041992e+00 -1.201342344284057617e+00 1.074412941932678223e+00
2.496909790039062500e+02 2.612568378448486328e+00 1.004117965698242188e+01 3.137657642364501953e+00 1.225411891937255859e+00 2.289715707302093506e-01
6.029136962890625000e+02 3.201863765716552734e+00 1.108532619476318359e+01 4.545514583587646484e+00 -1.511299610137939453e-01 2.799244821071624756e-01
4.578952026367187500e+01 1.169426918029785156e+00 7.417872428894042969e+00 -6.334209442138671875e+00 -4.287316799163818359e+00 1.235538005828857422e+00
5.603737182617187500e+02 1.756696581840515137e+00 8.337587356567382812e+00 2.678074836730957031e+00 6.885600090026855469e-01 8.361499011516571045e-02
4.822335205078125000e+02 1.617791771888732910e+00 8.072359085083007812e+00 -2.891570329666137695e+00 -5.983521938323974609e+00 3.203704357147216797e+00
1.828016357421875000e+02 2.174444913864135742e+00 9.100895881652832031e+00 1.471371650695800781e+00 1.091521072387695312e+01 2.802124023437500000e+00
5.652769775390625000e+02 9.816066622734069824e-01 6.565095901489257812e+00 -1.972450017929077148e+00 -9.131431579589843750e-02 1.561032056808471680e+00
5.739086914062500000e+02 3.379855751991271973e-01 5.626019001007080078e+00 -1.866241693496704102e+00 2.305269241333007812e+00 3.091428875923156738e-01
6.642232666015625000e+02 5.201497673988342285e-01 5.342170238494873047e+00 -2.028753757476806641e+00 -1.275875568389892578e+00 1.654344797134399414e+00
7.669662475585937500e+02 9.528557062149047852e-01 6.468466281890869141e+00 -2.748427391052246094e+00 -2.973558902740478516e+00 7.997386455535888672e-01
4.319566650390625000e+02 5.677350163459777832e-01 5.803834915161132812e+00 -3.628640174865722656e+00 -7.541129589080810547e+00 2.180109739303588867e+00
3.046722030639648438e+01 1.173908710479736328e-01 4.709498405456542969e+00 -1.559605598449707031e+00 3.067493438720703125e-01 1.804041862487792969e-01
3.411915588378906250e+02 1.613598585128784180e+00 7.930157184600830078e+00 3.288133144378662109e+00 3.207013607025146484e+00 9.430240988731384277e-01
1.069664154052734375e+02 1.240250110626220703e+00 6.977969169616699219e+00 -5.783390045166015625e+00 -1.023741960525512695e+00 9.901281446218490601e-03
2.503634643554687500e+02 1.448484301567077637e+00 7.474374771118164062e+00 -2.330493927001953125e-01 1.285212039947509766e+00 8.052808046340942383e-01
1.139108428955078125e+02 7.069718837738037109e-01 6.095328807830810547e+00 -1.574537754058837891e+00 1.282613277435302734e+00 1.974632263183593750e+00
1.031284942626953125e+02 4.734374880790710449e-01 5.594717025756835938e+00 -2.549784183502197266e+00 2.561085224151611328e+00 7.006043791770935059e-01
1.475785064697265625e+02 3.916195631027221680e-01 5.553434371948242188e+00 -3.566012382507324219e+00 5.727767944335937500e-02 9.052553176879882812e-01
4.805889282226562500e+02 1.937647342681884766e+00 8.818685531616210938e+00 3.082878589630126953e+00 2.261600494384765625e+00 6.562162041664123535e-01
7.879202880859375000e+02 6.476183533668518066e-01 5.786901473999023438e+00 -1.711540222167968750e+00 -1.912766695022583008e+00 2.477487564086914062e+00
6.770833740234375000e+02 2.774281024932861328e+00 9.832975387573242188e+00 1.044979095458984375e+00 -5.619823932647705078e-01 5.464397668838500977e-01
4.877363586425781250e+02 1.790685176849365234e+00 8.138859748840332031e+00 -4.089388847351074219e+00 -1.650276184082031250e+00 1.079185962677001953e+00
6.263690795898437500e+02 5.148035883903503418e-01 5.614499568939208984e+00 -3.597002029418945312e+00 7.420849800109863281e-01 1.196059286594390869e-01
2.534851646423339844e+01 6.926741003990173340e-01 5.951346397399902344e+00 -7.181799411773681641e-01 -1.393059492111206055e+00 5.663657784461975098e-01
2.715775146484375000e+02 6.846600174903869629e-01 5.867471218109130859e+00 -2.028166055679321289e+00 1.770329475402832031e+00 1.923136830329895020e+00
4.119226074218750000e+02 8.946058154106140137e-01 6.725277900695800781e+00 -3.046678304672241211e+00 -1.724299192428588867e+00 5.815653204917907715e-01
5.668526000976562500e+02 3.103271007537841797e+00 1.077747631072998047e+01 1.410500335693359375e+01 6.685824394226074219e+00 3.560210466384887695e-01
5.642016601562500000e+02 4.575368165969848633e-01 5.719232082366943359e+00 -2.329976558685302734e+00 1.170091629028320312e+00 1.392561243847012520e-03
3.554473571777343750e+02 2.544501066207885742e+00 1.013003826141357422e+01 5.777144432067871094e+00 1.682088088989257812e+01 2.140876054763793945e+00
4.500682983398437500e+02 3.406502962112426758e+00 1.148310852050781250e+01 1.325756263732910156e+01 1.285704803466796875e+01 8.957817554473876953e-01
1.149126052856445312e+02 1.165132880210876465e+00 7.127188205718994141e+00 -3.950167894363403320e+00 -6.738352775573730469e-01 1.064525246620178223e-01
4.588883361816406250e+02 2.349245071411132812e+00 9.518656730651855469e+00 -6.060963630676269531e+00 -6.486742496490478516e+00 1.721110343933105469e+00
5.429396362304687500e+02 2.045007944107055664e+00 9.092931747436523438e+00 3.745930194854736328e+00 7.156922817230224609e+00 9.236857891082763672e-01
2.187669982910156250e+02 1.073858022689819336e+00 6.812885284423828125e+00 -2.840572595596313477e+00 -1.532112360000610352e+00 1.739450097084045410e+00
5.560785522460937500e+02 5.539363026618957520e-01 6.069339752197265625e+00 -2.800680398941040039e+00 -2.255767583847045898e+00 1.889097094535827637e+00
3.811672668457031250e+02 1.065537810325622559e+00 6.790338039398193359e+00 -1.695795059204101562e+00 -7.935059070587158203e-01 1.487808465957641602e+00
2.760867004394531250e+02 2.303680181503295898e+00 9.514886856079101562e+00 -3.288786411285400391e+00 4.817557334899902344e-01 1.103531241416931152e+00
1.176009902954101562e+02 6.545019745826721191e-01 5.904462814331054688e+00 -1.803972721099853516e+00 2.613053321838378906e+00 5.501230359077453613e-01
1.885819816589355469e+01 1.759535074234008789e-01 4.890229225158691406e+00 -2.026255130767822266e+00 1.281256675720214844e+00 1.812357641756534576e-02
1.195866851806640625e+02 9.576236009597778320e-01 6.460607528686523438e+00 1.881351470947265625e+00 9.675523757934570312e+00 1.762005209922790527e+00
7.537559509277343750e+01 9.643691778182983398e-01 6.666095733642578125e+00 -4.454051017761230469e+00 -1.960535049438476562e+00 5.262284874916076660e-01
5.745107421875000000e+02 2.090159416198730469e+00 8.776506423950195312e+00 -1.612033843994140625e+00 3.122878074645996094e+00 2.173846960067749023e+00
4.681388854980468750e+02 1.737154722213745117e+00 8.408713340759277344e+00 -2.555552721023559570e+00 -7.714867591857910156e-02 1.319681167602539062e+00
3.340322875976562500e+02 6.003467440605163574e-01 6.105315208435058594e+00 -3.376286029815673828e+00 -6.179184913635253906e+00 1.894200086593627930e+00
2.365644683837890625e+02 1.089461684226989746e+00 6.674198627471923828e+00 -6.209790706634521484e+00 -5.722380638122558594e+00 7.959533929824829102e-01
2.096688232421875000e+02 2.052342414855957031e+00 8.832619667053222656e+00 -1.362386131286621094e+01 -4.243182182312011719e+00 3.610239624977111816e-01
7.107211914062500000e+02 2.566672801971435547e+00 9.939773559570312500e+00 7.499101161956787109e+00 9.866897583007812500e+00 1.323672294616699219e+00
3.757312011718750000e+01 1.470763444900512695e+00 7.425956726074218750e+00 -2.533376216888427734e+00 -1.081004142761230469e+00 6.668400764465332031e-01
3.703197326660156250e+02 1.811343193054199219e+00 8.401691436767578125e+00 5.526964664459228516e+00 1.204192638397216797e+00 4.553345963358879089e-02
7.427364501953125000e+02 3.157246589660644531e+00 1.117601871490478516e+01 7.290947437286376953e+00 1.557567119598388672e+00 1.971236020326614380e-01
5.996149902343750000e+02 3.160266876220703125e-01 4.854309558868408203e+00 -1.575504541397094727e+00 -1.782063245773315430e+00 3.469534397125244141e+00
1.720557861328125000e+02 8.171232342720031738e-01 6.069345474243164062e+00 -4.295227527618408203e+00 -7.673037052154541016e-01 1.158903956413269043e+00
3.702220153808593750e+02 3.818151950836181641e-01 5.540346622467041016e+00 -1.871392726898193359e+00 -1.493602991104125977e+00 2.572332859039306641e+00
1.053797149658203125e+02 5.640641450881958008e-01 5.666294574737548828e+00 -5.501925945281982422e-01 3.480768203735351562e-01 4.223901405930519104e-02
3.933474426269531250e+02 1.156060218811035156e+00 6.904950141906738281e+00 -6.353901863098144531e+00 -1.380563974380493164e+00 4.445685446262359619e-01
5.484553833007812500e+02 1.744733572006225586e+00 8.246144294738769531e+00 -8.664762973785400391e-01 2.117884159088134766e+00 1.438179254531860352e+00
3.610364379882812500e+02 2.676108479499816895e-01 5.190102577209472656e+00 -2.967206239700317383e+00 -3.901915550231933594e+00 1.463519096374511719e+00
3.513574123382568359e+00 5.538753271102905273e-01 5.714540481567382812e+00 -1.466920375823974609e+00 -9.674727916717529297e-01 2.115846633911132812e+00
2.850950622558593750e+02 2.153920173645019531e+00 9.028064727783203125e+00 -3.906828165054321289e+00 -3.467489480972290039e+00 1.182431936264038086e+00
6.516619873046875000e+02 2.765382289886474609e+00 1.039809417724609375e+01 9.987931251525878906e+00 9.883310317993164062e+00 9.118079543113708496e-01
4.204496765136718750e+02 4.638353586196899414e-01 5.625460147857666016e+00 -3.112452030181884766e+00 -3.117823600769042969e+00 8.344047665596008301e-01
5.054888305664062500e+02 7.859545350074768066e-01 6.534409046173095703e+00 -1.867221593856811523e+00 -2.245948314666748047e+00 7.111582756042480469e-01
3.473595886230468750e+02 3.379201292991638184e-01 5.385422706604003906e+00 -2.728534936904907227e+00 -2.539840936660766602e+00 3.260531723499298096e-01
2.166566619873046875e+02 1.539326071739196777e+00 7.700247287750244141e+00 -1.180350780487060547e-01 -1.324886083602905273e+00 1.188725382089614868e-01
5.399029541015625000e+02 8.001546859741210938e-01 6.576307296752929688e+00 -2.552816867828369141e+00 5.964803695678710938e-01 8.105831742286682129e-01
4.706760864257812500e+02 2.004041194915771484e+00 8.480197906494140625e+00 6.326062679290771484e+00 2.934894561767578125e+00 1.901020109653472900e-01
5.989961547851562500e+02 1.380369424819946289e+00 7.548151969909667969e+00 -7.248044013977050781e-02 2.277476787567138672e+00 3.071433007717132568e-01
7.289415283203125000e+02 3.929699420928955078e+00 1.296310043334960938e+01 3.415296077728271484e+00 7.138767242431640625e+00 1.675158023834228516e+00
4.432451171875000000e+02 2.110163450241088867e+00 9.072662353515625000e+00 -9.684225082397460938e+00 -7.563111782073974609e+00 1.014280557632446289e+00
5.432279663085937500e+02 2.449910640716552734e-01 5.182308197021484375e+00 -3.408915996551513672e+00 -1.871548891067504883e+00 1.720974326133728027e+00
1.699330329895019531e+01 3.061525344848632812e+00 1.056752967834472656e+01 -1.166616058349609375e+01 -1.116962814331054688e+01 1.409281015396118164e+00
2.465442199707031250e+02 2.775974750518798828e+00 1.026390552520751953e+01 1.042709350585937500e+00 1.015558242797851562e+00 7.327769994735717773e-01
3.153860473632812500e+02 1.948072552680969238e+00 8.560154914855957031e+00 -1.383837461471557617e+00 -5.061352252960205078e-01 6.859241724014282227e-01
5.666441040039062500e+02 1.919387578964233398e-01 5.291825771331787109e+00 -2.076636552810668945e+00 -6.248962879180908203e+00 5.174434661865234375e+00
6.105503463745117188e+01 8.029946088790893555e-01 6.407574653625488281e+00 3.210830688476562500e-01 4.822020530700683594e+00 1.403350830078125000e+00
6.279926757812500000e+02 1.447197198867797852e+00 7.398167610168457031e+00 -1.013591289520263672e+00 -1.708593368530273438e+00 3.386124670505523682e-01
5.087942199707031250e+02 2.019135475158691406e+00 8.425009727478027344e+00 2.132711410522460938e+00 3.054149150848388672e+00 6.076162457466125488e-01
7.144260406494140625e+01 2.862783908843994141e+00 1.057773208618164062e+01 1.116786003112792969e+01 1.361966323852539062e+01 6.634622216224670410e-01
6.336348876953125000e+02 1.176616311073303223e+00 7.084530353546142578e+00 -4.490902423858642578e+00 7.138013839721679688e-01 1.372293233871459961e-01
7.559338378906250000e+01 6.150996088981628418e-01 6.196527957916259766e+00 -2.677836418151855469e+00 1.780724525451660156e-01 7.679548859596252441e-01
2.479356994628906250e+02 1.577748179435729980e+00 7.939010143280029297e+00 -8.538341522216796875e-01 3.057570457458496094e+00 6.609644889831542969e-01
3.811091308593750000e+02 5.040874481201171875e-01 5.621555805206298828e+00 -3.080686330795288086e+00 -1.626331806182861328e+00 1.881277799606323242e+00
1.145310974121093750e+02 1.728344559669494629e-01 5.063754081726074219e+00 -2.282491922378540039e+00 -1.448074579238891602e+00 1.807773113250732422e-01
5.587956542968750000e+02 9.149519801139831543e-01 6.711698055267333984e+00 -2.329585552215576172e+00 -2.784729003906250000e-01 2.072453737258911133e+00
5.049377441406250000e+02 1.089665889739990234e+00 6.854015350341796875e+00 1.051847934722900391e+00 5.860400199890136719e-01 2.081816196441650391e-01
2.014315795898437500e+01 2.685710787773132324e-01 5.162563800811767578e+00 -2.383861541748046875e+00 -1.192790269851684570e+00 1.567896366119384766e+00
6.444331665039062500e+02 4.029400944709777832e-01 5.775896549224853516e+00 -2.726598978042602539e+00 -2.285850048065185547e-01 8.058792948722839355e-01
6.134450683593750000e+02 1.787704706192016602e+00 8.351617813110351562e+00 -2.738462686538696289e+00 -1.475316286087036133e+00 6.462032198905944824e-01
3.212715148925781250e+02 1.063424229621887207e+00 6.956997871398925781e+00 -4.153003692626953125e+00 -6.360793113708496094e-01 8.108372092247009277e-01
5.357223129272460938e+01 1.031792759895324707e+00 6.993811130523681641e+00 -2.211843729019165039e+00 -2.675509452819824219e-01 1.559314012527465820e+00
7.232857666015625000e+02 1.818689584732055664e+00 8.649534225463867188e+00 7.891299724578857422e+00 3.296589851379394531e+00 3.310137987136840820e-01
4.414005126953125000e+02 2.782994508743286133e+00 1.039307212829589844e+01 -1.720249652862548828e-01 2.397117614746093750e+00 2.281344413757324219e+00
1.410646820068359375e+02 4.765493869781494141e-01 5.707377433776855469e+00 -2.879365682601928711e+00 1.318702697753906250e+00 1.692606091499328613e+00
6.051488647460937500e+02 3.997796297073364258e+00 1.270956707000732422e+01 3.580462932586669922e+00 1.300360488891601562e+01 2.294756650924682617e+00
5.120485229492187500e+02 1.441672563552856445e+00 7.970339775085449219e+00 5.074169635772705078e+00 4.281597137451171875e+00 5.144481658935546875e-01
7.049936523437500000e+02 2.108066320419311523e+00 9.115184783935546875e+00 -1.299337387084960938e+01 -1.648352432250976562e+01 1.439017653465270996e+00
5.029658813476562500e+02 7.332274913787841797e-01 6.247326374053955078e+00 -2.187125682830810547e+00 1.257629394531250000e+00 7.413287162780761719e-01
4.735869445800781250e+02 8.504523634910583496e-01 6.305399894714355469e+00 -2.935191392898559570e+00 -7.077655792236328125e+00 4.634666442871093750e+00
7.250640258789062500e+02 2.043753623962402344e+00 8.560464859008789062e+00 -1.339663600921630859e+01 -1.404274559020996094e+01 1.225263595581054688e+00
4.920125427246093750e+02 3.399672508239746094e+00 1.174295330047607422e+01 -8.636784553527832031e+00 -1.117738628387451172e+01 1.668382644653320312e+00
4.645858154296875000e+02 2.160162925720214844e+00 8.950219154357910156e+00 5.273587703704833984e+00 8.158885955810546875e+00 1.073124885559082031e+00
1.441088714599609375e+02 7.852918505668640137e-01 6.292689800262451172e+00 -2.997772693634033203e+00 -2.090108394622802734e-01 2.375708818435668945e+00
2.420806427001953125e+02 1.608260273933410645e-01 4.828618049621582031e+00 -2.469658851623535156e+00 2.470374107360839844e+00 4.853275418281555176e-01
5.329035034179687500e+02 9.388844370841979980e-01 6.439525604248046875e+00 -2.568806409835815430e+00 -1.423898935317993164e+00 5.949891805648803711e-01
6.775018310546875000e+01 2.578806877136230469e-01 5.559191703796386719e+00 -1.641345024108886719e+00 -6.002199649810791016e-01 7.239941358566284180e-01
6.368400573730468750e+01 4.856424331665039062e-01 5.876059055328369141e+00 -2.433094978332519531e+00 -1.637804508209228516e+00 3.281610608100891113e-01
1.381782989501953125e+02 1.922361969947814941e+00 8.798487663269042969e+00 -4.833911895751953125e+00 -8.221638202667236328e-01 1.257429420948028564e-01
3.271052551269531250e+02 2.626056671142578125e+00 9.913369178771972656e+00 -5.584587097167968750e+00 -6.792366504669189453e+00 1.427552103996276855e+00
6.327405548095703125e+01 2.290628433227539062e+00 9.256431579589843750e+00 -4.573649406433105469e+00 -1.661462783813476562e+00 3.159561455249786377e-01
4.723824157714843750e+02 5.313896536827087402e-01 6.041078090667724609e+00 -1.333498954772949219e+00 -2.200335264205932617e+00 1.037179112434387207e+00
3.013676452636718750e+02 2.736728191375732422e-01 5.152747154235839844e+00 -2.613990306854248047e+00 -2.667808532714843750e-01 3.583157360553741455e-01
4.039158325195312500e+02 6.786119937896728516e-01 6.171810626983642578e+00 -1.373732089996337891e+00 -3.878765106201171875e+00 1.352429151535034180e+00
5.841802215576171875e+01 2.539867877960205078e+00 9.867568969726562500e+00 1.121590614318847656e+01 3.873462677001953125e+00 2.117986977100372314e-01
1.829462738037109375e+02 3.259841203689575195e-01 5.419077396392822266e+00 -2.451434135437011719e+00 9.435343742370605469e-01 8.518978953361511230e-01
1.039102554321289062e+02 4.850358963012695312e-01 5.773555755615234375e+00 -3.552955389022827148e+00 -2.615308761596679688e-01 3.763988316059112549e-01
9.061759948730468750e+01 1.131004095077514648e+00 7.126116752624511719e+00 -3.526849746704101562e+00 -1.436591148376464844e+00 1.262340396642684937e-01
3.475331420898437500e+02 1.182715654373168945e+00 7.122032642364501953e+00 -3.773683309555053711e+00 -3.775069713592529297e+00 1.068728685379028320e+00
5.499715805053710938e+01 1.648210883140563965e+00 8.182486534118652344e+00 -7.596695423126220703e-01 1.800048351287841797e+00 1.579424738883972168e+00
3.508917846679687500e+02 1.140723347663879395e+00 7.098356246948242188e+00 -2.371387481689453125e+00 -2.337312698364257812e-01 1.627383232116699219e+00
1.760245208740234375e+02 6.004000306129455566e-01 5.657758712768554688e+00 -2.525529861450195312e+00 -5.247795581817626953e-01 8.900114893913269043e-01
3.595328979492187500e+02 1.460597515106201172e-01 4.802367687225341797e+00 -2.656695842742919922e+00 -7.148146629333496094e-02 1.120430231094360352e-01
7.517111816406250000e+02 4.674867391586303711e-01 5.199674606323242188e+00 -1.199239492416381836e+00 -1.140832901000976562e-03 8.969163894653320312e-01
3.959833984375000000e+02 6.422424912452697754e-01 6.106410980224609375e+00 -3.004720211029052734e+00 -4.137768745422363281e+00 2.745887935161590576e-01
3.083524322509765625e+01 7.057114243507385254e-01 6.320414066314697266e+00 -4.329265594482421875e+00 -1.667340993881225586e+00 6.686251163482666016e-01
7.560856323242187500e+02 6.557483077049255371e-01 6.121188163757324219e+00 -3.745049238204956055e+00 -2.246212959289550781e-01 1.770861297845840454e-01
2.664300537109375000e+02 1.303928971290588379e+00 7.226498603820800781e+00 2.840318679809570312e+00 1.439137458801269531e+00 7.916183471679687500e-01
1.483879241943359375e+02 4.636654853820800781e-01 5.788644313812255859e+00 -2.638114690780639648e+00 1.497740745544433594e+00 7.097747325897216797e-01
1.989499206542968750e+02 4.064927697181701660e-01 5.732254981994628906e+00 -3.276478052139282227e+00 -1.067146062850952148e+00 7.346343398094177246e-01
5.624708251953125000e+02 2.792313098907470703e+00 1.007608604431152344e+01 -1.336463642120361328e+01 -1.015359783172607422e+01 7.296788096427917480e-01
1.482987213134765625e+02 2.021566867828369141e+00 8.682435989379882812e+00 9.587812423706054688e-01 4.443266391754150391e+00 9.380475282669067383e-01
