0.000000000000000000e+00 -2.844351291656494141e+00 4.467314183712005615e-01 0.000000000000000000e+00
7.128906250000000000e+00 -2.508256196975708008e+00 4.675130844116210938e-01 0.000000000000000000e+00
1.403906250000000000e+01 -2.470764875411987305e+00 4.499237835407257080e-01 0.000000000000000000e+00
1.605859375000000000e+01 -2.259244680404663086e+00 6.284409165382385254e-01 0.000000000000000000e+00
2.101171875000000000e+01 1.422130942344665527e+00 9.553358554840087891e-01 0.000000000000000000e+00
2.704296875000000000e+01 -4.235026836395263672e+00 5.719419717788696289e-01 0.000000000000000000e+00
3.203906250000000000e+01 -2.601225137710571289e+00 5.318710803985595703e-01 0.000000000000000000e+00
4.202734375000000000e+01 -3.431724548339843750e+00 4.745927155017852783e-01 0.000000000000000000e+00
5.796875000000000000e+01 -2.542389631271362305e+00 8.417080044746398926e-01 0.000000000000000000e+00
6.095703125000000000e+01 -1.494760394096374512e+00 6.196629405021667480e-01 0.000000000000000000e+00
6.395703125000000000e+01 -2.045828580856323242e+00 4.952300786972045898e-01 0.000000000000000000e+00
2.721289062500000000e+02 3.456379413604736328e+00 3.978841006755828857e-01 0.000000000000000000e+00
2.791679687500000000e+02 2.073618650436401367e+00 1.710115373134613037e-01 0.000000000000000000e+00
2.831250000000000000e+02 3.207106113433837891e+00 3.306052386760711670e-01 0.000000000000000000e+00
2.991289062500000000e+02 3.714799165725708008e+00 1.232893019914627075e-01 0.000000000000000000e+00
3.030703125000000000e+02 4.258245468139648438e+00 2.089770138263702393e-01 0.000000000000000000e+00
3.110507812500000000e+02 3.719698905944824219e+00 2.092902213335037231e-01 0.000000000000000000e+00
3.150390625000000000e+02 6.058786392211914062e+00 1.230339407920837402e+00 0.000000000000000000e+00
3.280546875000000000e+02 3.254506587982177734e+00 5.794182419776916504e-01 0.000000000000000000e+00
3.379765625000000000e+02 2.817581892013549805e+00 2.105194926261901855e-01 0.000000000000000000e+00
3.449687500000000000e+02 2.415774583816528320e+00 5.266354084014892578e-01 0.000000000000000000e+00
3.519609375000000000e+02 1.914633035659790039e+00 7.096378803253173828e-01 0.000000000000000000e+00
3.610976562500000000e+02 2.464211940765380859e+00 6.108818948268890381e-02 0.000000000000000000e+00
3.649257812500000000e+02 5.214261531829833984e+00 5.127539038658142090e-01 0.000000000000000000e+00
3.719296875000000000e+02 2.905658483505249023e+00 3.145060539245605469e-01 0.000000000000000000e+00
3.810234375000000000e+02 3.424782037734985352e+00 3.838649690151214600e-01 0.000000000000000000e+00
3.850195312500000000e+02 3.405699014663696289e+00 2.258110046386718750e-01 0.000000000000000000e+00
3.890351562500000000e+02 5.420949459075927734e+00 2.119092196226119995e-01 0.000000000000000000e+00
3.959492187500000000e+02 2.826335668563842773e+00 1.063565239310264587e-01 0.000000000000000000e+00
4.049296875000000000e+02 4.222515583038330078e+00 5.481803417205810547e-01 0.000000000000000000e+00
4.119453125000000000e+02 1.578832149505615234e+00 2.526077628135681152e-01 0.000000000000000000e+00
4.189257812500000000e+02 2.552657604217529297e+00 2.099044620990753174e-01 0.000000000000000000e+00
4.259531250000000000e+02 6.144956350326538086e-01 3.510380908846855164e-02 0.000000000000000000e+00
4.329218750000000000e+02 1.477005362510681152e+00 4.532541930675506592e-01 0.000000000000000000e+00
6.262734375000000000e+02 4.554931163787841797e+00 1.385298967361450195e-01 0.000000000000000000e+00
6.392851562500000000e+02 -1.605582684278488159e-01 1.006022002547979355e-02 0.000000000000000000e+00
6.592148437500000000e+02 9.313509464263916016e-01 2.018081396818161011e-01 0.000000000000000000e+00
6.601953125000000000e+02 -3.122573196887969971e-01 4.076398015022277832e-01 0.000000000000000000e+00
6.631796875000000000e+02 -2.347208708524703979e-01 1.699518561363220215e-01 0.000000000000000000e+00
6.681562500000000000e+02 -5.605452060699462891e-01 2.169472575187683105e-01 0.000000000000000000e+00
6.692070312500000000e+02 -1.150352239608764648e+00 4.586700797080993652e-01 0.000000000000000000e+00
6.920273437500000000e+02 -1.610444188117980957e-01 2.809784114360809326e-01 0.000000000000000000e+00
6.961445312500000000e+02 1.592204451560974121e+00 2.363982051610946655e-01 0.000000000000000000e+00
6.991132812500000000e+02 4.052805304527282715e-01 6.081337928771972656e-01 0.000000000000000000e+00
7.090156250000000000e+02 8.711873888969421387e-01 1.663999557495117188e-01 0.000000000000000000e+00
7.160781250000000000e+02 3.187735974788665771e-01 1.005501821637153625e-01 0.000000000000000000e+00
7.230820312500000000e+02 1.875195652246475220e-01 1.150720715522766113e-01 0.000000000000000000e+00
7.260820312500000000e+02 3.814646303653717041e-01 4.914045035839080811e-01 0.000000000000000000e+00
7.370468750000000000e+02 -8.891913294792175293e-01 3.359568715095520020e-01 0.000000000000000000e+00
7.410859375000000000e+02 1.163055300712585449e+00 2.269535958766937256e-01 0.000000000000000000e+00
7.479531250000000000e+02 7.107169628143310547e-01 1.874549388885498047e-01 0.000000000000000000e+00
7.539414062500000000e+02 2.698944568634033203e+00 3.687560558319091797e-01 0.000000000000000000e+00
7.549414062500000000e+02 1.235393404960632324e+00 4.760543704032897949e-01 0.000000000000000000e+00
7.620390625000000000e+02 4.466687202453613281e+00 1.181542873382568359e+00 0.000000000000000000e+00
7.689882812500000000e+02 -2.073759138584136963e-01 6.995127350091934204e-02 0.000000000000000000e+00
7.760000000000000000e+02 2.192897349596023560e-01 6.930205225944519043e-02 0.000000000000000000e+00
7.809921875000000000e+02 1.421269893646240234e+00 1.592969298362731934e-01 0.000000000000000000e+00
7.879804687500000000e+02 -4.495414495468139648e-01 5.719788074493408203e-01 0.000000000000000000e+00
9.892890625000000000e+02 2.272170543670654297e+00 4.404227435588836670e-01 0.000000000000000000e+00
9.942460937500000000e+02 1.922727823257446289e+00 3.825658857822418213e-01 0.000000000000000000e+00
1.012269531250000000e+03 1.603236794471740723e+00 5.193969607353210449e-01 0.000000000000000000e+00
1.019148437500000000e+03 3.946377635002136230e-01 4.742697477340698242e-01 0.000000000000000000e+00
1.023222656250000000e+03 1.646967649459838867e+00 4.109502136707305908e-01 0.000000000000000000e+00
1.035089843750000000e+03 7.082217335700988770e-01 1.099805116653442383e+00 0.000000000000000000e+00
1.039066406250000000e+03 1.745142340660095215e+00 6.800003051757812500e-01 0.000000000000000000e+00
1.040140625000000000e+03 3.154583454132080078e+00 3.031896054744720459e-01 0.000000000000000000e+00
1.048023437500000000e+03 1.404851794242858887e+00 6.535059213638305664e-01 0.000000000000000000e+00
1.054062500000000000e+03 2.786769390106201172e+00 1.156207919120788574e+00 0.000000000000000000e+00
1.063007812500000000e+03 1.381967306137084961e+00 4.824522435665130615e-01 0.000000000000000000e+00
1.067050781250000000e+03 1.080317616462707520e+00 4.065011441707611084e-01 0.000000000000000000e+00
1.075050781250000000e+03 1.480247378349304199e+00 5.092438459396362305e-01 0.000000000000000000e+00
1.081128906250000000e+03 1.486989259719848633e+00 3.817437291145324707e-01 0.000000000000000000e+00
1.091109375000000000e+03 3.178071379661560059e-01 7.045873403549194336e-01 0.000000000000000000e+00
1.101007812500000000e+03 9.926714003086090088e-02 3.429931700229644775e-01 0.000000000000000000e+00
1.108000000000000000e+03 -6.591255664825439453e-01 3.632142543792724609e-01 0.000000000000000000e+00
1.120964843750000000e+03 -1.345064640045166016e+00 3.145905733108520508e-01 0.000000000000000000e+00
1.129929687500000000e+03 -1.399222970008850098e+00 4.764067530632019043e-01 0.000000000000000000e+00
1.136945312500000000e+03 -2.017709016799926758e+00 3.612772226333618164e-01 0.000000000000000000e+00
1.351222656250000000e+03 -3.605751752853393555e+00 6.268429756164550781e-01 0.000000000000000000e+00
1.362175781250000000e+03 -1.622343420982360840e+00 4.451483190059661865e-01 0.000000000000000000e+00
1.369164062500000000e+03 -7.819582223892211914e-01 4.287773072719573975e-01 0.000000000000000000e+00
1.373171875000000000e+03 -1.276643633842468262e+00 4.333676695823669434e-01 0.000000000000000000e+00
1.379156250000000000e+03 4.065017998218536377e-01 1.026429891586303711e+00 0.000000000000000000e+00
1.389164062500000000e+03 -3.542602360248565674e-01 5.639210939407348633e-01 0.000000000000000000e+00
1.396089843750000000e+03 -1.885658264160156250e+00 3.970653116703033447e-01 0.000000000000000000e+00
1.402062500000000000e+03 -2.485752105712890625e+00 4.211634695529937744e-01 0.000000000000000000e+00
1.407058593750000000e+03 -2.969474077224731445e+00 4.754141271114349365e-01 0.000000000000000000e+00
1.422035156250000000e+03 2.942255139350891113e-01 7.208612561225891113e-01 0.000000000000000000e+00
1.423195312500000000e+03 -1.202661156654357910e+00 2.955825924873352051e-01 0.000000000000000000e+00
1.424000000000000000e+03 -1.352424383163452148e+00 4.497059583663940430e-01 0.000000000000000000e+00
1.430992187500000000e+03 -1.413807749748229980e+00 5.119308233261108398e-01 0.000000000000000000e+00
1.437992187500000000e+03 -1.300241351127624512e+00 7.651123404502868652e-01 0.000000000000000000e+00
1.445937500000000000e+03 -2.167082548141479492e+00 3.985731899738311768e-01 0.000000000000000000e+00
1.450996093750000000e+03 1.559517621994018555e+00 4.366366267204284668e-01 0.000000000000000000e+00
1.451929687500000000e+03 1.905246615409851074e+00 1.566151618957519531e+00 0.000000000000000000e+00
1.452929687500000000e+03 -1.975206613540649414e+00 3.950317502021789551e-01 0.000000000000000000e+00
1.456972656250000000e+03 -1.663886547088623047e+00 3.519713580608367920e-01 0.000000000000000000e+00
1.461031250000000000e+03 -1.367635846138000488e+00 3.267883360385894775e-01 0.000000000000000000e+00
1.474972656250000000e+03 -2.812068700790405273e+00 3.163042068481445312e-01 0.000000000000000000e+00
1.481945312500000000e+03 -3.528613567352294922e+00 2.340294271707534790e-01 0.000000000000000000e+00
1.491988281250000000e+03 -1.940519571304321289e+00 3.882544040679931641e-01 0.000000000000000000e+00
1.505949218750000000e+03 -2.692174911499023438e+00 2.591062784194946289e-01 0.000000000000000000e+00
1.513949218750000000e+03 -1.842602491378784180e+00 3.711713552474975586e-01 0.000000000000000000e+00
1.517953125000000000e+03 -1.645561814308166504e+00 3.331563472747802734e-01 0.000000000000000000e+00
1.722207031250000000e+03 -2.177892208099365234e+00 3.856886327266693115e-01 0.000000000000000000e+00
1.727183593750000000e+03 -3.007246732711791992e+00 3.705811798572540283e-01 0.000000000000000000e+00
1.732257812500000000e+03 -3.481176614761352539e+00 8.076187372207641602e-01 0.000000000000000000e+00
1.735203125000000000e+03 -2.072832345962524414e+00 8.395980596542358398e-01 0.000000000000000000e+00
1.746125000000000000e+03 -3.324387550354003906e+00 3.919593095779418945e-01 0.000000000000000000e+00
1.751132812500000000e+03 -2.882882356643676758e+00 3.681041300296783447e-01 0.000000000000000000e+00
1.757195312500000000e+03 -2.467035055160522461e+00 1.971907317638397217e-01 0.000000000000000000e+00
1.764078125000000000e+03 -1.845140218734741211e+00 1.189383149147033691e+00 0.000000000000000000e+00
1.772152343750000000e+03 -1.986360430717468262e+00 6.897272467613220215e-01 0.000000000000000000e+00
1.776156250000000000e+03 -3.168213367462158203e+00 2.846808433532714844e-01 0.000000000000000000e+00
1.781144531250000000e+03 -3.324787139892578125e+00 2.763025462627410889e-01 0.000000000000000000e+00
1.788156250000000000e+03 -3.821792125701904297e+00 2.357389032840728760e-01 0.000000000000000000e+00
1.791175781250000000e+03 -4.156676292419433594e+00 2.725405097007751465e-01 0.000000000000000000e+00
1.793089843750000000e+03 -3.355482578277587891e+00 5.668126940727233887e-01 0.000000000000000000e+00
1.807078125000000000e+03 -4.556740760803222656e+00 1.786640584468841553e-01 0.000000000000000000e+00
1.812132812500000000e+03 -3.529818773269653320e+00 2.318158894777297974e-01 0.000000000000000000e+00
1.818074218750000000e+03 -4.048239707946777344e+00 2.609705626964569092e-01 0.000000000000000000e+00
1.829980468750000000e+03 -4.060017108917236328e+00 2.692010700702667236e-01 0.000000000000000000e+00
1.832007812500000000e+03 -4.242746829986572266e+00 3.649316132068634033e-01 0.000000000000000000e+00
1.836000000000000000e+03 -3.762040138244628906e+00 2.840813100337982178e-01 0.000000000000000000e+00
1.844039062500000000e+03 -4.102962970733642578e+00 2.330699115991592407e-01 0.000000000000000000e+00
1.848964843750000000e+03 -4.304124355316162109e+00 3.467470109462738037e-01 0.000000000000000000e+00
1.858929687500000000e+03 -3.881797552108764648e+00 3.023596704006195068e-01 0.000000000000000000e+00
1.865929687500000000e+03 -1.759870648384094238e+00 5.924789309501647949e-01 0.000000000000000000e+00
1.872925781250000000e+03 -2.107156276702880859e+00 4.097123444080352783e-01 0.000000000000000000e+00
2.108175781250000000e+03 4.800054430961608887e-01 4.238950312137603760e-01 0.000000000000000000e+00
2.137238281250000000e+03 -2.500524520874023438e-01 1.054196119308471680e+00 0.000000000000000000e+00
2.145121093750000000e+03 7.392627000808715820e-01 5.794735550880432129e-01 0.000000000000000000e+00
2.167062500000000000e+03 6.687608957290649414e-01 4.632225930690765381e-01 0.000000000000000000e+00
2.189000000000000000e+03 -5.040321946144104004e-01 1.995587646961212158e-01 0.000000000000000000e+00
3.335117187500000000e+02 2.516027688980102539e-01 5.271490812301635742e-01 1.000000000000000000e+00
3.635039062500000000e+02 -8.098293542861938477e-01 6.844769120216369629e-01 1.000000000000000000e+00
6.576132812500000000e+02 -1.092705845832824707e+00 1.296058535575866699e+00 1.000000000000000000e+00
7.184296875000000000e+02 -7.325589656829833984e-01 4.264193773269653320e-01 1.000000000000000000e+00
9.816445312500000000e+02 1.273355782032012939e-01 4.699654877185821533e-01 1.000000000000000000e+00
1.020550781250000000e+03 2.340105295181274414e+00 7.034078240394592285e-01 1.000000000000000000e+00
1.021562500000000000e+03 2.392666488885879517e-01 4.426618218421936035e-01 1.000000000000000000e+00
1.044597656250000000e+03 2.687497138977050781e-01 5.761844515800476074e-01 1.000000000000000000e+00
1.095339843750000000e+03 7.990915179252624512e-01 4.160093665122985840e-01 1.000000000000000000e+00
1.394632812500000000e+03 -5.391919016838073730e-01 6.490355730056762695e-01 1.000000000000000000e+00
1.402613281250000000e+03 2.778606116771697998e-01 2.502521276473999023e-01 1.000000000000000000e+00
1.429421875000000000e+03 -1.654938220977783203e+00 2.940798401832580566e-01 1.000000000000000000e+00
1.454449218750000000e+03 7.897002100944519043e-01 4.148685634136199951e-01 1.000000000000000000e+00
1.456437500000000000e+03 2.762968540191650391e-01 3.692108392715454102e-01 1.000000000000000000e+00
1.484414062500000000e+03 -9.685240387916564941e-01 3.686403334140777588e-01 1.000000000000000000e+00
1.723566406250000000e+03 1.077302575111389160e+00 9.690247774124145508e-01 1.000000000000000000e+00
1.780507812500000000e+03 1.113751888275146484e+00 3.440899550914764404e-01 1.000000000000000000e+00
1.784531250000000000e+03 1.766819596290588379e+00 6.365528106689453125e-01 1.000000000000000000e+00
1.813375000000000000e+03 -1.175055623054504395e+00 7.631157040596008301e-01 1.000000000000000000e+00
1.847351562500000000e+03 2.156273424625396729e-01 4.502616226673126221e-01 1.000000000000000000e+00
2.133523437500000000e+03 -7.850298881530761719e-01 2.880518138408660889e-01 1.000000000000000000e+00
2.166507812500000000e+03 4.252963066101074219e+00 9.638447165489196777e-01 1.000000000000000000e+00
2.167500000000000000e+03 1.117272496223449707e+00 1.077507615089416504e+00 1.000000000000000000e+00
3.335117187500000000e+02 -2.033169865608215332e-01 1.222971677780151367e+00 2.000000000000000000e+00
6.563945312500000000e+02 3.306515216827392578e+00 1.734775304794311523e+00 2.000000000000000000e+00
7.184296875000000000e+02 1.386061549186706543e+00 9.837210178375244141e-01 2.000000000000000000e+00
9.816445312500000000e+02 5.138555765151977539e-01 8.988068103790283203e-01 2.000000000000000000e+00
1.021058593750000000e+03 -3.974475562572479248e-01 2.756309270858764648e+00 2.000000000000000000e+00
1.044597656250000000e+03 -4.844529330730438232e-01 1.827176809310913086e+00 2.000000000000000000e+00
1.095339843750000000e+03 4.819273948669433594e-01 1.070222258567810059e+00 2.000000000000000000e+00
1.400617187500000000e+03 -2.755552530288696289e-01 4.309879541397094727e-01 2.000000000000000000e+00
1.429421875000000000e+03 -1.259751677513122559e+00 5.039172768592834473e-01 2.000000000000000000e+00
1.455441406250000000e+03 -7.600687742233276367e-01 2.699812889099121094e+00 2.000000000000000000e+00
1.484414062500000000e+03 -8.599801063537597656e-01 2.414584159851074219e+00 2.000000000000000000e+00
1.723566406250000000e+03 1.100750803947448730e+00 1.542810559272766113e+00 2.000000000000000000e+00
1.782117187500000000e+03 -9.808076024055480957e-01 1.080725312232971191e+00 2.000000000000000000e+00
1.847351562500000000e+03 7.069190591573715210e-02 1.430865883827209473e+00 2.000000000000000000e+00
2.133523437500000000e+03 1.260576963424682617e+00 5.855498909950256348e-01 2.000000000000000000e+00
2.167003906250000000e+03 4.184928834438323975e-01 1.969056844711303711e+00 2.000000000000000000e+00
