1.411731567382812500e+02 7.623767852783203125e-01 3.506802082061767578e+00 -1.825408935546875000e-01 3.970718383789062500e-01 7.243453264236450195e-01
5.562965698242187500e+02 6.767017841339111328e-01 3.636596202850341797e+00 -3.162879943847656250e-01 1.354694366455078125e-01 5.906977653503417969e-01
1.683266906738281250e+02 8.261060714721679688e-01 3.919379234313964844e+00 3.619766235351562500e-02 1.009601593017578125e+00 8.785197734832763672e-01
5.497864990234375000e+02 1.023721218109130859e+00 4.628025054931640625e+00 -1.227725982666015625e+00 -2.970388412475585938e+00 1.068814039230346680e+00
5.446911621093750000e+02 7.148666381835937500e-01 3.495962858200073242e+00 1.121353149414062500e+00 1.969490051269531250e-01 7.350366711616516113e-01
5.290540161132812500e+02 7.977280616760253906e-01 3.651664733886718750e+00 3.095817565917968750e-01 3.502731323242187500e-01 5.636180639266967773e-01
5.644550170898437500e+02 8.780877590179443359e-01 3.850347995758056641e+00 7.195739746093750000e-01 -4.500560760498046875e-01 5.765329003334045410e-01
1.550769195556640625e+02 9.991199970245361328e-01 4.421535015106201172e+00 1.263393402099609375e+00 3.369445800781250000e-01 4.915825128555297852e-01
1.956141052246093750e+02 1.310073375701904297e+00 5.253965854644775391e+00 -3.603435516357421875e+00 -2.615043640136718750e+00 7.353013753890991211e-01
5.219912719726562500e+02 9.293777942657470703e-01 3.801077127456665039e+00 -1.148740768432617188e+00 -1.352901458740234375e-01 4.561133980751037598e-01
5.265671997070312500e+02 8.864626884460449219e-01 4.102636337280273438e+00 6.761932373046875000e-02 -5.679683685302734375e-01 5.541725754737854004e-01
5.565844726562500000e+02 7.811355590820312500e-01 3.923331022262573242e+00 -1.171859741210937500e+00 -7.375373840332031250e-01 7.687597274780273438e-01
5.168312377929687500e+02 1.089433670043945312e+00 4.337545394897460938e+00 7.979755401611328125e-01 1.693229675292968750e-01 3.176096379756927490e-01
6.260397338867187500e+02 1.320116043090820312e+00 4.834097862243652344e+00 1.950199127197265625e+00 6.994132995605468750e-01 3.739659488201141357e-01
2.014853973388671875e+02 9.787943363189697266e-01 4.184821128845214844e+00 1.963806152343750000e-01 1.790409088134765625e-01 4.324766397476196289e-01
5.276612548828125000e+02 8.595418930053710938e-01 3.806122779846191406e+00 -6.921138763427734375e-01 1.279468536376953125e-01 5.789569020271301270e-01
5.573838500976562500e+02 7.043993473052978516e-01 3.873048305511474609e+00 9.052085876464843750e-02 8.609962463378906250e-02 7.114017009735107422e-01
1.387080535888671875e+02 7.754471302032470703e-01 3.761922359466552734e+00 -8.504676818847656250e-02 6.226367950439453125e-01 4.916581511497497559e-01
5.416608276367187500e+02 1.167418479919433594e+00 4.662806034088134766e+00 4.991149902343750000e-01 7.176628112792968750e-01 6.739666461944580078e-01
5.551256713867187500e+02 6.301960945129394531e-01 3.626172304153442383e+00 1.795082092285156250e-01 1.605567932128906250e-01 6.167491674423217773e-01
5.480932617187500000e+02 1.187393665313720703e+00 4.597436904907226562e+00 -1.490127563476562500e+00 8.106231689453125000e-04 3.276216983795166016e-01
1.922594604492187500e+02 8.483824729919433594e-01 3.740947723388671875e+00 -3.444538116455078125e-01 6.648483276367187500e-01 4.775437712669372559e-01
1.583696289062500000e+02 8.500931262969970703e-01 3.864350557327270508e+00 8.682250976562500000e-02 3.731994628906250000e-01 5.795503258705139160e-01
1.630615997314453125e+02 6.816799640655517578e-01 3.421693086624145508e+00 -6.306056976318359375e-01 4.008789062500000000e-01 5.146323442459106445e-01
1.734314270019531250e+02 6.412279605865478516e-01 3.175066947937011719e+00 -6.285533905029296875e-01 6.364536285400390625e-01 7.371392250061035156e-01
6.247440185546875000e+02 9.197084903717041016e-01 3.912226676940917969e+00 4.084587097167968750e-02 8.499336242675781250e-02 3.734806776046752930e-01
6.260369873046875000e+02 7.813324928283691406e-01 3.725664377212524414e+00 -1.106929779052734375e-01 -5.583763122558593750e-02 4.509894847869873047e-01
1.709307250976562500e+02 8.016645908355712891e-01 3.823220252990722656e+00 -1.823158264160156250e-01 2.461891174316406250e-01 7.808014750480651855e-01
1.978339080810546875e+02 6.730442047119140625e-01 3.629664182662963867e+00 5.965003967285156250e-01 1.746940612792968750e-02 6.707384586334228516e-01
1.954154357910156250e+02 9.354660511016845703e-01 4.056131839752197266e+00 -1.705245971679687500e-01 -2.738819122314453125e-01 3.407063484191894531e-01
5.563593139648437500e+02 9.220137596130371094e-01 3.906366348266601562e+00 -1.447620391845703125e-01 8.957862854003906250e-02 3.919292688369750977e-01
1.762635650634765625e+02 8.322973251342773438e-01 3.717207908630371094e+00 -5.110931396484375000e-02 -1.582126617431640625e-01 4.282387495040893555e-01
1.702651214599609375e+02 7.586448192596435547e-01 3.802370309829711914e+00 -4.688854217529296875e-01 7.342491149902343750e-01 6.507732868194580078e-01
1.524240570068359375e+02 9.040207862854003906e-01 3.854748725891113281e+00 1.025991439819335938e+00 3.289985656738281250e-02 3.716092705726623535e-01
1.617072448730468750e+02 8.263602256774902344e-01 3.623145341873168945e+00 7.817001342773437500e-01 4.816322326660156250e-01 5.820840001106262207e-01
5.261830444335937500e+02 7.273142337799072266e-01 3.750017166137695312e+00 -7.978019714355468750e-01 4.264373779296875000e-01 6.441589593887329102e-01
5.417141113281250000e+02 9.977898597717285156e-01 4.229023933410644531e+00 -2.656478881835937500e-01 4.847984313964843750e-01 5.140027999877929688e-01
5.417343750000000000e+02 7.622187137603759766e-01 3.435495853424072266e+00 -6.803607940673828125e-01 -7.798385620117187500e-02 5.562105178833007812e-01
5.309207153320312500e+02 7.789025306701660156e-01 3.733436584472656250e+00 -1.256288528442382812e+00 2.656211853027343750e-01 2.855592072010040283e-01
1.855934753417968750e+02 7.046897411346435547e-01 3.588624000549316406e+00 -7.577514648437500000e-02 -5.122413635253906250e-01 7.596251368522644043e-01
1.958448638916015625e+02 9.551181793212890625e-01 4.042315006256103516e+00 2.310028076171875000e-01 5.152797698974609375e-01 5.021410584449768066e-01
5.612770385742187500e+02 7.092609405517578125e-01 3.551214456558227539e+00 4.482078552246093750e-02 1.853446960449218750e-01 4.878353774547576904e-01
1.703263549804687500e+02 7.157661914825439453e-01 3.683489799499511719e+00 -8.786239624023437500e-01 -2.366905212402343750e-01 6.986662149429321289e-01
2.014806060791015625e+02 7.705955505371093750e-01 4.022232055664062500e+00 2.274703979492187500e-01 3.021278381347656250e-01 7.268568873405456543e-01
5.345556640625000000e+02 6.954367160797119141e-01 3.494746685028076172e+00 1.422023773193359375e-01 6.546955108642578125e-01 4.320759773254394531e-01
1.902041015625000000e+02 8.602652549743652344e-01 3.835438966751098633e+00 4.800033569335937500e-02 1.757259368896484375e-01 6.282430887222290039e-01
1.543290710449218750e+02 8.619389533996582031e-01 4.156134128570556641e+00 -2.676162719726562500e-01 7.411079406738281250e-01 7.283126711845397949e-01
5.742681274414062500e+02 8.485662937164306641e-01 3.827893257141113281e+00 1.136083602905273438e+00 -1.173782348632812500e-02 3.725520372390747070e-01
1.949372558593750000e+02 7.674226760864257812e-01 3.731793880462646484e+00 -4.675159454345703125e-01 4.177570343017578125e-01 4.758105874061584473e-01
5.433323974609375000e+02 1.035331726074218750e+00 4.112225532531738281e+00 3.130550384521484375e-01 -2.688217163085937500e-01 4.443606436252593994e-01
6.215694580078125000e+02 7.084617614746093750e-01 3.482744216918945312e+00 -2.012748718261718750e-01 -2.153339385986328125e-01 4.163956940174102783e-01
2.176383514404296875e+02 1.034288644790649414e+00 4.161387443542480469e+00 -4.203529357910156250e-01 -1.112937927246093750e-01 4.189275503158569336e-01
1.701737823486328125e+02 9.888525009155273438e-01 4.297727108001708984e+00 -5.152492523193359375e-01 3.609828948974609375e-01 6.426417827606201172e-01
1.996182708740234375e+02 8.771042823791503906e-01 4.060027122497558594e+00 2.242622375488281250e-01 6.677036285400390625e-01 5.808946490287780762e-01
1.701214599609375000e+02 1.075390338897705078e+00 4.257194995880126953e+00 -4.780941009521484375e-01 -1.119480133056640625e-01 6.275125741958618164e-01
5.444782714843750000e+02 1.016391515731811523e+00 4.163026809692382812e+00 -8.844795227050781250e-01 -3.612670898437500000e-01 5.543684363365173340e-01
1.430254211425781250e+02 1.206035137176513672e+00 4.448740005493164062e+00 -2.091382980346679688e+00 -3.776512145996093750e-01 2.638243734836578369e-01
2.463612518310546875e+02 8.499464988708496094e-01 3.862875938415527344e+00 2.313156127929687500e-01 4.150753021240234375e-01 4.163804054260253906e-01
1.461504516601562500e+02 7.211878299713134766e-01 3.966481924057006836e+00 -8.808155059814453125e-01 -1.165599822998046875e-01 5.774359107017517090e-01
5.593281860351562500e+02 8.233320713043212891e-01 3.931632041931152344e+00 2.845554351806640625e-01 6.912231445312500000e-03 4.675836861133575439e-01
5.621034545898437500e+02 9.309353828430175781e-01 4.280869483947753906e+00 -6.171760559082031250e-01 9.659194946289062500e-02 3.349223732948303223e-01
5.371832885742187500e+02 7.308111190795898438e-01 3.741766214370727539e+00 -4.334030151367187500e-01 -8.255958557128906250e-02 4.229087829589843750e-01
5.577456054687500000e+02 6.979887485504150391e-01 3.673973798751831055e+00 -5.476951599121093750e-02 5.288696289062500000e-02 7.698138952255249023e-01
5.310103149414062500e+02 8.430433273315429688e-01 4.093974113464355469e+00 -2.000827789306640625e-01 -4.888114929199218750e-01 5.882030129432678223e-01
6.284184570312500000e+02 9.171750545501708984e-01 3.831466436386108398e+00 5.925273895263671875e-01 -2.922668457031250000e-01 3.514465391635894775e-01
5.220736694335937500e+02 8.327822685241699219e-01 3.850957870483398438e+00 -2.350940704345703125e-01 -5.808448791503906250e-02 4.787644445896148682e-01
1.571773223876953125e+02 5.957436561584472656e-01 3.574155807495117188e+00 -1.281087875366210938e+00 3.451881408691406250e-01 6.668872833251953125e-01
6.243673706054687500e+02 1.124578475952148438e+00 4.296880245208740234e+00 3.455924987792968750e-02 -5.445594787597656250e-01 4.343306422233581543e-01
5.474401245117187500e+02 9.305534362792968750e-01 3.894195079803466797e+00 -3.712100982666015625e-01 -1.546669006347656250e-02 4.336816668510437012e-01
1.372099914550781250e+02 8.003141880035400391e-01 4.082493782043457031e+00 2.463569641113281250e-01 -1.733531951904296875e-01 7.676268815994262695e-01
5.178454589843750000e+02 9.914922714233398438e-01 4.149139881134033203e+00 5.034904479980468750e-01 5.042800903320312500e-01 5.339049100875854492e-01
5.239423828125000000e+02 5.784296989440917969e-01 3.844841241836547852e+00 4.444007873535156250e-01 5.421924591064453125e-01 1.072891592979431152e+00
1.723629455566406250e+02 5.399410724639892578e-01 3.530651092529296875e+00 -3.501472473144531250e-01 -2.978897094726562500e-02 8.135926723480224609e-01
5.280244140625000000e+02 9.296841621398925781e-01 4.182831287384033203e+00 -8.970718383789062500e-01 1.872329711914062500e-01 7.360775470733642578e-01
5.701496582031250000e+02 9.765143394470214844e-01 4.166498184204101562e+00 -4.311809539794921875e-01 -4.092750549316406250e-01 6.320602893829345703e-01
1.900553283691406250e+02 1.040926933288574219e+00 4.603590011596679688e+00 -1.235538482666015625e+00 -3.036384582519531250e-01 5.906702280044555664e-01
5.804915771484375000e+02 7.763350009918212891e-01 3.668387413024902344e+00 7.384300231933593750e-02 -5.320663452148437500e-01 5.835099816322326660e-01
1.750523986816406250e+02 1.164904594421386719e+00 4.805575370788574219e+00 3.022689819335937500e-01 2.477378845214843750e-01 6.033940911293029785e-01
5.464073486328125000e+02 7.492420673370361328e-01 3.627437114715576172e+00 -4.534797668457031250e-01 -8.966102600097656250e-01 7.163185477256774902e-01
5.333784790039062500e+02 1.000314235687255859e+00 4.156312465667724609e+00 4.930648803710937500e-01 1.037769317626953125e-01 4.529833793640136719e-01
5.497156372070312500e+02 8.910665512084960938e-01 4.217559814453125000e+00 -6.248683929443359375e-01 -2.780952453613281250e-01 5.542877316474914551e-01
6.010183715820312500e+02 8.701038360595703125e-01 3.766119956970214844e+00 3.551864624023437500e-02 9.543228149414062500e-02 3.735189139842987061e-01
5.231524047851562500e+02 9.735376834869384766e-01 3.949963808059692383e+00 -4.696807861328125000e-01 1.597671508789062500e-01 3.710383772850036621e-01
5.370636596679687500e+02 6.979856491088867188e-01 3.565750122070312500e+00 -2.599048614501953125e-01 1.867198944091796875e-01 5.643340349197387695e-01
5.670607299804687500e+02 1.034180164337158203e+00 4.001561164855957031e+00 5.992527008056640625e-01 -9.834671020507812500e-02 6.216126084327697754e-01
5.554917602539062500e+02 6.737651824951171875e-01 3.818211078643798828e+00 -9.613609313964843750e-02 -2.253570556640625000e-01 8.265531063079833984e-01
1.945678558349609375e+02 1.134186744689941406e+00 4.625677585601806641e+00 -1.869773864746093750e-01 -4.341468811035156250e-01 4.131672978401184082e-01
5.219912719726562500e+02 9.293777942657470703e-01 3.801077127456665039e+00 -1.148740768432617188e+00 -1.352901458740234375e-01 4.561133980751037598e-01
1.745350494384765625e+02 6.203024387359619141e-01 3.494906902313232422e+00 -2.513484954833984375e-01 2.869186401367187500e-01 4.859705269336700439e-01
1.790231781005859375e+02 8.247327804565429688e-01 3.942636013031005859e+00 -1.204429626464843750e+00 5.307998657226562500e-01 5.911946892738342285e-01
5.520863647460937500e+02 1.090002059936523438e+00 4.475517749786376953e+00 -2.418422698974609375e-01 -2.376976013183593750e-01 5.417926311492919922e-01
2.086998748779296875e+02 9.534633159637451172e-01 4.204957008361816406e+00 -2.324676513671875000e-02 3.738479614257812500e-01 6.380939483642578125e-01
5.659894409179687500e+02 7.431764602661132812e-01 3.927658319473266602e+00 2.763710021972656250e-01 3.230571746826171875e-01 5.642231702804565430e-01
5.338132324218750000e+02 7.211523056030273438e-01 3.536182403564453125e+00 3.679618835449218750e-01 7.719993591308593750e-02 6.131755709648132324e-01
1.911202850341796875e+02 9.137759208679199219e-01 4.111726760864257812e+00 -3.680877685546875000e-01 -3.763008117675781250e-02 6.197795271873474121e-01
1.883389282226562500e+02 5.513882637023925781e-01 3.497903108596801758e+00 -1.759986877441406250e-01 -3.634262084960937500e-02 6.218642592430114746e-01
1.711104583740234375e+02 9.922418594360351562e-01 4.065815448760986328e+00 -4.819755554199218750e-01 -1.450233459472656250e-01 5.168978571891784668e-01
1.849531707763671875e+02 9.898793697357177734e-01 4.307528018951416016e+00 -1.605415344238281250e-01 1.735877990722656250e-01 4.295936822891235352e-01
5.722298583984375000e+02 8.704648017883300781e-01 3.379374742507934570e+00 3.549423217773437500e-01 -1.859416961669921875e-01 4.308817386627197266e-01
2.063432922363281250e+02 8.044161796569824219e-01 3.508412361145019531e+00 -1.195320129394531250e+00 -1.663703918457031250e-01 4.050275385379791260e-01
5.354379882812500000e+02 9.549875259399414062e-01 3.993225097656250000e+00 1.787281036376953125e-01 2.356357574462890625e-01 4.505470693111419678e-01
1.462774810791015625e+02 6.831245422363281250e-01 3.588401794433593750e+00 -4.090995788574218750e-01 -2.346687316894531250e-01 9.119850397109985352e-01
1.661972808837890625e+02 1.095703363418579102e+00 4.650370121002197266e+00 5.668792724609375000e-01 1.386280059814453125e-01 6.125361919403076172e-01
5.334709472656250000e+02 8.826379776000976562e-01 4.171901702880859375e+00 3.652095794677734375e-01 -7.336845397949218750e-01 7.646923661231994629e-01
5.584028930664062500e+02 7.629961967468261719e-01 3.650089025497436523e+00 3.798408508300781250e-01 -4.008598327636718750e-01 7.065611481666564941e-01
1.652251434326171875e+02 1.050778388977050781e+00 4.227725505828857422e+00 -8.868446350097656250e-01 -2.018432617187500000e-01 5.752277970314025879e-01
1.850129852294921875e+02 1.118270874023437500e+00 4.340786457061767578e+00 -7.954025268554687500e-02 2.420635223388671875e-01 5.900970697402954102e-01
1.512758636474609375e+02 1.046264886856079102e+00 4.398149967193603516e+00 -4.986782073974609375e-01 2.778930664062500000e-01 6.225754618644714355e-01
1.766467895507812500e+02 8.276493549346923828e-01 3.919435501098632812e+00 -5.950813293457031250e-01 -2.275314331054687500e-01 6.287258863449096680e-01
2.031740112304687500e+02 8.003466129302978516e-01 4.069070816040039062e+00 -2.321739196777343750e-01 -1.611309051513671875e-01 4.320168495178222656e-01
1.744031829833984375e+02 6.329810619354248047e-01 3.820012092590332031e+00 -1.837062835693359375e-01 4.315929412841796875e-01 4.629014134407043457e-01
5.489594116210937500e+02 8.589797019958496094e-01 3.874557733535766602e+00 -1.016998291015625000e-01 -5.272426605224609375e-01 7.440029382705688477e-01
1.823833312988281250e+02 8.876292705535888672e-01 4.277197360992431641e+00 1.055603027343750000e-01 4.341487884521484375e-01 3.662719130516052246e-01
1.639111785888671875e+02 8.141574859619140625e-01 3.699658393859863281e+00 -1.634559631347656250e-01 -1.708869934082031250e-01 9.608497619628906250e-01
1.594517517089843750e+02 7.478954792022705078e-01 3.677386999130249023e+00 -2.685794830322265625e-01 -1.691722869873046875e-01 6.162966489791870117e-01
1.827347412109375000e+02 9.337162971496582031e-01 3.946028709411621094e+00 6.774520874023437500e-02 -1.448249816894531250e-02 5.410403609275817871e-01
5.001545410156250000e+02 8.602402210235595703e-01 3.596926927566528320e+00 -5.161190032958984375e-01 9.256362915039062500e-02 4.385491013526916504e-01
1.879502410888671875e+02 9.417605400085449219e-01 4.146874427795410156e+00 -1.258119583129882812e+00 -7.717227935791015625e-01 7.784150838851928711e-01
5.557120361328125000e+02 8.382558822631835938e-01 3.735631704330444336e+00 -3.007926940917968750e-01 -4.558677673339843750e-01 5.223243832588195801e-01
1.758445587158203125e+02 9.641048908233642578e-01 4.144876003265380859e+00 4.538421630859375000e-01 8.124618530273437500e-01 8.740061521530151367e-01
1.958646850585937500e+02 6.803259849548339844e-01 3.726377487182617188e+00 -2.892513275146484375e-01 -7.619400024414062500e-01 7.188718914985656738e-01
1.535450439453125000e+02 7.509801387786865234e-01 3.796578884124755859e+00 -8.654327392578125000e-01 -1.480121612548828125e-01 4.272873401641845703e-01
6.199179077148437500e+02 9.827990531921386719e-01 3.959862709045410156e+00 -1.262138366699218750e+00 -8.519248962402343750e-01 4.560016393661499023e-01
2.392370452880859375e+02 9.162197113037109375e-01 4.263356208801269531e+00 2.773094177246093750e-02 5.973052978515625000e-02 7.013946771621704102e-01
5.580478515625000000e+02 1.001435756683349609e+00 4.098379135131835938e+00 -3.804149627685546875e-01 -2.399215698242187500e-01 4.798358380794525146e-01
5.260232543945312500e+02 8.499877452850341797e-01 3.847765445709228516e+00 -2.086734771728515625e-01 -9.387779235839843750e-02 4.823009371757507324e-01
5.446247558593750000e+02 7.546339035034179688e-01 3.597844362258911133e+00 5.300598144531250000e-01 -6.603279113769531250e-01 6.623607873916625977e-01
5.698275756835937500e+02 1.056164264678955078e+00 4.187486171722412109e+00 4.757671356201171875e-01 -9.475898742675781250e-02 6.973315477371215820e-01
1.848973693847656250e+02 1.058428764343261719e+00 4.269029140472412109e+00 -7.328624725341796875e-01 3.908729553222656250e-01 5.768228769302368164e-01
1.962241058349609375e+02 8.819160461425781250e-01 4.223324775695800781e+00 8.295097351074218750e-01 9.651374816894531250e-02 6.824170351028442383e-01
2.224177551269531250e+02 1.060976982116699219e+00 4.344014167785644531e+00 1.171512603759765625e-01 1.188106536865234375e-01 4.426708519458770752e-01
1.599613800048828125e+02 8.157911300659179688e-01 3.943861246109008789e+00 -7.356643676757812500e-01 -5.484352111816406250e-01 5.417432188987731934e-01
5.378852539062500000e+02 9.709036350250244141e-01 4.313719749450683594e+00 5.861473083496093750e-01 -3.277606964111328125e-01 5.489642024040222168e-01
1.932306976318359375e+02 7.160046100616455078e-01 3.342784881591796875e+00 -3.933277130126953125e-01 7.430038452148437500e-01 4.102966487407684326e-01
5.634341430664062500e+02 8.602881431579589844e-01 3.890574216842651367e+00 2.935523986816406250e-01 -1.376552581787109375e-01 3.481654524803161621e-01
1.395413665771484375e+02 9.150936603546142578e-01 3.814033746719360352e+00 -2.695121765136718750e-01 3.234958648681640625e-01 5.475198626518249512e-01
6.207627563476562500e+02 1.093420982360839844e+00 4.287159919738769531e+00 1.825904846191406250e-01 -3.433151245117187500e-01 3.883998990058898926e-01
6.215286865234375000e+02 7.887098789215087891e-01 3.791043758392333984e+00 -1.919727325439453125e-01 -3.165416717529296875e-01 4.295211434364318848e-01
5.530059204101562500e+02 1.024057388305664062e+00 4.328283309936523438e+00 2.707004547119140625e-01 -9.958076477050781250e-02 6.771166324615478516e-01
6.020079956054687500e+02 8.575716018676757812e-01 3.563512325286865234e+00 5.785865783691406250e-01 -2.569885253906250000e-01 4.028401374816894531e-01
5.405643920898437500e+02 8.552992343902587891e-01 3.823075771331787109e+00 -3.016395568847656250e-01 4.017257690429687500e-01 4.237525165081024170e-01
1.480063629150390625e+02 7.799966335296630859e-01 3.909013986587524414e+00 -6.420249938964843750e-01 -3.374214172363281250e-01 6.321689486503601074e-01
1.259517898559570312e+02 9.916081428527832031e-01 4.027803421020507812e+00 -4.694938659667968750e-01 3.899116516113281250e-01 5.982104539871215820e-01
1.700152435302734375e+02 8.067088127136230469e-01 3.705817222595214844e+00 -4.774303436279296875e-01 8.615112304687500000e-02 6.976360678672790527e-01
1.980997772216796875e+02 9.605457782745361328e-01 4.091075420379638672e+00 -8.077850341796875000e-01 8.273525238037109375e-01 6.151711344718933105e-01
2.118556976318359375e+02 6.702532768249511719e-01 3.551024913787841797e+00 -4.082679748535156250e-01 6.249847412109375000e-01 4.992583692073822021e-01
5.380918579101562500e+02 8.280661106109619141e-01 3.863784074783325195e+00 -7.218456268310546875e-01 3.128604888916015625e-01 7.500803470611572266e-01
1.404613647460937500e+02 8.805978298187255859e-01 3.368541717529296875e+00 -1.135292053222656250e-01 3.581714630126953125e-01 5.946183204650878906e-01
5.568176269531250000e+02 9.007594585418701172e-01 3.682708263397216797e+00 -9.326725006103515625e-01 -2.318344116210937500e-01 5.564669370651245117e-01
1.965590515136718750e+02 7.397563457489013672e-01 3.613071918487548828e+00 -2.441406250000000000e-02 -3.044605255126953125e-01 4.774191975593566895e-01
1.970728912353515625e+02 9.480769634246826172e-01 4.028593063354492188e+00 -1.139158248901367188e+00 -4.487991333007812500e-02 4.713253676891326904e-01
5.571297607421875000e+02 8.752210140228271484e-01 4.202612400054931641e+00 2.930221557617187500e-01 -7.997894287109375000e-02 4.476208090782165527e-01
1.767362060546875000e+02 8.042576313018798828e-01 3.747460126876831055e+00 7.162513732910156250e-01 3.090648651123046875e-01 5.110164880752563477e-01
1.372099914550781250e+02 8.003141880035400391e-01 4.082493782043457031e+00 2.463569641113281250e-01 -1.733531951904296875e-01 7.676268815994262695e-01
1.455971984863281250e+02 8.150827884674072266e-01 3.489913940429687500e+00 -6.439914703369140625e-01 4.231185913085937500e-01 5.498229861259460449e-01
6.252160034179687500e+02 1.115627527236938477e+00 4.109813690185546875e+00 9.933090209960937500e-02 1.938838958740234375e-01 3.284645676612854004e-01
5.709306640625000000e+02 9.574782848358154297e-01 3.980932712554931641e+00 4.808502197265625000e-01 -1.607131958007812500e-02 4.387588500976562500e-01
5.570974121093750000e+02 7.838137149810791016e-01 3.860558748245239258e+00 -7.961082458496093750e-02 -1.911544799804687500e-02 9.272724390029907227e-01
5.571196289062500000e+02 9.624485969543457031e-01 3.971271514892578125e+00 7.121829986572265625e-01 -9.866275787353515625e-01 8.106479048728942871e-01
5.459460449218750000e+02 7.808003425598144531e-01 3.868765115737915039e+00 -6.882743835449218750e-01 1.251487731933593750e-01 8.908230066299438477e-01
2.463612518310546875e+02 8.499464988708496094e-01 3.862875938415527344e+00 2.313156127929687500e-01 4.150753021240234375e-01 4.163804054260253906e-01
1.997509765625000000e+02 8.830366134643554688e-01 3.868875503540039062e+00 -3.282546997070312500e-01 -7.201004028320312500e-02 4.121292829513549805e-01
1.960386810302734375e+02 1.304409027099609375e+00 5.001422882080078125e+00 1.927965164184570312e+00 9.040718078613281250e-01 4.826750159263610840e-01
6.122919311523437500e+02 7.418980598449707031e-01 3.594693422317504883e+00 -1.329288482666015625e-01 1.848907470703125000e-01 4.926093220710754395e-01
5.362397460937500000e+02 9.467158317565917969e-01 3.897932767868041992e+00 -8.671684265136718750e-01 -3.048648834228515625e-01 5.468869805335998535e-01
5.531451416015625000e+02 6.172389984130859375e-01 3.611260652542114258e+00 -1.067943572998046875e-01 -2.138767242431640625e-01 4.400063753128051758e-01
1.574212493896484375e+02 7.734112739562988281e-01 3.796735763549804688e+00 -6.864891052246093750e-01 -3.220767974853515625e-01 6.418747901916503906e-01
6.110755004882812500e+02 8.398096561431884766e-01 3.923237800598144531e+00 4.640674591064453125e-01 -1.391868591308593750e-01 4.472311735153198242e-01
1.487418060302734375e+02 8.311061859130859375e-01 3.787035465240478516e+00 -6.196517944335937500e-01 8.023223876953125000e-01 6.848821043968200684e-01
6.272233276367187500e+02 1.012871026992797852e+00 3.910741806030273438e+00 -9.314880371093750000e-01 -3.961925506591796875e-01 3.277463018894195557e-01
1.809408264160156250e+02 1.068020820617675781e+00 4.132306098937988281e+00 -9.825115203857421875e-01 -2.079353332519531250e-01 3.804622590541839600e-01
1.585424652099609375e+02 5.766348838806152344e-01 3.583685398101806641e+00 -1.293334960937500000e-01 -5.784263610839843750e-01 7.111981511116027832e-01
1.941244506835937500e+02 1.024562835693359375e+00 4.373665809631347656e+00 -1.074237823486328125e-01 8.481292724609375000e-01 3.899957537651062012e-01
5.536345214843750000e+02 6.436061859130859375e-01 3.751361370086669922e+00 1.893424987792968750e-01 -5.295181274414062500e-02 8.515218496322631836e-01
5.552689819335937500e+02 1.226150512695312500e+00 4.606661796569824219e+00 2.825202941894531250e-01 -2.881450653076171875e-01 6.455905437469482422e-01
1.889754638671875000e+02 1.159634590148925781e+00 4.578421592712402344e+00 -2.970104217529296875e-01 -4.836807250976562500e-01 7.549133300781250000e-01
5.322217407226562500e+02 9.337801933288574219e-01 4.019970417022705078e+00 2.961502075195312500e-01 1.868515014648437500e-01 4.728947579860687256e-01
5.428079833984375000e+02 8.437831401824951172e-01 3.706212759017944336e+00 -8.852043151855468750e-01 -4.080009460449218750e-02 5.979705452919006348e-01
6.202937011718750000e+02 8.645238876342773438e-01 3.919836044311523438e+00 -1.365621566772460938e+00 -5.919151306152343750e-01 3.356563448905944824e-01
5.447496948242187500e+02 7.059116363525390625e-01 3.388784885406494141e+00 -2.429008483886718750e-01 -4.570140838623046875e-01 5.786619782447814941e-01
5.599023437500000000e+02 9.261064529418945312e-01 3.980315685272216797e+00 -4.125156402587890625e-01 4.364624023437500000e-01 4.290858507156372070e-01
1.854383544921875000e+02 1.015910148620605469e+00 4.013362407684326172e+00 -1.286811828613281250e-01 -1.896591186523437500e-01 4.071859121322631836e-01
1.342148742675781250e+02 9.740610122680664062e-01 4.049491882324218750e+00 -1.380004882812500000e+00 1.733760833740234375e-01 3.956814408302307129e-01
2.031642913818359375e+02 8.483812808990478516e-01 3.959922075271606445e+00 -3.928852081298828125e-01 -4.078865051269531250e-01 7.577261328697204590e-01
1.615013427734375000e+02 6.292331218719482422e-01 3.648834228515625000e+00 -6.385059356689453125e-01 -3.504981994628906250e-01 5.844254493713378906e-01
1.830317230224609375e+02 7.972965240478515625e-01 3.682937622070312500e+00 5.266151428222656250e-01 2.556991577148437500e-01 6.040909886360168457e-01
6.245017089843750000e+02 1.074232101440429688e+00 4.223251342773437500e+00 9.809799194335937500e-01 3.973922729492187500e-01 4.039292037487030029e-01
1.660532531738281250e+02 7.778825759887695312e-01 3.614636659622192383e+00 2.815723419189453125e-01 -3.821945190429687500e-02 6.376034617424011230e-01
5.075070800781250000e+02 7.176990509033203125e-01 3.717023611068725586e+00 -3.011093139648437500e-01 1.163711547851562500e-01 6.107549071311950684e-01
5.675646972656250000e+02 6.561999320983886719e-01 3.650923728942871094e+00 4.002170562744140625e-01 -1.951026916503906250e-02 5.993696451187133789e-01
5.428623046875000000e+02 9.399819374084472656e-01 4.672502517700195312e+00 -2.352485656738281250e-01 -8.538036346435546875e-01 8.655232191085815430e-01
1.501564941406250000e+02 6.487030982971191406e-01 3.738658428192138672e+00 3.438758850097656250e-01 8.644294738769531250e-02 6.773838996887207031e-01
5.245712890625000000e+02 7.795262336730957031e-01 3.751817226409912109e+00 -4.003677368164062500e-01 2.601623535156250000e-01 4.953795671463012695e-01
1.971995086669921875e+02 1.043296813964843750e+00 4.396883010864257812e+00 -1.202754974365234375e-01 -5.467414855957031250e-02 5.843611955642700195e-01
1.393215942382812500e+02 8.765993118286132812e-01 3.886964321136474609e+00 -6.341381072998046875e-01 2.084445953369140625e-01 3.097836673259735107e-01
1.460389556884765625e+02 7.111496925354003906e-01 3.750342130661010742e+00 -1.618938446044921875e-01 6.891288757324218750e-01 6.804317831993103027e-01
1.634576110839843750e+02 8.408601284027099609e-01 3.694392681121826172e+00 2.782821655273437500e-02 1.184236526489257812e+00 4.990948438644409180e-01
1.769721069335937500e+02 8.868575096130371094e-01 3.884724855422973633e+00 -4.884910583496093750e-02 -3.886032104492187500e-02 4.944163858890533447e-01
5.565614013671875000e+02 8.905363082885742188e-01 3.654072761535644531e+00 -2.087902069091796875e+00 -6.333217620849609375e-01 5.288535356521606445e-01
5.376528320312500000e+02 1.076155185699462891e+00 4.373165130615234375e+00 9.129676818847656250e-01 -1.197834014892578125e-01 5.040247440338134766e-01
1.985079345703125000e+02 8.447351455688476562e-01 3.846190452575683594e+00 6.492710113525390625e-01 3.049964904785156250e-01 5.597611069679260254e-01
5.205408325195312500e+02 8.015873432159423828e-01 3.767395734786987305e+00 -1.116811752319335938e+00 -4.238471984863281250e-01 6.918037533760070801e-01
5.401245117187500000e+02 6.914839744567871094e-01 3.480262994766235352e+00 -1.014940261840820312e+00 -9.840545654296875000e-01 7.748707532882690430e-01
5.423133544921875000e+02 8.982455730438232422e-01 3.756269693374633789e+00 -6.090469360351562500e-01 -1.067047119140625000e-01 3.564778566360473633e-01
1.287369079589843750e+02 7.563266754150390625e-01 3.707577943801879883e+00 -5.045452117919921875e-01 2.328376770019531250e-01 6.803469657897949219e-01
1.990621185302734375e+02 8.096606731414794922e-01 3.789923429489135742e+00 -2.098159790039062500e-01 2.499485015869140625e-01 6.985500454902648926e-01
5.711601562500000000e+02 9.392170906066894531e-01 4.065649032592773438e+00 4.380970001220703125e-01 2.416419982910156250e-01 7.645095586776733398e-01
1.475465698242187500e+02 6.884956359863281250e-01 3.299873828887939453e+00 -1.043872833251953125e-01 1.105804443359375000e-01 4.960030317306518555e-01
1.583266296386718750e+02 7.780134677886962891e-01 3.851104736328125000e+00 -1.966705322265625000e-01 -2.306747436523437500e-01 4.630088508129119873e-01
1.757940826416015625e+02 8.926091194152832031e-01 3.831100702285766602e+00 1.706275939941406250e-01 1.716751098632812500e+00 8.080530166625976562e-01
5.348328247070312500e+02 9.003281593322753906e-01 3.944627285003662109e+00 -4.381103515625000000e-01 1.783523559570312500e-01 3.957359492778778076e-01
5.377686767578125000e+02 1.241821527481079102e+00 4.855985641479492188e+00 1.000497817993164062e+00 2.681560516357421875e-01 6.593986749649047852e-01
1.655768127441406250e+02 1.062545537948608398e+00 4.046878814697265625e+00 2.551574707031250000e-01 3.304958343505859375e-01 4.441589117050170898e-01
5.345635375976562500e+02 9.627053737640380859e-01 4.303472995758056641e+00 -1.100425720214843750e-01 -4.172821044921875000e-01 4.660696387290954590e-01
5.407567749023437500e+02 1.108740806579589844e+00 4.339382648468017578e+00 1.042268753051757812e+00 5.815238952636718750e-01 4.513320326805114746e-01
5.610383911132812500e+02 8.004517555236816406e-01 3.382214069366455078e+00 -1.122684478759765625e-01 -7.542228698730468750e-02 5.885915756225585938e-01
1.508910217285156250e+02 9.272150993347167969e-01 3.872069597244262695e+00 -6.722469329833984375e-01 1.053966522216796875e+00 6.927268505096435547e-01
5.626865844726562500e+02 7.249102592468261719e-01 3.477884769439697266e+00 7.792472839355468750e-02 -4.720687866210937500e-01 4.716420769691467285e-01
2.038866577148437500e+02 9.355547428131103516e-01 4.137589454650878906e+00 -7.288913726806640625e-01 5.610237121582031250e-01 5.235344767570495605e-01
1.258467712402343750e+02 7.224795818328857422e-01 3.426226139068603516e+00 2.883491516113281250e-01 7.566299438476562500e-01 5.565322041511535645e-01
5.553128051757812500e+02 6.931672096252441406e-01 3.696734428405761719e+00 1.042022705078125000e-01 1.066761016845703125e+00 6.890159845352172852e-01
5.666579589843750000e+02 8.399581909179687500e-01 3.868331432342529297e+00 3.377304077148437500e-01 5.415496826171875000e-01 4.436588287353515625e-01
5.595186157226562500e+02 9.426999092102050781e-01 4.012679576873779297e+00 5.451927185058593750e-01 3.770732879638671875e-01 4.977239668369293213e-01
5.643431396484375000e+02 7.266988754272460938e-01 3.754073619842529297e+00 2.708244323730468750e-01 -4.620742797851562500e-02 6.275046467781066895e-01
5.558141479492187500e+02 7.043843269348144531e-01 3.779554128646850586e+00 -6.596260070800781250e-01 -1.601085662841796875e-01 3.510586023330688477e-01
5.689244995117187500e+02 7.419946193695068359e-01 3.898173332214355469e+00 -8.406562805175781250e-01 -1.998729705810546875e-01 5.643512010574340820e-01
2.009942779541015625e+02 7.615666389465332031e-01 3.610697507858276367e+00 1.653938293457031250e-01 -8.756065368652343750e-02 5.524005889892578125e-01
5.144913330078125000e+02 8.607788085937500000e-01 3.657834529876708984e+00 -5.806293487548828125e-01 -3.867797851562500000e-01 4.400703907012939453e-01
1.508822021484375000e+02 7.517096996307373047e-01 3.766864061355590820e+00 -1.057548522949218750e-01 4.394340515136718750e-02 9.029220342636108398e-01
6.160035400390625000e+02 8.729939460754394531e-01 3.953424930572509766e+00 -8.444576263427734375e-01 -1.488704681396484375e-01 2.701543569564819336e-01
1.308795318603515625e+02 8.573801517486572266e-01 3.691114425659179688e+00 -7.189159393310546875e-01 -1.728820800781250000e-02 4.538158178329467773e-01
1.361613006591796875e+02 8.625915050506591797e-01 3.533239603042602539e+00 8.012008666992187500e-02 3.992080688476562500e-02 3.401875793933868408e-01
1.596618804931640625e+02 8.532478809356689453e-01 4.065492630004882812e+00 -4.140987396240234375e-01 3.273963928222656250e-02 4.955837428569793701e-01
1.597633361816406250e+02 8.531656265258789062e-01 3.831295251846313477e+00 -1.225610733032226562e+00 2.696685791015625000e-01 6.552121043205261230e-01
1.833238067626953125e+02 6.729474067687988281e-01 3.498279809951782227e+00 1.239776611328125000e-02 3.204879760742187500e-01 3.790098726749420166e-01
4.808941345214843750e+02 7.868225574493408203e-01 3.769447803497314453e+00 -4.646148681640625000e-01 -3.619022369384765625e-01 6.009834408760070801e-01
5.525880737304687500e+02 1.102233886718750000e+00 4.532213211059570312e+00 2.793312072753906250e-02 1.059818267822265625e-01 5.316955447196960449e-01
1.583395080566406250e+02 1.573182582855224609e+00 5.411475181579589844e+00 -1.798326492309570312e+00 -1.659217834472656250e+00 5.602549314498901367e-01
2.078517913818359375e+02 6.984815597534179688e-01 3.624330520629882812e+00 2.431983947753906250e-01 8.743820190429687500e-01 7.187933921813964844e-01
1.469781494140625000e+02 9.068799018859863281e-01 3.895976305007934570e+00 7.510395050048828125e-01 2.318363189697265625e-01 3.929814696311950684e-01
5.654627075195312500e+02 1.094931125640869141e+00 4.366514205932617188e+00 -2.753372192382812500e-01 8.144569396972656250e-02 7.771511077880859375e-01
1.941492004394531250e+02 9.592573642730712891e-01 4.050830841064453125e+00 -6.420345306396484375e-01 -3.681392669677734375e-01 3.375624120235443115e-01
5.588631591796875000e+02 1.079837799072265625e+00 4.358130455017089844e+00 3.762207031250000000e-01 2.248287200927734375e-01 5.336853265762329102e-01
1.343769531250000000e+02 1.110214471817016602e+00 4.512756347656250000e+00 5.108375549316406250e-01 8.754062652587890625e-01 6.447818279266357422e-01
5.730046386718750000e+02 7.880668640136718750e-01 3.937379360198974609e+00 -4.300842285156250000e-01 -4.331817626953125000e-01 6.102609038352966309e-01
5.334565429687500000e+02 7.848784923553466797e-01 4.116734504699707031e+00 -9.220504760742187500e-02 -3.039798736572265625e-01 6.190233826637268066e-01
5.529226074218750000e+02 6.527500152587890625e-01 3.696463108062744141e+00 9.321765899658203125e-01 2.212028503417968750e-01 7.447985410690307617e-01
1.768635711669921875e+02 9.855837821960449219e-01 4.347242355346679688e+00 -4.216651916503906250e-01 -1.987028121948242188e+00 6.952042579650878906e-01
5.557069091796875000e+02 7.927458286285400391e-01 3.835128068923950195e+00 -1.204454421997070312e+00 -6.086616516113281250e-01 6.344368457794189453e-01
1.794130859375000000e+02 7.995560169219970703e-01 3.751708269119262695e+00 5.247879028320312500e-02 6.401271820068359375e-01 6.853679418563842773e-01
1.857080688476562500e+02 8.757445812225341797e-01 3.991702079772949219e+00 3.509044647216796875e-01 2.355098724365234375e-01 8.295243382453918457e-01
1.715070800781250000e+02 8.558583259582519531e-01 3.961832523345947266e+00 -1.214870452880859375e+00 -1.823997497558593750e-01 5.424060225486755371e-01
5.509757690429687500e+02 8.366980552673339844e-01 3.895484924316406250e+00 -1.589317321777343750e-01 2.631378173828125000e-01 5.207746028900146484e-01
1.938848114013671875e+02 7.775454521179199219e-01 3.514192581176757812e+00 -6.914787292480468750e-01 -1.598701477050781250e-01 3.526604175567626953e-01
1.641404113769531250e+02 8.526854515075683594e-01 4.058978557586669922e+00 -9.988288879394531250e-01 -5.127372741699218750e-01 4.706417918205261230e-01
5.401876831054687500e+02 7.042634487152099609e-01 3.621701240539550781e+00 -2.279396057128906250e-01 -9.644699096679687500e-02 6.136019229888916016e-01
5.453366699218750000e+02 7.992382049560546875e-01 3.652716159820556641e+00 -6.042728424072265625e-01 2.647609710693359375e-01 5.298804640769958496e-01
2.037144165039062500e+02 7.710599899291992188e-01 3.503419876098632812e+00 -6.790180206298828125e-01 -1.526336669921875000e-01 6.564743518829345703e-01
1.608074951171875000e+02 8.231587409973144531e-01 3.760755538940429688e+00 -1.146278381347656250e-01 8.826713562011718750e-01 6.516360044479370117e-01
5.539877319335937500e+02 8.657591342926025391e-01 3.660695552825927734e+00 5.962009429931640625e-01 4.787845611572265625e-01 4.475221037864685059e-01
6.199805908203125000e+02 1.339184999465942383e+00 4.599689483642578125e+00 1.099685668945312500e+00 9.157943725585937500e-02 2.677917182445526123e-01
1.417953338623046875e+02 1.035080909729003906e+00 4.266869544982910156e+00 2.533912658691406250e-01 1.166105270385742188e+00 6.374657154083251953e-01
5.514151000976562500e+02 9.146308898925781250e-01 4.085098266601562500e+00 -3.592224121093750000e-01 2.458972930908203125e-01 5.471341609954833984e-01
1.869425354003906250e+02 5.751640796661376953e-01 3.879957675933837891e+00 4.836273193359375000e-02 -4.149398803710937500e-01 7.239386439323425293e-01
5.516652832031250000e+02 1.458067893981933594e+00 5.195014953613281250e+00 1.277950286865234375e+00 2.576656341552734375e-01 5.191410779953002930e-01
5.468400268554687500e+02 9.838624000549316406e-01 4.170098304748535156e+00 1.255809783935546875e+00 -3.661136627197265625e-01 5.469348430633544922e-01
1.835431518554687500e+02 7.941608428955078125e-01 4.008726119995117188e+00 -4.818572998046875000e-01 3.414516448974609375e-01 6.638149023056030273e-01
5.491685180664062500e+02 7.645626068115234375e-01 3.479056835174560547e+00 9.021110534667968750e-01 3.775939941406250000e-01 4.327907562255859375e-01
1.586471405029296875e+02 7.448084354400634766e-01 3.415279150009155273e+00 -2.819271087646484375e-01 -6.201133728027343750e-01 9.673060178756713867e-01
5.278176269531250000e+02 6.869418621063232422e-01 3.974424362182617188e+00 -3.524589538574218750e-02 -7.758178710937500000e-01 7.066164016723632812e-01
5.468745727539062500e+02 9.044766426086425781e-01 3.851353883743286133e+00 -8.400192260742187500e-01 1.110935211181640625e-01 6.401748061180114746e-01
1.712622833251953125e+02 7.939972877502441406e-01 4.125880241394042969e+00 -2.597541809082031250e-01 2.264614105224609375e-01 6.805914044380187988e-01
2.033456573486328125e+02 8.161258697509765625e-01 3.674680233001708984e+00 -6.128082275390625000e-01 1.100044250488281250e-01 3.451784253120422363e-01
1.474576110839843750e+02 8.328185081481933594e-01 3.872042655944824219e+00 -1.073858261108398438e+00 -1.557407379150390625e-01 5.987796187400817871e-01
5.410157470703125000e+02 7.554578781127929688e-01 3.996066331863403320e+00 9.438323974609375000e-02 -3.189811706542968750e-01 5.382306575775146484e-01
1.758170776367187500e+02 7.002592086791992188e-01 3.815186262130737305e+00 -5.877017974853515625e-01 -1.250190734863281250e-01 5.685639381408691406e-01
1.590065155029296875e+02 7.994618415832519531e-01 3.778186559677124023e+00 1.749134063720703125e-01 2.670898437500000000e-01 8.738631606101989746e-01
5.590728149414062500e+02 1.049036502838134766e+00 4.086036682128906250e+00 5.011272430419921875e-01 -2.653503417968750000e-02 6.487384438514709473e-01
5.553692626953125000e+02 8.429050445556640625e-01 3.834230184555053711e+00 -1.322578430175781250e+00 -7.425174713134765625e-01 6.744123697280883789e-01
1.988001403808593750e+02 8.204245567321777344e-01 4.034004688262939453e+00 -2.816085815429687500e-01 -5.755157470703125000e-01 7.026804089546203613e-01
6.197230834960937500e+02 8.100533485412597656e-01 3.504339218139648438e+00 -2.312393188476562500e-01 -2.668647766113281250e-01 4.095786213874816895e-01
5.408829345703125000e+02 6.103141307830810547e-01 3.375435352325439453e+00 -9.418811798095703125e-01 1.968154907226562500e-01 5.675191879272460938e-01
1.731407470703125000e+02 6.603357791900634766e-01 3.367933273315429688e+00 -4.077548980712890625e-01 8.308296203613281250e-01 7.535265684127807617e-01
5.579542236328125000e+02 7.407610416412353516e-01 3.716779232025146484e+00 3.295135498046875000e-01 5.168724060058593750e-02 5.501026511192321777e-01
5.324886474609375000e+02 8.072502613067626953e-01 3.679485321044921875e+00 -5.995941162109375000e-01 4.221153259277343750e-02 4.384374320507049561e-01
5.653002319335937500e+02 8.478245735168457031e-01 3.747474193572998047e+00 6.831951141357421875e-01 -8.098411560058593750e-02 5.018602013587951660e-01
1.666835479736328125e+02 7.048833370208740234e-01 3.601188182830810547e+00 4.002857208251953125e-01 -1.056709289550781250e-01 6.562494635581970215e-01
5.357180786132812500e+02 6.236760616302490234e-01 3.372559547424316406e+00 2.211017608642578125e-01 1.722431182861328125e-01 6.919152140617370605e-01
1.618066711425781250e+02 8.218574523925781250e-01 3.803184986114501953e+00 -1.228454589843750000e+00 2.991714477539062500e-01 6.324571967124938965e-01
6.256801147460937500e+02 6.514718532562255859e-01 3.479619264602661133e+00 -4.747161865234375000e-01 -3.223762512207031250e-01 4.489962458610534668e-01
2.040772705078125000e+02 8.467242717742919922e-01 3.781516790390014648e+00 -6.567649841308593750e-01 -2.066898345947265625e-01 5.341429710388183594e-01
5.612666625976562500e+02 9.534347057342529297e-01 4.173834800720214844e+00 1.027317047119140625e-01 1.969223022460937500e-01 6.129180788993835449e-01
5.430021362304687500e+02 1.035610675811767578e+00 4.239297389984130859e+00 -7.771492004394531250e-02 -3.542881011962890625e-01 3.985367715358734131e-01
1.851256713867187500e+02 7.848088741302490234e-01 3.765243291854858398e+00 1.654720306396484375e-01 7.571830749511718750e-01 7.597562670707702637e-01
1.756753845214843750e+02 7.900233268737792969e-01 3.502551794052124023e+00 -2.521553039550781250e-01 -8.806037902832031250e-02 4.056595563888549805e-01
5.670607299804687500e+02 1.034180164337158203e+00 4.001561164855957031e+00 5.992527008056640625e-01 -9.834671020507812500e-02 6.216126084327697754e-01
5.412716064453125000e+02 9.030797481536865234e-01 3.968737125396728516e+00 -1.717090606689453125e-01 1.565341949462890625e-01 4.882453680038452148e-01
1.933221282958984375e+02 8.716416358947753906e-01 4.132330894470214844e+00 -4.141540527343750000e-01 -2.624969482421875000e-01 6.585054397583007812e-01
6.257482299804687500e+02 6.011893749237060547e-01 3.352431058883666992e+00 6.277446746826171875e-01 3.442478179931640625e-01 3.580793142318725586e-01
1.726986236572265625e+02 9.462511539459228516e-01 4.436186790466308594e+00 -4.930458068847656250e-01 -4.608535766601562500e-02 4.842652678489685059e-01
