0.000000000000000000e+00 1.291529893875122070e+00 2.359976023435592651e-01 0.000000000000000000e+00
2.097656250000000000e+00 1.756235599517822266e+00 2.987820208072662354e-01 0.000000000000000000e+00
2.107031250000000000e+01 2.848964214324951172e+00 3.784217536449432373e-01 0.000000000000000000e+00
2.605468750000000000e+01 1.420525670051574707e+00 4.597925543785095215e-01 0.000000000000000000e+00
5.796093750000000000e+01 1.188878417015075684e+00 4.458836019039154053e-01 0.000000000000000000e+00
5.893750000000000000e+01 -5.317757129669189453e-01 3.307042717933654785e-01 0.000000000000000000e+00
6.393359375000000000e+01 8.672232627868652344e-01 1.889791041612625122e-01 0.000000000000000000e+00
2.790625000000000000e+02 -7.608835101127624512e-01 5.472337454557418823e-02 0.000000000000000000e+00
2.830820312500000000e+02 -4.468232691287994385e-01 8.665468543767929077e-02 0.000000000000000000e+00
3.110078125000000000e+02 -9.609974026679992676e-01 4.336131736636161804e-02 0.000000000000000000e+00
3.261523437500000000e+02 -6.630651950836181641e-01 1.970421969890594482e-01 0.000000000000000000e+00
3.379335937500000000e+02 5.169983506202697754e-01 3.378003835678100586e-02 0.000000000000000000e+00
3.638906250000000000e+02 3.512167036533355713e-01 1.288509517908096313e-01 0.000000000000000000e+00
3.709414062500000000e+02 3.381196260452270508e-01 1.815958470106124878e-01 0.000000000000000000e+00
3.778984375000000000e+02 -5.862957332283258438e-03 1.512746930122375488e+00 0.000000000000000000e+00
3.808906250000000000e+02 6.364409625530242920e-02 2.782024443149566650e-01 0.000000000000000000e+00
3.849726562500000000e+02 1.751124560832977295e-01 2.174045294523239136e-01 0.000000000000000000e+00
3.889882812500000000e+02 1.115142941474914551e+00 2.594442665576934814e-01 0.000000000000000000e+00
3.959023437500000000e+02 3.967891931533813477e-01 1.533707678318023682e-01 0.000000000000000000e+00
3.979882812500000000e+02 -3.906492888927459717e-02 1.513079553842544556e-01 0.000000000000000000e+00
4.029296875000000000e+02 -7.822045087814331055e-01 3.007476031780242920e-01 0.000000000000000000e+00
4.238984375000000000e+02 3.028941154479980469e-01 8.636156469583511353e-02 0.000000000000000000e+00
4.278710937500000000e+02 6.288060545921325684e-01 1.771494448184967041e-01 0.000000000000000000e+00
6.262304687500000000e+02 6.121943593025207520e-01 1.963781565427780151e-01 0.000000000000000000e+00
6.401093750000000000e+02 1.175546348094940186e-01 2.088201045989990234e-01 0.000000000000000000e+00
6.481835937500000000e+02 -5.111724734306335449e-01 3.292193710803985596e-01 0.000000000000000000e+00
6.561210937500000000e+02 7.467566430568695068e-02 1.209149435162544250e-01 0.000000000000000000e+00
6.630507812500000000e+02 1.123411655426025391e-01 1.485936194658279419e-01 0.000000000000000000e+00
6.990703125000000000e+02 7.215484976768493652e-01 4.727938771247863770e-01 0.000000000000000000e+00
7.089960937500000000e+02 1.920810937881469727e-01 2.030149400234222412e-01 0.000000000000000000e+00
7.161328125000000000e+02 -2.653592824935913086e-01 1.950528472661972046e-01 0.000000000000000000e+00
7.279492187500000000e+02 -1.710448563098907471e-01 3.739280402660369873e-01 0.000000000000000000e+00
7.398671875000000000e+02 6.815804839134216309e-01 2.342655956745147705e-01 0.000000000000000000e+00
7.530664062500000000e+02 1.551167666912078857e-01 2.413981854915618896e-01 0.000000000000000000e+00
7.608984375000000000e+02 -4.530792534351348877e-01 5.311697125434875488e-01 0.000000000000000000e+00
7.799960937500000000e+02 1.416296232491731644e-02 2.335865646600723267e-01 0.000000000000000000e+00
7.869726562500000000e+02 1.395290195941925049e-01 4.230332374572753906e-01 0.000000000000000000e+00
8.018710937500000000e+02 9.155185222625732422e-01 2.941070497035980225e-01 0.000000000000000000e+00
9.881171875000000000e+02 -3.207599520683288574e-01 2.429999969899654388e-02 0.000000000000000000e+00
9.931367187500000000e+02 2.029410302639007568e-01 5.799470469355583191e-02 0.000000000000000000e+00
1.013218750000000000e+03 -1.712272129952907562e-02 6.369853019714355469e-02 0.000000000000000000e+00
1.033000000000000000e+03 1.595985412597656250e+00 7.563881278038024902e-01 0.000000000000000000e+00
1.038117187500000000e+03 1.347127556800842285e+00 6.313078850507736206e-02 0.000000000000000000e+00
1.047085937500000000e+03 1.714430332183837891e+00 4.299826920032501221e-02 0.000000000000000000e+00
1.052996093750000000e+03 1.428851127624511719e+00 1.697765290737152100e-01 0.000000000000000000e+00
1.061027343750000000e+03 1.189697623252868652e+00 2.805645763874053955e-01 0.000000000000000000e+00
1.075109375000000000e+03 2.000764369964599609e+00 1.436432600021362305e-01 0.000000000000000000e+00
1.081156250000000000e+03 2.630444288253784180e+00 1.393522769212722778e-01 0.000000000000000000e+00
1.101074218750000000e+03 1.559742689132690430e+00 3.674656152725219727e-02 0.000000000000000000e+00
1.108050781250000000e+03 1.567513108253479004e+00 2.311705946922302246e-01 0.000000000000000000e+00
1.123007812500000000e+03 1.052392125129699707e+00 1.514233499765396118e-01 0.000000000000000000e+00
1.132945312500000000e+03 1.035816431045532227e+00 2.595514655113220215e-01 0.000000000000000000e+00
1.143906250000000000e+03 1.984551548957824707e+00 3.950547575950622559e-01 0.000000000000000000e+00
1.369140625000000000e+03 -1.231682300567626953e+00 1.275863647460937500e-01 0.000000000000000000e+00
1.373167968750000000e+03 -1.764792084693908691e+00 1.082871854305267334e-01 0.000000000000000000e+00
1.396109375000000000e+03 -1.742874264717102051e+00 9.089979529380798340e-02 0.000000000000000000e+00
1.402980468750000000e+03 -1.782064080238342285e+00 8.410643786191940308e-02 0.000000000000000000e+00
1.444925781250000000e+03 -2.094443082809448242e+00 3.091736137866973877e-01 0.000000000000000000e+00
1.455128906250000000e+03 -1.826154232025146484e+00 2.390868365764617920e-01 0.000000000000000000e+00
1.482941406250000000e+03 -1.635362386703491211e+00 1.253143697977066040e-01 0.000000000000000000e+00
1.486972656250000000e+03 -8.891615867614746094e-01 1.862968653440475464e-01 0.000000000000000000e+00
1.492011718750000000e+03 -1.106805801391601562e+00 1.922687590122222900e-01 0.000000000000000000e+00
1.505976562500000000e+03 -9.362563490867614746e-01 3.086350560188293457e-01 0.000000000000000000e+00
1.519875000000000000e+03 -1.019853234291076660e+00 1.448349058628082275e-01 0.000000000000000000e+00
1.526917968750000000e+03 -1.627353906631469727e+00 4.428348541259765625e-01 0.000000000000000000e+00
1.535925781250000000e+03 -1.523586750030517578e+00 2.623249590396881104e-01 0.000000000000000000e+00
1.776957031250000000e+03 1.253709316253662109e+00 7.014193385839462280e-02 0.000000000000000000e+00
1.789921875000000000e+03 1.341384530067443848e+00 2.944551706314086914e-01 0.000000000000000000e+00
1.793152343750000000e+03 -4.934714436531066895e-01 1.453634202480316162e-01 0.000000000000000000e+00
1.812148437500000000e+03 -7.716010808944702148e-01 2.311311811208724976e-01 0.000000000000000000e+00
1.818082031250000000e+03 -6.024178862571716309e-01 1.890652775764465332e-01 0.000000000000000000e+00
1.820109375000000000e+03 -1.137577533721923828e+00 1.751511842012405396e-01 0.000000000000000000e+00
1.829000000000000000e+03 -9.083702564239501953e-01 3.644430339336395264e-01 0.000000000000000000e+00
1.853000000000000000e+03 -8.913547992706298828e-01 4.755888283252716064e-01 0.000000000000000000e+00
1.860933593750000000e+03 -1.463798642158508301e+00 1.462883204221725464e-01 0.000000000000000000e+00
1.867953125000000000e+03 -1.507245182991027832e+00 2.090804725885391235e-01 0.000000000000000000e+00
1.874882812500000000e+03 -1.284375786781311035e+00 1.730308085680007935e-01 0.000000000000000000e+00
1.889929687500000000e+03 -1.256100535392761230e+00 3.402747586369514465e-02 0.000000000000000000e+00
1.894910156250000000e+03 -1.539445638656616211e+00 1.474630534648895264e-01 0.000000000000000000e+00
1.899871093750000000e+03 -1.111347317695617676e+00 1.835126727819442749e-01 0.000000000000000000e+00
1.902855468750000000e+03 -6.470463871955871582e-01 2.371475994586944580e-01 0.000000000000000000e+00
2.108136718750000000e+03 2.569783329963684082e-01 3.223785012960433960e-02 0.000000000000000000e+00
2.145074218750000000e+03 -3.778555095195770264e-01 1.535073369741439819e-01 0.000000000000000000e+00
2.167046875000000000e+03 -9.198318719863891602e-01 8.916316181421279907e-02 0.000000000000000000e+00
2.190046875000000000e+03 -7.386770248413085938e-01 6.856294721364974976e-02 0.000000000000000000e+00
3.335312500000000000e+02 8.692299127578735352e-01 3.257614076137542725e-01 1.000000000000000000e+00
3.624726562500000000e+02 1.143162012100219727e+00 4.824566841125488281e-01 1.000000000000000000e+00
6.565546875000000000e+02 -7.682259678840637207e-01 5.260339379310607910e-01 1.000000000000000000e+00
6.955429687500000000e+02 -1.104386568069458008e+00 4.786133170127868652e-01 1.000000000000000000e+00
7.165117187500000000e+02 4.178361892700195312e-01 4.845899939537048340e-01 1.000000000000000000e+00
7.513750000000000000e+02 2.568540871143341064e-01 5.510360598564147949e-01 1.000000000000000000e+00
9.815078125000000000e+02 -7.601554989814758301e-01 1.088246107101440430e+00 1.000000000000000000e+00
1.017593750000000000e+03 1.691936135292053223e+00 1.054259300231933594e+00 1.000000000000000000e+00
1.018480468750000000e+03 1.146093368530273438e+00 5.960035324096679688e-01 1.000000000000000000e+00
1.075507812500000000e+03 -2.214884012937545776e-02 3.622542321681976318e-01 1.000000000000000000e+00
1.106476562500000000e+03 -1.561891138553619385e-01 3.372233510017395020e-01 1.000000000000000000e+00
1.161285156250000000e+03 1.044679403305053711e+00 1.139558672904968262e+00 1.000000000000000000e+00
1.392593750000000000e+03 2.300000905990600586e+00 1.329096555709838867e+00 1.000000000000000000e+00
1.393531250000000000e+03 3.758442699909210205e-01 1.020010232925415039e+00 1.000000000000000000e+00
1.431519531250000000e+03 1.867789745330810547e+00 3.103853166103363037e-01 1.000000000000000000e+00
1.454484375000000000e+03 -7.844647765159606934e-01 5.383872389793395996e-01 1.000000000000000000e+00
1.456519531250000000e+03 1.417052149772644043e+00 6.303873658180236816e-01 1.000000000000000000e+00
1.457492187500000000e+03 -1.120751023292541504e+00 2.589896619319915771e-01 1.000000000000000000e+00
1.483441406250000000e+03 -1.630764842033386230e+00 4.535835683345794678e-01 1.000000000000000000e+00
1.723582031250000000e+03 3.773170411586761475e-01 6.325630545616149902e-01 1.000000000000000000e+00
1.780542968750000000e+03 -5.967461466789245605e-01 3.007222414016723633e-01 1.000000000000000000e+00
1.812480468750000000e+03 -5.386532545089721680e-01 5.829958319664001465e-01 1.000000000000000000e+00
1.844335937500000000e+03 -5.220561623573303223e-01 9.505541920661926270e-01 1.000000000000000000e+00
1.845359375000000000e+03 -1.473033130168914795e-01 3.925187289714813232e-01 1.000000000000000000e+00
3.335312500000000000e+02 -8.078697323799133301e-02 4.899742126464843750e+00 2.000000000000000000e+00
6.565546875000000000e+02 -6.289918422698974609e-01 4.272002220153808594e+00 2.000000000000000000e+00
6.955429687500000000e+02 5.223051458597183228e-02 4.944295883178710938e+00 2.000000000000000000e+00
7.165117187500000000e+02 2.241310596466064453e+00 7.539012432098388672e+00 2.000000000000000000e+00
7.513750000000000000e+02 1.163745403289794922e+00 6.390491008758544922e+00 2.000000000000000000e+00
9.815078125000000000e+02 4.640087187290191650e-01 5.602191925048828125e+00 2.000000000000000000e+00
1.018039062500000000e+03 -3.188237920403480530e-02 4.874754428863525391e+00 2.000000000000000000e+00
1.075507812500000000e+03 2.692417621612548828e+00 7.853869438171386719e+00 2.000000000000000000e+00
1.106476562500000000e+03 7.429535984992980957e-01 5.748322010040283203e+00 2.000000000000000000e+00
1.161285156250000000e+03 1.874402016401290894e-01 5.111092090606689453e+00 2.000000000000000000e+00
1.393296875000000000e+03 -7.253656387329101562e-01 4.144683361053466797e+00 2.000000000000000000e+00
1.431519531250000000e+03 -1.154673218727111816e+00 3.734865427017211914e+00 2.000000000000000000e+00
1.456273437500000000e+03 5.861583948135375977e-01 5.825837135314941406e+00 2.000000000000000000e+00
1.483441406250000000e+03 2.375929355621337891e+00 7.610296249389648438e+00 2.000000000000000000e+00
1.723582031250000000e+03 5.096899867057800293e-01 5.332108974456787109e+00 2.000000000000000000e+00
1.780542968750000000e+03 1.117108941078186035e+00 6.314669132232666016e+00 2.000000000000000000e+00
1.812480468750000000e+03 -1.302297234535217285e+00 3.531629800796508789e+00 2.000000000000000000e+00
1.846187500000000000e+03 7.555062323808670044e-02 5.113793849945068359e+00 2.000000000000000000e+00
2.101597656250000000e+03 6.371730566024780273e-01 1.388791179656982422e+01 2.000000000000000000e+00
