5.104566650390625000e+02 2.370410156250000000e+02 1.705396175384521484e-01 4.454154491424560547e+00 3.040647506713867188e-01 -2.595901489257812500e-02 -6.922590732574462891e-01 9.080887436866760254e-01 1.650100827217102051e+00
1.222712860107421875e+02 5.680899047851562500e+02 1.582002639770507812e-01 4.641108036041259766e+00 2.225708961486816406e-01 4.287719726562500000e-02 -9.043872356414794922e-01 1.069040179252624512e+00 3.397608399391174316e-01
5.605439453125000000e+02 4.506008300781250000e+02 1.232445240020751953e-02 4.193626403808593750e+00 3.617405891418457031e-01 2.585434913635253906e-01 2.138748168945312500e+00 1.646558523178100586e+00 1.600196659564971924e-01
5.688059082031250000e+02 4.124646606445312500e+02 2.943694591522216797e-02 4.304247856140136719e+00 -4.676640033721923828e-01 -9.029614925384521484e-01 -2.850935459136962891e+00 1.798930644989013672e+00 4.434667110443115234e+00
1.149808502197265625e+02 4.626046752929687500e+02 7.898208498954772949e-01 6.025784969329833984e+00 1.091101169586181641e+00 1.343908309936523438e+00 4.530634880065917969e+00 1.252568006515502930e+00 3.291125059127807617e+00
2.034389495849609375e+02 3.560850219726562500e+02 6.201177835464477539e-02 4.222210407257080078e+00 -5.111932754516601562e-01 2.308773994445800781e-01 2.110099792480468750e-01 9.332625865936279297e-01 8.931481242179870605e-01
5.018513793945312500e+02 2.988652343750000000e+02 4.526108503341674805e-02 4.160558700561523438e+00 -5.243337154388427734e-01 -5.809962749481201172e-01 -6.259679794311523438e-03 1.168229579925537109e+00 7.515449076890945435e-03
1.091248855590820312e+02 1.405768585205078125e+02 1.111738443374633789e+00 6.617616176605224609e+00 1.772537231445312500e+00 1.871502399444580078e+00 7.016491889953613281e-01 1.086143493652343750e+00 3.901578485965728760e-01
5.650645141601562500e+02 4.281502380371093750e+02 8.689743280410766602e-01 5.552448272705078125e+00 6.748223304748535156e-01 -3.318333625793457031e-01 1.393752098083496094e+00 1.134043812751770020e+00 2.145442962646484375e+00
5.182243652343750000e+02 4.819218750000000000e+02 2.065747976303100586e-01 4.315365314483642578e+00 8.184194564819335938e-02 4.591560363769531250e-01 -2.019262313842773438e-01 6.555266380310058594e-01 3.735479712486267090e-01
5.540466308593750000e+02 5.511911621093750000e+02 -1.011699438095092773e-01 3.675000190734863281e+00 2.365779876708984375e-01 -1.519036293029785156e-01 -1.571089029312133789e+00 1.220638036727905273e+00 1.216964602470397949e+00
5.165536499023437500e+02 2.241262512207031250e+02 3.220638632774353027e-01 4.599530220031738281e+00 -2.417623996734619141e-01 1.191592216491699219e-01 6.459760665893554688e-01 1.035630583763122559e+00 1.223089575767517090e+00
5.661120605468750000e+02 3.558251953125000000e+02 7.910877466201782227e-02 4.363793373107910156e+00 -4.713022708892822266e-01 -1.121970415115356445e+00 5.089163780212402344e-01 8.005236387252807617e-01 2.205497771501541138e-01
5.525976562500000000e+02 3.230917663574218750e+02 1.599311828613281250e-01 4.422332763671875000e+00 8.592653274536132812e-01 4.941082000732421875e-01 9.871673583984375000e-01 1.142935752868652344e+00 1.796382427215576172e+00
5.753837890625000000e+02 3.150633544921875000e+02 -1.123404502868652344e-01 3.788382053375244141e+00 2.663016319274902344e-01 -2.123236656188964844e-01 -8.624958992004394531e-01 1.109409213066101074e+00 4.564031362533569336e-01
5.644198608398437500e+02 2.893081970214843750e+02 1.866263151168823242e-01 4.513502597808837891e+00 1.131415367126464844e-01 4.267406463623046875e-01 -9.948849678039550781e-02 1.184697508811950684e+00 2.092137783765792847e-01
1.347389984130859375e+02 5.343483276367187500e+02 3.687924146652221680e-01 4.897474288940429688e+00 -1.393604278564453125e-01 6.530284881591796875e-03 1.501746177673339844e+00 1.086697697639465332e+00 5.379911884665489197e-02
5.393099365234375000e+02 2.560380554199218750e+02 5.920916795730590820e-02 4.229995727539062500e+00 -2.797567844390869141e-01 -3.801929950714111328e-01 3.356623649597167969e-01 9.770144224166870117e-01 1.195775985717773438e+00
5.095888061523437500e+02 4.107125854492187500e+02 1.458552479743957520e-01 4.287332057952880859e+00 9.034132957458496094e-01 7.220220565795898438e-01 -1.496045589447021484e+00 1.245549440383911133e+00 1.704364717006683350e-01
2.172859954833984375e+02 4.000454101562500000e+02 1.820057630538940430e-01 4.402730464935302734e+00 6.952285766601562500e-02 3.743147850036621094e-01 1.031246185302734375e+00 1.196677207946777344e+00 1.043360382318496704e-01
2.770870361328125000e+02 3.900394287109375000e+02 5.357801914215087891e-02 4.557500362396240234e+00 -1.224958896636962891e-01 3.547430038452148438e-01 2.146840095520019531e-01 7.910538315773010254e-01 4.774266853928565979e-02
5.344609375000000000e+02 4.892740783691406250e+02 1.672524213790893555e-01 4.226667404174804688e+00 9.388685226440429688e-02 -3.015995025634765625e-04 -5.044353008270263672e-01 1.207434058189392090e+00 5.162441134452819824e-01
5.484598388671875000e+02 3.144602661132812500e+02 2.141028642654418945e-02 4.293853282928466797e+00 1.427459716796875000e-01 -8.041620254516601562e-02 -2.014911174774169922e-01 1.351974964141845703e+00 5.221236869692802429e-02
5.757897338867187500e+02 2.699429931640625000e+02 -4.144683480262756348e-02 3.951038837432861328e+00 -3.064835071563720703e-01 -2.669489383697509766e-01 2.126502990722656250e-01 1.054478287696838379e+00 8.887518942356109619e-02
1.719021148681640625e+02 3.847869873046875000e+02 4.489096999168395996e-01 4.825826168060302734e+00 1.965999603271484375e-02 1.359868049621582031e-01 1.070158481597900391e+00 7.654286026954650879e-01 2.126962184906005859e+00
1.143933029174804688e+02 5.194180297851562500e+02 1.742950081825256348e-01 4.541045188903808594e+00 1.090598106384277344e-01 1.503324508666992188e-01 5.612540245056152344e-01 1.019989967346191406e+00 3.961042761802673340e-01
1.025948791503906250e+02 4.327567138671875000e+02 9.096026420593261719e-02 4.297798633575439453e+00 9.739160537719726562e-02 2.500462532043457031e-01 -6.327044963836669922e-01 8.700081110000610352e-01 7.445719242095947266e-01
5.698540039062500000e+02 3.876525573730468750e+02 -4.651218652725219727e-02 4.103912353515625000e+00 7.937431335449218750e-02 -5.764424800872802734e-01 1.268389225006103516e+00 1.020738005638122559e+00 5.239438414573669434e-01
5.303296508789062500e+02 5.564848022460937500e+02 4.048362374305725098e-01 4.762235641479492188e+00 4.326200485229492188e-01 2.818465232849121094e-01 4.599285125732421875e-01 9.353487491607666016e-01 1.617212176322937012e+00
5.049018249511718750e+02 4.289778137207031250e+02 -5.653351545333862305e-02 3.949200630187988281e+00 5.302095413208007812e-01 7.103347778320312500e-01 1.842784881591796875e-01 1.183716177940368652e+00 2.047953754663467407e-01
5.254652709960937500e+02 3.050397033691406250e+02 7.705569267272949219e-02 4.173269748687744141e+00 1.471495628356933594e-01 -5.416870117187500000e-03 -5.992615222930908203e-01 8.686959147453308105e-01 3.498847484588623047e-01
5.693770141601562500e+02 3.199816284179687500e+02 1.618057489395141602e-02 3.970079660415649414e+00 1.578068733215332031e-01 -6.497859954833984375e-02 -1.555085182189941406e-01 1.246082305908203125e+00 3.948203027248382568e-01
5.731672973632812500e+02 1.770593109130859375e+02 9.285986423492431641e-02 4.434567451477050781e+00 3.473114967346191406e-01 2.609634399414062500e-01 1.694369316101074219e-01 1.302012920379638672e+00 1.002384185791015625e+00
5.663450927734375000e+02 5.201083374023437500e+02 -1.710776984691619873e-01 4.051093578338623047e+00 2.681469917297363281e-01 -1.209497451782226562e-02 2.905368804931640625e-01 7.829771041870117188e-01 1.078658550977706909e-01
5.310236816406250000e+02 3.331792907714843750e+02 -4.617631435394287109e-02 4.042436122894287109e+00 4.452967643737792969e-01 -3.895378112792968750e-01 -3.326714038848876953e-01 1.316248297691345215e+00 5.735193490982055664e-01
5.309336547851562500e+02 3.103122558593750000e+02 1.629978418350219727e-02 3.646142959594726562e+00 -1.881599426269531250e-01 3.010511398315429688e-01 7.771277427673339844e-01 8.511613607406616211e-01 3.049900233745574951e-01
5.324869995117187500e+02 4.041777038574218750e+02 2.570241689682006836e-01 4.738435268402099609e+00 5.813980102539062500e-01 8.839344978332519531e-01 -5.630874633789062500e-01 1.283078432083129883e+00 2.503215670585632324e-01
5.645149536132812500e+02 3.016574096679687500e+02 9.555220603942871094e-03 3.956052064895629883e+00 -1.513206958770751953e-01 -2.269768714904785156e-01 -1.985741853713989258e+00 1.191305160522460938e+00 1.498086601495742798e-01
5.391409912109375000e+02 5.813394775390625000e+02 -2.160787582397460938e-02 4.179347038269042969e+00 -6.628155708312988281e-02 2.530741691589355469e-01 -3.287585973739624023e+00 1.876661181449890137e+00 1.451598644256591797e+00
5.513685913085937500e+02 4.045938110351562500e+02 -4.019275307655334473e-02 4.287403106689453125e+00 -1.433157920837402344e-01 -3.279149532318115234e-01 -1.402596235275268555e+00 1.529392600059509277e+00 1.112784266471862793e+00
5.686280517578125000e+02 6.354066848754882812e+00 1.438319683074951172e-02 4.205365180969238281e+00 -3.217923641204833984e-01 -2.033042907714843750e-01 9.975433349609375000e-02 8.479470610618591309e-01 1.300358623266220093e-01
5.637610473632812500e+02 4.130498046875000000e+02 2.150386571884155273e-02 4.341635227203369141e+00 -2.877271175384521484e-01 -1.605165004730224609e-01 -1.078313589096069336e+00 8.496231436729431152e-01 5.241180062294006348e-01
5.687738647460937500e+02 3.410689086914062500e+02 2.367073297500610352e-01 4.419232845306396484e+00 -4.025459289550781250e-02 -4.344165325164794922e-01 -1.362024545669555664e+00 9.669783711433410645e-01 8.222610354423522949e-01
5.400026855468750000e+02 3.282621459960937500e+02 2.151271700859069824e-01 4.118093967437744141e+00 -4.274845123291015625e-03 3.662109375000000000e-02 -2.266446352005004883e+00 7.362201213836669922e-01 6.749024987220764160e-02
5.201705932617187500e+02 5.708193969726562500e+02 1.046690344810485840e-01 4.461541175842285156e+00 -2.884864807128906250e-03 1.316905021667480469e-01 -2.436361312866210938e+00 1.641008853912353516e+00 8.109337687492370605e-01
5.386798095703125000e+02 6.439328613281250000e+02 6.348192691802978516e-02 4.434347629547119141e+00 5.021810531616210938e-02 -1.138687133789062500e-01 7.184362411499023438e-01 1.059069514274597168e+00 5.361767411231994629e-01
5.479302368164062500e+02 3.672571411132812500e+02 4.825055599212646484e-02 3.970800876617431641e+00 -2.391219139099121094e-02 -3.224945068359375000e-01 -2.089997529983520508e+00 1.348180294036865234e+00 1.207597702741622925e-01
5.313802490234375000e+02 2.603035888671875000e+02 2.460408210754394531e-01 4.397511005401611328e+00 -9.141564369201660156e-02 -7.602179050445556641e-01 -7.685458660125732422e-01 1.668965101242065430e+00 3.186130821704864502e-01
5.484515380859375000e+02 3.184822082519531250e+02 9.927749633789062500e-03 4.096909046173095703e+00 6.182909011840820312e-02 -2.048075199127197266e-01 -5.506467819213867188e-01 1.112295746803283691e+00 1.768998205661773682e-01
1.388687896728515625e+02 4.902291259765625000e+02 4.061269760131835938e-01 5.019971370697021484e+00 2.676701545715332031e-01 3.250741958618164062e-01 -2.046598196029663086e+00 1.133381605148315430e+00 1.650639027357101440e-01
1.143933029174804688e+02 5.194180297851562500e+02 1.742950081825256348e-01 4.541045188903808594e+00 1.090598106384277344e-01 1.503324508666992188e-01 5.612540245056152344e-01 1.019989967346191406e+00 3.961042761802673340e-01
5.274280395507812500e+02 2.977061462402343750e+02 5.355983972549438477e-02 3.613901376724243164e+00 -2.348268032073974609e-01 -1.382207870483398438e-01 -2.517020702362060547e-01 1.195319771766662598e+00 3.295392990112304688e-01
5.411611328125000000e+02 4.857867126464843750e+02 1.240056753158569336e-01 4.570394515991210938e+00 -5.388736724853515625e-02 3.382873535156250000e-01 -7.843279838562011719e-01 1.369302153587341309e+00 6.867361068725585938e-01
5.285115966796875000e+02 4.812738037109375000e+02 1.662141084671020508e-01 4.561922550201416016e+00 5.083775520324707031e-01 -3.038907051086425781e-01 1.741361618041992188e-01 8.125050067901611328e-01 3.412120342254638672e-01
5.805372924804687500e+02 1.229329872131347656e+01 1.947909593582153320e-01 4.612628459930419922e+00 -2.535319328308105469e-01 -1.225432157516479492e+00 -9.222304821014404297e-01 1.232700467109680176e+00 1.130761504173278809e+00
5.456057739257812500e+02 4.387625122070312500e+02 8.641213178634643555e-02 4.279663085937500000e+00 2.800703048706054688e-01 -3.758931159973144531e-01 1.145234107971191406e+00 1.541910648345947266e+00 1.410620808601379395e+00
5.726992797851562500e+02 2.852561645507812500e+02 5.246418714523315430e-01 4.533592700958251953e+00 2.881765365600585938e-01 5.054450035095214844e-01 -7.255351543426513672e-01 7.713332772254943848e-01 1.061042070388793945e+00
5.315651245117187500e+02 4.471507568359375000e+02 -5.988672375679016113e-02 3.908831596374511719e+00 2.257823944091796875e-02 4.852151870727539062e-01 -1.274712085723876953e+00 9.470812082290649414e-01 7.565737962722778320e-01
1.086499786376953125e+02 4.955493469238281250e+02 5.207863450050354004e-01 4.985165596008300781e+00 6.305813789367675781e-01 9.058499336242675781e-01 -8.105993270874023438e-02 1.194207429885864258e+00 3.883951902389526367e-01
5.417297363281250000e+02 4.396507263183593750e+02 4.019439220428466797e-03 4.182370662689208984e+00 2.986216545104980469e-01 -1.633834838867187500e-01 -3.355538845062255859e-01 1.201206207275390625e+00 2.233187109231948853e-01
1.912707061767578125e+02 4.823523864746093750e+02 2.341380715370178223e-01 4.688146591186523438e+00 7.387280464172363281e-01 8.459687232971191406e-01 2.657771110534667969e-01 6.380111575126647949e-01 3.001632690429687500e-01
2.008349151611328125e+02 3.043310546875000000e+02 2.951371669769287109e-01 4.761121749877929688e+00 1.751494407653808594e-01 2.847862243652343750e-01 3.931832313537597656e-01 7.408696413040161133e-01 3.872964978218078613e-01
5.173793945312500000e+02 3.449403381347656250e+02 -2.869829535484313965e-02 4.065294742584228516e+00 -3.253042697906494141e-01 -3.404593467712402344e-01 -4.287576675415039062e-01 1.095054864883422852e+00 3.683333098888397217e-01
5.089829101562500000e+02 3.317799987792968750e+02 -4.633203148841857910e-02 4.342283248901367188e+00 -1.058626174926757812e-01 -4.442095756530761719e-02 -8.198034763336181641e-01 1.606730461120605469e+00 1.288949996232986450e-01
5.160880737304687500e+02 7.141843872070312500e+02 -5.573660135269165039e-02 3.754455327987670898e+00 -3.961586952209472656e-01 -7.213485240936279297e-01 2.283496856689453125e+00 1.352173328399658203e+00 3.350936248898506165e-02
5.704490966796875000e+02 3.244173889160156250e+02 -3.410026431083679199e-02 4.005077362060546875e+00 2.375555038452148438e-01 -5.038034915924072266e-01 -5.862307548522949219e-01 1.184924960136413574e+00 1.734546571969985962e-01
5.653483276367187500e+02 2.875396728515625000e+02 1.424837112426757812e-01 4.161134243011474609e+00 -4.154086112976074219e-02 5.865097045898437500e-03 3.038144111633300781e-01 1.884228467941284180e+00 2.410021424293518066e-01
5.792402954101562500e+02 3.441153259277343750e+02 -1.617148518562316895e-02 4.410699367523193359e+00 5.966711044311523438e-01 1.710033416748046875e-01 -1.942939758300781250e+00 1.063041925430297852e+00 2.199758887290954590e-01
5.297515258789062500e+02 2.803010559082031250e+02 -5.774185061454772949e-02 3.805703639984130859e+00 -3.426074981689453125e-02 2.951383590698242188e-01 -4.139447212219238281e-01 9.366189837455749512e-01 3.631262183189392090e-01
5.798212280273437500e+02 1.315203247070312500e+02 4.269185662269592285e-01 4.838613986968994141e+00 5.162954330444335938e-02 -1.036425828933715820e+00 -1.722387075424194336e+00 1.326853632926940918e+00 1.438983559608459473e+00
5.139677734375000000e+02 3.232354431152343750e+02 6.819188594818115234e-02 4.525021076202392578e+00 2.715826034545898438e-01 -2.747404575347900391e-01 1.952028274536132812e-01 1.544782996177673340e+00 1.251010298728942871e+00
2.017714080810546875e+02 3.778467407226562500e+02 4.190051555633544922e-01 4.930788040161132812e+00 9.431505203247070312e-01 2.428038120269775391e+00 -1.536155939102172852e+00 1.316147446632385254e+00 4.854034185409545898e-01
5.359400024414062500e+02 2.597434387207031250e+02 1.263216137886047363e-01 4.340148925781250000e+00 7.436752319335937500e-01 -2.050387859344482422e-01 5.156612396240234375e-01 1.081284880638122559e+00 1.350948691368103027e+00
5.205828247070312500e+02 2.561625366210937500e+02 3.258675336837768555e-02 3.982519388198852539e+00 -2.735257148742675781e-02 4.972577095031738281e-01 -6.619608402252197266e-01 1.814322590827941895e+00 3.315378427505493164e-01
5.540224609375000000e+02 4.527876281738281250e+02 3.034409880638122559e-01 4.979924201965332031e+00 3.908705711364746094e-01 -4.148137569427490234e-01 3.126406669616699219e-01 1.326433300971984863e+00 5.085731744766235352e-01
5.474907226562500000e+02 1.368903350830078125e+02 3.792920708656311035e-01 4.905473232269287109e+00 4.641532897949218750e-02 -4.838347434997558594e-01 -1.397889852523803711e+00 8.431489467620849609e-01 1.874701976776123047e+00
5.128152465820312500e+02 2.122726440429687500e+02 -1.430875062942504883e-01 4.102377414703369141e+00 -2.479004859924316406e-01 -6.137669086456298828e-01 4.356455802917480469e-01 1.073093056678771973e+00 3.145079016685485840e-01
5.870446166992187500e+02 3.326753234863281250e+02 -1.407057046890258789e-01 3.901506423950195312e+00 4.426693916320800781e-01 2.037286758422851562e-02 -1.834973096847534180e+00 1.255321741104125977e+00 1.570617407560348511e-01
5.478297729492187500e+02 2.117393798828125000e+02 -1.012364029884338379e-01 4.094113826751708984e+00 4.435372352600097656e-01 -1.962780952453613281e-02 2.670288085937500000e-04 1.567171096801757812e+00 3.241007030010223389e-01
5.449572143554687500e+02 3.110385437011718750e+02 1.061254739761352539e-01 4.235616683959960938e+00 -4.581058025360107422e-01 -6.742477416992187500e-01 -1.430298089981079102e+00 1.173080801963806152e+00 6.706880331039428711e-01
2.087773742675781250e+02 4.710247192382812500e+02 2.968102693557739258e-02 4.293260097503662109e+00 -2.336275577545166016e-01 -4.159522056579589844e-01 -1.840209960937500000e-01 7.819554209709167480e-01 3.765542507171630859e-01
5.188603515625000000e+02 4.356741943359375000e+02 -6.647542119026184082e-02 3.713910102844238281e+00 -2.652883529663085938e-02 1.414394378662109375e-01 5.138635635375976562e-01 1.294336915016174316e+00 3.948463201522827148e-01
5.565713500976562500e+02 3.685618286132812500e+02 1.966953277587890625e-04 3.998968362808227539e+00 1.427197456359863281e-01 -9.480142593383789062e-01 7.363438606262207031e-01 1.512898325920104980e+00 4.987395554780960083e-02
5.511079101562500000e+02 3.547282714843750000e+02 3.334730863571166992e-02 3.965630054473876953e+00 3.053092956542968750e-01 1.492333412170410156e-01 -4.308462142944335938e-02 9.935483336448669434e-01 1.505423635244369507e-01
5.091225585937500000e+02 3.479154968261718750e+02 -6.490051746368408203e-03 3.622075319290161133e+00 -1.999223232269287109e-01 1.018524169921875000e-02 5.470013618469238281e-01 6.531104445457458496e-01 2.333278954029083252e-01
5.187736816406250000e+02 3.401360473632812500e+02 2.563875913619995117e-01 4.872353553771972656e+00 1.051759719848632812e-01 1.745104789733886719e-01 -6.807518005371093750e-01 1.117986321449279785e+00 1.741775125265121460e-02
5.611093750000000000e+02 3.054597473144531250e+02 2.561399340629577637e-01 4.938811302185058594e+00 8.317732810974121094e-01 1.220095157623291016e+00 7.105994224548339844e-01 1.224150180816650391e+00 1.048094511032104492e+00
5.428408813476562500e+02 4.100961608886718750e+02 3.770589828491210938e-03 4.012901306152343750e+00 -1.666724681854248047e-01 5.914735794067382812e-01 1.633007526397705078e+00 1.010855317115783691e+00 3.788917660713195801e-01
5.176333618164062500e+02 2.241891860961914062e+01 5.255937576293945312e-03 4.204437732696533203e+00 4.274606704711914062e-02 5.032324790954589844e-01 -5.168664455413818359e-01 1.029252886772155762e+00 6.441470384597778320e-01
5.791968383789062500e+02 3.049256896972656250e+02 7.717549800872802734e-02 4.097283363342285156e+00 -1.557230949401855469e-01 -7.077145576477050781e-01 -1.447594165802001953e+00 8.720610141754150391e-01 1.876114010810852051e-01
5.511462402343750000e+02 3.683760681152343750e+02 -3.091573715209960938e-02 3.989755630493164062e+00 2.342486381530761719e-01 4.025220870971679688e-01 1.811966896057128906e+00 9.004176259040832520e-01 8.945994973182678223e-01
5.745953979492187500e+02 2.574262084960937500e+02 1.622945070266723633e-01 4.325680255889892578e+00 1.344466209411621094e-01 2.079963684082031250e-02 1.588649749755859375e+00 1.201960325241088867e+00 1.026026964187622070e+00
5.160382690429687500e+02 3.861149291992187500e+02 -4.349097609519958496e-02 3.963602304458618164e+00 -1.419293880462646484e-01 1.186394691467285156e-01 -1.956391334533691406e-01 1.565201878547668457e+00 1.465540528297424316e+00
5.739617919921875000e+02 2.703260498046875000e+02 1.743495464324951172e-02 4.084129333496093750e+00 1.775836944580078125e-01 -4.385316371917724609e-01 1.626694202423095703e+00 1.329146742820739746e+00 7.374558448791503906e-01
5.536085205078125000e+02 2.837180480957031250e+02 3.843247890472412109e-02 4.268112182617187500e+00 3.703832626342773438e-01 8.745908737182617188e-02 -4.158043861389160156e-01 8.874553442001342773e-01 2.041420191526412964e-01
5.637997436523437500e+02 2.122203826904296875e+02 9.777069091796875000e-02 4.705071926116943359e+00 -1.583218574523925781e-01 -6.164014339447021484e-01 -4.316520690917968750e-01 1.522977352142333984e+00 1.991888165473937988e+00
5.476632080078125000e+02 4.551094665527343750e+02 1.534229516983032227e-01 4.371066570281982422e+00 4.915952682495117188e-02 -3.758883476257324219e-01 -7.131814956665039062e-01 7.433536052703857422e-01 5.535051822662353516e-01
1.256343154907226562e+02 5.846462402343750000e+02 -7.563456892967224121e-02 4.050956726074218750e+00 3.918647766113281250e-02 -1.600027084350585938e-02 -3.077532052993774414e+00 1.067716598510742188e+00 2.192936539649963379e-01
1.002211914062500000e+02 4.535008850097656250e+02 6.674006581306457520e-01 5.075928688049316406e+00 -2.589154243469238281e-01 -1.340997219085693359e-01 1.057825088500976562e+00 6.561329960823059082e-01 8.296137452125549316e-01
5.075624084472656250e+02 2.295110168457031250e+02 5.637347698211669922e-02 4.419236183166503906e+00 -4.400920867919921875e-01 -3.839445114135742188e-01 -2.090169191360473633e+00 1.206453323364257812e+00 4.076631367206573486e-01
5.752583618164062500e+02 3.452737731933593750e+02 5.750626325607299805e-02 4.232205390930175781e+00 2.414083480834960938e-01 -1.647865772247314453e-01 2.083692550659179688e+00 1.179648876190185547e+00 1.083461567759513855e-01
5.690502929687500000e+02 5.719594726562500000e+02 1.254564523696899414e-01 4.344680309295654297e+00 -5.460155010223388672e-01 -1.014698743820190430e+00 -1.832908391952514648e+00 1.027293443679809570e+00 3.217872679233551025e-01
6.003205566406250000e+02 5.915140380859375000e+02 2.764531970024108887e-01 4.558524131774902344e+00 -3.722000122070312500e-01 -4.769897460937500000e-01 -1.395533084869384766e+00 1.027098655700683594e+00 5.969084501266479492e-01
5.078586120605468750e+02 3.694122009277343750e+02 4.280954599380493164e-02 4.161589145660400391e+00 -1.440596580505371094e-01 -4.157841205596923828e-01 -1.776255369186401367e+00 1.844929933547973633e+00 6.294507980346679688e-01
5.522309570312500000e+02 3.196538085937500000e+02 1.238971948623657227e-01 4.018532752990722656e+00 2.084803581237792969e-01 2.211809158325195312e-02 3.798723220825195312e-02 1.207149624824523926e+00 5.616103410720825195e-01
1.111507415771484375e+02 3.674912719726562500e+02 4.650199413299560547e-01 4.927989959716796875e+00 9.551334381103515625e-01 8.024692535400390625e-01 2.636826038360595703e+00 8.741193413734436035e-01 1.558552742004394531e+00
2.092107238769531250e+02 3.682891540527343750e+02 4.028287529945373535e-01 4.960796833038330078e+00 -4.979002475738525391e-01 -4.533731937408447266e-01 1.706242561340332031e-01 7.469242811203002930e-01 1.272497057914733887e+00
5.881076049804687500e+02 3.303307495117187500e+02 -5.141556262969970703e-02 3.651848077774047852e+00 -8.901000022888183594e-02 -6.052565574645996094e-01 -3.012311458587646484e-01 1.079824924468994141e+00 3.942252695560455322e-01
1.997422790527343750e+02 4.181860961914062500e+02 2.535164356231689453e-02 4.281339168548583984e+00 1.092171669006347656e-01 4.345965385437011719e-01 1.377930641174316406e+00 9.667235612869262695e-01 8.623149394989013672e-01
5.521373901367187500e+02 2.702791137695312500e+02 5.304127931594848633e-02 3.813364267349243164e+00 1.200127601623535156e-01 -2.832210063934326172e-01 -1.391242742538452148e+00 9.903700351715087891e-01 1.659801602363586426e+00
5.842106323242187500e+02 2.417793273925781250e+02 2.051562070846557617e-02 3.845449686050415039e+00 5.481839179992675781e-01 2.477836608886718750e-01 -4.143798351287841797e-01 9.425356984138488770e-01 1.257014572620391846e-01
5.579606933593750000e+02 2.976389465332031250e+02 8.415907621383666992e-02 3.999805688858032227e+00 4.781079292297363281e-01 1.709747314453125000e-01 2.720379829406738281e-01 9.511058926582336426e-01 9.597845077514648438e-01
5.801010742187500000e+02 3.132640991210937500e+02 8.874148130416870117e-02 4.030753612518310547e+00 3.339338302612304688e-01 -2.053630352020263672e-01 1.882665157318115234e+00 7.894073724746704102e-01 9.010963439941406250e-01
5.824984741210937500e+02 4.559724426269531250e+02 1.892206072807312012e-01 4.493207931518554688e+00 2.933001518249511719e-01 -1.093013286590576172e+00 -4.859817028045654297e-01 1.409713506698608398e+00 1.945710033178329468e-01
2.044026184082031250e+02 3.990247802734375000e+02 1.088282465934753418e-01 4.437909126281738281e+00 -8.601546287536621094e-02 1.952862739562988281e-01 -1.213793754577636719e+00 8.859597444534301758e-01 2.831787168979644775e-01
5.092781982421875000e+02 2.973240051269531250e+02 3.378003835678100586e-02 4.270289897918701172e+00 1.465678215026855469e-01 2.821087837219238281e-01 -1.737940311431884766e-01 1.378633975982666016e+00 1.887026727199554443e-01
5.609144897460937500e+02 2.912475585937500000e+02 2.709031105041503906e-01 4.157246589660644531e+00 4.171109199523925781e-01 3.584861755371093750e-02 -1.774505376815795898e+00 1.271400451660156250e+00 1.370371699333190918e+00
1.123888626098632812e+02 5.725991210937500000e+02 2.882814407348632812e-01 4.961034774780273438e+00 6.980371475219726562e-01 5.609798431396484375e-01 -2.538175582885742188e+00 8.684471249580383301e-01 1.700479865074157715e+00
1.201179733276367188e+02 3.542951049804687500e+02 -7.348477840423583984e-02 3.941482305526733398e+00 1.165747642517089844e-01 1.447200775146484375e-02 1.142616271972656250e+00 1.117119908332824707e+00 1.049389481544494629e+00
5.104968566894531250e+02 3.539429321289062500e+02 4.590392112731933594e-02 4.425330638885498047e+00 -6.359624862670898438e-01 -9.206473827362060547e-01 1.731777191162109375e-01 1.410559415817260742e+00 7.672257423400878906e-01
5.462269897460937500e+02 2.586119079589843750e+02 7.148563861846923828e-02 3.850064277648925781e+00 -2.031600475311279297e-01 -5.688428878784179688e-01 -2.065664529800415039e+00 9.146919250488281250e-01 9.293964505195617676e-02
5.779119262695312500e+02 3.216180419921875000e+02 6.988704204559326172e-02 4.337948799133300781e+00 1.698446273803710938e-01 -2.657067775726318359e-01 7.904934883117675781e-01 1.367195129394531250e+00 3.206983804702758789e-01
5.837101440429687500e+02 3.041699829101562500e+02 -7.581532001495361328e-02 3.935750484466552734e+00 -2.198636531829833984e-01 -2.646207809448242188e-01 -1.313695907592773438e+00 1.122159719467163086e+00 3.473338729236274958e-04
5.506616821289062500e+02 1.275715332031250000e+02 6.196320056915283203e-02 4.252447128295898438e+00 1.144599914550781250e-01 2.232646942138671875e-01 2.776250839233398438e+00 5.791615843772888184e-01 4.280163049697875977e-01
5.251366577148437500e+02 5.540283203125000000e+02 1.204153895378112793e-01 4.484597206115722656e+00 7.444143295288085938e-02 2.376723289489746094e-01 -5.106019973754882812e-01 1.357544898986816406e+00 2.976487874984741211e-01
5.301904296875000000e+02 4.049634399414062500e+02 -4.957318305969238281e-03 4.194550037384033203e+00 3.828763961791992188e-01 3.095626831054687500e-01 -9.708905220031738281e-01 1.069720625877380371e+00 2.571335434913635254e-01
5.540161132812500000e+02 3.418087768554687500e+02 -4.300609230995178223e-02 4.277974128723144531e+00 -8.097887039184570312e-02 -3.293561935424804688e-01 2.480800151824951172e+00 1.431207656860351562e+00 7.616659998893737793e-01
5.592695922851562500e+02 3.240190429687500000e+02 8.554816246032714844e-02 4.107162952423095703e+00 -5.865097045898437500e-01 -6.034374237060546875e-01 -2.418339252471923828e-01 7.426987886428833008e-01 7.521414756774902344e-01
5.249571533203125000e+02 3.884200134277343750e+02 -1.261994242668151855e-01 4.209429740905761719e+00 1.360893249511718750e-01 -2.911722660064697266e-01 1.352074146270751953e+00 1.084287047386169434e+00 8.391644954681396484e-01
5.529036254882812500e+02 3.766580200195312500e+02 3.773275017738342285e-01 5.019045352935791016e+00 2.663588523864746094e-01 3.732156753540039062e-01 2.396583557128906250e+00 9.994364380836486816e-01 4.002280533313751221e-01
5.390658569335937500e+02 3.063303527832031250e+02 -1.067298650741577148e-01 4.003589153289794922e+00 -5.785465240478515625e-02 4.079246520996093750e-01 -3.503084182739257812e-01 2.009525299072265625e+00 2.047519981861114502e-01
5.366184692382812500e+02 3.624191894531250000e+02 -6.671771407127380371e-02 4.290469169616699219e+00 1.655220985412597656e-01 -3.220021724700927734e-01 -1.076942682266235352e+00 1.450725674629211426e+00 4.060131311416625977e-01
5.156427612304687500e+02 3.863294982910156250e+02 1.980513334274291992e-02 4.246548175811767578e+00 -8.793830871582031250e-02 1.530766487121582031e-01 -5.671882629394531250e-01 1.654055237770080566e+00 1.713960051536560059e+00
1.424767150878906250e+02 4.119523925781250000e+02 4.610508680343627930e-01 5.414969921112060547e+00 -1.186525821685791016e-01 -2.234470844268798828e-01 9.966611862182617188e-01 1.486541152000427246e+00 1.787284612655639648e+00
5.224788208007812500e+02 3.968330078125000000e+02 5.356043577194213867e-02 3.909335374832153320e+00 -6.899237632751464844e-02 -8.601069450378417969e-02 -5.503022670745849609e-01 1.400349378585815430e+00 4.968855902552604675e-02
5.325366821289062500e+02 3.812840270996093750e+02 -1.331450045108795166e-01 4.196702003479003906e+00 2.236127853393554688e-02 -1.578259468078613281e-01 2.735757827758789062e-01 1.064223766326904297e+00 4.033953547477722168e-01
2.213824310302734375e+02 4.282873229980468750e+02 1.012980937957763672e-01 4.079549312591552734e+00 6.948232650756835938e-02 -1.099479198455810547e-01 1.364908218383789062e+00 8.819153308868408203e-01 1.456709355115890503e-01
1.143428955078125000e+02 5.257750244140625000e+02 1.424941420555114746e-01 4.525075435638427734e+00 1.614665985107421875e-01 9.806871414184570312e-02 3.034830093383789062e-02 1.178685307502746582e+00 6.365159153938293457e-01
5.226271362304687500e+02 2.556498565673828125e+02 1.374045014381408691e-01 4.631999492645263672e+00 2.813863754272460938e-01 -1.601183414459228516e-01 1.930983066558837891e+00 1.132974386215209961e+00 1.751736104488372803e-01
5.042579650878906250e+02 2.853142700195312500e+02 5.109131336212158203e-02 4.127791881561279297e+00 3.933477401733398438e-01 2.800035476684570312e-01 4.225373268127441406e-01 1.767223596572875977e+00 5.841692537069320679e-02
5.484924926757812500e+02 2.929793701171875000e+02 6.979912519454956055e-02 4.165942192077636719e+00 3.900718688964843750e-01 -6.859421730041503906e-02 -4.107046127319335938e-01 1.223047137260437012e+00 1.095230698585510254e+00
5.198657226562500000e+02 2.386965789794921875e+02 4.143357276916503906e-02 3.829622745513916016e+00 3.706216812133789062e-02 -1.883876323699951172e-01 -6.034255027770996094e-02 8.820413947105407715e-01 5.612258911132812500e-01
5.618677978515625000e+02 4.238920593261718750e+02 1.366156339645385742e-01 4.575349330902099609e+00 1.547455787658691406e-01 -1.137098073959350586e+00 -9.884762763977050781e-01 1.600569248199462891e+00 5.214709639549255371e-01
5.492108154296875000e+02 3.867713317871093750e+02 -7.507562637329101562e-02 4.141758918762207031e+00 1.366877555847167969e-01 -4.929006099700927734e-01 4.035091400146484375e-01 1.275894403457641602e+00 6.155042052268981934e-01
5.544467773437500000e+02 1.882952728271484375e+02 -2.207681536674499512e-02 3.804095029830932617e+00 -3.205573558807373047e-01 -5.325138568878173828e-01 -3.005299568176269531e+00 8.317762017250061035e-01 1.714869499206542969e+00
5.640902099609375000e+02 2.398698272705078125e+02 -1.935341954231262207e-01 3.828152179718017578e+00 1.930403709411621094e-01 -4.201757907867431641e-01 -8.706641197204589844e-01 1.269738435745239258e+00 1.172823533415794373e-01
5.613329467773437500e+02 3.101845092773437500e+02 -5.771204829216003418e-02 4.020838260650634766e+00 8.558273315429687500e-02 6.494045257568359375e-02 -4.542827606201171875e-01 1.810222268104553223e+00 3.675839304924011230e-01
5.493211669921875000e+02 3.415581359863281250e+02 1.290559768676757812e-02 3.568480968475341797e+00 1.732301712036132812e-01 -3.560948371887207031e-01 -1.071584224700927734e+00 1.217134475708007812e+00 9.610860347747802734e-01
5.666239013671875000e+02 6.593545532226562500e+02 2.902644872665405273e-01 4.802149295806884766e+00 -1.865208148956298828e-01 -3.270328044891357422e-01 -1.910953521728515625e+00 1.219717383384704590e+00 6.614267230033874512e-01
5.721745605468750000e+02 2.344741058349609375e+02 1.507279276847839355e-01 4.690799713134765625e+00 -1.501917839050292969e-02 -7.469069957733154297e-01 -1.626205444335937500e-01 1.108365893363952637e+00 1.195679455995559692e-01
5.101416015625000000e+02 3.167671813964843750e+02 -8.562207221984863281e-02 3.967951774597167969e+00 -9.842872619628906250e-02 -2.274096012115478516e-01 -9.863638877868652344e-01 1.071567893028259277e+00 1.067030549049377441e+00
5.210941772460937500e+02 6.305662231445312500e+02 2.151602506637573242e-01 4.663213253021240234e+00 5.517864227294921875e-01 2.946853637695312500e-03 -4.104912281036376953e-01 1.025289058685302734e+00 3.665914759039878845e-02
5.474205932617187500e+02 3.434106445312500000e+02 -9.787410497665405273e-02 3.822304487228393555e+00 -2.058672904968261719e-01 1.673436164855957031e-01 -9.955167770385742188e-02 8.723872900009155273e-01 1.388990581035614014e-01
5.190526123046875000e+02 3.644185485839843750e+02 2.294722199440002441e-01 3.833090305328369141e+00 -3.667676448822021484e-01 -1.103639602661132812e-02 -1.454886198043823242e+00 7.082915306091308594e-01 2.428576052188873291e-01
9.990047454833984375e+01 3.944796142578125000e+02 1.928034424781799316e-01 4.344127178192138672e+00 -3.757429122924804688e-01 -4.238307476043701172e-01 -1.118822097778320312e+00 1.393899679183959961e+00 3.592845797538757324e-01
5.423082275390625000e+02 5.530366210937500000e+02 4.984021186828613281e-02 4.446141242980957031e+00 2.153205871582031250e-01 -4.583024978637695312e-01 3.305649757385253906e-01 1.488613843917846680e+00 7.202141284942626953e-01
5.621881713867187500e+02 4.461215515136718750e+02 8.913606405258178711e-02 4.491918087005615234e+00 8.123636245727539062e-02 -9.626269340515136719e-02 2.500810623168945312e+00 1.091065526008605957e+00 7.115980386734008789e-01
5.782909545898437500e+02 2.797597961425781250e+02 4.441499710083007812e-02 3.894563198089599609e+00 3.369736671447753906e-01 -8.937716484069824219e-02 -1.547762155532836914e+00 7.899765968322753906e-01 4.898764193058013916e-01
5.860170288085937500e+02 5.206847534179687500e+02 1.580312848091125488e-01 4.981024742126464844e+00 1.767992973327636719e-01 -3.310966491699218750e-01 -1.540281772613525391e+00 1.952843427658081055e+00 2.720194339752197266e+00
5.791835327148437500e+02 3.975024719238281250e+02 -2.891340851783752441e-01 3.670703411102294922e+00 -5.302429199218750000e-03 -2.733755111694335938e-01 -1.732385158538818359e-01 1.177413105964660645e+00 1.876529753208160400e-01
5.000914611816406250e+02 2.027148742675781250e+02 1.982691884040832520e-01 4.544010162353515625e+00 -2.353620529174804688e-01 -6.936550140380859375e-01 -3.381347656250000000e-01 1.088874578475952148e+00 6.861751675605773926e-01
5.383347167968750000e+02 3.345209960937500000e+02 -6.116107106208801270e-02 4.012756347656250000e+00 2.996230125427246094e-01 -9.045362472534179688e-02 7.198762893676757812e-01 1.129813671112060547e+00 7.110230922698974609e-01
5.286138305664062500e+02 4.193009033203125000e+02 -2.754935622215270996e-01 3.605885028839111328e+00 4.139661788940429688e-02 -7.191026210784912109e-01 -1.209795475006103516e-01 1.672382473945617676e+00 1.066525220870971680e+00
4.978129882812500000e+02 5.077089233398437500e+02 3.575772047042846680e-01 4.878757476806640625e+00 3.723859786987304688e-02 -9.388327598571777344e-02 -1.089525222778320312e+00 1.202321887016296387e+00 1.351031780242919922e+00
1.034840545654296875e+02 2.256029663085937500e+02 3.086110949516296387e-01 5.076089859008789062e+00 7.425951957702636719e-01 7.816910743713378906e-01 1.113228797912597656e+00 8.968757390975952148e-01 5.401121973991394043e-01
5.834362182617187500e+02 3.577115783691406250e+02 4.867017269134521484e-02 4.250377178192138672e+00 -4.366004467010498047e-01 -5.009412765502929688e-01 -8.075439929962158203e-01 1.109761476516723633e+00 3.356430232524871826e-01
5.632500610351562500e+02 3.065104064941406250e+02 6.629705429077148438e-02 4.390851497650146484e+00 -1.568865776062011719e-01 -3.581190109252929688e-01 -1.683905124664306641e+00 1.018557310104370117e+00 1.836560480296611786e-02
5.362989501953125000e+02 1.716774291992187500e+02 -1.958698034286499023e-02 4.227376461029052734e+00 3.139233589172363281e-01 2.030920982360839844e-01 1.267182826995849609e+00 8.871751427650451660e-01 1.614170372486114502e-01
1.051488418579101562e+02 5.515094604492187500e+02 2.719515562057495117e-01 4.345403671264648438e+00 -6.491267681121826172e-01 -3.326594829559326172e-01 9.055852890014648438e-02 1.141763687133789062e+00 6.370485424995422363e-01
1.168934478759765625e+02 4.009619750976562500e+02 -2.694222331047058105e-01 3.897792339324951172e+00 6.423950195312500000e-02 2.856492996215820312e-01 -4.625451564788818359e-01 9.914097189903259277e-01 5.296717286109924316e-01
5.033870239257812500e+02 4.824120178222656250e+02 -1.169875264167785645e-02 4.323029041290283203e+00 5.249452590942382812e-01 5.473518371582031250e-01 1.557524204254150391e+00 1.370293021202087402e+00 6.544808149337768555e-01
1.657695465087890625e+02 3.546147766113281250e+02 1.051443815231323242e-01 4.917190074920654297e+00 1.835083961486816406e-01 1.160144805908203125e-02 1.105093955993652344e+00 9.384709000587463379e-01 7.873397469520568848e-01
5.274419555664062500e+02 2.229905605316162109e+00 -9.153708815574645996e-02 4.166602134704589844e+00 -2.860558032989501953e-01 -9.663569927215576172e-01 -9.221971035003662109e-01 1.778076410293579102e+00 1.423791766166687012e+00
1.199289932250976562e+02 5.999403686523437500e+02 4.093825817108154297e-01 4.812232017517089844e+00 -1.688361167907714844e-01 -3.395915031433105469e-01 -1.190865039825439453e-01 1.475790739059448242e+00 2.954097986221313477e-01
1.254145355224609375e+02 4.659003601074218750e+02 5.981686711311340332e-01 4.874394893646240234e+00 6.858110427856445312e-02 3.150916099548339844e-01 1.581082344055175781e+00 8.754595518112182617e-01 4.702132642269134521e-01
4.993623352050781250e+02 3.679076232910156250e+02 2.262747287750244141e-01 4.154526710510253906e+00 6.424999237060546875e-01 8.077907562255859375e-01 4.045057296752929688e-01 1.138313055038452148e+00 8.343226313591003418e-01
5.598153686523437500e+02 3.278728942871093750e+02 -1.337061822414398193e-01 3.874409198760986328e+00 1.850271224975585938e-01 1.605391502380371094e-01 1.430373191833496094e+00 9.662392139434814453e-01 7.956270128488540649e-02
5.365319824218750000e+02 4.932480468750000000e+02 -5.394369363784790039e-02 4.315809249877929688e+00 3.552985191345214844e-01 4.969120025634765625e-01 6.331491470336914062e-01 1.400763034820556641e+00 1.020802497863769531e+00
1.408473815917968750e+02 5.239015502929687500e+02 2.440962195396423340e-01 4.997072219848632812e+00 -4.592037200927734375e-01 -5.430138111114501953e-01 1.516938209533691406e-01 1.282661914825439453e+00 3.796199560165405273e-01
5.084209899902343750e+02 3.272757568359375000e+02 2.306282520294189453e-02 3.999851703643798828e+00 -1.376008987426757812e-01 -5.065882205963134766e-01 -9.866118431091308594e-01 1.095444202423095703e+00 1.182845234870910645e-01
5.551305541992187500e+02 3.339024047851562500e+02 7.438063621520996094e-03 3.998427152633666992e+00 -2.887856960296630859e-01 -6.466400623321533203e-01 7.909727096557617188e-01 1.349275112152099609e+00 1.116987347602844238e+00
5.284835205078125000e+02 2.940757141113281250e+02 5.750417709350585938e-02 4.086927890777587891e+00 1.217532157897949219e-01 -1.884984970092773438e-01 -2.346992492675781250e+00 1.065729260444641113e+00 1.018771171569824219e+00
5.744454345703125000e+02 4.600609436035156250e+02 2.818062901496887207e-01 4.763874053955078125e+00 3.079795837402343750e-01 5.215787887573242188e-01 7.769489288330078125e-01 1.168722391128540039e+00 1.335796833038330078e+00
1.485761718750000000e+02 4.904667358398437500e+02 1.684638857841491699e-01 4.435804843902587891e+00 6.038379669189453125e-01 9.383201599121093750e-02 -1.445020437240600586e+00 1.035279154777526855e+00 3.435057355090975761e-03
5.742127685546875000e+02 2.928484497070312500e+02 1.940700411796569824e-01 4.298810005187988281e+00 -8.826255798339843750e-02 -4.038488864898681641e-01 -6.198382377624511719e-01 1.345214605331420898e+00 4.619646370410919189e-01
5.698722534179687500e+02 2.294083404541015625e+02 -3.897309303283691406e-02 4.267808914184570312e+00 1.067757606506347656e-01 -1.041316986083984375e-01 -1.789269447326660156e+00 1.267848491668701172e+00 1.887819468975067139e-01
5.389511108398437500e+02 4.902720336914062500e+02 -9.676545858383178711e-02 3.996654748916625977e+00 1.710915565490722656e-01 -1.625895500183105469e-02 -2.798128128051757812e-01 1.427704691886901855e+00 3.167374059557914734e-02
5.233461914062500000e+02 4.557437744140625000e+02 2.678871154785156250e-02 4.285748004913330078e+00 -1.083147525787353516e-01 -3.394889831542968750e-01 -5.796766281127929688e-01 1.475020647048950195e+00 1.123429179191589355e+00
1.099590530395507812e+02 5.187905883789062500e+02 2.770927548408508301e-01 3.945817232131958008e+00 -1.963055133819580078e-01 1.187872886657714844e-01 -3.639304637908935547e-01 9.647692441940307617e-01 1.130723953247070312e+00
5.212274780273437500e+02 3.395733032226562500e+02 1.101264357566833496e-01 4.446441173553466797e+00 3.061580657958984375e-01 2.386569976806640625e-01 -2.282166481018066406e+00 1.071630835533142090e+00 2.961226105690002441e-01
5.470571289062500000e+02 5.243667221069335938e+01 1.286029815673828125e-01 4.075122356414794922e+00 -1.144158840179443359e-01 -1.423122882843017578e+00 8.174061775207519531e-01 2.037202119827270508e+00 1.573845028877258301e+00
5.552904052734375000e+02 2.921210632324218750e+02 7.078051567077636719e-02 4.679875850677490234e+00 3.655076026916503906e-01 -4.693174362182617188e-01 -1.069316864013671875e+00 1.176756858825683594e+00 4.320365190505981445e-01
5.338898315429687500e+02 4.420126037597656250e+02 -1.665890216827392578e-02 4.109441280364990234e+00 2.235198020935058594e-01 4.021835327148437500e-01 1.321947574615478516e+00 1.337691545486450195e+00 1.916624307632446289e+00
1.655056457519531250e+02 4.623806457519531250e+02 4.283979535102844238e-01 4.912831783294677734e+00 2.017450332641601562e-01 5.560040473937988281e-01 -2.076625823974609375e-01 8.428165912628173828e-01 6.061035394668579102e-01
1.223117446899414062e+02 6.864876708984375000e+02 1.251530647277832031e-01 4.737500667572021484e+00 -2.430438995361328125e-01 -6.038093566894531250e-01 8.493566513061523438e-01 9.643347263336181641e-01 5.314450860023498535e-01
5.415678710937500000e+02 3.413034667968750000e+02 1.053902506828308105e-01 4.101551055908203125e+00 -3.447830677032470703e-01 -1.499497890472412109e-01 -1.535756587982177734e+00 9.655013680458068848e-01 2.460910677909851074e-01
1.363635253906250000e+02 5.376969604492187500e+02 2.727395296096801758e-01 4.485891819000244141e+00 5.786991119384765625e-01 9.890317916870117188e-02 1.667048931121826172e+00 1.382059097290039062e+00 2.689359188079833984e-01
1.096049880981445312e+02 4.945456542968750000e+02 1.447081565856933594e-02 4.428215026855468750e+00 9.335756301879882812e-02 2.850151062011718750e-01 -1.187758445739746094e+00 1.292472839355468750e+00 2.702268660068511963e-01
1.787884674072265625e+02 5.405395507812500000e+02 7.071062922477722168e-01 5.873287200927734375e+00 2.213702201843261719e+00 2.208180427551269531e+00 1.332144737243652344e+00 9.656766653060913086e-01 3.326755017042160034e-02
5.180432128906250000e+02 3.486875915527343750e+02 -6.242960691452026367e-02 3.434403896331787109e+00 -2.402484416961669922e-01 -6.141662597656250000e-03 5.900192260742187500e-01 8.803412318229675293e-01 4.811528325080871582e-01
5.469075927734375000e+02 4.135193786621093750e+02 2.586877346038818359e-01 4.514745712280273438e+00 4.531311988830566406e-01 4.714369773864746094e-01 4.825329780578613281e-01 8.744887113571166992e-01 1.196045354008674622e-01
5.176072998046875000e+02 4.372246704101562500e+02 6.523638963699340820e-02 3.977938413619995117e+00 -2.188241481781005859e-01 3.341770172119140625e-01 1.974525451660156250e+00 7.514104843139648438e-01 7.190370559692382812e-01
5.206133422851562500e+02 1.844238739013671875e+02 3.607153892517089844e-02 4.551716804504394531e+00 5.449533462524414062e-02 4.182338714599609375e-02 2.370295524597167969e+00 7.140852212905883789e-01 1.777964234352111816e+00
5.572931518554687500e+02 7.620416870117187500e+02 -1.513840258121490479e-01 3.729844331741333008e+00 6.743669509887695312e-02 1.033520698547363281e-01 -4.632687568664550781e-01 1.413141250610351562e+00 5.685888603329658508e-02
5.636962280273437500e+02 3.511699829101562500e+02 1.680672168731689453e-02 4.324951171875000000e+00 -2.517354488372802734e-01 -9.329521656036376953e-01 7.038879394531250000e-01 1.422850608825683594e+00 1.398607343435287476e-01
5.333511962890625000e+02 2.216124114990234375e+02 2.192670106887817383e-01 4.305941581726074219e+00 4.190015792846679688e-01 -2.380990982055664062e-01 2.105164527893066406e-01 9.058468937873840332e-01 1.253015995025634766e-01
5.863450927734375000e+02 5.441862792968750000e+02 4.319101572036743164e-02 3.922663211822509766e+00 1.557421684265136719e-01 6.306648254394531250e-02 2.476012706756591797e+00 7.182468175888061523e-01 4.112303853034973145e-01
5.332634887695312500e+02 2.423168487548828125e+02 1.080691814422607422e-02 4.139399528503417969e+00 -2.138590812683105469e-01 6.907701492309570312e-02 -1.701321601867675781e+00 1.028333783149719238e+00 3.407124876976013184e-01
1.410407409667968750e+02 4.534158325195312500e+02 2.603784203529357910e-01 4.949856758117675781e+00 3.287792205810546875e-03 1.024031639099121094e-01 4.731941223144531250e-01 1.105691194534301758e+00 5.612367987632751465e-01
1.854887695312500000e+02 4.413709716796875000e+02 4.484626650810241699e-01 4.688954353332519531e+00 -5.634295940399169922e-01 -3.877329826354980469e-01 -1.800966262817382812e+00 9.868466854095458984e-01 2.272359430789947510e-01
5.674298095703125000e+02 2.890374145507812500e+02 1.360884308815002441e-01 4.153004169464111328e+00 1.365375518798828125e-01 -1.485884189605712891e-01 -1.447476148605346680e+00 7.277899384498596191e-01 2.610072493553161621e-01
1.284977722167968750e+02 4.476898193359375000e+02 2.421736717224121094e-02 4.461269855499267578e+00 -2.696633338928222656e-02 -2.578020095825195312e-01 1.257886886596679688e+00 1.099274873733520508e+00 5.791205883026123047e+00
5.678107910156250000e+02 4.478867187500000000e+02 -1.688079535961151123e-01 4.139645576477050781e+00 2.899932861328125000e-01 -2.333438396453857422e-01 3.741645812988281250e-01 1.656181812286376953e+00 4.204293340444564819e-02
5.579060058593750000e+02 3.912240295410156250e+02 -6.365180015563964844e-02 3.506169080734252930e+00 -4.216432571411132812e-02 1.363539695739746094e-01 3.913760185241699219e-01 1.096365928649902344e+00 1.074868321418762207e+00
5.318018798828125000e+02 4.337700500488281250e+02 4.978626966476440430e-02 4.766707420349121094e+00 -2.687084674835205078e-01 -1.022658348083496094e+00 -1.323871612548828125e+00 1.388599634170532227e+00 5.847175717353820801e-01
5.195661621093750000e+02 3.001674804687500000e+02 1.344680786132812500e-02 4.012836933135986328e+00 -2.289450168609619141e-01 1.692366600036621094e-01 1.483671665191650391e+00 7.917001843452453613e-01 1.022742509841918945e+00
5.370546875000000000e+02 3.390978698730468750e+02 -2.638347446918487549e-01 3.876914501190185547e+00 6.179332733154296875e-02 -2.220737934112548828e-01 -1.991229057312011719e+00 1.074170351028442383e+00 4.357056319713592529e-01
5.106908874511718750e+02 4.442366943359375000e+02 -1.253429055213928223e-01 3.962073087692260742e+00 8.004426956176757812e-02 2.247858047485351562e-01 5.688214302062988281e-01 7.737925648689270020e-01 9.508126378059387207e-01
5.724874267578125000e+02 3.450678100585937500e+02 -1.896560192108154297e-02 3.986459493637084961e+00 -4.097402095794677734e-01 -4.703390598297119141e-01 -1.727156639099121094e+00 8.460272550582885742e-01 9.263661503791809082e-01
5.964895629882812500e+02 3.795632324218750000e+02 7.020026445388793945e-02 3.944063663482666016e+00 -2.934479713439941406e-01 -2.943944931030273438e-01 9.212398529052734375e-01 7.737333774566650391e-01 6.822831630706787109e-01
5.360393066406250000e+02 2.782376708984375000e+02 -8.664265275001525879e-02 4.695971012115478516e+00 2.460241317749023438e-01 -2.325332164764404297e-01 -4.573321342468261719e-01 1.794475793838500977e+00 3.178746700286865234e-01
5.681041870117187500e+02 4.160291748046875000e+02 3.865385055541992188e-01 4.581376075744628906e+00 -2.346229553222656250e-01 -5.355787277221679688e-01 3.858327865600585938e-02 1.021321892738342285e+00 2.133576013147830963e-02
5.419995727539062500e+02 2.421478729248046875e+02 1.474657654762268066e-01 4.036749839782714844e+00 -1.969575881958007812e-01 -1.946794986724853516e-01 8.072161674499511719e-01 8.035078644752502441e-01 7.943830490112304688e-01
5.237295532226562500e+02 2.908560180664062500e+02 -2.003043889999389648e-02 4.372031211853027344e+00 1.533007621765136719e-01 1.776218414306640625e-03 1.244666576385498047e+00 1.558461427688598633e+00 3.516519069671630859e-01
5.900175781250000000e+02 2.669588928222656250e+02 -2.332910895347595215e-02 3.737755060195922852e+00 3.098726272583007812e-02 -1.575219631195068359e-01 -7.654917240142822266e-01 1.161587476730346680e+00 4.103570580482482910e-01
5.520239868164062500e+02 2.069350433349609375e+02 -1.041784882545471191e-02 4.474752902984619141e+00 -2.278029918670654297e-01 -5.311846733093261719e-01 -1.380574703216552734e-01 1.436407685279846191e+00 2.151975631713867188e+00
5.330212402343750000e+02 4.235455627441406250e+02 5.413949489593505859e-02 4.144300460815429688e+00 -1.655232906341552734e-01 -1.552391052246093750e-01 -3.629839420318603516e-01 1.430788636207580566e+00 5.309593081474304199e-01
2.119639434814453125e+02 3.019513244628906250e+02 4.907456040382385254e-01 5.224444389343261719e+00 3.488755226135253906e-01 3.292274475097656250e-01 -9.033679962158203125e-02 6.974918842315673828e-01 9.224545955657958984e-01
2.548643188476562500e+02 3.620051269531250000e+02 2.620443701744079590e-01 4.446629524230957031e+00 3.132152557373046875e-01 5.298829078674316406e-01 -8.653700351715087891e-01 7.013930082321166992e-01 8.392523974180221558e-03
5.082020874023437500e+02 4.272278442382812500e+02 3.524884581565856934e-01 4.686124324798583984e+00 -5.859971046447753906e-02 3.254818916320800781e-01 -1.165390014648437500e+00 9.108585715293884277e-01 1.127150058746337891e+00
5.740474853515625000e+02 4.205218811035156250e+02 1.225700974464416504e-01 4.353224754333496094e+00 3.432154655456542969e-01 2.442598342895507812e-02 -7.396316528320312500e-01 1.182331323623657227e+00 3.283642232418060303e-01
5.802198486328125000e+02 3.071853332519531250e+02 1.128315925598144531e-02 3.974196434020996094e+00 3.634929656982421875e-02 -2.113664150238037109e-01 -1.324002742767333984e+00 7.096967101097106934e-01 4.985969662666320801e-01
1.101636505126953125e+02 4.484070739746093750e+02 4.651126265525817871e-01 5.034209251403808594e+00 -4.954814910888671875e-02 1.465868949890136719e-01 3.024506568908691406e-01 1.096071362495422363e+00 4.491525888442993164e-01
5.255715942382812500e+02 1.531769561767578125e+02 -7.706895470619201660e-02 4.224308013916015625e+00 -4.825711250305175781e-02 3.360390663146972656e-01 -1.303592920303344727e+00 1.572681784629821777e+00 3.065242767333984375e-01
2.103093566894531250e+02 4.229670410156250000e+02 2.176305651664733887e-01 4.193721771240234375e+00 -3.697383403778076172e-01 1.556921005249023438e-01 -1.198691129684448242e+00 9.948928356170654297e-01 6.698949337005615234e-01
5.667088623046875000e+02 4.763776245117187500e+02 1.665258407592773438e-01 4.957687377929687500e+00 7.567000389099121094e-01 6.762385368347167969e-01 -3.235912322998046875e-01 9.693312644958496094e-01 1.070805266499519348e-01
5.305635986328125000e+02 3.323596801757812500e+02 2.692332863807678223e-01 4.874390602111816406e+00 -4.965305328369140625e-02 -4.695332050323486328e-01 8.707046508789062500e-03 1.244415760040283203e+00 1.367950201034545898e+00
4.816431884765625000e+02 2.737489318847656250e+02 7.453382015228271484e-02 4.502227306365966797e+00 -6.593465805053710938e-01 -7.771921157836914062e-01 -2.742631435394287109e+00 1.187811613082885742e+00 1.307564735412597656e+00
5.743076782226562500e+02 4.839044189453125000e+02 -1.568615436553955078e-02 4.035330772399902344e+00 -6.863832473754882812e-02 4.289174079895019531e-01 9.789371490478515625e-01 1.265194654464721680e+00 9.141642451286315918e-01
1.412220458984375000e+02 5.140536499023437500e+02 1.935595273971557617e-01 4.887655258178710938e+00 4.184007644653320312e-01 3.374147415161132812e-01 -9.274268150329589844e-01 8.094944953918457031e-01 2.973124682903289795e-01
5.192518310546875000e+02 4.388046264648437500e+02 1.422640681266784668e-01 4.621627330780029297e+00 -7.641816139221191406e-01 -1.192581653594970703e+00 -9.514760971069335938e-01 1.401616811752319336e+00 3.588321208953857422e+00
5.429851684570312500e+02 3.310375976562500000e+02 -1.020617783069610596e-01 3.967213392257690430e+00 -2.226650714874267578e-01 -7.108080387115478516e-01 -2.034077644348144531e+00 1.386539340019226074e+00 1.759577691555023193e-01
5.182301635742187500e+02 3.450157775878906250e+02 -3.615766763687133789e-02 3.920466423034667969e+00 1.199078559875488281e-01 5.726432800292968750e-01 -9.100770950317382812e-01 9.056777954101562500e-01 8.333381414413452148e-01
5.332078247070312500e+02 3.143355712890625000e+02 8.021593093872070312e-03 4.176523685455322266e+00 -5.725455284118652344e-01 -6.266951560974121094e-01 -2.018746137619018555e+00 1.621390104293823242e+00 9.746730923652648926e-01
5.158245849609375000e+02 3.757101745605468750e+02 -1.932427287101745605e-01 4.049713611602783203e+00 1.247859001159667969e-01 2.197289466857910156e-01 -1.059756278991699219e+00 1.031845927238464355e+00 1.853585839271545410e-01
5.215844726562500000e+02 1.768984985351562500e+02 4.181945323944091797e-01 5.138946533203125000e+00 -5.885720252990722656e-02 -1.306653022766113281e-02 2.701497077941894531e-01 1.174238443374633789e+00 1.159337520599365234e+00
1.260928649902343750e+02 3.920868835449218750e+02 6.823635101318359375e-01 5.108488559722900391e+00 8.430004119873046875e-01 4.969358444213867188e-01 -2.536261081695556641e-01 6.623088121414184570e-01 2.804090380668640137e-01
5.890667724609375000e+02 2.915451049804687500e+02 2.584746479988098145e-01 4.625041007995605469e+00 4.267716407775878906e-01 2.177715301513671875e-02 -1.446188688278198242e+00 2.755837440490722656e+00 1.243497580289840698e-01
5.670520019531250000e+02 2.183853454589843750e+02 2.806174755096435547e-01 4.637811660766601562e+00 6.875729560852050781e-01 1.001906394958496094e-01 6.572008132934570312e-01 9.086092710494995117e-01 4.638047888875007629e-02
1.295983428955078125e+02 5.017518005371093750e+02 1.380458474159240723e-01 4.479468822479248047e+00 1.074886322021484375e-01 2.664852142333984375e-01 -1.016982793807983398e+00 1.565446138381958008e+00 8.048503845930099487e-02
9.969529724121093750e+01 1.988155059814453125e+02 -3.983974456787109375e-02 3.947209358215332031e+00 -9.539961814880371094e-02 3.403091430664062500e-01 2.085702419281005859e+00 1.435716748237609863e+00 2.139803647994995117e+00
5.718937988281250000e+02 4.427662353515625000e+02 1.770719885826110840e-01 4.414054393768310547e+00 4.237389564514160156e-01 1.507353782653808594e-01 2.833223342895507812e-01 7.440153360366821289e-01 2.913450598716735840e-01
5.349293212890625000e+02 3.066714172363281250e+02 -7.795482873916625977e-02 4.118278503417968750e+00 -6.621718406677246094e-02 -1.599347591400146484e-01 3.825998306274414062e-01 1.239902019500732422e+00 1.880862414836883545e-01
5.833741455078125000e+02 3.139082946777343750e+02 2.864855527877807617e-01 4.475645065307617188e+00 3.092646598815917969e-01 -2.463459968566894531e-01 -4.463195800781250000e-02 8.432090282440185547e-01 3.731470108032226562e-01
5.102028808593750000e+02 2.432465820312500000e+02 1.321148872375488281e-01 4.032346725463867188e+00 -2.912044525146484375e-02 5.072903633117675781e-01 -2.732872962951660156e-02 9.154349565505981445e-01 5.070394277572631836e-02
5.413334960937500000e+02 5.109563903808593750e+02 5.237728357315063477e-02 4.201982021331787109e+00 5.512952804565429688e-02 -1.535773277282714844e-01 -1.200261116027832031e+00 1.185969591140747070e+00 3.791043758392333984e-01
5.101565856933593750e+02 5.115165710449218750e+02 1.293063163757324219e-01 4.240289688110351562e+00 7.934808731079101562e-02 3.315782546997070312e-01 -1.015338897705078125e+00 9.377198219299316406e-01 3.382220566272735596e-01
5.606494140625000000e+02 4.133155212402343750e+02 -1.536746323108673096e-01 3.968783378601074219e+00 1.020908355712890625e-02 -7.048881053924560547e-01 8.052539825439453125e-01 1.616691350936889648e+00 2.237697243690490723e-01
1.337346801757812500e+02 3.941317443847656250e+02 7.484942674636840820e-02 4.072794914245605469e+00 -1.752984523773193359e-01 -6.831431388854980469e-01 -3.228688240051269531e-01 8.991119265556335449e-01 5.518351197242736816e-01
5.180407714843750000e+02 1.941132507324218750e+02 8.852630853652954102e-02 4.347090721130371094e+00 4.156732559204101562e-01 7.221245765686035156e-01 4.963874816894531250e-03 9.769749641418457031e-01 9.973863363265991211e-01
5.923226928710937500e+02 4.025820159912109375e+01 1.458457112312316895e-01 4.290839195251464844e+00 1.232099533081054688e-01 -1.046657562255859375e+00 1.289677619934082031e-01 1.475868701934814453e+00 1.197200417518615723e-01
2.066810302734375000e+02 3.680444946289062500e+02 5.447885394096374512e-01 4.946270942687988281e+00 9.586811065673828125e-03 6.962728500366210938e-01 8.562278747558593750e-01 8.087733387947082520e-01 1.027321338653564453e+00
5.573464355468750000e+02 4.048796997070312500e+02 9.965747594833374023e-02 3.852622985839843750e+00 -6.772518157958984375e-02 -6.491422653198242188e-02 4.117488861083984375e-01 8.773534893989562988e-01 5.043604373931884766e-01
5.285144042968750000e+02 4.282497558593750000e+02 1.657530665397644043e-01 4.531775951385498047e+00 4.050350189208984375e-01 -1.011335849761962891e-01 -1.347773075103759766e+00 2.182799577713012695e+00 3.631357550621032715e-01
1.029363632202148438e+02 4.894844665527343750e+02 4.486531019210815430e-01 4.862034797668457031e+00 -4.726171493530273438e-02 -3.552627563476562500e-01 -3.427444696426391602e+00 1.283996701240539551e+00 8.028482198715209961e-01
5.317078247070312500e+02 2.140384216308593750e+02 1.643165946006774902e-01 4.530821800231933594e+00 -8.344674110412597656e-01 -8.028471469879150391e-01 -1.370850801467895508e+00 8.516110181808471680e-01 1.620799541473388672e+00
5.506176757812500000e+02 2.676808471679687500e+02 -3.370255231857299805e-02 4.125387191772460938e+00 -6.621479988098144531e-02 -1.559245586395263672e-01 1.522350311279296875e+00 1.223851442337036133e+00 2.941144704818725586e-01
5.705785522460937500e+02 2.492900085449218750e+02 -2.135889232158660889e-01 4.150908946990966797e+00 3.259754180908203125e-01 -1.857650279998779297e-01 3.836631774902343750e-02 1.091359376907348633e+00 6.303137540817260742e-01
5.719849243164062500e+02 3.341578674316406250e+02 4.588723182678222656e-01 5.156958103179931641e+00 1.205117702484130859e+00 4.620575904846191406e-01 -6.878519058227539062e-01 1.384068250656127930e+00 3.694021105766296387e-01
5.438056640625000000e+02 3.711806640625000000e+02 -1.444877684116363525e-01 4.053068637847900391e+00 3.991127014160156250e-03 -1.209365129470825195e+00 -1.387965679168701172e-01 1.969883680343627930e+00 1.133805632591247559e+00
5.301920776367187500e+02 2.897988891601562500e+02 -1.103566586971282959e-01 3.706420421600341797e+00 1.619815826416015625e-01 -7.466077804565429688e-02 2.215030193328857422e+00 1.184476494789123535e+00 6.497975587844848633e-01
5.282621459960937500e+02 3.055147094726562500e+02 -3.876730799674987793e-02 4.382960319519042969e+00 3.990364074707031250e-01 1.028418540954589844e-01 -6.385135650634765625e-01 9.632351398468017578e-01 5.181925296783447266e-01
5.166184692382812500e+02 2.815515747070312500e+02 -1.158037781715393066e-01 3.980232715606689453e+00 -7.475614547729492188e-02 -5.906224250793457031e-02 9.647130966186523438e-01 1.261534690856933594e+00 1.086033582687377930e+00
5.321801757812500000e+02 2.836372985839843750e+02 -5.107387900352478027e-02 4.258214950561523438e+00 -2.532267570495605469e-01 -5.706739425659179688e-01 -3.974807262420654297e-01 1.234473228454589844e+00 3.692035675048828125e-01
5.300737915039062500e+02 2.047525177001953125e+02 1.412734389305114746e-01 4.455445766448974609e+00 2.536034584045410156e-01 3.118205070495605469e-01 2.397348880767822266e+00 9.555858373641967773e-01 4.797887057065963745e-02
5.464511718750000000e+02 3.645572814941406250e+02 2.639552950859069824e-01 4.527319908142089844e+00 1.223802566528320312e-02 -2.407252788543701172e-01 1.776623725891113281e-01 9.713313579559326172e-01 6.270110011100769043e-01
5.144472045898437500e+02 3.178293762207031250e+02 1.593321561813354492e-02 4.079262733459472656e+00 1.205873489379882812e-01 4.825329780578613281e-01 -1.931543350219726562e+00 8.115332722663879395e-01 7.358835637569427490e-02
5.726258544921875000e+02 3.293999328613281250e+02 -2.110216021537780762e-01 3.764387607574462891e+00 -1.859748363494873047e-01 -9.229183197021484375e-03 -1.932346820831298828e-01 1.301282048225402832e+00 1.274285554885864258e+00
5.691812744140625000e+02 4.836548461914062500e+02 1.159679889678955078e-01 4.067545890808105469e+00 -1.975703239440917969e-01 -1.957476139068603516e-01 5.450582504272460938e-01 5.945931673049926758e-01 7.017660737037658691e-01
1.000539550781250000e+02 3.179015502929687500e+02 3.559225797653198242e-01 4.775568962097167969e+00 -9.801232814788818359e-01 -6.145846843719482422e-01 -2.074372768402099609e-01 7.981488704681396484e-01 4.032596349716186523e-01
1.322109985351562500e+02 2.685329284667968750e+02 9.155243635177612305e-02 4.140514373779296875e+00 -2.037882804870605469e-02 4.290580749511718750e-02 -3.662693500518798828e-01 8.998208045959472656e-01 6.225973367691040039e-01
5.592155151367187500e+02 3.062084350585937500e+02 1.615807414054870605e-01 4.538126945495605469e+00 2.896213531494140625e-01 -4.739618301391601562e-01 1.858720779418945312e+00 1.396012902259826660e+00 1.446367025375366211e+00
5.760932006835937500e+02 2.619243774414062500e+02 -1.223395764827728271e-01 3.686863660812377930e+00 2.732753753662109375e-02 -8.004248142242431641e-01 4.029130935668945312e-01 1.145833134651184082e+00 5.934003591537475586e-01
1.093172454833984375e+02 5.019674377441406250e+02 3.179252147674560547e-02 4.516426563262939453e+00 -6.229519844055175781e-02 8.713960647583007812e-02 -3.693091869354248047e-01 1.176738381385803223e+00 3.136527538299560547e-01
5.814295043945312500e+02 4.135562438964843750e+02 3.714025020599365234e-02 4.223553180694580078e+00 -5.489945411682128906e-02 -1.084470748901367188e-01 7.368493080139160156e-01 1.061855196952819824e+00 2.528590857982635498e-01
5.270436401367187500e+02 2.640330505371093750e+02 2.997517585754394531e-02 4.283133506774902344e+00 1.353263854980468750e-02 -7.692575454711914062e-03 7.314062118530273438e-01 1.663908362388610840e+00 1.483765095472335815e-01
5.431251831054687500e+02 2.867263183593750000e+02 1.522043347358703613e-01 4.119882106781005859e+00 -1.987516880035400391e-01 -6.294190883636474609e-01 -2.773678302764892578e-01 1.131318688392639160e+00 3.313718736171722412e-02
5.385264282226562500e+02 3.159889221191406250e+02 2.275884151458740234e-02 4.189825057983398438e+00 -1.835381984710693359e-01 -8.471012115478515625e-02 -3.058675527572631836e+00 1.067769646644592285e+00 3.859768509864807129e-01
5.393135375976562500e+02 3.106908264160156250e+02 -1.679976284503936768e-01 4.165968418121337891e+00 6.873369216918945312e-02 -3.450703620910644531e-01 3.491210937500000000e-01 1.192651510238647461e+00 6.867224574089050293e-01
5.731806640625000000e+02 5.579381713867187500e+02 -1.087775826454162598e-01 3.829665899276733398e+00 1.250505447387695312e-02 -2.916073799133300781e-01 3.063917160034179688e-02 1.002093434333801270e+00 5.930525064468383789e-01
5.611766357421875000e+02 3.142887268066406250e+02 7.900416851043701172e-02 4.249392032623291016e+00 -1.572978496551513672e-01 -2.295851707458496094e-01 -1.144653558731079102e+00 8.297554254531860352e-01 9.492175579071044922e-01
5.073819274902343750e+02 3.627500915527343750e+02 6.082296371459960938e-02 4.198686122894287109e+00 -1.538348197937011719e-01 -3.740382194519042969e-01 -1.921539306640625000e+00 1.413958549499511719e+00 1.170927882194519043e+00
1.163150329589843750e+02 4.651460266113281250e+02 3.820791840553283691e-01 4.778299331665039062e+00 2.771830558776855469e-01 6.154084205627441406e-01 -1.820812225341796875e+00 1.323202967643737793e+00 4.976299107074737549e-01
5.386868286132812500e+02 3.240814514160156250e+02 5.884468555450439453e-03 4.386426448822021484e+00 3.764724731445312500e-01 -2.611422538757324219e-01 -3.436446189880371094e-02 1.502392053604125977e+00 1.379636973142623901e-01
5.584338989257812500e+02 2.648769226074218750e+02 -1.334521174430847168e-01 3.790921688079833984e+00 -1.195955276489257812e-01 -3.050768375396728516e-01 -1.923835277557373047e-01 1.240067481994628906e+00 6.065738201141357422e-01
5.472225952148437500e+02 3.421541748046875000e+02 -2.454458177089691162e-01 3.946246623992919922e+00 -6.085634231567382812e-02 -6.665956974029541016e-01 -4.589259624481201172e-01 1.693376302719116211e+00 4.670371115207672119e-01
5.678625488281250000e+02 3.670632934570312500e+02 8.101314306259155273e-02 4.305703639984130859e+00 7.372140884399414062e-02 -1.664876937866210938e-01 -7.082557678222656250e-01 7.982764244079589844e-01 6.814735531806945801e-01
5.452117919921875000e+02 2.940069885253906250e+02 -4.987850785255432129e-02 3.982378721237182617e+00 2.356481552124023438e-01 4.521417617797851562e-01 -2.693104743957519531e-01 1.180809855461120605e+00 3.511738479137420654e-01
5.714490356445312500e+02 3.257414245605468750e+02 3.255492448806762695e-01 5.001012802124023438e+00 -1.081111431121826172e+00 -1.045093536376953125e+00 3.850507736206054688e-01 8.479886651039123535e-01 1.176251173019409180e-01
5.675897216796875000e+02 3.680166625976562500e+02 1.596009731292724609e-01 4.745818138122558594e+00 4.237937927246093750e-01 8.412837982177734375e-02 3.723239898681640625e-01 1.700987577438354492e+00 4.314428269863128662e-01
