2.696690063476562500e+02 1.264198660850524902e+00 8.525148391723632812e+00 -3.725427389144897461e+00 -3.822735548019409180e+00 1.003130912780761719e+00
2.517359313964843750e+02 5.666871666908264160e-01 7.056076049804687500e+00 9.501934051513671875e-01 7.354354858398437500e-01 9.161090254783630371e-01
3.029930114746093750e+02 1.406549572944641113e+00 8.936710357666015625e+00 -2.974244356155395508e+00 -2.309982776641845703e+00 7.507158517837524414e-01
2.791720275878906250e+02 1.636831879615783691e+00 8.316402435302734375e+00 -1.202105283737182617e+00 -1.143084764480590820e+00 7.026377320289611816e-01
2.816397705078125000e+02 1.108809351921081543e+00 7.459385871887207031e+00 -1.337815523147583008e+00 -1.419034004211425781e+00 1.037878513336181641e+00
2.798301086425781250e+02 1.403103470802307129e+00 8.498053550720214844e+00 -9.527206420898437500e-02 -9.606480598449707031e-02 8.409821987152099609e-01
2.892672424316406250e+02 1.885626792907714844e+00 9.925145149230957031e+00 -4.593565464019775391e+00 -3.833540678024291992e+00 8.230243921279907227e-01
2.567818603515625000e+02 3.232055664062500000e+00 1.233686637878417969e+01 -5.171193122863769531e+00 -4.581774711608886719e+00 8.943651914596557617e-01
2.872355651855468750e+02 8.444538712501525879e-01 6.916969299316406250e+00 8.578872680664062500e-01 3.300285339355468750e-01 5.271155834197998047e-01
2.761403503417968750e+02 8.575999140739440918e-01 8.042545318603515625e+00 -8.542573451995849609e-01 -6.580388545989990234e-01 7.684547901153564453e-01
2.574185791015625000e+02 2.015343427658081055e+00 9.983038902282714844e+00 -3.590226173400878906e-01 -3.201401233673095703e-01 9.482086896896362305e-01
2.509264221191406250e+02 2.189462423324584961e+00 1.016238021850585938e+01 -2.690896987915039062e+00 -2.508898973464965820e+00 9.310194849967956543e-01
2.600823974609375000e+02 3.197025775909423828e+00 1.267191696166992188e+01 -4.940197467803955078e+00 -4.241964817047119141e+00 7.923671007156372070e-01
2.548428497314453125e+02 3.807970285415649414e+00 1.389229774475097656e+01 -6.298466682434082031e+00 -6.220433712005615234e+00 9.577375650405883789e-01
2.880048828125000000e+02 1.128598690032958984e+00 8.065378189086914062e+00 3.594036102294921875e+00 3.213467597961425781e+00 8.962514996528625488e-01
2.368296356201171875e+02 6.782799363136291504e-01 6.977395057678222656e+00 7.481360435485839844e-01 3.494358062744140625e-01 9.604507088661193848e-01
2.677756958007812500e+02 5.704728364944458008e-01 6.595418930053710938e+00 6.807088851928710938e-02 -1.256334781646728516e-01 8.138171434402465820e-01
2.662365112304687500e+02 5.490754246711730957e-01 7.160734176635742188e+00 -1.254009008407592773e+00 -1.169915199279785156e+00 8.506988883018493652e-01
2.731494750976562500e+02 1.016289591789245605e+00 8.142824172973632812e+00 9.149289131164550781e-01 6.792140007019042969e-01 6.524095535278320312e-01
2.454840393066406250e+02 4.104701280593872070e-01 6.982168674468994141e+00 -6.404256820678710938e-01 -7.297635078430175781e-01 8.863962292671203613e-01
2.416106719970703125e+02 2.026613235473632812e+00 9.919654846191406250e+00 1.170988082885742188e+00 1.405413150787353516e+00 1.381997466087341309e+00
2.691756591796875000e+02 1.197888016700744629e+00 8.339261054992675781e+00 -1.090639829635620117e+00 -1.335576772689819336e+00 9.835100769996643066e-01
2.612172241210937500e+02 7.581920623779296875e-01 7.593890190124511719e+00 4.964041709899902344e-01 2.310585975646972656e-01 9.956875443458557129e-01
2.485719604492187500e+02 8.133300542831420898e-01 7.316401958465576172e+00 -7.573020458221435547e-01 -7.462620735168457031e-01 8.290168642997741699e-01
2.183325347900390625e+02 1.473646283149719238e+00 8.939184188842773438e+00 8.134675025939941406e-01 4.385519027709960938e-01 8.615896105766296387e-01
2.577456359863281250e+02 1.335311532020568848e-01 5.941261291503906250e+00 3.412771224975585938e-01 1.077032089233398438e-01 9.697929024696350098e-01
2.685213317871093750e+02 1.401603221893310547e-01 6.264887809753417969e+00 2.152895927429199219e-01 1.421070098876953125e-01 9.798573255538940430e-01
2.742431030273437500e+02 2.127065658569335938e-01 5.855138778686523438e+00 6.861853599548339844e-01 4.738378524780273438e-01 7.590950131416320801e-01
2.609226989746093750e+02 1.615310192108154297e+00 9.077603340148925781e+00 -5.504342079162597656e+00 -4.989019393920898438e+00 8.491882681846618652e-01
2.419515686035156250e+02 1.734591245651245117e+00 9.400951385498046875e+00 -4.576551914215087891e+00 -4.264220237731933594e+00 8.680775165557861328e-01
2.780343627929687500e+02 7.949016690254211426e-01 7.469204902648925781e+00 6.218504905700683594e-01 4.406285285949707031e-01 9.341121912002563477e-01
2.386493682861328125e+02 3.567349314689636230e-01 6.515723228454589844e+00 5.513668060302734375e-01 4.934978485107421875e-01 1.113880753517150879e+00
2.566691894531250000e+02 1.411465883255004883e+00 8.958204269409179688e+00 -2.062878608703613281e+00 -2.338023185729980469e+00 1.028082609176635742e+00
2.837486267089843750e+02 1.478751778602600098e+00 9.115400314331054688e+00 9.916925430297851562e-01 7.154250144958496094e-01 7.010772228240966797e-01
3.037898559570312500e+02 1.101230859756469727e+00 7.736547470092773438e+00 1.260421276092529297e+00 9.419679641723632812e-01 7.327591776847839355e-01
2.455771942138671875e+02 -3.166044950485229492e-01 5.607959270477294922e+00 2.824091911315917969e-01 2.566814422607421875e-02 8.914735913276672363e-01
2.668200073242187500e+02 1.399066567420959473e+00 8.594810485839843750e+00 -3.999218940734863281e+00 -4.314808845520019531e+00 1.058654189109802246e+00
2.877661437988281250e+02 5.153548717498779297e-01 7.009354591369628906e+00 2.172632217407226562e+00 1.686930656433105469e+00 7.666785120964050293e-01
2.442748260498046875e+02 2.648995637893676758e+00 1.066596794128417969e+01 9.859833717346191406e+00 1.004100799560546875e+01 1.025773763656616211e+00
2.654318237304687500e+02 1.422414660453796387e+00 9.101112365722656250e+00 -2.078683376312255859e+00 -1.825970411300659180e+00 8.311450481414794922e-01
2.589741516113281250e+02 4.712246656417846680e-01 6.691283702850341797e+00 -1.053345203399658203e-01 -4.814898967742919922e-01 8.879352211952209473e-01
2.852496948242187500e+02 1.607762813568115234e+00 9.260012626647949219e+00 5.833792686462402344e-01 4.113578796386718750e-01 8.773347735404968262e-01
2.724260253906250000e+02 1.691762089729309082e+00 9.163427352905273438e+00 -2.591245174407958984e+00 -2.433884143829345703e+00 9.048504233360290527e-01
2.783532714843750000e+02 1.589508771896362305e+00 9.514270782470703125e+00 -2.839934825897216797e-01 -4.019176959991455078e-01 8.130068778991699219e-01
2.578979492187500000e+02 8.377047181129455566e-01 8.074527740478515625e+00 -9.594845771789550781e-01 -1.238958835601806641e+00 1.169747233390808105e+00
2.788269653320312500e+02 2.574960589408874512e-01 6.252597332000732422e+00 -4.485464096069335938e-01 -5.537605285644531250e-01 8.661949634552001953e-01
2.371465911865234375e+02 9.833758473396301270e-01 8.101711273193359375e+00 1.480364799499511719e-01 1.002073287963867188e-01 8.838974237442016602e-01
2.804372863769531250e+02 3.332802653312683105e-01 6.574187755584716797e+00 2.055568695068359375e+00 2.178521156311035156e+00 9.540588855743408203e-01
2.540304260253906250e+02 6.442269682884216309e-01 7.325419425964355469e+00 1.322557926177978516e+00 1.029245853424072266e+00 9.624136686325073242e-01
2.988766479492187500e+02 1.453556180000305176e+00 8.984605789184570312e+00 -2.925577163696289062e+00 -2.680641412734985352e+00 9.002950191497802734e-01
2.707107543945312500e+02 1.423760056495666504e-01 6.032209396362304688e+00 5.856657028198242188e-01 3.097128868103027344e-01 8.955003023147583008e-01
2.513091583251953125e+02 2.325102090835571289e+00 1.081603717803955078e+01 2.659687995910644531e+00 2.222652435302734375e+00 8.400133848190307617e-01
2.750318603515625000e+02 6.695529222488403320e-01 6.702937126159667969e+00 -2.239274978637695312e-01 -3.733277320861816406e-01 8.634282350540161133e-01
3.102152099609375000e+02 7.031234502792358398e-01 7.108224868774414062e+00 1.322629451751708984e+00 1.208772659301757812e+00 8.114060759544372559e-01
2.291307220458984375e+02 1.433130621910095215e+00 9.077446937561035156e+00 -1.108831167221069336e+00 -1.383556127548217773e+00 9.765357375144958496e-01
2.592768859863281250e+02 9.723027944564819336e-01 8.099352836608886719e+00 -2.007082700729370117e+00 -1.657454967498779297e+00 7.885254621505737305e-01
1.691945648193359375e+02 8.331412076950073242e-01 7.824780464172363281e+00 2.179753780364990234e+00 1.845576763153076172e+00 1.122066736221313477e+00
2.791640014648437500e+02 1.501548409461975098e+00 9.044705390930175781e+00 5.542168617248535156e+00 4.703063964843750000e+00 8.762454390525817871e-01
2.945374145507812500e+02 4.701787829399108887e-01 7.187895298004150391e+00 2.966833114624023438e-01 6.098031997680664062e-02 8.090972900390625000e-01
2.733093872070312500e+02 3.986158370971679688e-01 6.867532253265380859e+00 1.376588344573974609e+00 1.078069210052490234e+00 9.672433733940124512e-01
2.210179595947265625e+02 1.422363162040710449e+00 8.990015029907226562e+00 9.939169883728027344e-01 8.137392997741699219e-01 1.282459378242492676e+00
2.595161437988281250e+02 1.254565238952636719e+00 8.351358413696289062e+00 -1.442270278930664062e+00 -1.524772644042968750e+00 9.872031211853027344e-01
2.677319335937500000e+02 1.248075366020202637e+00 8.579545974731445312e+00 -7.268953323364257812e-01 -7.365834712982177734e-01 8.214193582534790039e-01
2.648312683105468750e+02 1.494959473609924316e+00 8.813409805297851562e+00 1.357965469360351562e+00 1.231386661529541016e+00 8.932014703750610352e-01
2.282556762695312500e+02 3.715620756149291992e+00 1.305496692657470703e+01 1.668257713317871094e+00 1.485884189605712891e+00 1.060496687889099121e+00
2.760324401855468750e+02 1.197688817977905273e+00 8.216142654418945312e+00 4.270815849304199219e-01 1.691532135009765625e-01 9.067832231521606445e-01
2.782483520507812500e+02 7.240087389945983887e-01 7.680285930633544922e+00 -1.298801898956298828e+00 -1.690906286239624023e+00 1.226420640945434570e+00
2.441835327148437500e+02 2.280811667442321777e-01 6.435388088226318359e+00 1.788921356201171875e+00 1.730692386627197266e+00 1.237097263336181641e+00
2.660853881835937500e+02 1.149473786354064941e+00 8.405282974243164062e+00 -2.964782714843750000e-01 -3.746485710144042969e-01 9.290197491645812988e-01
2.429233856201171875e+02 2.687879800796508789e-01 6.779494285583496094e+00 -5.131447315216064453e-01 -6.433856487274169922e-01 6.773025393486022949e-01
2.303838958740234375e+02 1.659384250640869141e+00 8.964195251464843750e+00 1.227331161499023438e-01 -2.435231208801269531e-01 1.064092993736267090e+00
2.297720947265625000e+02 1.179245948791503906e+00 7.565440654754638672e+00 2.271680831909179688e+00 2.662250995635986328e+00 1.220744252204895020e+00
2.538153839111328125e+02 3.276808857917785645e-01 6.703050613403320312e+00 2.791824340820312500e+00 2.893888950347900391e+00 1.074989080429077148e+00
2.706940307617187500e+02 3.532405376434326172e+00 1.306395339965820312e+01 -8.639454841613769531e+00 -8.020965576171875000e+00 9.274462461471557617e-01
2.685394897460937500e+02 4.411039948463439941e-01 6.858604431152343750e+00 -1.264067888259887695e+00 -1.565864086151123047e+00 9.549853205680847168e-01
3.051524353027343750e+02 2.158131599426269531e+00 1.005944156646728516e+01 1.265633106231689453e+00 1.049549579620361328e+00 7.822660207748413086e-01
3.066868896484375000e+02 1.920886397361755371e+00 9.834508895874023438e+00 -4.792031288146972656e+00 -4.058031082153320312e+00 8.276678323745727539e-01
2.233913879394531250e+02 1.330936312675476074e+00 8.929080963134765625e+00 4.141037464141845703e+00 4.493975639343261719e+00 1.152927637100219727e+00
2.555416564941406250e+02 9.287092089653015137e-01 7.616266250610351562e+00 -6.854736804962158203e-01 -1.135418415069580078e+00 9.736244678497314453e-01
3.088791198730468750e+02 7.567665576934814453e-01 7.492155075073242188e+00 7.040524482727050781e-01 4.719519615173339844e-01 6.990221738815307617e-01
2.783026428222656250e+02 1.331959843635559082e+00 8.747535705566406250e+00 3.340287208557128906e+00 3.056952953338623047e+00 9.643571972846984863e-01
2.791190185546875000e+02 6.664279699325561523e-01 7.337452411651611328e+00 6.530237197875976562e-01 2.761316299438476562e-01 8.601443767547607422e-01
2.604454650878906250e+02 6.383785009384155273e-01 6.970866203308105469e+00 3.236777782440185547e+00 2.545888423919677734e+00 8.121505379676818848e-01
2.696577758789062500e+02 9.812876582145690918e-01 7.991516113281250000e+00 4.043078422546386719e-01 1.328969001770019531e-01 8.875402808189392090e-01
2.661380615234375000e+02 5.433083176612854004e-01 7.588210105895996094e+00 1.327247619628906250e+00 1.314232349395751953e+00 1.154739737510681152e+00
2.450290679931640625e+02 6.453257799148559570e-02 6.306889057159423828e+00 3.181076049804687500e-01 2.714014053344726562e-01 1.212187767028808594e+00
2.978726196289062500e+02 1.197153449058532715e+00 8.686221122741699219e+00 -2.607333660125732422e-01 -2.377533912658691406e-01 6.427741050720214844e-01
2.761403503417968750e+02 8.575999140739440918e-01 8.042545318603515625e+00 -8.542573451995849609e-01 -6.580388545989990234e-01 7.684547901153564453e-01
2.671788330078125000e+02 8.823624253273010254e-01 7.677025794982910156e+00 1.266057491302490234e+00 7.729220390319824219e-01 8.497304916381835938e-01
2.564262390136718750e+02 1.427968621253967285e+00 8.585244178771972656e+00 -2.204936742782592773e+00 -1.804752349853515625e+00 7.567199468612670898e-01
2.899118041992187500e+02 1.137513279914855957e+00 8.370567321777343750e+00 1.973314285278320312e+00 1.425559520721435547e+00 7.788273692131042480e-01
2.724004821777343750e+02 1.704539060592651367e+00 9.314916610717773438e+00 -5.223382949829101562e+00 -4.904029369354248047e+00 9.051703810691833496e-01
2.460747985839843750e+02 6.340617537498474121e-01 7.079051017761230469e+00 -1.172890663146972656e+00 -1.736361980438232422e+00 1.230190515518188477e+00
2.560266113281250000e+02 2.076562166213989258e+00 9.931755065917968750e+00 -1.160670518875122070e+00 -1.285085678100585938e+00 9.248700141906738281e-01
2.455894927978515625e+02 2.919164896011352539e-01 6.829481124877929688e+00 5.514359474182128906e-01 4.131340980529785156e-01 1.064433097839355469e+00
2.767044677734375000e+02 1.500744819641113281e+00 9.198501586914062500e+00 -2.359964847564697266e+00 -2.624839544296264648e+00 1.050163745880126953e+00
2.532744598388671875e+02 1.411526322364807129e+00 8.707065582275390625e+00 -1.446249485015869141e+00 -1.650363206863403320e+00 9.162380695343017578e-01
2.678673400878906250e+02 2.313573956489562988e-01 6.569831848144531250e+00 -6.897974014282226562e-01 -5.939006805419921875e-01 8.115584850311279297e-01
2.865450439453125000e+02 1.076681494712829590e+00 7.837817192077636719e+00 -3.911463022232055664e+00 -4.144313335418701172e+00 1.021491527557373047e+00
2.821339416503906250e+02 1.365216374397277832e+00 8.461116790771484375e+00 -3.583307266235351562e+00 -3.747301101684570312e+00 1.031545400619506836e+00
2.862361755371093750e+02 1.463469982147216797e+00 9.028562545776367188e+00 2.492425441741943359e+00 2.251832485198974609e+00 9.076250195503234863e-01
2.518252410888671875e+02 2.785874843597412109e+00 1.131689357757568359e+01 1.159911632537841797e+01 9.770687103271484375e+00 8.612768650054931641e-01
2.907441711425781250e+02 1.638566374778747559e+00 8.839768409729003906e+00 1.038150787353515625e+00 1.148288249969482422e+00 1.003955721855163574e+00
2.525603027343750000e+02 1.879492402076721191e+00 1.016265296936035156e+01 -2.761775255203247070e+00 -2.614357471466064453e+00 9.467037916183471680e-01
2.723952026367187500e+02 -1.880159974098205566e-01 5.567093849182128906e+00 -1.019394397735595703e-01 -3.743386268615722656e-01 8.914247751235961914e-01
2.565617675781250000e+02 1.028218626976013184e+00 8.179475784301757812e+00 -1.797121763229370117e+00 -2.354744672775268555e+00 1.152909040451049805e+00
2.353408050537109375e+02 1.912065148353576660e+00 9.523696899414062500e+00 -1.435016393661499023e+00 -1.676331758499145508e+00 9.757332801818847656e-01
2.523003540039062500e+02 1.193362951278686523e+00 8.648940086364746094e+00 -2.986873388290405273e+00 -2.697068452835083008e+00 8.836836218833923340e-01
2.509652862548828125e+02 4.361231327056884766e-01 6.698800086975097656e+00 9.649538993835449219e-01 6.979846954345703125e-01 1.098059773445129395e+00
2.517453002929687500e+02 5.844550132751464844e-01 6.627391338348388672e+00 2.080800533294677734e+00 1.724433898925781250e+00 9.923852682113647461e-01
2.755018920898437500e+02 8.579146265983581543e-01 7.668488979339599609e+00 -2.003798484802246094e+00 -1.927560567855834961e+00 1.014375090599060059e+00
2.506936798095703125e+02 1.364593386650085449e+00 8.582056045532226562e+00 -3.309493064880371094e+00 -3.546112775802612305e+00 9.766937494277954102e-01
2.860841064453125000e+02 4.461302757263183594e-01 7.168133735656738281e+00 2.062647342681884766e+00 1.808772087097167969e+00 8.128221035003662109e-01
2.481104583740234375e+02 1.444268226623535156e+00 8.574934005737304688e+00 -8.426845073699951172e-01 -1.188106536865234375e+00 8.573521375656127930e-01
2.770968933105468750e+02 5.373237729072570801e-01 6.982720851898193359e+00 3.418421745300292969e-01 8.986949920654296875e-02 8.919684886932373047e-01
2.946772155761718750e+02 4.407331347465515137e-01 6.404751777648925781e+00 6.644797325134277344e-01 4.424023628234863281e-01 8.017359972000122070e-01
2.466100463867187500e+02 3.444678783416748047e+00 1.344203948974609375e+01 1.982333660125732422e+00 1.844625473022460938e+00 1.016345739364624023e+00
2.733204650878906250e+02 5.691227912902832031e-01 7.109459877014160156e+00 9.279155731201171875e-01 1.131606101989746094e+00 1.224949240684509277e+00
2.697986145019531250e+02 2.939263582229614258e-01 6.567060470581054688e+00 2.582359313964843750e-01 1.176476478576660156e-01 8.221060633659362793e-01
2.176134033203125000e+02 1.822774410247802734e+00 9.662484169006347656e+00 -1.678431034088134766e+00 -2.324792146682739258e+00 1.129984736442565918e+00
2.894583129882812500e+02 1.590510129928588867e+00 8.801382064819335938e+00 5.311481952667236328e+00 4.243319034576416016e+00 8.229779005050659180e-01
2.637192993164062500e+02 7.511235475540161133e-01 7.596644878387451172e+00 7.268881797790527344e-01 6.370782852172851562e-01 8.624137639999389648e-01
2.618314819335937500e+02 3.643874526023864746e-01 6.233832836151123047e+00 9.906435012817382812e-01 1.020801067352294922e+00 1.012559056282043457e+00
2.121225128173828125e+02 4.293219447135925293e-01 7.334919452667236328e+00 -5.058884620666503906e-01 -1.059961318969726562e+00 1.265709877014160156e+00
2.736433410644531250e+02 6.900913119316101074e-01 7.311481475830078125e+00 9.040021896362304688e-01 9.524226188659667969e-01 1.019476175308227539e+00
2.368901214599609375e+02 6.449567079544067383e-01 7.284814357757568359e+00 -6.357812881469726562e-01 -9.738957881927490234e-01 1.077756404876708984e+00
2.463370056152343750e+02 1.229038119316101074e+00 8.904376983642578125e+00 3.800003528594970703e+00 3.773519992828369141e+00 1.037746071815490723e+00
2.739010925292968750e+02 1.294810533523559570e+00 8.288853645324707031e+00 1.681861877441406250e+00 1.373109817504882812e+00 7.593339681625366211e-01
2.740725097656250000e+02 1.570306658744812012e+00 8.818134307861328125e+00 -3.782914876937866211e+00 -3.655265569686889648e+00 9.562333822250366211e-01
2.841747436523437500e+02 3.510448932647705078e-01 6.967429161071777344e+00 -1.662982702255249023e+00 -1.765061616897583008e+00 1.039979100227355957e+00
2.625804138183593750e+02 1.190904617309570312e+00 8.925880432128906250e+00 -1.852726936340332031e-01 -2.414917945861816406e-01 1.003138542175292969e+00
2.573021545410156250e+02 3.823323249816894531e-01 7.020051956176757812e+00 1.782066822052001953e+00 1.790847778320312500e+00 1.062222480773925781e+00
2.457268218994140625e+02 1.873893380165100098e+00 9.345811843872070312e+00 -4.276943206787109375e-01 -4.549443721771240234e-01 8.883994221687316895e-01
2.903207397460937500e+02 1.023115992546081543e+00 7.584364891052246094e+00 -4.111409187316894531e-01 -2.508831024169921875e-01 6.317096948623657227e-01
2.604919433593750000e+02 1.267753124237060547e+00 8.701738357543945312e+00 4.051442146301269531e+00 3.566133975982666016e+00 8.935631513595581055e-01
2.508256683349609375e+02 6.606161594390869141e-01 7.064064025878906250e+00 1.984004974365234375e+00 2.001388072967529297e+00 1.093810558319091797e+00
2.765106201171875000e+02 1.059661984443664551e+00 8.063756942749023438e+00 -8.164095878601074219e-01 -6.768143177032470703e-01 8.148031234741210938e-01
2.581226196289062500e+02 3.587110042572021484e-01 6.544580936431884766e+00 6.776022911071777344e-01 4.767656326293945312e-01 9.683916568756103516e-01
2.687930297851562500e+02 6.939864158630371094e-01 7.736340522766113281e+00 -1.385540962219238281e+00 -1.337246894836425781e+00 8.526029586791992188e-01
2.440301208496093750e+02 8.260195851325988770e-01 7.283835411071777344e+00 -9.115922451019287109e-01 -7.697236537933349609e-01 7.221345901489257812e-01
2.616531677246093750e+02 1.134970545768737793e+00 8.241048812866210938e+00 2.231433391571044922e+00 1.647429466247558594e+00 8.765153884887695312e-01
2.583212280273437500e+02 2.207519412040710449e-01 6.382740974426269531e+00 4.120516777038574219e-01 4.944181442260742188e-01 9.702314138412475586e-01
3.058973693847656250e+02 1.045591473579406738e+00 7.750169754028320312e+00 3.199720382690429688e-01 4.323506355285644531e-01 9.541090726852416992e-01
2.508612365722656250e+02 1.217283248901367188e+00 8.568339347839355469e+00 -7.379853725433349609e-01 -8.875763416290283203e-01 1.003809332847595215e+00
2.851878051757812500e+02 2.213787078857421875e+00 9.988801956176757812e+00 1.074029731750488281e+01 1.111513137817382812e+01 1.046882629394531250e+00
2.589038085937500000e+02 1.903914093971252441e+00 9.679686546325683594e+00 -7.021105289459228516e-01 -9.956908226013183594e-01 9.196713566780090332e-01
2.869403991699218750e+02 1.746838927268981934e+00 9.154409408569335938e+00 -8.976328372955322266e-01 -6.996858119964599609e-01 8.262140154838562012e-01
2.807748718261718750e+02 1.211849093437194824e+00 8.606690406799316406e+00 3.323876857757568359e+00 3.750467300415039062e+00 1.092683672904968262e+00
2.595815124511718750e+02 1.676690578460693359e+00 9.102119445800781250e+00 -1.863019466400146484e+00 -2.120268344879150391e+00 1.058324694633483887e+00
2.378272705078125000e+02 1.179489493370056152e-01 6.599023818969726562e+00 4.175662994384765625e-01 1.538920402526855469e-01 1.075470328330993652e+00
2.557086486816406250e+02 1.424952030181884766e+00 8.632896423339843750e+00 7.064867019653320312e-01 3.932952880859375000e-01 1.023189783096313477e+00
2.496339111328125000e+02 -4.486846923828125000e-02 6.170563697814941406e+00 1.142473220825195312e+00 1.098477840423583984e+00 1.051230311393737793e+00
2.730144348144531250e+02 1.098021864891052246e+00 8.457376480102539062e+00 1.891613006591796875e-01 1.196312904357910156e-01 8.781684041023254395e-01
2.435378265380859375e+02 2.226514101028442383e+00 1.049990844726562500e+01 1.166964340209960938e+01 1.079435825347900391e+01 9.676346778869628906e-01
2.372507629394531250e+02 1.131657123565673828e+00 8.340213775634765625e+00 -5.343461036682128906e-01 -9.471189975738525391e-01 1.084382414817810059e+00
2.764367980957031250e+02 8.547138571739196777e-01 7.937562942504882812e+00 2.792563438415527344e+00 2.310757637023925781e+00 8.878881931304931641e-01
2.604475402832031250e+02 1.395031809806823730e+00 8.585490226745605469e+00 -1.620745658874511719e-01 -1.824760437011718750e-01 8.580403923988342285e-01
2.828876037597656250e+02 1.878066897392272949e+00 9.651842117309570312e+00 -4.404819011688232422e+00 -3.447762727737426758e+00 7.769072651863098145e-01
2.388580780029296875e+02 3.405933618545532227e+00 1.279811382293701172e+01 2.269217967987060547e+00 2.608251571655273438e+00 1.337146997451782227e+00
2.500665130615234375e+02 1.941665649414062500e+00 9.298639297485351562e+00 -9.711050987243652344e-01 -1.149829626083374023e+00 8.831839561462402344e-01
2.724946594238281250e+02 1.443120241165161133e+00 8.607779502868652344e+00 5.490040779113769531e-01 2.062034606933593750e-01 9.186805486679077148e-01
2.718870849609375000e+02 1.036777377128601074e+00 7.974938392639160156e+00 1.487286090850830078e+00 1.254792213439941406e+00 1.008365631103515625e+00
2.845103149414062500e+02 4.916135668754577637e-01 6.372435092926025391e+00 -9.294939041137695312e-01 -1.241061687469482422e+00 1.129429221153259277e+00
2.469685974121093750e+02 1.037829875946044922e+00 8.120093345642089844e+00 1.799583435058593750e-01 7.090568542480468750e-02 1.289577245712280273e+00
2.367060241699218750e+02 -8.211737871170043945e-02 6.024815559387207031e+00 6.405830383300781250e-01 4.627442359924316406e-01 8.561170697212219238e-01
2.536273040771484375e+02 9.443709850311279297e-01 7.575662612915039062e+00 -7.753288745880126953e-01 -6.229710578918457031e-01 8.283501863479614258e-01
2.491697845458984375e+02 1.298288106918334961e+00 8.344891548156738281e+00 5.576086044311523438e-01 3.260993957519531250e-01 9.406639337539672852e-01
2.513045501708984375e+02 6.590588688850402832e-01 7.354662895202636719e+00 -2.499651908874511719e-01 -3.267574310302734375e-01 7.740664482116699219e-01
2.896509399414062500e+02 1.790317893028259277e+00 9.433174133300781250e+00 1.908679008483886719e+00 1.839613914489746094e+00 9.512698650360107422e-01
2.603871765136718750e+02 5.157160758972167969e-01 6.869359493255615234e+00 9.493112564086914062e-02 -3.486776351928710938e-01 8.631038665771484375e-01
2.921111755371093750e+02 1.360000014305114746e+00 8.234035491943359375e+00 2.107753753662109375e+00 1.680407524108886719e+00 7.915093898773193359e-01
2.423434906005859375e+02 1.979047775268554688e+00 9.927873611450195312e+00 -3.222717046737670898e+00 -4.367136001586914062e+00 1.269124984741210938e+00
2.549481201171875000e+02 1.201061964035034180e+00 8.667273521423339844e+00 1.130712032318115234e+00 9.544157981872558594e-01 1.210273146629333496e+00
2.920085144042968750e+02 7.040228843688964844e-01 7.301445007324218750e+00 2.252957820892333984e+00 1.823444366455078125e+00 7.501452565193176270e-01
2.953347473144531250e+02 1.908832907676696777e+00 9.513998985290527344e+00 1.217684268951416016e+01 1.000189971923828125e+01 8.310895562171936035e-01
2.435248107910156250e+02 2.275511264801025391e+00 1.002912712097167969e+01 1.180045604705810547e+01 1.111593246459960938e+01 9.582662582397460938e-01
2.691792907714843750e+02 1.133602261543273926e+00 8.002558708190917969e+00 1.115393638610839844e+00 1.088001728057861328e+00 1.072861433029174805e+00
2.969159851074218750e+02 1.219603538513183594e+00 8.136199951171875000e+00 2.806363105773925781e+00 2.478783130645751953e+00 8.819036483764648438e-01
2.399364471435546875e+02 1.135984420776367188e+00 8.396588325500488281e+00 2.622051239013671875e+00 2.496876716613769531e+00 1.084293246269226074e+00
2.460933380126953125e+02 1.221530079841613770e+00 8.387266159057617188e+00 -6.037092208862304688e-01 -6.456959247589111328e-01 1.021148920059204102e+00
2.402993164062500000e+02 9.091010093688964844e-01 7.317888736724853516e+00 -4.943192005157470703e-01 -7.950174808502197266e-01 9.307347536087036133e-01
3.042310180664062500e+02 6.070089936256408691e-01 6.948083400726318359e+00 5.814075469970703125e-01 5.207109451293945312e-01 7.029207944869995117e-01
2.981716308593750000e+02 8.987786173820495605e-01 7.986745357513427734e+00 -9.194493293762207031e-02 9.206533432006835938e-02 8.311077952384948730e-01
2.321459045410156250e+02 1.002876758575439453e+00 8.149497985839843750e+00 3.572192192077636719e+00 3.451666831970214844e+00 1.055934190750122070e+00
2.705282897949218750e+02 2.003271579742431641e+00 9.971202850341796875e+00 -2.374041080474853516e-01 -4.346632957458496094e-01 8.418062925338745117e-01
2.499651184082031250e+02 1.584759473800659180e+00 9.195825576782226562e+00 -2.171325683593750000e+00 -2.209960222244262695e+00 9.048948287963867188e-01
2.655713195800781250e+02 3.821308016777038574e-01 6.976775169372558594e+00 -5.429923534393310547e-01 -7.940196990966796875e-01 1.032492160797119141e+00
2.785207519531250000e+02 6.367870569229125977e-01 7.063318252563476562e+00 7.390689849853515625e-01 8.109712600708007812e-01 1.030198454856872559e+00
2.715103149414062500e+02 2.632077336311340332e-01 7.132035732269287109e+00 1.378774642944335938e-01 -5.077958106994628906e-02 9.623816609382629395e-01
2.353779296875000000e+02 -5.134940147399902344e-03 5.845144271850585938e+00 -5.913805961608886719e-01 -8.918142318725585938e-01 1.013743162155151367e+00
3.345835571289062500e+02 2.347112298011779785e-01 6.643730163574218750e+00 8.315587043762207031e-01 7.938456535339355469e-01 9.596073627471923828e-01
2.548557739257812500e+02 1.962559342384338379e+00 9.924173355102539062e+00 5.206823348999023438e-01 2.535629272460937500e-01 7.615183591842651367e-01
2.965861511230468750e+02 9.806237220764160156e-01 7.953965187072753906e+00 1.382417678833007812e+00 1.103839874267578125e+00 7.776618599891662598e-01
2.779395446777343750e+02 1.526085257530212402e+00 9.173929214477539062e+00 -6.878650188446044922e-01 -8.588743209838867188e-01 1.039261579513549805e+00
2.451925964355468750e+02 6.008368730545043945e-01 7.192275047302246094e+00 -9.727013111114501953e-01 -1.134467124938964844e+00 1.141838908195495605e+00
2.469889221191406250e+02 1.370755314826965332e+00 8.950660705566406250e+00 -1.379401683807373047e+00 -1.633937358856201172e+00 1.031788825988769531e+00
2.449117126464843750e+02 1.008993625640869141e+00 8.438489913940429688e+00 -6.931185722351074219e-01 -1.149864196777343750e+00 1.004841566085815430e+00
2.550136260986328125e+02 5.389633178710937500e-01 7.187545299530029297e+00 -3.544795513153076172e-01 -5.756592750549316406e-01 1.006221890449523926e+00
2.232129058837890625e+02 2.367498874664306641e+00 1.123609542846679688e+01 9.035725593566894531e+00 1.048113059997558594e+01 1.212721347808837891e+00
2.331749420166015625e+02 1.354279756546020508e+00 8.698425292968750000e+00 -1.284992694854736328e-01 -1.900768280029296875e-01 1.182604312896728516e+00
2.799990539550781250e+02 1.425462722778320312e+00 8.958736419677734375e+00 1.943297386169433594e+00 1.496527194976806641e+00 8.448919057846069336e-01
2.776528015136718750e+02 1.484835028648376465e+00 8.522745132446289062e+00 -2.815520763397216797e-01 -2.472078800201416016e-01 7.455991506576538086e-01
2.256520080566406250e+02 1.302681207656860352e+00 8.161491394042968750e+00 -1.438641548156738281e+00 -2.132413387298583984e+00 1.165305256843566895e+00
2.948891906738281250e+02 6.688158512115478516e-01 7.458439350128173828e+00 2.019271850585937500e+00 1.993694305419921875e+00 9.439238309860229492e-01
2.631902465820312500e+02 1.275364875793457031e+00 8.403204917907714844e+00 1.980633735656738281e+00 1.575229167938232422e+00 9.552060961723327637e-01
2.726166687011718750e+02 1.678574204444885254e+00 9.116150856018066406e+00 3.819930553436279297e+00 3.438739776611328125e+00 9.196680188179016113e-01
2.895721130371093750e+02 1.459908723831176758e+00 9.127697944641113281e+00 -3.675972223281860352e+00 -2.577364444732666016e+00 6.937268972396850586e-01
2.519511260986328125e+02 9.705209136009216309e-01 8.117384910583496094e+00 2.899816036224365234e+00 2.687542438507080078e+00 9.971489906311035156e-01
2.646694335937500000e+02 8.929523229598999023e-01 7.840893745422363281e+00 2.399790287017822266e+00 2.002546787261962891e+00 9.063609838485717773e-01
2.522298126220703125e+02 2.084415912628173828e+00 1.063775730133056641e+01 8.799903869628906250e+00 7.784333229064941406e+00 8.829646110534667969e-01
2.624106445312500000e+02 1.874632954597473145e+00 9.732655525207519531e+00 -2.708458900451660156e-01 -4.081487655639648438e-01 9.704771041870117188e-01
2.838341064453125000e+02 1.235893130302429199e+00 7.961077690124511719e+00 4.853756427764892578e+00 5.389728546142578125e+00 1.119157195091247559e+00
2.561667785644531250e+02 1.635725736618041992e+00 9.005091667175292969e+00 -1.243231296539306641e+00 -1.424453258514404297e+00 8.467764258384704590e-01
2.839390258789062500e+02 1.037471175193786621e+00 8.274827957153320312e+00 9.592294692993164062e-02 2.025938034057617188e-01 8.266919851303100586e-01
2.773469543457031250e+02 1.463884115219116211e-02 5.386807441711425781e+00 -4.252541065216064453e-01 -6.515729427337646484e-01 9.916292428970336914e-01
2.610673217773437500e+02 1.651686668395996094e+00 9.370402336120605469e+00 -4.955119132995605469e+00 -5.664787292480468750e+00 1.082383751869201660e+00
2.441281280517578125e+02 5.563018321990966797e-01 6.783879280090332031e+00 2.304284572601318359e+00 1.879765987396240234e+00 1.044877409934997559e+00
2.949902038574218750e+02 1.460866093635559082e+00 8.657598495483398438e+00 -2.227243185043334961e+00 -1.843409538269042969e+00 8.786429166793823242e-01
2.500512084960937500e+02 4.923424124717712402e-01 6.797878742218017578e+00 -1.309009790420532227e+00 -1.856089830398559570e+00 1.048153758049011230e+00
2.775611267089843750e+02 7.093281149864196777e-01 7.671217918395996094e+00 1.283512115478515625e+00 1.342906951904296875e+00 1.178307294845581055e+00
2.922977600097656250e+02 2.347924232482910156e+00 1.033946609497070312e+01 -3.552944660186767578e+00 -2.293142080307006836e+00 6.369745135307312012e-01
2.927849426269531250e+02 6.144964694976806641e-02 6.313784599304199219e+00 3.496742248535156250e-01 5.341100692749023438e-01 9.790563583374023438e-01
2.552784729003906250e+02 1.279340982437133789e+00 8.123248100280761719e+00 2.000117301940917969e-01 -6.335377693176269531e-02 8.675476312637329102e-01
2.771489257812500000e+02 2.164974212646484375e+00 1.029288959503173828e+01 2.604184150695800781e+00 2.277479171752929688e+00 9.383041858673095703e-01
2.431365203857421875e+02 1.427931785583496094e+00 8.943904876708984375e+00 -2.479908466339111328e+00 -2.343666553497314453e+00 8.501872420310974121e-01
2.807573547363281250e+02 1.615128517150878906e+00 9.155906677246093750e+00 8.395719528198242188e-01 8.321189880371093750e-01 1.070088267326354980e+00
2.762922363281250000e+02 5.552992224693298340e-01 7.073568344116210938e+00 -1.720194816589355469e+00 -1.611088514328002930e+00 8.992279171943664551e-01
2.480947723388671875e+02 1.061692953109741211e+00 7.990097999572753906e+00 9.860420227050781250e-01 1.061675548553466797e+00 9.856467843055725098e-01
3.076501770019531250e+02 8.839690685272216797e-02 5.964335441589355469e+00 3.532004356384277344e-01 4.071855545043945312e-01 6.787404417991638184e-01
2.740850830078125000e+02 -1.048365831375122070e-01 5.897297859191894531e+00 8.001661300659179688e-01 9.720587730407714844e-01 1.208078980445861816e+00
2.418646850585937500e+02 2.491179108619689941e-01 6.308626651763916016e+00 1.009688377380371094e+00 8.949398994445800781e-01 9.263170361518859863e-01
2.930231933593750000e+02 -3.269964456558227539e-02 5.772999286651611328e+00 -1.899313926696777344e-01 2.660989761352539062e-02 7.916783094406127930e-01
2.925207519531250000e+02 1.615264415740966797e-01 5.877038478851318359e+00 4.768228530883789062e-01 5.032706260681152344e-01 8.849221467971801758e-01
2.694451599121093750e+02 1.640711069107055664e+00 9.082556724548339844e+00 -2.454283237457275391e+00 -2.702643871307373047e+00 1.067607879638671875e+00
2.550484161376953125e+02 1.889102935791015625e+00 9.700799942016601562e+00 2.076108455657958984e+00 1.956653594970703125e+00 1.063915610313415527e+00
2.908551635742187500e+02 8.193809390068054199e-01 7.005968093872070312e+00 5.342483520507812500e-01 5.190038681030273438e-01 1.041895866394042969e+00
2.538324279785156250e+02 1.269628167152404785e+00 8.574772834777832031e+00 -3.995907306671142578e-01 -6.519460678100585938e-01 1.174424290657043457e+00
2.242512207031250000e+02 1.537351965904235840e+00 8.699821472167968750e+00 -2.300465106964111328e+00 -1.573492288589477539e+00 6.702950000762939453e-01
3.055360412597656250e+02 1.269173264503479004e+00 8.401731491088867188e+00 3.174364566802978516e+00 2.312233448028564453e+00 7.576760649681091309e-01
2.958552246093750000e+02 1.185608863830566406e+00 7.909409046173095703e+00 6.812691688537597656e-01 5.254435539245605469e-01 7.771224379539489746e-01
2.212935943603515625e+02 1.615524053573608398e+00 8.809674263000488281e+00 4.152011871337890625e-01 -6.797790527343750000e-02 1.255813360214233398e+00
2.945196533203125000e+02 5.197154283523559570e-01 6.775547027587890625e+00 6.351375579833984375e-01 3.828668594360351562e-01 9.747685194015502930e-01
2.692494506835937500e+02 1.602175235748291016e+00 8.781078338623046875e+00 2.062673568725585938e+00 1.581840515136718750e+00 8.741870522499084473e-01
2.461619415283203125e+02 3.629601001739501953e+00 1.286745071411132812e+01 2.542257308959960938e-02 -2.803194522857666016e-01 1.003442883491516113e+00
2.990167541503906250e+02 1.465122938156127930e+00 8.779644966125488281e+00 -1.243969202041625977e+00 -8.461916446685791016e-01 7.268074154853820801e-01
2.649111938476562500e+02 1.284590601921081543e+00 8.252828598022460938e+00 1.106786727905273438e+00 7.583308219909667969e-01 7.399699687957763672e-01
2.246241302490234375e+02 1.090623259544372559e+00 7.918497562408447266e+00 -1.576490402221679688e+00 -1.505995988845825195e+00 8.200011253356933594e-01
2.448651580810546875e+02 2.927778005599975586e+00 1.170123195648193359e+01 -3.151705265045166016e+00 -2.136754989624023438e+00 5.884190797805786133e-01
2.713842773437500000e+02 4.543120861053466797e-01 6.535171985626220703e+00 -2.122545242309570312e-01 -5.778110027313232422e-01 1.025092363357543945e+00
2.783170776367187500e+02 1.241923093795776367e+00 8.573318481445312500e+00 3.685283660888671875e-01 1.490926742553710938e-01 9.027938842773437500e-01
2.471445312500000000e+02 1.198499560356140137e+00 8.660500526428222656e+00 -7.576179504394531250e-01 -7.965636253356933594e-01 8.093559741973876953e-01
2.666799926757812500e+02 1.537894129753112793e+00 8.971888542175292969e+00 4.059076309204101562e-02 -9.424686431884765625e-02 1.031887531280517578e+00
2.498813323974609375e+02 6.301255226135253906e-01 7.174698829650878906e+00 9.262228012084960938e-01 5.703306198120117188e-01 9.868756532669067383e-01
2.878504028320312500e+02 4.967022538185119629e-01 7.075488090515136719e+00 1.819889545440673828e+00 1.414792537689208984e+00 8.878959417343139648e-01
2.595815124511718750e+02 1.676690578460693359e+00 9.102119445800781250e+00 -1.863019466400146484e+00 -2.120268344879150391e+00 1.058324694633483887e+00
2.595822143554687500e+02 5.913650989532470703e-01 7.319414615631103516e+00 1.547789573669433594e+00 1.315448284149169922e+00 9.100085496902465820e-01
2.564148254394531250e+02 1.024081945419311523e+00 8.196709632873535156e+00 6.937527656555175781e-01 2.973270416259765625e-01 9.021984338760375977e-01
2.396235198974609375e+02 -3.271555900573730469e-02 6.067333698272705078e+00 1.142644882202148438e-01 1.054310798645019531e-01 1.198353886604309082e+00
3.026386718750000000e+02 5.882263779640197754e-01 7.186828136444091797e+00 -6.834959983825683594e-01 -4.796385765075683594e-01 8.903688788414001465e-01
2.714848022460937500e+02 1.701925158500671387e+00 9.534167289733886719e+00 2.192990779876708984e+00 1.950099468231201172e+00 8.953449130058288574e-01
2.537851562500000000e+02 1.539596080780029297e+00 9.550816535949707031e+00 7.348432540893554688e+00 7.469470500946044922e+00 1.064857959747314453e+00
2.558117218017578125e+02 7.381731271743774414e-01 6.856971740722656250e+00 -2.063194513320922852e+00 -1.818096637725830078e+00 7.657508850097656250e-01
2.842312316894531250e+02 3.174580931663513184e-01 6.397437095642089844e+00 -2.369403839111328125e-02 -2.327120304107666016e-01 7.821464538574218750e-01
2.893429565429687500e+02 1.632561087608337402e+00 9.357412338256835938e+00 -3.026735782623291016e-01 -4.263913631439208984e-01 6.447771787643432617e-01
2.254169158935546875e+02 2.012955904006958008e+00 9.424001693725585938e+00 1.899909973144531250e+00 1.738595962524414062e+00 1.071738004684448242e+00
2.311996459960937500e+02 3.210295438766479492e+00 1.243938827514648438e+01 -2.624658346176147461e+00 -2.832037210464477539e+00 9.350656270980834961e-01
2.794911804199218750e+02 1.059182763099670410e+00 7.993083000183105469e+00 1.269474029541015625e+00 1.066982746124267578e+00 8.346800804138183594e-01
3.001604003906250000e+02 4.679563045501708984e-01 7.265540599822998047e+00 1.295471191406250000e-01 -9.939670562744140625e-02 8.374519348144531250e-01
2.696638793945312500e+02 9.478344321250915527e-01 7.842803001403808594e+00 -4.915845394134521484e+00 -5.501817703247070312e+00 1.042429924011230469e+00
2.743832702636718750e+02 1.208021402359008789e+00 8.503697395324707031e+00 2.568304538726806641e+00 2.078502178192138672e+00 9.880676865577697754e-01
2.668918762207031250e+02 6.486839056015014648e-01 6.753276824951171875e+00 -1.670427322387695312e+00 -1.683524847030639648e+00 9.669924378395080566e-01
2.683732604980468750e+02 1.327945828437805176e+00 8.846084594726562500e+00 -5.758821964263916016e-01 -7.135736942291259766e-01 8.418881297111511230e-01
2.980585937500000000e+02 1.163596153259277344e+00 7.961521625518798828e+00 1.618022918701171875e+00 1.393046379089355469e+00 8.421878814697265625e-01
2.365902862548828125e+02 5.838322043418884277e-01 7.112164974212646484e+00 2.208583354949951172e+00 1.968636512756347656e+00 9.721806645393371582e-01
2.675481262207031250e+02 3.355238437652587891e-01 6.700685977935791016e+00 9.678983688354492188e-01 1.098637580871582031e+00 1.031440734863281250e+00
2.507795410156250000e+02 2.828953266143798828e-01 6.548995971679687500e+00 1.710779666900634766e+00 1.378498077392578125e+00 1.009332418441772461e+00
2.629014587402343750e+02 1.644134640693664551e+00 8.904189109802246094e+00 -1.538943052291870117e+00 -1.521381139755249023e+00 9.671988487243652344e-01
2.458816833496093750e+02 1.144120454788208008e+00 8.295811653137207031e+00 -2.602243423461914062e+00 -2.273850440979003906e+00 7.617413401603698730e-01
2.463617095947265625e+02 1.162388801574707031e+00 8.541885375976562500e+00 -2.135781049728393555e+00 -1.919859647750854492e+00 8.359156847000122070e-01
2.422861633300781250e+02 1.608316779136657715e+00 9.516305923461914062e+00 -5.861282348632812500e-02 -2.799916267395019531e-01 9.607795476913452148e-01
2.656952514648437500e+02 2.511390447616577148e-01 6.529397964477539062e+00 5.083179473876953125e-01 3.299689292907714844e-01 1.030478000640869141e+00
2.929987487792968750e+02 8.444991111755371094e-01 7.139078140258789062e+00 7.870745658874511719e-01 6.656861305236816406e-01 9.889394044876098633e-01
2.502479248046875000e+02 1.352969408035278320e+00 8.422397613525390625e+00 -2.428051233291625977e+00 -2.426536083221435547e+00 8.337926268577575684e-01
2.514771728515625000e+02 4.491332769393920898e-01 6.899887084960937500e+00 1.225013732910156250e+00 8.877968788146972656e-01 8.877861499786376953e-01
2.822660827636718750e+02 6.081237196922302246e-01 7.341984272003173828e+00 -3.353357315063476562e-03 -1.733922958374023438e-01 9.490939378738403320e-01
2.752327880859375000e+02 9.472361207008361816e-01 7.715258121490478516e+00 2.856252193450927734e+00 2.331688404083251953e+00 8.120447397232055664e-01
2.907124328613281250e+02 1.172175645828247070e+00 8.005975723266601562e+00 8.817744255065917969e-01 6.554245948791503906e-01 8.018465042114257812e-01
2.633378601074218750e+02 1.350782155990600586e+00 8.350512504577636719e+00 2.041239738464355469e+00 1.738660335540771484e+00 8.453211188316345215e-01
2.744039916992187500e+02 1.764488935470581055e+00 9.635751724243164062e+00 -9.460449218750000000e-02 -7.284641265869140625e-02 9.087136387825012207e-01
2.956890563964843750e+02 3.125805854797363281e-01 6.319045066833496094e+00 1.243789196014404297e+00 1.040520668029785156e+00 7.742791771888732910e-01
2.952483520507812500e+02 1.739464998245239258e-01 6.551551818847656250e+00 1.096715927124023438e+00 1.015570163726806641e+00 8.888016939163208008e-01
2.837003173828125000e+02 1.000545740127563477e+00 7.615963935852050781e+00 -1.374756097793579102e+00 -9.667813777923583984e-01 7.727548480033874512e-01
3.028085632324218750e+02 6.861997842788696289e-01 7.132111072540283203e+00 8.459091186523437500e-03 2.784252166748046875e-02 6.528573632240295410e-01
2.922021484375000000e+02 5.128487944602966309e-01 6.635636329650878906e+00 7.349991798400878906e-01 8.253788948059082031e-01 8.862442374229431152e-01
2.588108520507812500e+02 1.537161707878112793e+00 8.933984756469726562e+00 1.690099239349365234e+00 1.303057670593261719e+00 9.139964580535888672e-01
2.806325988769531250e+02 1.713694691658020020e+00 8.850870132446289062e+00 9.095144271850585938e-01 6.080651283264160156e-01 8.834462761878967285e-01
2.869776611328125000e+02 4.949150085449218750e-01 6.790491580963134766e+00 1.819374561309814453e+00 1.576812267303466797e+00 8.798398971557617188e-01
2.968030700683593750e+02 3.999624848365783691e-01 6.905934810638427734e+00 -6.673645973205566406e-01 -6.315100193023681641e-01 8.327177762985229492e-01
2.625965576171875000e+02 1.017036676406860352e+00 7.941311836242675781e+00 -6.353576183319091797e+00 -5.828777313232421875e+00 8.918508887290954590e-01
2.830217590332031250e+02 1.033501863479614258e+00 8.213121414184570312e+00 7.038950920104980469e-01 8.236217498779296875e-01 9.866746664047241211e-01
