0.000000000000000000e+00 6.306663036346435547e+00 5.422667264938354492e-01 0.000000000000000000e+00
1.042968750000000000e+00 5.684195041656494141e+00 4.767386317253112793e-01 0.000000000000000000e+00
2.121093750000000000e+00 4.358736515045166016e+00 4.443894028663635254e-01 0.000000000000000000e+00
4.121093750000000000e+00 5.558127880096435547e+00 4.669010639190673828e-01 0.000000000000000000e+00
5.031250000000000000e+00 6.162139415740966797e+00 5.084745883941650391e-01 0.000000000000000000e+00
8.039062500000000000e+00 5.877506732940673828e+00 4.317472279071807861e-01 0.000000000000000000e+00
9.027343750000000000e+00 5.023112297058105469e+00 3.628289103507995605e-01 0.000000000000000000e+00
1.003125000000000000e+01 5.672848701477050781e+00 4.082500934600830078e-01 0.000000000000000000e+00
1.205078125000000000e+01 5.970902919769287109e+00 5.470938086509704590e-01 0.000000000000000000e+00
1.302343750000000000e+01 5.624330520629882812e+00 5.082509517669677734e-01 0.000000000000000000e+00
1.395703125000000000e+01 6.060437679290771484e+00 8.442780375480651855e-01 0.000000000000000000e+00
1.487109375000000000e+01 4.113728046417236328e+00 1.447775363922119141e+00 0.000000000000000000e+00
2.296484375000000000e+01 5.663144588470458984e+00 4.621980786323547363e-01 0.000000000000000000e+00
2.503125000000000000e+01 6.278229713439941406e+00 2.675480544567108154e-01 0.000000000000000000e+00
2.688671875000000000e+01 5.269572257995605469e+00 4.668585658073425293e-01 0.000000000000000000e+00
2.788281250000000000e+01 6.182319641113281250e+00 5.849338769912719727e-01 0.000000000000000000e+00
2.887890625000000000e+01 5.668946266174316406e+00 6.369561553001403809e-01 0.000000000000000000e+00
3.005078125000000000e+01 5.741199493408203125e+00 2.502318620681762695e-01 0.000000000000000000e+00
3.609765625000000000e+01 5.739313125610351562e+00 2.495008111000061035e-01 0.000000000000000000e+00
3.688671875000000000e+01 8.036231040954589844e+00 7.298578023910522461e-01 0.000000000000000000e+00
3.907031250000000000e+01 6.617609977722167969e+00 3.441421091556549072e-01 0.000000000000000000e+00
4.088671875000000000e+01 7.351029872894287109e+00 9.399965405464172363e-01 0.000000000000000000e+00
4.187500000000000000e+01 6.265883922576904297e+00 1.607854604721069336e+00 0.000000000000000000e+00
4.288281250000000000e+01 8.581341743469238281e+00 1.020359873771667480e+00 0.000000000000000000e+00
4.405468750000000000e+01 5.964887142181396484e+00 2.887626290321350098e-01 0.000000000000000000e+00
4.889453125000000000e+01 5.232798099517822266e+00 1.005397200584411621e+00 0.000000000000000000e+00
5.001171875000000000e+01 5.605850696563720703e+00 2.846185266971588135e-01 0.000000000000000000e+00
5.503515625000000000e+01 5.657773017883300781e+00 2.623138427734375000e-01 0.000000000000000000e+00
6.505078125000000000e+01 7.415333747863769531e+00 7.638684511184692383e-01 0.000000000000000000e+00
6.588671875000000000e+01 6.463525772094726562e+00 9.388034343719482422e-01 0.000000000000000000e+00
6.691406250000000000e+01 5.411760807037353516e+00 2.474441677331924438e-01 0.000000000000000000e+00
6.788671875000000000e+01 4.069689273834228516e+00 6.791276931762695312e-01 0.000000000000000000e+00
6.888671875000000000e+01 6.450909614562988281e+00 9.212172627449035645e-01 0.000000000000000000e+00
7.089062500000000000e+01 6.381386280059814453e+00 9.629327654838562012e-01 0.000000000000000000e+00
7.288281250000000000e+01 6.160321712493896484e+00 1.428409576416015625e+00 0.000000000000000000e+00
7.389062500000000000e+01 6.743423461914062500e+00 9.884474277496337891e-01 0.000000000000000000e+00
8.101171875000000000e+01 5.435948848724365234e+00 4.071107208728790283e-01 0.000000000000000000e+00
8.194140625000000000e+01 5.985033035278320312e+00 4.217264056205749512e-01 0.000000000000000000e+00
8.791406250000000000e+01 4.881447792053222656e+00 2.400153726339340210e-01 0.000000000000000000e+00
2.951132812500000000e+02 3.913641929626464844e+00 1.433634944260120392e-02 0.000000000000000000e+00
3.001093750000000000e+02 1.306307017803192139e-01 2.420537233352661133e+00 0.000000000000000000e+00
3.020976562500000000e+02 3.262241125106811523e+00 4.698254168033599854e-02 0.000000000000000000e+00
3.061328125000000000e+02 3.353150606155395508e+00 3.866765648126602173e-02 0.000000000000000000e+00
3.180312500000000000e+02 3.146211862564086914e+00 4.668842256069183350e-02 0.000000000000000000e+00
3.221328125000000000e+02 3.177072286605834961e+00 2.210878022015094757e-02 0.000000000000000000e+00
3.260820312500000000e+02 3.240802526473999023e+00 6.006244197487831116e-02 0.000000000000000000e+00
3.340546875000000000e+02 2.954405784606933594e+00 5.058163404464721680e-02 0.000000000000000000e+00
3.380429687500000000e+02 2.630550146102905273e+00 1.533091254532337189e-02 0.000000000000000000e+00
3.492109375000000000e+02 1.513336658477783203e+00 4.525618553161621094e-01 0.000000000000000000e+00
3.539453125000000000e+02 3.349122762680053711e+00 1.283586174249649048e-01 0.000000000000000000e+00
3.609804687500000000e+02 2.734684944152832031e+00 5.895814299583435059e-02 0.000000000000000000e+00
3.758945312500000000e+02 2.839052677154541016e+00 3.432289883494377136e-02 0.000000000000000000e+00
3.840742187500000000e+02 2.880970954895019531e+00 1.610331609845161438e-02 0.000000000000000000e+00
3.879023437500000000e+02 3.103391647338867188e+00 6.967270746827125549e-03 0.000000000000000000e+00
3.941093750000000000e+02 2.513391971588134766e+00 2.057745307683944702e-02 0.000000000000000000e+00
4.049179687500000000e+02 2.089196443557739258e+00 2.824861370027065277e-02 0.000000000000000000e+00
4.119101562500000000e+02 3.259650468826293945e+00 1.611954905092716217e-02 0.000000000000000000e+00
4.189804687500000000e+02 1.820480227470397949e+00 1.703252783045172691e-03 0.000000000000000000e+00
4.210000000000000000e+02 2.026224613189697266e+00 2.338591963052749634e-03 0.000000000000000000e+00
4.259960937500000000e+02 1.497117519378662109e+00 8.592303842306137085e-02 0.000000000000000000e+00
4.349296875000000000e+02 1.163403987884521484e+00 1.055027097463607788e-01 0.000000000000000000e+00
4.399414062500000000e+02 1.053129673004150391e+00 1.910510212182998657e-01 0.000000000000000000e+00
4.419179687500000000e+02 1.293560385704040527e+00 1.804902404546737671e-02 0.000000000000000000e+00
4.459960937500000000e+02 1.633419156074523926e+00 8.973062783479690552e-02 0.000000000000000000e+00
4.528984375000000000e+02 1.208398580551147461e+00 4.672392830252647400e-02 0.000000000000000000e+00
6.441406250000000000e+02 2.587972879409790039e-01 8.302967250347137451e-02 0.000000000000000000e+00
6.471328125000000000e+02 7.225691080093383789e-01 1.639485172927379608e-02 0.000000000000000000e+00
6.740703125000000000e+02 1.358614414930343628e-01 5.738882347941398621e-02 0.000000000000000000e+00
6.750546875000000000e+02 2.051278948783874512e-01 5.971068516373634338e-02 0.000000000000000000e+00
6.790468750000000000e+02 -1.400767117738723755e-01 9.375924244523048401e-03 0.000000000000000000e+00
6.840390625000000000e+02 1.295825652778148651e-02 1.709216460585594177e-02 0.000000000000000000e+00
6.910117187500000000e+02 -4.654533565044403076e-01 6.151719391345977783e-02 0.000000000000000000e+00
6.951601562500000000e+02 6.762636303901672363e-01 1.290909051895141602e-01 0.000000000000000000e+00
7.021953125000000000e+02 -3.313444852828979492e-01 6.972420215606689453e-02 0.000000000000000000e+00
7.089609375000000000e+02 4.011051952838897705e-01 4.673995543271303177e-03 0.000000000000000000e+00
7.159804687500000000e+02 5.614259839057922363e-01 3.082896396517753601e-02 0.000000000000000000e+00
7.221054687500000000e+02 -3.699039816856384277e-01 1.576426029205322266e-01 0.000000000000000000e+00
7.319921875000000000e+02 7.073284983634948730e-01 1.812810078263282776e-02 0.000000000000000000e+00
7.390585937500000000e+02 7.657869458198547363e-01 2.517267130315303802e-02 0.000000000000000000e+00
7.460585937500000000e+02 8.748981952667236328e-01 1.798775978386402130e-02 0.000000000000000000e+00
7.490585937500000000e+02 9.282054305076599121e-01 2.995923347771167755e-02 0.000000000000000000e+00
7.600234375000000000e+02 1.369896769523620605e+00 7.519625872373580933e-02 0.000000000000000000e+00
7.640898437500000000e+02 1.532228589057922363e+00 6.312646716833114624e-02 0.000000000000000000e+00
7.710390625000000000e+02 1.628266572952270508e+00 1.363329887390136719e-01 0.000000000000000000e+00
7.770351562500000000e+02 1.882781863212585449e+00 1.885003782808780670e-02 0.000000000000000000e+00
7.879062500000000000e+02 1.791373848915100098e+00 7.859724760055541992e-02 0.000000000000000000e+00
7.930117187500000000e+02 2.001185655593872070e+00 2.929739654064178467e-02 0.000000000000000000e+00
7.940195312500000000e+02 1.967668056488037109e+00 2.546325623989105225e-01 0.000000000000000000e+00
7.999179687500000000e+02 2.165048599243164062e+00 8.143745362758636475e-03 0.000000000000000000e+00
8.068867187500000000e+02 2.176387786865234375e+00 4.826369136571884155e-02 0.000000000000000000e+00
8.218828125000000000e+02 2.365107536315917969e+00 1.154088648036122322e-03 0.000000000000000000e+00
1.008253906250000000e+03 1.654906034469604492e+00 4.274014383554458618e-03 0.000000000000000000e+00
1.014183593750000000e+03 1.420114994049072266e+00 1.080255210399627686e-01 0.000000000000000000e+00
1.027105468750000000e+03 -5.873751640319824219e-01 1.365375667810440063e-01 0.000000000000000000e+00
1.037097656250000000e+03 9.361701011657714844e-01 1.215266063809394836e-02 0.000000000000000000e+00
1.046105468750000000e+03 1.397753357887268066e+00 1.102296914905309677e-02 0.000000000000000000e+00
1.056097656250000000e+03 -3.166748583316802979e-01 1.045887395739555359e-01 0.000000000000000000e+00
1.061093750000000000e+03 7.144879102706909180e-01 2.705452963709831238e-03 0.000000000000000000e+00
1.070058593750000000e+03 2.593185305595397949e-01 1.191159710288047791e-03 0.000000000000000000e+00
1.076011718750000000e+03 -2.354755438864231110e-02 5.265554413199424744e-02 0.000000000000000000e+00
1.085937500000000000e+03 2.388997524976730347e-01 2.016764134168624878e-03 0.000000000000000000e+00
1.090039062500000000e+03 1.782172173261642456e-01 8.880475535988807678e-03 0.000000000000000000e+00
1.098050781250000000e+03 3.404382765293121338e-01 2.016625134274363518e-03 0.000000000000000000e+00
1.104105468750000000e+03 -1.791914924979209900e-02 1.599408313632011414e-02 0.000000000000000000e+00
1.114984375000000000e+03 -5.617171525955200195e-01 2.579448930919170380e-02 0.000000000000000000e+00
1.124046875000000000e+03 -5.983592867851257324e-01 2.699725737329572439e-04 0.000000000000000000e+00
1.130976562500000000e+03 -3.906309306621551514e-01 8.219629526138305664e-04 0.000000000000000000e+00
1.135023437500000000e+03 -1.029824972152709961e+00 1.081839427351951599e-01 0.000000000000000000e+00
1.144011718750000000e+03 -4.149170219898223877e-01 5.775387212634086609e-02 0.000000000000000000e+00
1.147992187500000000e+03 2.061035931110382080e-01 2.207981795072555542e-02 0.000000000000000000e+00
1.153019531250000000e+03 1.435236334800720215e-01 4.643256589770317078e-02 0.000000000000000000e+00
1.155964843750000000e+03 1.220126915723085403e-02 1.794996857643127441e-01 0.000000000000000000e+00
1.158027343750000000e+03 2.750490903854370117e-01 4.058076068758964539e-02 0.000000000000000000e+00
1.164894531250000000e+03 -3.062375187873840332e-01 8.635191619396209717e-02 0.000000000000000000e+00
1.183960937500000000e+03 8.827109336853027344e-01 3.863520547747612000e-02 0.000000000000000000e+00
1.382121093750000000e+03 1.217150092124938965e+00 1.527268737554550171e-01 0.000000000000000000e+00
1.383121093750000000e+03 1.114040851593017578e+00 8.631062507629394531e-02 0.000000000000000000e+00
1.388234375000000000e+03 1.539778590202331543e+00 2.688877983018755913e-03 0.000000000000000000e+00
1.392207031250000000e+03 1.591909885406494141e+00 2.418314851820468903e-02 0.000000000000000000e+00
1.396152343750000000e+03 1.707260251045227051e+00 2.460200153291225433e-02 0.000000000000000000e+00
1.402132812500000000e+03 1.671742916107177734e+00 7.501821964979171753e-02 0.000000000000000000e+00
1.404226562500000000e+03 1.289673209190368652e+00 1.657281443476676941e-02 0.000000000000000000e+00
1.412191406250000000e+03 9.847096204757690430e-01 5.118525773286819458e-02 0.000000000000000000e+00
1.413246093750000000e+03 1.212230443954467773e+00 7.977900505065917969e-01 0.000000000000000000e+00
1.418250000000000000e+03 3.709549605846405029e-01 1.237525582313537598e+00 0.000000000000000000e+00
1.419066406250000000e+03 1.692340612411499023e+00 5.876756622456014156e-04 0.000000000000000000e+00
1.420246093750000000e+03 2.034335583448410034e-01 1.024700403213500977e+00 0.000000000000000000e+00
1.425089843750000000e+03 1.391857981681823730e+00 7.947402074933052063e-03 0.000000000000000000e+00
1.445136718750000000e+03 1.959959030151367188e+00 5.557394772768020630e-02 0.000000000000000000e+00
1.446039062500000000e+03 1.984608650207519531e+00 4.011014848947525024e-02 0.000000000000000000e+00
1.447214843750000000e+03 7.341198921203613281e-01 8.653485774993896484e-01 0.000000000000000000e+00
1.453113281250000000e+03 1.441910028457641602e+00 8.632644265890121460e-02 0.000000000000000000e+00
1.456210937500000000e+03 1.839474558830261230e+00 1.212585330009460449e+00 0.000000000000000000e+00
1.459218750000000000e+03 2.109281569719314575e-01 2.132370233535766602e+00 0.000000000000000000e+00
1.459980468750000000e+03 1.449261188507080078e+00 4.481040313839912415e-02 0.000000000000000000e+00
1.467203125000000000e+03 3.042995929718017578e+00 1.744430184364318848e+00 0.000000000000000000e+00
1.467925781250000000e+03 1.837693572044372559e+00 3.770966827869415283e-02 0.000000000000000000e+00
1.473101562500000000e+03 2.377693891525268555e+00 6.018215790390968323e-02 0.000000000000000000e+00
1.473949218750000000e+03 4.276137828826904297e+00 1.225083600729703903e-02 0.000000000000000000e+00
1.475074218750000000e+03 2.638914108276367188e+00 4.304847866296768188e-02 0.000000000000000000e+00
1.476867187500000000e+03 3.076208353042602539e+00 1.727193355560302734e+00 0.000000000000000000e+00
1.479062500000000000e+03 2.137742996215820312e+00 2.941729500889778137e-02 0.000000000000000000e+00
1.483898437500000000e+03 2.024290084838867188e+00 1.707900688052177429e-02 0.000000000000000000e+00
1.489054687500000000e+03 2.444146871566772461e+00 9.400622546672821045e-02 0.000000000000000000e+00
1.497996093750000000e+03 1.462146997451782227e+00 1.089827492833137512e-01 0.000000000000000000e+00
1.499878906250000000e+03 1.209557533264160156e+00 9.508736729621887207e-01 0.000000000000000000e+00
1.504921875000000000e+03 1.645741224288940430e+00 2.552296034991741180e-02 0.000000000000000000e+00
1.509000000000000000e+03 1.908067822456359863e+00 3.996441513299942017e-02 0.000000000000000000e+00
1.511886718750000000e+03 5.544866919517517090e-01 9.630210995674133301e-01 0.000000000000000000e+00
1.514964843750000000e+03 2.146197795867919922e+00 3.667462617158889771e-02 0.000000000000000000e+00
1.519882812500000000e+03 1.957237839698791504e+00 1.464029431343078613e+00 0.000000000000000000e+00
1.528929687500000000e+03 1.249559998512268066e+00 3.771032020449638367e-02 0.000000000000000000e+00
1.532878906250000000e+03 1.584047436714172363e+00 9.820485115051269531e-01 0.000000000000000000e+00
1.533996093750000000e+03 1.727718830108642578e+00 7.980297505855560303e-02 0.000000000000000000e+00
1.537972656250000000e+03 1.239257574081420898e+00 1.047651842236518860e-01 0.000000000000000000e+00
1.542902343750000000e+03 1.636090636253356934e+00 4.085752740502357483e-02 0.000000000000000000e+00
1.549906250000000000e+03 2.336603403091430664e+00 4.081778824329376221e-01 0.000000000000000000e+00
1.558941406250000000e+03 1.543995261192321777e+00 7.507908344268798828e-02 0.000000000000000000e+00
1.745261718750000000e+03 1.986487627029418945e+00 4.643588885664939880e-02 0.000000000000000000e+00
1.750242187500000000e+03 2.062556982040405273e+00 4.623670130968093872e-02 0.000000000000000000e+00
1.755234375000000000e+03 1.580099225044250488e+00 4.515531286597251892e-02 0.000000000000000000e+00
1.758179687500000000e+03 1.592334508895874023e+00 1.552867144346237183e-01 0.000000000000000000e+00
1.766148437500000000e+03 1.479326128959655762e+00 1.696853786706924438e-01 0.000000000000000000e+00
1.773046875000000000e+03 2.002871513366699219e+00 1.723266951739788055e-02 0.000000000000000000e+00
1.780042968750000000e+03 2.418297052383422852e+00 2.878569997847080231e-02 0.000000000000000000e+00
1.787152343750000000e+03 2.310783624649047852e+00 8.739983290433883667e-02 0.000000000000000000e+00
1.795128906250000000e+03 2.192017555236816406e+00 1.112983003258705139e-01 0.000000000000000000e+00
1.799132812500000000e+03 2.825685262680053711e+00 3.082723729312419891e-02 0.000000000000000000e+00
1.804128906250000000e+03 2.772585391998291016e+00 3.478604555130004883e-02 0.000000000000000000e+00
1.811136718750000000e+03 2.941154956817626953e+00 1.783077605068683624e-02 0.000000000000000000e+00
1.816066406250000000e+03 3.069729089736938477e+00 8.407291769981384277e-02 0.000000000000000000e+00
1.823183593750000000e+03 3.366375923156738281e+00 6.870759725570678711e-01 0.000000000000000000e+00
1.825902343750000000e+03 4.017472743988037109e+00 4.720532521605491638e-02 0.000000000000000000e+00
1.832886718750000000e+03 3.236742258071899414e+00 1.937909238040447235e-02 0.000000000000000000e+00
1.838000000000000000e+03 3.225211143493652344e+00 3.256442397832870483e-02 0.000000000000000000e+00
1.843074218750000000e+03 3.631920576095581055e+00 4.528865963220596313e-02 0.000000000000000000e+00
1.851894531250000000e+03 3.760337114334106445e+00 4.112477600574493408e-02 0.000000000000000000e+00
1.858046875000000000e+03 4.070243358612060547e+00 6.037968769669532776e-02 0.000000000000000000e+00
1.865992187500000000e+03 3.693652868270874023e+00 5.377323925495147705e-02 0.000000000000000000e+00
1.871031250000000000e+03 3.644988298416137695e+00 4.886309802532196045e-02 0.000000000000000000e+00
1.880925781250000000e+03 3.497894287109375000e+00 9.129317849874496460e-02 0.000000000000000000e+00
1.885019531250000000e+03 3.969447374343872070e+00 9.821878373622894287e-02 0.000000000000000000e+00
1.891914062500000000e+03 3.783744096755981445e+00 3.870161622762680054e-02 0.000000000000000000e+00
1.895921875000000000e+03 3.545665264129638672e+00 6.619959324598312378e-02 0.000000000000000000e+00
1.897917968750000000e+03 3.033934831619262695e+00 4.520712792873382568e-02 0.000000000000000000e+00
1.901921875000000000e+03 3.685783147811889648e+00 1.853678077459335327e-01 0.000000000000000000e+00
1.912929687500000000e+03 2.463713407516479492e+00 8.072310686111450195e-02 0.000000000000000000e+00
1.919906250000000000e+03 2.749902725219726562e+00 5.386651307344436646e-02 0.000000000000000000e+00
2.131164062500000000e+03 1.704764842987060547e+00 3.349635004997253418e-02 0.000000000000000000e+00
2.168085937500000000e+03 2.175636529922485352e+00 2.664796076714992523e-02 0.000000000000000000e+00
2.169183593750000000e+03 2.788915395736694336e+00 3.781414031982421875e-01 0.000000000000000000e+00
2.190050781250000000e+03 2.415536165237426758e+00 5.829512327909469604e-02 0.000000000000000000e+00
2.213058593750000000e+03 2.319360256195068359e+00 5.048025399446487427e-02 0.000000000000000000e+00
2.215121093750000000e+03 2.480903863906860352e+00 5.140696167945861816e-01 0.000000000000000000e+00
2.216054687500000000e+03 2.805138826370239258e+00 4.390158355236053467e-01 0.000000000000000000e+00
2.226980468750000000e+03 1.656015157699584961e+00 4.008666872978210449e-01 0.000000000000000000e+00
2.227917968750000000e+03 1.530805587768554688e+00 5.043400526046752930e-01 0.000000000000000000e+00
3.235859375000000000e+02 -1.207677125930786133e+00 4.812053143978118896e-01 1.000000000000000000e+00
3.544726562500000000e+02 -4.584946930408477783e-01 4.510396420955657959e-01 1.000000000000000000e+00
3.585351562500000000e+02 1.384174823760986328e+00 1.031655788421630859e+00 1.000000000000000000e+00
3.843984375000000000e+02 -3.277669847011566162e-02 6.490565538406372070e-01 1.000000000000000000e+00
6.765820312500000000e+02 2.613374710083007812e+00 1.464404344558715820e+00 1.000000000000000000e+00
7.185039062500000000e+02 -1.583186626434326172e+00 8.266501426696777344e-01 1.000000000000000000e+00
7.415351562500000000e+02 9.025592803955078125e-01 6.303622722625732422e-01 1.000000000000000000e+00
7.714179687500000000e+02 3.975580632686614990e-01 7.055325508117675781e-01 1.000000000000000000e+00
1.001636718750000000e+03 2.329588979482650757e-01 6.460877656936645508e-01 1.000000000000000000e+00
1.002535156250000000e+03 5.780842900276184082e-01 7.914936542510986328e-01 1.000000000000000000e+00
1.040523437500000000e+03 -2.293480932712554932e-02 9.808368682861328125e-01 1.000000000000000000e+00
1.041531250000000000e+03 3.989755213260650635e-01 8.107455372810363770e-01 1.000000000000000000e+00
1.044585937500000000e+03 4.232320487499237061e-01 4.640031456947326660e-01 1.000000000000000000e+00
1.064523437500000000e+03 8.022643923759460449e-01 5.202807784080505371e-01 1.000000000000000000e+00
1.067496093750000000e+03 6.004917621612548828e-01 7.920904159545898438e-01 1.000000000000000000e+00
1.097464843750000000e+03 4.059784889221191406e+00 1.295884132385253906e+00 1.000000000000000000e+00
1.098433593750000000e+03 2.791255950927734375e+00 1.092291712760925293e+00 1.000000000000000000e+00
1.127476562500000000e+03 4.447131156921386719e-01 6.297988891601562500e-01 1.000000000000000000e+00
1.183339843750000000e+03 2.119819670915603638e-01 8.661614656448364258e-01 1.000000000000000000e+00
1.388523437500000000e+03 -2.165008306503295898e+00 6.717910170555114746e-01 1.000000000000000000e+00
1.415554687500000000e+03 1.311431527137756348e+00 8.180416822433471680e-01 1.000000000000000000e+00
1.451542968750000000e+03 -2.335424661636352539e+00 2.041403293609619141e+00 1.000000000000000000e+00
1.452554687500000000e+03 3.244479894638061523e-01 7.919339537620544434e-01 1.000000000000000000e+00
1.476496093750000000e+03 3.784131705760955811e-01 6.525882482528686523e-01 1.000000000000000000e+00
1.479480468750000000e+03 3.969064652919769287e-01 5.546018481254577637e-01 1.000000000000000000e+00
1.506394531250000000e+03 -8.032293915748596191e-01 4.688341915607452393e-01 1.000000000000000000e+00
1.508433593750000000e+03 -7.669878602027893066e-01 4.732462763786315918e-01 1.000000000000000000e+00
1.745609375000000000e+03 3.981796979904174805e+00 1.496124148368835449e+00 1.000000000000000000e+00
1.749597656250000000e+03 -5.170410871505737305e-01 1.038979649543762207e+00 1.000000000000000000e+00
1.802503906250000000e+03 -3.627653121948242188e+00 1.170019745826721191e+00 1.000000000000000000e+00
1.807558593750000000e+03 2.988512217998504639e-01 6.816332936286926270e-01 1.000000000000000000e+00
1.808554687500000000e+03 -3.881531357765197754e-01 4.321734607219696045e-01 1.000000000000000000e+00
1.832496093750000000e+03 1.159743785858154297e+00 1.747408032417297363e+00 1.000000000000000000e+00
1.836511718750000000e+03 -3.789713382720947266e-01 5.994629859924316406e-01 1.000000000000000000e+00
1.864382812500000000e+03 -4.234350919723510742e-01 8.895121812820434570e-01 1.000000000000000000e+00
2.124558593750000000e+03 1.160576105117797852e+00 1.222977995872497559e+00 1.000000000000000000e+00
2.156562500000000000e+03 -1.641868948936462402e-01 9.588514566421508789e-01 1.000000000000000000e+00
2.158570312500000000e+03 -8.884873986244201660e-02 8.106216192245483398e-01 1.000000000000000000e+00
2.189531250000000000e+03 2.336267083883285522e-01 8.886364102363586426e-01 1.000000000000000000e+00
2.212484375000000000e+03 5.802397727966308594e-01 7.010679841041564941e-01 1.000000000000000000e+00
3.235859375000000000e+02 2.179494857788085938e+00 8.892978668212890625e+00 2.000000000000000000e+00
3.565039062500000000e+02 1.877607822418212891e+00 8.483798027038574219e+00 2.000000000000000000e+00
3.843984375000000000e+02 7.113192081451416016e-01 7.516641139984130859e+00 2.000000000000000000e+00
6.765820312500000000e+02 -1.334284394979476929e-01 6.349707603454589844e+00 2.000000000000000000e+00
7.185039062500000000e+02 9.308655560016632080e-02 6.533810615539550781e+00 2.000000000000000000e+00
7.415351562500000000e+02 4.115402102470397949e-01 6.923874855041503906e+00 2.000000000000000000e+00
7.714179687500000000e+02 1.713666796684265137e+00 8.690943717956542969e+00 2.000000000000000000e+00
1.002085937500000000e+03 4.733763337135314941e-01 7.234525203704833984e+00 2.000000000000000000e+00
1.042046875000000000e+03 5.471234321594238281e-01 6.987031459808349609e+00 2.000000000000000000e+00
1.066007812500000000e+03 5.602398514747619629e-02 6.559960365295410156e+00 2.000000000000000000e+00
1.098109375000000000e+03 1.138431191444396973e+00 7.751500606536865234e+00 2.000000000000000000e+00
1.127476562500000000e+03 -6.370318531990051270e-01 5.863009929656982422e+00 2.000000000000000000e+00
1.183339843750000000e+03 -1.797676205635070801e+00 5.961426258087158203e+00 2.000000000000000000e+00
1.388523437500000000e+03 5.770919322967529297e-01 7.008636951446533203e+00 2.000000000000000000e+00
1.415554687500000000e+03 -5.501813292503356934e-01 5.860793590545654297e+00 2.000000000000000000e+00
1.452046875000000000e+03 -8.073533177375793457e-01 5.706875324249267578e+00 2.000000000000000000e+00
1.477687500000000000e+03 3.029328882694244385e-01 6.854281902313232422e+00 2.000000000000000000e+00
1.507414062500000000e+03 9.304330497980117798e-02 7.005609989166259766e+00 2.000000000000000000e+00
1.748003906250000000e+03 -3.542679920792579651e-02 6.524755477905273438e+00 2.000000000000000000e+00
1.806539062500000000e+03 -1.364966928958892822e-01 6.419654369354248047e+00 2.000000000000000000e+00
1.834503906250000000e+03 8.873330056667327881e-02 6.579650402069091797e+00 2.000000000000000000e+00
1.864382812500000000e+03 1.856303930282592773e+00 8.790340423583984375e+00 2.000000000000000000e+00
2.124558593750000000e+03 1.751435697078704834e-01 6.681177616119384766e+00 2.000000000000000000e+00
2.157566406250000000e+03 -2.724406495690345764e-02 6.471199035644531250e+00 2.000000000000000000e+00
2.189531250000000000e+03 1.244286894798278809e+00 8.084114074707031250e+00 2.000000000000000000e+00
2.212484375000000000e+03 -1.915736913681030273e+00 4.580935001373291016e+00 2.000000000000000000e+00
