4.216135406494140625e+01 1.540092468261718750e+00 6.975758075714111328e+00 3.936405181884765625e-01 3.552799224853515625e-01 5.324696898460388184e-01
4.094016647338867188e+01 1.082299232482910156e+00 6.073038101196289062e+00 1.232204437255859375e+00 1.464803695678710938e+00 8.182030916213989258e-01
2.871693992614746094e+01 2.502934455871582031e+00 9.037183761596679688e+00 -9.897945404052734375e+00 -6.565214157104492188e+00 7.013699412345886230e-01
1.798740844726562500e+02 1.810275077819824219e+00 7.476447582244873047e+00 -3.763643264770507812e+00 -4.977891921997070312e+00 1.351452350616455078e+00
2.147826690673828125e+02 3.017878532409667969e+00 1.010561752319335938e+01 1.534806442260742188e+01 1.231924438476562500e+01 7.808822393417358398e-01
4.316709518432617188e+01 1.861070632934570312e+00 7.667054653167724609e+00 -1.058036804199218750e+00 -2.403907775878906250e-01 8.360863327980041504e-01
1.843578720092773438e+01 1.172681331634521484e+00 6.375137329101562500e+00 3.340929031372070312e+00 4.084125518798828125e+00 1.029942512512207031e+00
1.920759773254394531e+01 8.456568717956542969e-01 5.461673736572265625e+00 4.345832824707031250e+00 3.877107620239257812e+00 8.036650419235229492e-01
1.658694152832031250e+02 3.221247196197509766e+00 1.030500411987304688e+01 8.688896179199218750e+00 9.533403396606445312e+00 9.835469126701354980e-01
4.356644058227539062e+01 1.436061382293701172e+00 6.586888790130615234e+00 5.113527297973632812e+00 2.950679779052734375e+00 4.944702982902526855e-01
4.469617462158203125e+01 1.637951612472534180e+00 6.790579795837402344e+00 3.413545608520507812e+00 3.336221694946289062e+00 8.925787210464477539e-01
2.662976074218750000e+01 1.284699678421020508e+00 6.813177108764648438e+00 3.337825775146484375e+00 2.530017852783203125e+00 6.605165600776672363e-01
2.018154144287109375e+02 3.005743026733398438e+00 9.910900115966796875e+00 -7.993144989013671875e-01 7.753181457519531250e-02 3.989138007164001465e-01
2.261846733093261719e+01 1.540869235992431641e+00 7.300052642822265625e+00 7.526807785034179688e+00 5.740518569946289062e+00 7.168565988540649414e-01
1.717544174194335938e+01 1.199860095977783203e+00 6.269944190979003906e+00 -1.110240936279296875e+00 -4.409427642822265625e-01 6.486737728118896484e-01
3.951556777954101562e+01 1.182865142822265625e+00 6.351884365081787109e+00 5.234174728393554688e+00 4.485750198364257812e+00 7.786554098129272461e-01
3.905979919433593750e+01 1.379506826400756836e+00 6.762716770172119141e+00 2.355525970458984375e+00 1.605442047119140625e+00 5.854668617248535156e-01
1.851412010192871094e+01 9.519071578979492188e-01 5.970428943634033203e+00 1.066814422607421875e+00 9.992179870605468750e-01 6.970178484916687012e-01
2.074531555175781250e+02 1.324420452117919922e+00 6.769773006439208984e+00 4.388568878173828125e+00 5.116485595703125000e+00 1.031834006309509277e+00
4.569963455200195312e+01 1.343311786651611328e+00 6.635272979736328125e+00 4.256372451782226562e+00 3.933345794677734375e+00 8.185961246490478516e-01
2.232822113037109375e+02 2.586269855499267578e+00 9.311134338378906250e+00 -4.313755035400390625e+00 -2.258337020874023438e+00 6.609162092208862305e-01
4.239054107666015625e+01 1.683741569519042969e+00 7.413959503173828125e+00 -4.210853576660156250e-02 3.454551696777343750e-01 6.541100740432739258e-01
4.325099945068359375e+01 1.483615398406982422e+00 6.785569667816162109e+00 1.615734100341796875e-01 5.815696716308593750e-01 8.291867971420288086e-01
4.471923446655273438e+01 1.639334201812744141e+00 7.193889617919921875e+00 -1.751022338867187500e-01 3.928108215332031250e-01 6.676472425460815430e-01
2.050161132812500000e+02 2.067964553833007812e+00 8.058655738830566406e+00 5.527519226074218750e+00 4.995780944824218750e+00 7.918854951858520508e-01
4.283529663085937500e+01 7.083504199981689453e-01 5.183744907379150391e+00 2.549552917480468750e-01 6.507682800292968750e-01 6.967686414718627930e-01
4.234326934814453125e+01 9.772751331329345703e-01 5.831258773803710938e+00 6.122989654541015625e-01 8.333797454833984375e-01 7.007442712783813477e-01
4.133465957641601562e+01 1.463547706604003906e+00 7.133983135223388672e+00 1.653280258178710938e+00 1.701679229736328125e+00 7.394635081291198730e-01
1.466613292694091797e+01 1.366097211837768555e+00 6.782889842987060547e+00 3.185218811035156250e+00 3.246868133544921875e+00 8.551828861236572266e-01
8.445092010498046875e+01 7.775671482086181641e-01 5.579332828521728516e+00 1.182891845703125000e+00 8.491420745849609375e-01 5.164098143577575684e-01
4.330621719360351562e+01 1.237324237823486328e+00 6.149909973144531250e+00 5.429000854492187500e-01 7.925987243652343750e-01 7.873448133468627930e-01
4.450865554809570312e+01 1.289923667907714844e+00 6.484950065612792969e+00 3.980541229248046875e+00 3.167579650878906250e+00 6.857294440269470215e-01
3.976208877563476562e+01 1.458537578582763672e+00 7.073375225067138672e+00 2.021417617797851562e+00 2.227951049804687500e+00 8.227114677429199219e-01
2.219118652343750000e+02 1.065774440765380859e+00 6.159834861755371094e+00 6.665439605712890625e-01 1.130805969238281250e+00 1.059220910072326660e+00
4.422064590454101562e+01 1.343692779541015625e+00 6.534231662750244141e+00 6.820121765136718750e+00 3.926998138427734375e+00 5.393699407577514648e-01
3.935726547241210938e+01 3.003653049468994141e+00 9.867860794067382812e+00 5.754489898681640625e-01 6.183395385742187500e-01 6.442371010780334473e-01
3.801700592041015625e+01 1.273214817047119141e+00 6.280006408691406250e+00 5.080245971679687500e+00 3.499855041503906250e+00 6.173657178878784180e-01
3.886411666870117188e+01 1.818824052810668945e+00 7.520416259765625000e+00 -6.046733856201171875e-01 -1.644973754882812500e-01 7.572129368782043457e-01
1.970434875488281250e+02 1.638144016265869141e+00 7.133601665496826172e+00 -7.309114456176757812e+00 -3.091638565063476562e+00 5.113244652748107910e-01
4.172753524780273438e+01 2.338430404663085938e+00 8.573003768920898438e+00 -1.214453697204589844e+01 -7.824312210083007812e+00 6.818454861640930176e-01
4.277140426635742188e+01 8.346676826477050781e-01 5.193858146667480469e+00 -6.802692413330078125e-01 3.910446166992187500e-02 7.814155817031860352e-01
2.654864883422851562e+01 1.370613336563110352e+00 6.661577224731445312e+00 1.257287979125976562e+00 1.511556625366210938e+00 7.923483252525329590e-01
4.211445999145507812e+01 1.579233169555664062e+00 7.303495407104492188e+00 -1.130985260009765625e+00 -3.082981109619140625e-01 6.965727806091308594e-01
1.662045478820800781e+01 1.565926074981689453e+00 6.746886253356933594e+00 2.230045318603515625e+00 2.650175094604492188e+00 9.247859716415405273e-01
2.174586029052734375e+02 9.753801822662353516e-01 5.614871501922607422e+00 2.534313201904296875e-01 8.927249908447265625e-01 1.052938342094421387e+00
4.514403533935546875e+01 1.213388681411743164e+00 6.377889156341552734e+00 5.315036773681640625e-01 9.465522766113281250e-01 7.607683539390563965e-01
4.012966918945312500e+01 8.103041648864746094e-01 5.587351799011230469e+00 1.441131591796875000e+00 8.015537261962890625e-01 5.958336591720581055e-01
2.920898246765136719e+01 1.228370428085327148e+00 5.896468162536621094e+00 2.171583175659179688e+00 2.066181182861328125e+00 6.349022388458251953e-01
4.002104949951171875e+01 1.134577512741088867e+00 6.023523807525634766e+00 2.111358642578125000e+00 2.100379943847656250e+00 7.894215583801269531e-01
3.073498344421386719e+01 1.642490863800048828e+00 7.393937110900878906e+00 9.373569488525390625e-01 1.057035446166992188e+00 6.096781492233276367e-01
4.132490158081054688e+01 8.175194263458251953e-01 5.374298572540283203e+00 1.040113449096679688e+00 1.292999267578125000e+00 7.849082350730895996e-01
1.073056564331054688e+02 8.296523094177246094e-01 5.486614704132080078e+00 6.581916809082031250e-01 6.252079010009765625e-01 7.250745296478271484e-01
4.138400268554687500e+01 1.166460752487182617e+00 6.315310478210449219e+00 5.029392242431640625e+00 3.134815216064453125e+00 5.813392400741577148e-01
2.132783889770507812e+01 1.599439620971679688e+00 7.087224006652832031e+00 -4.799461364746093750e-01 1.960105895996093750e-01 5.876700878143310547e-01
1.725788307189941406e+01 1.022548437118530273e+00 6.049695491790771484e+00 4.705757141113281250e+00 3.972110748291015625e+00 7.689159512519836426e-01
3.939152526855468750e+01 1.613474369049072266e+00 7.014019966125488281e+00 4.630689620971679688e+00 3.317226409912109375e+00 6.059979200363159180e-01
5.367222900390625000e+02 3.428854942321777344e-01 4.273249149322509766e+00 -1.624031066894531250e-01 -4.335136413574218750e-01 1.202268481254577637e+00
2.284190673828125000e+02 7.140703201293945312e-01 5.368319988250732422e+00 2.562236785888671875e-01 6.607913970947265625e-01 9.826928973197937012e-01
2.099586181640625000e+02 6.186316013336181641e-01 5.000466346740722656e+00 1.132089614868164062e+00 7.568550109863281250e-01 5.455703139305114746e-01
4.521397399902343750e+01 1.100023269653320312e+00 6.242262840270996094e+00 1.604099273681640625e+00 1.553089141845703125e+00 7.990454435348510742e-01
4.502317810058593750e+01 2.353271484375000000e+00 8.567640304565429688e+00 -1.301645374298095703e+01 -1.217758941650390625e+01 9.950869679450988770e-01
4.391696548461914062e+01 1.118330001831054688e+00 6.214015007019042969e+00 3.664436340332031250e+00 3.712617874145507812e+00 8.387936353683471680e-01
4.527340316772460938e+01 1.913020610809326172e+00 7.876997470855712891e+00 3.613891601562500000e-01 6.390972137451171875e-01 7.478708028793334961e-01
3.921614456176757812e+01 1.636921882629394531e+00 7.463035583496093750e+00 1.328544616699218750e-01 5.792064666748046875e-01 6.722930073738098145e-01
2.240551300048828125e+02 2.244492053985595703e+00 8.360486984252929688e+00 -2.417718887329101562e+00 -2.443971633911132812e+00 1.223634481430053711e+00
4.079514312744140625e+01 1.149269104003906250e+00 5.908615589141845703e+00 1.844167709350585938e+00 2.288669586181640625e+00 8.943855166435241699e-01
4.038185501098632812e+01 1.501952886581420898e+00 6.589451789855957031e+00 5.034124374389648438e+00 2.382860183715820312e+00 4.750015735626220703e-01
1.330774536132812500e+02 9.389662742614746094e-01 5.590843677520751953e+00 1.292301177978515625e+00 7.248725891113281250e-01 6.119033098220825195e-01
4.266539382934570312e+01 1.443824052810668945e+00 6.830349445343017578e+00 4.564229965209960938e+00 3.315814971923828125e+00 6.476914882659912109e-01
2.451215972900390625e+02 4.483649730682373047e-01 5.067230224609375000e+00 7.500953674316406250e-01 9.571666717529296875e-01 9.247655868530273438e-01
3.913002777099609375e+01 1.676098346710205078e+00 6.826166152954101562e+00 7.150476455688476562e+00 5.371789932250976562e+00 6.985148191452026367e-01
1.639860382080078125e+02 1.820495128631591797e+00 7.498352050781250000e+00 1.077167129516601562e+01 3.224731445312500000e+00 2.683566808700561523e-01
1.963372230529785156e+01 1.095276355743408203e+00 6.391198635101318359e+00 1.287565231323242188e+00 1.183929443359375000e+00 8.017183542251586914e-01
4.684404754638671875e+01 1.552361249923706055e+00 7.423351287841796875e+00 2.318943023681640625e+00 2.055051803588867188e+00 7.459893822669982910e-01
2.085564880371093750e+02 7.647333145141601562e-01 5.466042995452880859e+00 1.374561309814453125e+00 1.255088806152343750e+00 6.346993446350097656e-01
4.577056503295898438e+01 1.674988985061645508e+00 7.475686550140380859e+00 -1.829401016235351562e+00 -5.852489471435546875e-01 4.793547391891479492e-01
3.762741851806640625e+01 2.042814254760742188e+00 7.980807304382324219e+00 4.923152923583984375e-01 1.140687942504882812e+00 8.512914180755615234e-01
2.020466308593750000e+02 1.541615486145019531e+00 7.006262779235839844e+00 -6.944541931152343750e-01 -4.266319274902343750e-01 8.230136632919311523e-01
4.465621566772460938e+01 1.466423988342285156e+00 7.219412803649902344e+00 2.730894088745117188e+00 3.123218536376953125e+00 9.443202614784240723e-01
4.440118789672851562e+01 1.327650785446166992e+00 6.892942428588867188e+00 3.911319732666015625e+00 3.286212921142578125e+00 6.959338188171386719e-01
3.957550048828125000e+01 1.883706569671630859e+00 7.889195919036865234e+00 1.324117660522460938e+00 1.427303314208984375e+00 7.642331123352050781e-01
2.796061706542968750e+01 1.203621387481689453e+00 6.414533138275146484e+00 2.685134887695312500e+00 2.586303710937500000e+00 7.478375434875488281e-01
4.287250900268554688e+01 2.248400211334228516e+00 8.405153274536132812e+00 -5.145525932312011719e+00 -4.954815864562988281e+00 1.050202250480651855e+00
4.335029220581054688e+01 1.499235630035400391e+00 6.790178775787353516e+00 2.424449920654296875e+00 1.945638656616210938e+00 6.892502307891845703e-01
4.312408447265625000e+01 3.111893653869628906e+00 1.029411506652832031e+01 -1.415718746185302734e+01 -1.436665821075439453e+01 1.041715264320373535e+00
4.531852340698242188e+01 1.245284080505371094e+00 6.580050945281982422e+00 3.623672485351562500e+00 4.061668395996093750e+00 9.535427093505859375e-01
2.182166290283203125e+02 1.739608287811279297e+00 7.653450965881347656e+00 4.413251876831054688e+00 3.054655075073242188e+00 6.352974176406860352e-01
4.356644058227539062e+01 1.436061382293701172e+00 6.586888790130615234e+00 5.113527297973632812e+00 2.950679779052734375e+00 4.944702982902526855e-01
4.434734344482421875e+01 1.600769996643066406e+00 7.174528598785400391e+00 -6.807155609130859375e-01 -2.966766357421875000e-01 8.022770285606384277e-01
3.895269393920898438e+01 1.960031032562255859e+00 7.537326812744140625e+00 3.970300674438476562e+00 3.408199310302734375e+00 7.394227981567382812e-01
1.963629722595214844e+01 1.165995597839355469e+00 6.061553478240966797e+00 4.092119216918945312e+00 3.164962768554687500e+00 6.630891561508178711e-01
3.956086730957031250e+01 2.244012355804443359e+00 8.397672653198242188e+00 -5.900814056396484375e+00 -4.091738700866699219e+00 7.671585679054260254e-01
4.034524154663085938e+01 1.526953935623168945e+00 7.164311408996582031e+00 6.216915130615234375e+00 5.077156066894531250e+00 7.834171056747436523e-01
4.001679229736328125e+01 1.330596446990966797e+00 6.905235767364501953e+00 -4.008941650390625000e-01 1.434745788574218750e-01 8.002477884292602539e-01
4.497700500488281250e+01 8.641493320465087891e-01 5.678416728973388672e+00 1.855791091918945312e+00 1.225811004638671875e+00 5.810701251029968262e-01
4.243051528930664062e+01 2.025107860565185547e+00 8.195101737976074219e+00 1.199014663696289062e+00 9.324188232421875000e-01 5.707854628562927246e-01
4.451813507080078125e+01 1.518669843673706055e+00 6.681488990783691406e+00 3.459360122680664062e+00 3.536201477050781250e+00 8.943176269531250000e-01
4.467314147949218750e+01 1.306718826293945312e+00 6.802377223968505859e+00 3.536495208740234375e+00 3.368642807006835938e+00 8.456420302391052246e-01
4.450691986083984375e+01 3.293660163879394531e+00 1.038278675079345703e+01 -1.429776573181152344e+01 -1.566304588317871094e+01 1.136767625808715820e+00
3.863035964965820312e+01 1.477935791015625000e+00 6.526920318603515625e+00 6.109811782836914062e+00 4.430942535400390625e+00 6.718915700912475586e-01
4.450544357299804688e+01 1.552684545516967773e+00 6.842348098754882812e+00 2.156677246093750000e+00 1.800115585327148438e+00 6.061129570007324219e-01
3.042217445373535156e+01 1.447261333465576172e+00 6.684534072875976562e+00 6.577320098876953125e+00 5.542104721069335938e+00 7.763329744338989258e-01
9.060498046875000000e+01 5.477273464202880859e-01 4.990505695343017578e+00 6.119823455810546875e-01 3.147697448730468750e-01 4.170754849910736084e-01
2.723666381835937500e+01 1.079143524169921875e+00 6.349492073059082031e+00 -2.241670608520507812e+00 -1.573421478271484375e+00 9.491251707077026367e-01
4.521930313110351562e+01 1.949146747589111328e+00 7.626417160034179688e+00 8.565521240234375000e-02 2.985591888427734375e-01 7.784127593040466309e-01
4.662324905395507812e+01 1.133001327514648438e+00 6.324376583099365234e+00 4.246040344238281250e+00 2.874052047729492188e+00 5.865120887756347656e-01
1.829727935791015625e+01 1.669804096221923828e+00 7.002641201019287109e+00 7.302284240722656250e-02 3.036079406738281250e-01 5.670254826545715332e-01
2.605982780456542969e+01 1.054652690887451172e+00 5.664285659790039062e+00 3.990554809570312500e-02 7.323169708251953125e-01 8.550938963890075684e-01
4.497316741943359375e+01 1.132654666900634766e+00 6.139725208282470703e+00 1.492538452148437500e+00 1.672746658325195312e+00 9.326880574226379395e-01
1.840509414672851562e+01 9.998548030853271484e-01 5.694248676300048828e+00 1.261592864990234375e+00 1.979639053344726562e+00 9.452294111251831055e-01
2.297170715332031250e+02 8.971786499023437500e-01 5.567274570465087891e+00 2.067928314208984375e-01 1.657867431640625000e-01 4.934297502040863037e-01
4.380131912231445312e+01 1.290410995483398438e+00 6.166268825531005859e+00 2.866325378417968750e+00 3.324478149414062500e+00 9.630920886993408203e-01
1.439008426666259766e+01 1.136718750000000000e+00 6.344881534576416016e+00 2.321315765380859375e+00 2.774503707885742188e+00 9.151080250740051270e-01
1.903053855895996094e+01 8.535943031311035156e-01 5.393622398376464844e+00 2.757789611816406250e+00 2.764141082763671875e+00 9.471455216407775879e-01
4.298073577880859375e+01 1.078060865402221680e+00 6.131523609161376953e+00 1.019590377807617188e+00 9.953193664550781250e-01 6.046552062034606934e-01
4.217127227783203125e+01 1.431584358215332031e+00 6.960654735565185547e+00 3.185009002685546875e+00 2.616498947143554688e+00 7.275831103324890137e-01
2.330270690917968750e+02 1.617936134338378906e+00 7.185836791992187500e+00 -6.907086372375488281e+00 -5.439982414245605469e+00 8.072806000709533691e-01
4.658584213256835938e+01 1.009005546569824219e+00 5.872736454010009766e+00 4.525951385498046875e+00 3.892154693603515625e+00 7.220106124877929688e-01
4.114199829101562500e+01 1.079321384429931641e+00 6.059926986694335938e+00 9.060363769531250000e-01 1.133926391601562500e+00 8.276626467704772949e-01
2.088866233825683594e+01 2.694180488586425781e+00 9.605702400207519531e+00 -5.485612869262695312e+00 -2.892200469970703125e+00 6.121693849563598633e-01
2.035628509521484375e+01 2.134881973266601562e+00 7.935338973999023438e+00 -2.064077377319335938e+00 -1.377565383911132812e+00 8.415113687515258789e-01
4.297402572631835938e+01 1.603418350219726562e+00 7.339556217193603516e+00 -9.602603912353515625e-01 -3.316955566406250000e-01 7.319334149360656738e-01
4.095864868164062500e+01 2.175956726074218750e+00 8.216342926025390625e+00 -5.074249267578125000e+00 -3.846443176269531250e+00 8.764854669570922852e-01
2.252597503662109375e+02 3.141022682189941406e+00 1.034457874298095703e+01 1.553215408325195312e+01 1.109375381469726562e+01 6.977651119232177734e-01
4.497257614135742188e+01 1.002288103103637695e+00 6.158185958862304688e+00 2.354293823242187500e+00 2.042549133300781250e+00 6.568832397460937500e-01
4.327093124389648438e+01 1.709814071655273438e+00 7.447837352752685547e+00 7.657241821289062500e-02 5.447349548339843750e-01 8.004723787307739258e-01
4.573860931396484375e+01 1.331656217575073242e+00 6.418410301208496094e+00 6.407310485839843750e+00 4.870040893554687500e+00 6.671063899993896484e-01
1.811156845092773438e+01 1.601696014404296875e+00 7.278130054473876953e+00 -2.442110061645507812e+00 -2.081533432006835938e+00 1.015192747116088867e+00
4.398347854614257812e+01 2.067679405212402344e+00 7.942312240600585938e+00 7.038593292236328125e-01 6.471786499023437500e-01 7.482714653015136719e-01
3.971650695800781250e+01 3.181058883666992188e+00 1.005109977722167969e+01 -1.616685295104980469e+01 -1.514105510711669922e+01 9.730562567710876465e-01
1.321551990509033203e+01 1.173003673553466797e+00 6.254919052124023438e+00 1.809537887573242188e+00 2.320606231689453125e+00 1.066284894943237305e+00
4.254605865478515625e+01 1.360322952270507812e+00 6.402330875396728516e+00 5.456230163574218750e+00 5.040637969970703125e+00 8.356726169586181641e-01
4.496913909912109375e+01 3.077330112457275391e+00 9.943315505981445312e+00 -2.223560333251953125e+00 -8.396720886230468750e-01 5.973942279815673828e-01
8.674467468261718750e+01 1.147776842117309570e+00 6.352668762207031250e+00 2.176916122436523438e+00 1.419643402099609375e+00 5.627441406250000000e-01
3.946942138671875000e+01 1.818693161010742188e+00 7.783238410949707031e+00 5.724067687988281250e-01 1.028306961059570312e+00 7.766026854515075684e-01
4.470505905151367188e+01 1.661241054534912109e+00 7.313590526580810547e+00 1.114950180053710938e+00 1.129184722900390625e+00 6.336334347724914551e-01
4.355810165405273438e+01 1.808782100677490234e+00 7.321605205535888672e+00 9.382534027099609375e-01 9.935035705566406250e-01 6.950877904891967773e-01
4.301933670043945312e+01 6.411902904510498047e-01 5.213647365570068359e+00 8.148021697998046875e-01 9.383010864257812500e-01 7.451608180999755859e-01
4.550743865966796875e+01 1.366741180419921875e+00 6.348684310913085938e+00 4.876426696777343750e+00 3.607021331787109375e+00 6.510457992553710938e-01
1.310950469970703125e+02 5.317523479461669922e-01 4.663714885711669922e+00 5.024414062500000000e-01 8.835391998291015625e-01 7.509396076202392578e-01
4.496613693237304688e+01 1.289936542510986328e+00 6.573052406311035156e+00 4.790811538696289062e+00 3.573181152343750000e+00 7.020712494850158691e-01
4.494581604003906250e+01 1.324284791946411133e+00 6.600296974182128906e+00 1.329004287719726562e+00 1.265428543090820312e+00 8.272149562835693359e-01
4.281539154052734375e+01 1.424036502838134766e+00 6.510693550109863281e+00 7.904697418212890625e+00 7.747726440429687500e+00 9.151467084884643555e-01
4.028813171386718750e+01 1.379721641540527344e+00 6.612101554870605469e+00 3.546356201171875000e+00 2.417552947998046875e+00 5.969361066818237305e-01
3.863734436035156250e+01 3.029198169708251953e+00 9.614958763122558594e+00 -1.246028423309326172e+01 -5.981722831726074219e+00 5.074932575225830078e-01
4.360804748535156250e+01 1.719417810440063477e+00 7.131145477294921875e+00 1.887178421020507812e+00 1.845527648925781250e+00 8.844754099845886230e-01
1.554722976684570312e+01 1.467207908630371094e+00 6.943439483642578125e+00 1.118040084838867188e+00 1.384143829345703125e+00 8.625054359436035156e-01
2.056364059448242188e+01 2.077975273132324219e+00 8.085117340087890625e+00 -1.261809444427490234e+01 -1.075326442718505859e+01 8.862422704696655273e-01
2.596809768676757812e+01 1.156483173370361328e+00 6.201099395751953125e+00 1.820320129394531250e+00 2.389881134033203125e+00 9.278216361999511719e-01
4.062730026245117188e+01 1.382731199264526367e+00 6.408144950866699219e+00 4.378356933593750000e+00 3.511468887329101562e+00 7.104104757308959961e-01
4.075053787231445312e+01 1.755697727203369141e+00 7.512508392333984375e+00 -1.902008056640625000e-01 2.571182250976562500e-01 5.837608575820922852e-01
4.183599853515625000e+01 1.522901296615600586e+00 6.894475936889648438e+00 3.972852706909179688e+00 4.358175277709960938e+00 1.000377655029296875e+00
3.960360717773437500e+01 1.751599311828613281e+00 7.396757602691650391e+00 -8.695983886718750000e-01 -1.107521057128906250e-01 8.341315984725952148e-01
1.750137138366699219e+01 2.647792339324951172e+00 8.946402549743652344e+00 -1.477845764160156250e+01 -1.320597076416015625e+01 9.410871267318725586e-01
2.913527488708496094e+01 1.508521080017089844e+00 6.807226181030273438e+00 -3.499355316162109375e-01 2.697162628173828125e-01 7.673918604850769043e-01
2.351797485351562500e+01 1.221012592315673828e+00 6.353652954101562500e+00 2.804054260253906250e+00 2.063856124877929688e+00 6.042609810829162598e-01
2.258419036865234375e+02 7.099790573120117188e-01 5.308354377746582031e+00 5.366783142089843750e-01 7.502059936523437500e-01 7.399478554725646973e-01
1.105218887329101562e+02 5.417220592498779297e-01 4.837920188903808594e+00 5.269546508789062500e-01 6.133480072021484375e-01 6.804875135421752930e-01
4.550701522827148438e+01 3.360093593597412109e+00 1.013589477539062500e+01 -1.720309829711914062e+01 -1.702858352661132812e+01 1.008211612701416016e+00
2.162261962890625000e+02 7.183849811553955078e-01 5.155440330505371094e+00 2.422266006469726562e+00 1.848541259765625000e+00 7.264388203620910645e-01
4.371527862548828125e+01 1.319047689437866211e+00 6.568926334381103516e+00 6.703998565673828125e+00 4.598281860351562500e+00 6.382979154586791992e-01
4.489037704467773438e+01 1.024144172668457031e+00 6.196756362915039062e+00 -3.545494079589843750e-01 2.777099609375000000e-01 8.289022445678710938e-01
4.059669113159179688e+01 2.415168762207031250e+00 9.223114967346191406e+00 -1.102668094635009766e+01 -6.069595336914062500e+00 5.654243230819702148e-01
4.198880004882812500e+01 1.304419994354248047e+00 6.750298023223876953e+00 4.927982330322265625e+00 4.618888854980468750e+00 9.019095301628112793e-01
4.501350402832031250e+01 1.767269849777221680e+00 7.125607967376708984e+00 -1.657960891723632812e+00 -7.687568664550781250e-01 6.554627418518066406e-01
4.629183959960937500e+01 1.255981922149658203e+00 6.697117805480957031e+00 -2.451839447021484375e-01 3.274555206298828125e-01 6.493654251098632812e-01
4.219068145751953125e+01 1.405962944030761719e+00 6.712574958801269531e+00 4.295394897460937500e+00 4.314918518066406250e+00 9.113340973854064941e-01
4.171726226806640625e+01 1.128558158874511719e+00 5.898568153381347656e+00 2.053932189941406250e+00 1.576351165771484375e+00 7.009078264236450195e-01
2.271748504638671875e+02 4.966609477996826172e-01 4.909442901611328125e+00 3.297767639160156250e-01 7.853507995605468750e-02 9.250151515007019043e-01
4.504663085937500000e+01 2.329026222229003906e+00 8.462326049804687500e+00 -4.977110862731933594e+00 -3.286664962768554688e+00 7.614964842796325684e-01
2.443210792541503906e+01 1.660672426223754883e+00 7.382709980010986328e+00 -6.763629913330078125e-01 -1.359195709228515625e-01 6.083238124847412109e-01
4.351988220214843750e+01 2.227253437042236328e+00 8.389715194702148438e+00 -1.051869773864746094e+01 -1.153656482696533203e+01 1.139142394065856934e+00
2.022671051025390625e+02 1.013113498687744141e+00 5.870553016662597656e+00 3.329704284667968750e+00 3.444179534912109375e+00 8.017665147781372070e-01
2.022723579406738281e+01 1.383360385894775391e+00 6.821657657623291016e+00 5.864601135253906250e+00 5.036231994628906250e+00 7.849256992340087891e-01
4.356288909912109375e+01 1.358323812484741211e+00 6.582720279693603516e+00 9.650875091552734375e+00 6.070884704589843750e+00 5.999475121498107910e-01
2.935616683959960938e+01 1.338594436645507812e+00 6.649135589599609375e+00 -5.404489517211914062e+00 -3.604434967041015625e+00 8.082688450813293457e-01
4.475163650512695312e+01 1.432133913040161133e+00 6.949890136718750000e+00 2.080886840820312500e+00 2.589824676513671875e+00 1.010598897933959961e+00
4.526182556152343750e+01 1.276587247848510742e+00 6.525673866271972656e+00 5.910436630249023438e+00 4.903224945068359375e+00 7.439054250717163086e-01
4.123937988281250000e+01 2.222509860992431641e+00 8.311603546142578125e+00 -6.513309478759765625e+00 -4.005907058715820312e+00 6.563553214073181152e-01
1.709926795959472656e+01 1.468054771423339844e+00 6.914216041564941406e+00 2.105144500732421875e+00 1.717947006225585938e+00 6.705967187881469727e-01
4.126373672485351562e+01 1.763200283050537109e+00 7.541115283966064453e+00 2.437088012695312500e+00 3.322673797607421875e+00 1.114238500595092773e+00
4.452357101440429688e+01 1.360955238342285156e+00 6.485833168029785156e+00 1.214942932128906250e+00 1.895153045654296875e+00 9.123409986495971680e-01
3.981277465820312500e+01 1.015525817871093750e+00 6.193271636962890625e+00 7.969455718994140625e-01 1.196659088134765625e+00 1.052490592002868652e+00
4.530753326416015625e+01 1.371578216552734375e+00 6.951998710632324219e+00 2.951049804687500000e+00 3.456811904907226562e+00 9.325321912765502930e-01
2.502031898498535156e+01 1.271022319793701172e+00 6.433743476867675781e+00 2.820558547973632812e+00 2.185544967651367188e+00 6.789873838424682617e-01
3.997717285156250000e+01 1.610092163085937500e+00 7.167960643768310547e+00 2.461719512939453125e-01 5.410156250000000000e-01 8.693664669990539551e-01
4.331254959106445312e+01 1.183508396148681641e+00 6.525305271148681641e+00 -4.497337341308593750e-02 2.796459197998046875e-01 6.743096709251403809e-01
2.472570800781250000e+01 1.135275363922119141e+00 6.070762634277343750e+00 2.152015686035156250e+00 1.836431503295898438e+00 6.361788511276245117e-01
4.357344436645507812e+01 2.113134860992431641e+00 8.173889160156250000e+00 -1.146118927001953125e+01 -1.090394401550292969e+01 1.002834916114807129e+00
1.619733047485351562e+01 1.558177947998046875e+00 7.115482330322265625e+00 1.644639968872070312e+00 1.522855758666992188e+00 6.964749693870544434e-01
1.579735565185546875e+02 2.228644371032714844e+00 8.617360115051269531e+00 9.997322082519531250e+00 9.452194213867187500e+00 8.826922178268432617e-01
2.165509948730468750e+02 6.973092555999755859e-01 4.961022377014160156e+00 5.994529724121093750e-01 1.149759292602539062e+00 8.306089043617248535e-01
4.336854934692382812e+01 1.422531604766845703e+00 6.853712081909179688e+00 5.492233276367187500e+00 4.490814208984375000e+00 7.277569174766540527e-01
4.131738281250000000e+01 2.342044830322265625e+00 8.403467178344726562e+00 -5.765853881835937500e+00 -4.083234786987304688e+00 7.664709091186523438e-01
2.918454933166503906e+01 1.611795425415039062e+00 6.945226192474365234e+00 6.210880279541015625e-01 9.017524719238281250e-01 6.263176202774047852e-01
2.885760116577148438e+01 1.372070789337158203e+00 6.669777870178222656e+00 3.102857589721679688e+00 2.632762908935546875e+00 7.259572744369506836e-01
1.158766174316406250e+01 1.045545101165771484e+00 5.989141941070556641e+00 3.773653030395507812e+00 2.996334075927734375e+00 7.208906412124633789e-01
4.100615692138671875e+01 1.187533617019653320e+00 6.216578006744384766e+00 1.832828521728515625e+00 2.087984085083007812e+00 8.805522918701171875e-01
2.146599121093750000e+02 1.499802112579345703e+00 7.337619781494140625e+00 -4.150665283203125000e+00 -2.244991302490234375e+00 6.047786474227905273e-01
2.230881118774414062e+01 1.675944805145263672e+00 7.516825675964355469e+00 1.640623092651367188e+00 1.090764999389648438e+00 4.868748188018798828e-01
4.500605010986328125e+01 1.385855674743652344e+00 6.516511440277099609e+00 5.252040863037109375e+00 4.745447158813476562e+00 8.026185035705566406e-01
4.066370391845703125e+01 1.461538314819335938e+00 6.665642738342285156e+00 8.490257263183593750e+00 5.861755371093750000e+00 6.616388559341430664e-01
1.395028209686279297e+01 2.286425590515136719e+00 8.567804336547851562e+00 -1.181548786163330078e+01 -1.063520240783691406e+01 9.400314092636108398e-01
4.438296127319335938e+01 1.182853698730468750e+00 6.262109279632568359e+00 5.259407043457031250e+00 3.500310897827148438e+00 6.074968576431274414e-01
4.216585922241210938e+01 1.872671365737915039e+00 7.409102439880371094e+00 -5.370292663574218750e-01 -6.153106689453125000e-03 8.461418747901916504e-01
4.404226684570312500e+01 1.512295484542846680e+00 6.674258232116699219e+00 4.858917236328125000e+00 3.806434631347656250e+00 6.866250038146972656e-01
4.675717926025390625e+01 1.641902446746826172e+00 7.268042564392089844e+00 -1.237907409667968750e-01 -2.363586425781250000e-02 7.191388607025146484e-01
4.384820938110351562e+01 1.765180587768554688e+00 7.417551994323730469e+00 9.522666931152343750e-01 1.138685226440429688e+00 8.668255209922790527e-01
4.260655212402343750e+01 1.718122959136962891e+00 7.381574630737304688e+00 1.017930984497070312e+00 1.102108001708984375e+00 7.094031572341918945e-01
1.998791961669921875e+02 8.418176174163818359e-01 5.874866008758544922e+00 -1.651039123535156250e-01 -1.191596984863281250e-01 1.353509545326232910e+00
4.049308776855468750e+01 1.634840011596679688e+00 7.078952312469482422e+00 2.303209304809570312e+00 2.240795135498046875e+00 7.162292003631591797e-01
2.328938751220703125e+02 2.305205821990966797e+00 8.518311500549316406e+00 -6.048034667968750000e+00 -3.590337753295898438e+00 6.816435456275939941e-01
4.223290252685546875e+01 2.269216537475585938e+00 8.681491851806640625e+00 -1.159316635131835938e+01 -8.759456634521484375e+00 7.995396256446838379e-01
2.298743629455566406e+01 1.304857730865478516e+00 6.511676788330078125e+00 2.493415832519531250e+00 2.642299652099609375e+00 8.920391798019409180e-01
2.062505950927734375e+02 9.744195938110351562e-01 5.646106243133544922e+00 -4.677772521972656250e-02 6.423683166503906250e-01 3.872587680816650391e-01
3.948034286499023438e+01 1.284496307373046875e+00 6.568717479705810547e+00 6.329776763916015625e+00 3.621978759765625000e+00 5.339648723602294922e-01
4.568579864501953125e+01 2.328947067260742188e+00 8.423378944396972656e+00 -1.151831245422363281e+01 -1.161277866363525391e+01 1.037155628204345703e+00
2.007790374755859375e+01 1.380439519882202148e+00 6.766047477722167969e+00 3.036090850830078125e+00 3.270591735839843750e+00 9.357397556304931641e-01
2.320137214660644531e+01 1.493306159973144531e+00 7.147327423095703125e+00 3.691097259521484375e+00 2.589748382568359375e+00 6.226478815078735352e-01
1.717242622375488281e+01 1.295128345489501953e+00 6.671422958374023438e+00 1.861434936523437500e+00 1.802135467529296875e+00 8.822772502899169922e-01
2.270764312744140625e+02 3.212224006652832031e+00 1.027017402648925781e+01 1.471602630615234375e+01 1.070967483520507812e+01 7.108863592147827148e-01
4.378656005859375000e+01 2.138738632202148438e+00 8.183446884155273438e+00 -3.646335601806640625e+00 -2.232070922851562500e+00 6.454931497573852539e-01
1.794962120056152344e+01 1.299095153808593750e+00 6.224075317382812500e+00 1.672382354736328125e+00 1.805448532104492188e+00 8.025759458541870117e-01
2.289544105529785156e+01 1.290614843368530273e+00 6.557660579681396484e+00 3.986806869506835938e+00 3.137617111206054688e+00 6.758537888526916504e-01
3.868851470947265625e+01 1.415931701660156250e+00 6.715813159942626953e+00 6.141765594482421875e+00 6.230716705322265625e+00 9.405112266540527344e-01
2.644134140014648438e+01 1.739396095275878906e+00 7.492278099060058594e+00 1.198074340820312500e+00 1.185762405395507812e+00 5.918306112289428711e-01
3.959714889526367188e+01 1.846657276153564453e+00 7.663209438323974609e+00 -1.224468231201171875e+00 -4.986801147460937500e-01 7.742801308631896973e-01
2.918646049499511719e+01 1.890993356704711914e+00 7.559890270233154297e+00 -1.981792449951171875e-01 1.951828002929687500e-01 7.281335592269897461e-01
4.663886260986328125e+01 1.492784500122070312e+00 6.675707340240478516e+00 6.854248046875000000e-02 2.767524719238281250e-01 8.064340353012084961e-01
2.428770446777343750e+01 1.428228378295898438e+00 6.833046913146972656e+00 7.072322845458984375e+00 4.892824172973632812e+00 6.135951280593872070e-01
4.080067443847656250e+01 1.232716083526611328e+00 6.219718933105468750e+00 3.227401733398437500e+00 3.445369720458984375e+00 9.122909307479858398e-01
4.608465957641601562e+01 9.733893871307373047e-01 6.245163917541503906e+00 6.967773437500000000e-01 9.449653625488281250e-01 8.276524543762207031e-01
4.516493225097656250e+01 1.504647731781005859e+00 6.887511730194091797e+00 1.903772354125976562e+00 2.034221649169921875e+00 8.133315443992614746e-01
2.930580329895019531e+01 1.263735771179199219e+00 6.199967384338378906e+00 1.346759796142578125e+00 1.680553436279296875e+00 7.239440679550170898e-01
3.901833724975585938e+01 1.853493213653564453e+00 7.603323936462402344e+00 2.377204895019531250e-01 7.553672790527343750e-01 9.522806406021118164e-01
7.676390075683593750e+01 2.471895217895507812e+00 8.893901824951171875e+00 -1.887870788574218750e+00 -8.198585510253906250e-01 5.815975666046142578e-01
3.867354202270507812e+01 1.599761486053466797e+00 7.314867019653320312e+00 6.491004943847656250e+00 5.256288528442382812e+00 7.612973451614379883e-01
1.019671630859375000e+01 1.491114616394042969e+00 7.162755012512207031e+00 -1.415235519409179688e+00 -8.887577056884765625e-01 7.102260589599609375e-01
4.115892028808593750e+01 1.250699043273925781e+00 6.302824497222900391e+00 7.075950622558593750e+00 5.171752929687500000e+00 6.840991973876953125e-01
1.664837646484375000e+01 1.246005058288574219e+00 6.273087978363037109e+00 -1.446189880371093750e-01 2.749729156494140625e-01 5.768793225288391113e-01
2.254292297363281250e+02 3.550308704376220703e+00 1.089588165283203125e+01 -1.245128440856933594e+01 -1.230383014678955078e+01 1.027347564697265625e+00
4.494949722290039062e+01 1.247567653656005859e+00 6.563785552978515625e+00 5.964984893798828125e+00 3.380817413330078125e+00 5.097396969795227051e-01
2.539186859130859375e+01 1.555079460144042969e+00 6.895438194274902344e+00 4.585536956787109375e+00 3.541948318481445312e+00 6.688503026962280273e-01
3.792257308959960938e+01 1.484294414520263672e+00 6.985906600952148438e+00 -3.383819580078125000e+00 -2.809247970581054688e+00 1.070785522460937500e+00
2.135730438232421875e+02 7.421240806579589844e-01 5.181667327880859375e+00 1.256851196289062500e+00 1.093339920043945312e+00 7.066918611526489258e-01
4.269638824462890625e+01 9.146690368652343750e-01 5.621886730194091797e+00 4.504434585571289062e+00 3.416904449462890625e+00 6.991633176803588867e-01
2.197989196777343750e+02 7.699780464172363281e-01 5.417393684387207031e+00 9.266662597656250000e-02 -1.794738769531250000e-01 1.134687662124633789e+00
1.944667053222656250e+02 1.859201431274414062e+00 7.994431972503662109e+00 2.538475036621093750e+00 3.827550888061523438e+00 1.249881029129028320e+00
3.979591369628906250e+01 2.171086311340332031e+00 8.168789863586425781e+00 -4.843998908996582031e+00 -3.141757965087890625e+00 7.415120601654052734e-01
4.371622085571289062e+01 1.670361518859863281e+00 7.094553947448730469e+00 5.665388107299804688e+00 5.087072372436523438e+00 8.231651782989501953e-01
2.849169921875000000e+01 1.601682662963867188e+00 6.977082252502441406e+00 -2.312011718750000000e-01 3.828067779541015625e-01 5.749089717864990234e-01
4.268021392822265625e+01 1.093895435333251953e+00 6.273594379425048828e+00 3.034992218017578125e+00 2.058036804199218750e+00 6.226326227188110352e-01
4.401281738281250000e+01 1.268598556518554688e+00 6.336651802062988281e+00 1.803989410400390625e+00 1.609876632690429688e+00 6.596411466598510742e-01
1.969943237304687500e+01 1.256621599197387695e+00 6.440488815307617188e+00 3.675909042358398438e+00 3.931625366210937500e+00 9.092746973037719727e-01
2.596809768676757812e+01 1.156483173370361328e+00 6.201099395751953125e+00 1.820320129394531250e+00 2.389881134033203125e+00 9.278216361999511719e-01
4.053577804565429688e+01 1.037985086441040039e+00 5.753544330596923828e+00 1.261043548583984375e-01 6.915836334228515625e-01 7.727655768394470215e-01
4.138023757934570312e+01 1.682779312133789062e+00 7.246489048004150391e+00 -7.960815429687500000e-01 -1.102046966552734375e-01 6.029600501060485840e-01
3.964552307128906250e+01 1.098155975341796875e+00 6.474946498870849609e+00 1.774478912353515625e+00 2.299018859863281250e+00 9.326905012130737305e-01
4.084946060180664062e+01 2.081404685974121094e+00 7.864349365234375000e+00 9.521198272705078125e-01 1.208946228027343750e+00 7.234690189361572266e-01
4.087132644653320312e+01 1.907081127166748047e+00 7.558250427246093750e+00 -2.357824325561523438e+00 -1.029146194458007812e+00 5.870289206504821777e-01
3.970530700683593750e+01 1.842932224273681641e+00 7.344090938568115234e+00 -1.175461864471435547e+01 -9.869016647338867188e+00 8.986929059028625488e-01
4.115868759155273438e+01 2.094542026519775391e+00 7.963288307189941406e+00 -1.249660301208496094e+01 -1.145288944244384766e+01 9.755282998085021973e-01
3.898015975952148438e+01 1.602673053741455078e+00 6.996418952941894531e+00 1.426696777343750000e-02 3.925037384033203125e-01 8.033282160758972168e-01
6.044768142700195312e+01 1.627400875091552734e+00 7.566184997558593750e+00 3.698045730590820312e+00 2.974050521850585938e+00 6.803500056266784668e-01
2.063677597045898438e+01 1.955952882766723633e+00 7.620203971862792969e+00 -1.231199836730957031e+01 -1.076742362976074219e+01 8.958759903907775879e-01
5.483884048461914062e+01 1.343519449234008789e+00 6.273429870605468750e+00 -8.017539978027343750e-02 3.970527648925781250e-01 6.168503761291503906e-01
4.100763320922851562e+01 1.266415596008300781e+00 6.353698253631591797e+00 4.189399719238281250e+00 2.959220886230468750e+00 6.246064901351928711e-01
4.388530731201171875e+01 2.066024303436279297e+00 8.017526626586914062e+00 -1.027051830291748047e+01 -1.081876277923583984e+01 1.103668332099914551e+00
1.556208648681640625e+02 7.019968032836914062e-01 5.265773296356201172e+00 9.740810394287109375e-01 2.232669830322265625e+00 1.190182447433471680e+00
1.494719696044921875e+02 1.179259538650512695e+00 6.184561729431152344e+00 -1.739398956298828125e+00 -5.906734466552734375e-01 6.740952730178833008e-01
4.670718765258789062e+01 1.608740568161010742e+00 7.221440792083740234e+00 -1.039176940917968750e+00 -6.225948333740234375e-01 9.460368752479553223e-01
4.377507400512695312e+01 1.644377470016479492e+00 6.926480293273925781e+00 1.800891876220703125e+00 1.859249114990234375e+00 7.131433486938476562e-01
3.203854370117187500e+01 9.806704521179199219e-01 5.795536994934082031e+00 2.173080444335937500e-01 7.208290100097656250e-01 7.550331354141235352e-01
4.461295700073242188e+01 1.908771991729736328e+00 7.568219184875488281e+00 -8.482475280761718750e-01 -2.302951812744140625e-01 7.649646997451782227e-01
4.593302154541015625e+01 1.440537452697753906e+00 6.917510509490966797e+00 4.928535461425781250e+00 4.712993621826171875e+00 8.903820514678955078e-01
4.302888488769531250e+01 1.726809501647949219e+00 7.259745121002197266e+00 1.727416992187500000e+00 1.991683959960937500e+00 8.593535423278808594e-01
4.360045623779296875e+01 1.536214351654052734e+00 6.649856090545654297e+00 4.064426422119140625e+00 3.820789337158203125e+00 8.970277905464172363e-01
4.209125518798828125e+01 2.335261344909667969e+00 8.341098785400390625e+00 -1.422424888610839844e+01 -9.066743850708007812e+00 6.530355811119079590e-01
1.993453979492187500e+01 1.199886083602905273e+00 6.526429176330566406e+00 4.163635253906250000e+00 3.889200210571289062e+00 8.460670709609985352e-01
3.876906585693359375e+01 1.436008930206298828e+00 6.503087043762207031e+00 3.556310653686523438e+00 3.472347259521484375e+00 8.929104804992675781e-01
4.382556533813476562e+01 9.393725395202636719e-01 5.901964187622070312e+00 1.152046203613281250e+00 1.370813369750976562e+00 7.879306077957153320e-01
1.581171894073486328e+01 2.064590454101562500e+00 8.046497344970703125e+00 -3.337814331054687500e+00 -2.704910278320312500e+00 9.341508746147155762e-01
4.567777633666992188e+01 3.174794197082519531e+00 1.041434955596923828e+01 -1.709818458557128906e+01 -1.383583831787109375e+01 8.441436886787414551e-01
4.178439331054687500e+01 8.692975044250488281e-01 5.435148239135742188e+00 1.029190063476562500e+00 1.372238159179687500e+00 9.379739761352539062e-01
1.915699768066406250e+01 1.164884567260742188e+00 6.278524398803710938e+00 1.365776062011718750e+00 1.608655929565429688e+00 8.403258919715881348e-01
3.908458328247070312e+01 1.238399744033813477e+00 6.336892604827880859e+00 4.254673004150390625e+00 2.637826919555664062e+00 5.713034272193908691e-01
3.842108917236328125e+01 1.622152805328369141e+00 6.948731422424316406e+00 1.069555282592773438e+00 1.366760253906250000e+00 7.719697952270507812e-01
4.180019378662109375e+01 1.353262901306152344e+00 6.395912170410156250e+00 3.947654724121093750e+00 2.060615539550781250e+00 4.903529286384582520e-01
4.306008911132812500e+01 1.006166219711303711e+00 6.190782546997070312e+00 3.712652206420898438e+00 3.078247070312500000e+00 6.770685315132141113e-01
4.275852584838867188e+01 1.214817523956298828e+00 6.490506172180175781e+00 3.237752914428710938e+00 3.021396636962890625e+00 8.355624079704284668e-01
3.886302566528320312e+01 1.153437376022338867e+00 6.048189163208007812e+00 3.269950866699218750e+00 2.559698104858398438e+00 6.686843037605285645e-01
4.073517227172851562e+01 1.779102325439453125e+00 7.093456268310546875e+00 -2.927131652832031250e-01 2.467002868652343750e-01 9.448179006576538086e-01
4.326103210449218750e+01 1.098758220672607422e+00 5.894145965576171875e+00 5.021560668945312500e+00 3.442419052124023438e+00 6.333568096160888672e-01
4.110327529907226562e+01 1.023841619491577148e+00 6.336489677429199219e+00 1.462476730346679688e+00 1.339406967163085938e+00 6.174594759941101074e-01
4.142211532592773438e+01 1.251554012298583984e+00 6.339599132537841797e+00 -5.327281951904296875e-01 -2.162246704101562500e-01 7.004330158233642578e-01
2.091295928955078125e+02 1.337520122528076172e+00 6.379703998565673828e+00 2.389087677001953125e+00 1.600191116333007812e+00 5.280222296714782715e-01
4.481008911132812500e+01 1.113632202148437500e+00 5.834579467773437500e+00 8.083190917968750000e-01 1.185771942138671875e+00 7.736459970474243164e-01
4.311734008789062500e+01 1.242339372634887695e+00 6.388495445251464844e+00 3.567710876464843750e+00 2.811433792114257812e+00 7.428863048553466797e-01
4.638116836547851562e+01 8.365385532379150391e-01 6.031423568725585938e+00 -8.174362182617187500e-01 -1.370658874511718750e-01 1.052847385406494141e+00
2.893976593017578125e+01 1.842067718505859375e+00 7.778958320617675781e+00 -6.305294036865234375e-01 -2.940940856933593750e-02 8.169872760772705078e-01
