3.995972061157226562e+01 5.466464614868164062e+01 1.498874664306640625e+00 6.842491626739501953e+00 -6.372623443603515625e-01 -9.070777893066406250e-02 4.164676666259765625e-01 9.348697066307067871e-01 3.614743947982788086e-01
3.979722213745117188e+01 3.728831863403320312e+01 5.806970596313476562e-01 4.793101787567138672e+00 9.471549987792968750e-01 1.096384048461914062e+00 2.338142395019531250e-01 6.835557222366333008e-01 1.399452239274978638e-01
4.183092117309570312e+01 1.036199340820312500e+02 4.058690071105957031e-01 4.577899932861328125e+00 5.236835479736328125e-01 1.056669235229492188e+00 2.668140411376953125e+00 7.803875207901000977e-01 1.791842103004455566e+00
1.523589477539062500e+02 1.491390838623046875e+02 5.762121677398681641e-01 5.252489089965820312e+00 1.402576446533203125e+00 3.016653060913085938e+00 2.959125518798828125e+00 1.055718898773193359e+00 1.083899855613708496e+00
1.975616760253906250e+02 6.002955627441406250e+01 7.731363773345947266e-01 5.495589733123779297e+00 1.232244491577148438e+00 2.153223037719726562e+00 1.634979248046875000e+00 1.355609893798828125e+00 3.351192921400070190e-02
2.088458824157714844e+01 1.910483169555664062e+01 5.659487247467041016e-01 4.756805896759033203e+00 -8.927917480468750000e-02 2.464179992675781250e-01 4.705810546875000000e-01 7.594415545463562012e-01 2.933434247970581055e-01
4.029175186157226562e+01 9.162458038330078125e+01 7.763490676879882812e-01 5.183757305145263672e+00 8.151206970214843750e-01 1.652338027954101562e+00 -1.177318572998046875e+00 1.119226694107055664e+00 4.989146590232849121e-01
3.019712638854980469e+01 1.737128143310546875e+02 8.092012405395507812e-01 6.073351383209228516e+00 3.635749816894531250e-01 8.477859497070312500e-01 2.098312377929687500e-01 7.601559758186340332e-01 4.543090462684631348e-01
1.198574905395507812e+02 4.932698364257812500e+02 1.538167953491210938e+00 6.809922695159912109e+00 1.794193267822265625e+00 5.784149169921875000e-01 -5.379829406738281250e-01 2.092261612415313721e-01 1.367929950356483459e-02
4.432974624633789062e+01 1.237051486968994141e+01 8.990325927734375000e-01 5.403221607208251953e+00 8.272094726562500000e-01 1.470205307006835938e+00 1.813592910766601562e+00 9.404158592224121094e-01 1.756968975067138672e+00
2.142120361328125000e+02 8.378169250488281250e+01 9.498927593231201172e-01 5.730322360992431641e+00 4.047374725341796875e-01 8.299560546875000000e-01 2.069320678710937500e-01 8.235356807708740234e-01 1.491176784038543701e-01
2.018772888183593750e+02 3.449348144531250000e+02 4.479839801788330078e-01 4.605885982513427734e+00 4.910850524902343750e-01 8.593673706054687500e-01 -6.648273468017578125e-01 9.704711437225341797e-01 5.586629509925842285e-01
2.296002655029296875e+02 5.370665283203125000e+02 6.971888542175292969e-01 5.151803970336914062e+00 5.524368286132812500e-01 9.799880981445312500e-01 -1.060852050781250000e+00 1.729400396347045898e+00 2.531036138534545898e-01
2.088492202758789062e+01 2.507753753662109375e+01 1.064509391784667969e+00 6.282460212707519531e+00 4.623996734619140625e+00 2.797262191772460938e+00 -2.716388702392578125e-01 5.197715163230895996e-01 1.317920088768005371e-01
4.079863739013671875e+01 1.364703521728515625e+02 9.581785202026367188e-01 5.718189239501953125e+00 -3.368930816650390625e-01 1.041107177734375000e-01 5.278110504150390625e-01 4.788725078105926514e-01 1.381344199180603027e-01
4.153965377807617188e+01 2.565802307128906250e+02 9.987716674804687500e-01 5.844863891601562500e+00 4.854316711425781250e-01 5.645961761474609375e-01 9.803466796875000000e-01 7.228561639785766602e-01 6.791883111000061035e-01
4.086749649047851562e+01 1.876184997558593750e+02 5.654432773590087891e-01 5.216677188873291016e+00 7.220611572265625000e-01 1.085063934326171875e+00 1.316959381103515625e+00 6.796420216560363770e-01 8.484161645174026489e-02
1.708469390869140625e+01 3.118508605957031250e+02 4.936816692352294922e-01 4.672207832336425781e+00 1.047611236572265625e+00 1.061080932617187500e+00 -4.185104370117187500e-02 6.810079813003540039e-01 6.648341566324234009e-02
2.115300598144531250e+02 4.979286804199218750e+02 8.329348564147949219e-01 5.499228954315185547e+00 -6.362018585205078125e-01 -3.457813262939453125e-01 -7.938766479492187500e-02 1.373209714889526367e+00 1.680537164211273193e-01
2.364500617980957031e+01 2.271835021972656250e+02 5.271263122558593750e-01 4.787739753723144531e+00 5.507583618164062500e-01 7.853908538818359375e-01 2.427482604980468750e-01 6.533951163291931152e-01 3.380528688430786133e-01
4.146372604370117188e+01 9.549094390869140625e+01 4.634113311767578125e-01 4.853453636169433594e+00 4.535770416259765625e-01 1.277881622314453125e+00 -2.547229766845703125e+00 7.823776602745056152e-01 1.391354352235794067e-01
4.065930557250976562e+01 1.885454864501953125e+02 3.725194931030273438e-01 4.648856163024902344e+00 9.873218536376953125e-01 1.092655181884765625e+00 1.755598068237304688e+00 7.297261953353881836e-01 5.772071480751037598e-01
4.339656066894531250e+01 1.218624114990234375e+02 6.490063667297363281e-01 4.795366287231445312e+00 4.290218353271484375e-01 6.293945312500000000e-01 -6.076850891113281250e-01 7.446265816688537598e-01 2.160724699497222900e-01
4.170543670654296875e+01 7.511894531250000000e+02 7.552921772003173828e-01 5.170413970947265625e+00 -2.568340301513671875e-01 4.176330566406250000e-02 -5.561084747314453125e-01 8.699654340744018555e-01 8.201352357864379883e-01
3.025773239135742188e+01 1.147133712768554688e+02 9.601540565490722656e-01 5.855214595794677734e+00 -1.372756958007812500e-01 5.311679840087890625e-01 -7.378559112548828125e-01 4.326469302177429199e-01 3.527444005012512207e-01
4.450981521606445312e+01 3.197705078125000000e+01 6.018974781036376953e-01 5.049960136413574219e+00 1.335889816284179688e+00 1.308902740478515625e+00 8.446903228759765625e-01 7.821730375289916992e-01 5.842902511358261108e-02
4.450981521606445312e+01 3.197705078125000000e+01 6.018974781036376953e-01 5.049960136413574219e+00 1.335889816284179688e+00 1.308902740478515625e+00 8.446903228759765625e-01 7.821730375289916992e-01 5.842902511358261108e-02
4.096871185302734375e+01 1.793719940185546875e+02 7.048118114471435547e-01 5.095160484313964844e+00 1.398185729980468750e+00 1.805480957031250000e+00 2.188558578491210938e+00 8.783751130104064941e-01 5.223150253295898438e-01
4.651824569702148438e+01 9.492139434814453125e+01 6.934931278228759766e-01 5.677430629730224609e+00 -2.318134307861328125e-01 1.394348144531250000e-01 1.892642974853515625e-01 8.890766501426696777e-01 1.310104876756668091e-02
4.442602157592773438e+01 8.231439208984375000e+01 8.198566436767578125e-01 5.471305847167968750e+00 2.754392623901367188e+00 1.689773559570312500e+00 2.134923934936523438e+00 5.953068137168884277e-01 7.636905312538146973e-01
4.323994827270507812e+01 3.759269714355468750e+00 8.370933532714843750e-01 5.621024131774902344e+00 7.884788513183593750e-01 1.217594146728515625e+00 8.443622589111328125e-01 9.555747509002685547e-01 9.115561842918395996e-02
4.546205520629882812e+01 2.292547912597656250e+02 9.271426200866699219e-01 5.745152950286865234e+00 1.124629974365234375e+00 1.354944229125976562e+00 -1.665191650390625000e-01 8.829670548439025879e-01 3.310222923755645752e-01
4.194344711303710938e+01 3.548950576782226562e+01 4.736208915710449219e-01 4.872169494628906250e+00 1.041372299194335938e+00 1.725433349609375000e+00 -1.508098602294921875e+00 9.744144082069396973e-01 1.006666570901870728e-02
6.399383544921875000e+01 9.299601745605468750e+01 5.505812168121337891e-01 4.946619510650634766e+00 7.631473541259765625e-01 9.002208709716796875e-01 -2.483901977539062500e-01 7.337416410446166992e-01 1.553827673196792603e-01
4.444897079467773438e+01 9.491086006164550781e+00 9.494755268096923828e-01 5.814385890960693359e+00 -2.562900543212890625e+00 -1.105361938476562500e+00 -2.174034118652343750e-01 5.535025000572204590e-01 2.165718078613281250e-01
4.050625610351562500e+01 2.369598083496093750e+02 5.901334285736083984e-01 4.896351814270019531e+00 7.358741760253906250e-02 8.153152465820312500e-01 -1.121908187866210938e+00 8.565075397491455078e-01 1.039223194122314453e+00
2.933310508728027344e+01 8.512620544433593750e+01 6.853728294372558594e-01 5.169116020202636719e+00 1.653938293457031250e+00 1.672761917114257812e+00 2.253618240356445312e+00 6.848979592323303223e-01 1.339064836502075195e+00
1.756402587890625000e+01 7.279987792968750000e+02 7.111520767211914062e-01 5.102405071258544922e+00 1.746757507324218750e+00 1.956470489501953125e+00 -5.442352294921875000e-01 8.640683889389038086e-01 3.380210995674133301e-01
1.995805358886718750e+02 6.939039306640625000e+02 1.336896657943725586e+00 6.412228584289550781e+00 3.920669555664062500e+00 4.736242294311523438e+00 1.785278320312500000e-02 9.862447381019592285e-01 3.106685876846313477e-01
1.871411514282226562e+01 1.163007278442382812e+02 6.620025634765625000e-01 5.461367607116699219e+00 1.966499328613281250e+00 1.936891555786132812e+00 1.580446243286132812e+00 8.020902276039123535e-01 7.265702486038208008e-01
4.252593994140625000e+01 8.147111511230468750e+01 6.110527515411376953e-01 5.455847263336181641e+00 8.308048248291015625e-01 1.021564483642578125e+00 6.295776367187500000e-01 7.708514332771301270e-01 3.370608389377593994e-01
4.366976547241210938e+01 1.959925079345703125e+02 9.158775806427001953e-01 5.360998630523681641e+00 7.561569213867187500e-01 9.006195068359375000e-01 1.418102264404296875e+00 6.265915036201477051e-01 1.584282815456390381e-01
1.712262725830078125e+01 2.895005187988281250e+02 7.186164855957031250e-01 5.411337852478027344e+00 1.623945236206054688e+00 1.321161270141601562e+00 -2.110023498535156250e-01 5.940192341804504395e-01 1.288689076900482178e-01
7.185599517822265625e+01 4.222323913574218750e+02 7.996537685394287109e-01 5.511553764343261719e+00 1.536502838134765625e+00 1.264957427978515625e+00 3.991241455078125000e-01 7.231425046920776367e-01 2.417073398828506470e-01
4.242604446411132812e+01 2.173231811523437500e+02 1.110985279083251953e+00 5.857804298400878906e+00 -8.107700347900390625e-01 -4.593296051025390625e-01 2.002698898315429688e+00 7.979182004928588867e-01 4.569621086120605469e-01
3.940037918090820312e+01 3.863800430297851562e+01 3.768191337585449219e-01 4.561246871948242188e+00 6.105785369873046875e-01 1.033859252929687500e+00 -7.002429962158203125e-01 8.626667261123657227e-01 1.485987156629562378e-01
4.163089752197265625e+01 3.032724571228027344e+01 5.510649681091308594e-01 5.405271530151367188e+00 -2.256584167480468750e-02 4.932060241699218750e-01 1.259012222290039062e+00 8.357275128364562988e-01 7.254508733749389648e-01
2.465082092285156250e+02 4.245486755371093750e+02 5.594644546508789062e-01 4.669275283813476562e+00 9.337005615234375000e-01 8.074550628662109375e-01 -5.376014709472656250e-01 6.220006942749023438e-01 1.750551313161849976e-01
4.244604110717773438e+01 1.736548614501953125e+02 8.164331912994384766e-01 5.420550823211669922e+00 1.512504577636718750e+00 1.238071441650390625e+00 6.147308349609375000e-01 6.739734411239624023e-01 1.487077176570892334e-01
1.608366012573242188e+01 2.170110473632812500e+02 2.436704635620117188e-01 4.490073204040527344e+00 6.871452331542968750e-01 1.063377380371093750e+00 -2.781982421875000000e-01 9.138604402542114258e-01 3.826776146888732910e-02
4.450981521606445312e+01 3.197705078125000000e+01 6.018974781036376953e-01 5.049960136413574219e+00 1.335889816284179688e+00 1.308902740478515625e+00 8.446903228759765625e-01 7.821730375289916992e-01 5.842902511358261108e-02
2.367774658203125000e+02 3.058536071777343750e+02 3.597571849822998047e-01 4.411659240722656250e+00 8.192520141601562500e-01 8.394088745117187500e-01 -5.213394165039062500e-01 9.068847298622131348e-01 5.988916158676147461e-01
2.316192321777343750e+02 7.526852416992187500e+01 5.757462978363037109e-01 4.960665225982666016e+00 2.883911132812500000e-02 1.956005096435546875e-01 5.446224212646484375e-01 8.784166574478149414e-01 3.164480626583099365e-02
3.850999069213867188e+01 2.636625099182128906e+01 2.573380470275878906e-01 4.437544345855712891e+00 7.358951568603515625e-01 1.266574859619140625e+00 -5.371913909912109375e-01 8.290307521820068359e-01 5.768411755561828613e-01
2.217890777587890625e+02 1.715855407714843750e+02 2.845165729522705078e-01 4.310523986816406250e+00 2.075347900390625000e-01 6.610202789306640625e-01 -2.931175231933593750e-01 8.721989989280700684e-01 6.859469413757324219e-01
2.236817321777343750e+02 7.518254280090332031e+00 3.953537940979003906e-01 4.722630500793457031e+00 2.112045288085937500e-01 5.990524291992187500e-01 -8.482723236083984375e-01 7.425931096076965332e-01 1.238275766372680664e-01
2.344062042236328125e+02 2.054258346557617188e+01 1.931177139282226562e+00 7.911347389221191406e+00 -1.035900115966796875e+01 -1.000068187713623047e+01 -1.528154373168945312e+00 9.917124509811401367e-01 1.290298551321029663e-01
2.342599296569824219e+01 7.709889526367187500e+02 6.465258598327636719e-01 5.366410255432128906e+00 2.788639068603515625e-01 5.441284179687500000e-01 4.051952362060546875e-01 6.944143176078796387e-01 8.751448988914489746e-01
3.004183197021484375e+01 2.648755798339843750e+02 6.803715229034423828e-01 5.389107704162597656e+00 1.715007781982421875e+00 1.050975799560546875e+00 4.793376922607421875e-01 4.497687816619873047e-01 2.947408556938171387e-01
4.339656066894531250e+01 1.218624114990234375e+02 6.490063667297363281e-01 4.795366287231445312e+00 4.290218353271484375e-01 6.293945312500000000e-01 -6.076850891113281250e-01 7.446265816688537598e-01 2.160724699497222900e-01
1.682182617187500000e+02 1.990713653564453125e+02 7.955946922302246094e-01 5.128384113311767578e+00 4.840698242187500000e-01 7.497253417968750000e-01 -9.527130126953125000e-01 5.897312760353088379e-01 2.280133217573165894e-01
4.399131011962890625e+01 1.782649536132812500e+02 1.294445753097534180e+00 6.535386085510253906e+00 2.749736785888671875e+00 2.327768325805664062e+00 6.763095855712890625e-01 7.210004925727844238e-01 4.281811714172363281e-01
4.059834289550781250e+01 1.266370086669921875e+02 5.780198574066162109e-01 5.101839542388916016e+00 7.508049011230468750e-01 1.252471923828125000e+00 -7.773971557617187500e-02 8.472932577133178711e-01 9.886330366134643555e-01
4.425936889648437500e+01 1.666559457778930664e+00 6.102995872497558594e-01 5.186020374298095703e+00 2.490674972534179688e+00 2.740615844726562500e+00 -5.016517639160156250e-01 8.431273698806762695e-01 1.116016656160354614e-01
1.988784942626953125e+02 3.867001037597656250e+02 9.368202686309814453e-01 5.907296180725097656e+00 1.233158111572265625e+00 2.181482315063476562e+00 3.767986297607421875e-01 1.065737247467041016e+00 1.099888563156127930e+00
4.276927566528320312e+01 1.178674926757812500e+02 6.383018493652343750e-01 5.335557937622070312e+00 1.408054351806640625e+00 1.961853027343750000e+00 9.731655120849609375e-01 9.075632095336914062e-01 3.729520738124847412e-01
2.044746780395507812e+01 1.080769424438476562e+02 7.041902542114257812e-01 5.593753814697265625e+00 1.177631378173828125e+00 1.053697586059570312e+00 1.727413177490234375e+00 7.572135329246520996e-01 1.351554632186889648e+00
6.880318164825439453e+00 2.009235322475433350e-01 4.780697822570800781e-01 4.580904006958007812e+00 2.461051940917968750e-01 7.573776245117187500e-01 -3.396625518798828125e-01 9.249914288520812988e-01 2.311573922634124756e-01
4.639250183105468750e+01 1.536513671875000000e+02 6.587364673614501953e-01 5.286395549774169922e+00 4.895896911621093750e-01 7.453994750976562500e-01 -8.166465759277343750e-01 7.965717315673828125e-01 2.114930748939514160e-01
4.413189697265625000e+01 1.151150436401367188e+02 9.855911731719970703e-01 6.149550914764404297e+00 -2.624742507934570312e+00 -1.563940048217773438e+00 -2.734260559082031250e+00 6.379672288894653320e-01 9.063462018966674805e-01
3.850858688354492188e+01 8.318105316162109375e+01 8.100466728210449219e-01 5.674444198608398438e+00 6.073837280273437500e-01 1.075002670288085938e+00 4.325218200683593750e-01 6.971908807754516602e-01 1.379063725471496582e+00
3.367582321166992188e+01 2.629572448730468750e+02 1.354329109191894531e+00 6.384637355804443359e+00 1.791610717773437500e-01 7.977714538574218750e-01 -1.083889007568359375e+00 5.042104125022888184e-01 2.239203304052352905e-01
4.282806396484375000e+01 6.214024047851562500e+02 7.554602622985839844e-01 5.085218906402587891e+00 -8.435859680175781250e-01 -2.879486083984375000e-01 -3.313966751098632812e+00 8.456236124038696289e-01 5.369172692298889160e-01
1.707094879150390625e+02 5.351813964843750000e+02 6.714305877685546875e-01 5.309853553771972656e+00 1.024082183837890625e+00 1.286773681640625000e+00 -6.393203735351562500e-01 8.798291683197021484e-01 3.387310504913330078e-01
4.423218917846679688e+01 1.264434204101562500e+02 7.823441028594970703e-01 5.588143825531005859e+00 2.295305252075195312e+00 2.564241409301757812e+00 2.683240890502929688e+00 9.575644135475158691e-01 5.420424938201904297e-01
2.291045379638671875e+02 4.497703552246093750e+02 4.794821739196777344e-01 4.731906890869140625e+00 1.919250488281250000e-01 7.305507659912109375e-01 5.922317504882812500e-01 1.289321899414062500e+00 8.768142461776733398e-01
4.155907440185546875e+01 1.162848587036132812e+02 5.487668514251708984e-01 4.873838424682617188e+00 -1.394119262695312500e+00 -5.922012329101562500e-01 -1.517290115356445312e+00 7.731136083602905273e-01 7.497480511665344238e-01
2.221345367431640625e+02 2.064414672851562500e+02 8.394498825073242188e-01 5.396269321441650391e+00 4.143409729003906250e-01 5.853652954101562500e-01 -1.533582687377929688e+00 6.518104076385498047e-01 7.885711789131164551e-01
3.926393127441406250e+01 2.209210815429687500e+02 5.709722042083740234e-01 5.181390285491943359e+00 2.113494873046875000e+00 2.356023788452148438e+00 -1.780855178833007812e+00 9.083843231201171875e-01 3.304712846875190735e-02
1.858995628356933594e+01 7.087842559814453125e+01 4.974145889282226562e-01 4.747601509094238281e+00 -3.085727691650390625e-01 3.590965270996093750e-01 8.791770935058593750e-01 9.028521180152893066e-01 3.638848364353179932e-01
4.506666183471679688e+01 5.210394897460937500e+02 8.218481540679931641e-01 5.552172183990478516e+00 4.585285186767578125e-01 4.547042846679687500e-01 -5.726833343505859375e-01 8.336784839630126953e-01 5.227513611316680908e-02
3.740570449829101562e+01 7.927291107177734375e+01 5.907588005065917969e-01 4.992799758911132812e+00 1.294469833374023438e+00 1.121616363525390625e+00 -2.636127471923828125e-01 5.886458158493041992e-01 3.035326898097991943e-01
2.253754425048828125e+02 2.423897705078125000e+02 5.130953788757324219e-01 5.000817298889160156e+00 -1.716728210449218750e-01 -5.947113037109375000e-02 3.599166870117187500e-02 6.674200296401977539e-01 2.166785895824432373e-01
4.592462158203125000e+01 5.255471420288085938e+01 5.685739517211914062e-01 4.902850151062011719e+00 8.268203735351562500e-01 1.175998687744140625e+00 -4.258708953857421875e-01 9.483363628387451172e-01 1.798431575298309326e-01
1.084122314453125000e+02 2.550158233642578125e+02 1.060235261917114258e+00 5.945888042449951172e+00 8.789081573486328125e-01 7.211208343505859375e-01 4.144268035888671875e-01 5.308274030685424805e-01 1.893524527549743652e-01
4.053129196166992188e+01 1.338055572509765625e+02 1.037028789520263672e+00 6.184145927429199219e+00 1.128124237060546875e+00 1.565135955810546875e+00 5.238170623779296875e-01 9.668604135513305664e-01 2.577379047870635986e-01
3.743206405639648438e+01 1.336145629882812500e+02 8.144431114196777344e-01 5.298226356506347656e+00 -7.804088592529296875e-01 -1.168651580810546875e-01 1.411933898925781250e+00 6.962397694587707520e-01 1.156196475028991699e+00
2.294675598144531250e+02 3.749988403320312500e+02 3.873138427734375000e-01 4.475879669189453125e+00 5.734024047851562500e-01 7.757644653320312500e-01 8.000755310058593750e-01 6.327534914016723633e-01 6.823179721832275391e-01
4.101308441162109375e+01 1.705528564453125000e+02 6.263399124145507812e-01 5.027263641357421875e+00 4.056262969970703125e-01 6.396961212158203125e-01 6.921749114990234375e-01 7.660165429115295410e-01 1.223608016967773438e+00
2.589725494384765625e+01 1.634200286865234375e+02 7.965579032897949219e-01 5.448212623596191406e+00 4.930458068847656250e-01 5.169601440429687500e-01 1.163833618164062500e+00 5.779009461402893066e-01 7.321301102638244629e-01
4.327748870849609375e+01 2.044607696533203125e+02 5.105977058410644531e-01 4.739004135131835938e+00 -3.477973937988281250e-01 1.188087463378906250e-02 6.069984436035156250e-01 6.113435029983520508e-01 9.629732370376586914e-01
2.936685752868652344e+01 1.441411285400390625e+02 6.918690204620361328e-01 5.395872116088867188e+00 1.402107238769531250e+00 1.553943634033203125e+00 4.940700531005859375e-01 7.878832817077636719e-01 7.099202871322631836e-01
2.534230613708496094e+01 9.931645965576171875e+01 5.456950664520263672e-01 4.839291095733642578e+00 9.709510803222656250e-01 1.313688278198242188e+00 1.478195190429687500e-03 9.516806602478027344e-01 2.008791267871856689e-01
2.966004562377929688e+01 5.092625427246093750e+01 5.177447795867919922e-01 4.681079864501953125e+00 5.394916534423828125e-01 8.362350463867187500e-01 1.004276275634765625e+00 7.196367979049682617e-01 9.600065946578979492e-01
4.177613067626953125e+01 6.220358657836914062e+01 6.047406196594238281e-01 5.253276824951171875e+00 1.071125030517578125e+00 1.606380462646484375e+00 -7.095870971679687500e-01 9.011986255645751953e-01 8.007363416254520416e-03
2.164273071289062500e+02 8.637552642822265625e+01 5.656054019927978516e-01 5.192023754119873047e+00 1.019672393798828125e+00 1.181903839111328125e+00 3.378868103027343750e-02 6.978920102119445801e-01 3.400763571262359619e-01
4.306031799316406250e+01 1.861809997558593750e+02 4.999828338623046875e-01 4.963096618652343750e+00 -3.411865234375000000e-02 3.872718811035156250e-01 1.169189453125000000e+00 6.754886507987976074e-01 8.289077877998352051e-01
4.089497756958007812e+01 7.245730590820312500e+02 3.148496150970458984e-01 4.708806514739990234e+00 5.460357666015625000e-01 9.744491577148437500e-01 1.432254791259765625e+00 8.511414527893066406e-01 3.211800009012222290e-02
2.287771911621093750e+02 7.373187255859375000e+01 1.236562728881835938e+00 6.115781784057617188e+00 2.389717102050781250e-02 -1.786804199218750000e-02 9.191513061523437500e-01 7.532833814620971680e-01 3.374377265572547913e-03
2.222847747802734375e+02 3.424166870117187500e+02 7.735791206359863281e-01 5.553758621215820312e+00 1.657360076904296875e+00 1.668584823608398438e+00 -1.340682983398437500e+00 7.791172862052917480e-01 1.919060945510864258e-02
2.900495910644531250e+01 1.194360046386718750e+02 8.176207542419433594e-01 5.276826858520507812e+00 7.672920227050781250e-01 1.255121231079101562e+00 6.240177154541015625e-01 7.958415150642395020e-01 4.810306727886199951e-01
2.643087577819824219e+01 2.032627868652343750e+02 8.211460113525390625e-01 5.516771316528320312e+00 8.419227600097656250e-01 1.273212432861328125e+00 1.716323852539062500e+00 8.114821314811706543e-01 1.340624690055847168e+00
2.215843963623046875e+02 1.461736297607421875e+02 5.722861289978027344e-01 5.419902801513671875e+00 2.629089355468750000e-01 5.025501251220703125e-01 2.181549072265625000e-01 1.087960958480834961e+00 2.037406899034976959e-02
4.515974426269531250e+01 8.555340576171875000e+01 9.248828887939453125e-01 5.644314289093017578e+00 -2.055473327636718750e-01 4.672660827636718750e-01 1.321956634521484375e+00 7.485275864601135254e-01 1.695878624916076660e+00
2.300992584228515625e+01 8.145416259765625000e+00 6.164181232452392578e-01 5.023238658905029297e+00 -5.327072143554687500e-01 1.226406097412109375e-01 -6.564693450927734375e-01 6.497702598571777344e-01 1.761759072542190552e-01
2.287420272827148438e+01 8.524657440185546875e+01 5.478234291076660156e-01 4.967697143554687500e+00 1.479148864746093750e-01 6.699733734130859375e-01 -1.499523162841796875e+00 8.088248372077941895e-01 7.213530540466308594e-01
2.317091522216796875e+02 4.217703247070312500e+02 5.813481807708740234e-01 4.959936141967773438e+00 7.844886779785156250e-01 1.242179870605468750e+00 -1.217636108398437500e+00 1.021758437156677246e+00 3.462879061698913574e-01
1.986075592041015625e+02 5.143696289062500000e+02 4.962515830993652344e-01 4.683331966400146484e+00 5.279369354248046875e-01 3.779907226562500000e-01 -1.064908981323242188e+00 6.117760539054870605e-01 3.408109769225120544e-02
4.592462158203125000e+01 5.255471420288085938e+01 5.685739517211914062e-01 4.902850151062011719e+00 8.268203735351562500e-01 1.175998687744140625e+00 -4.258708953857421875e-01 9.483363628387451172e-01 1.798431575298309326e-01
4.152545166015625000e+01 9.375936126708984375e+01 6.942939758300781250e-01 4.998639583587646484e+00 9.189758300781250000e-01 1.098176956176757812e+00 2.617322921752929688e+00 7.049745917320251465e-01 1.592149734497070312e+00
1.796539688110351562e+01 6.981769084930419922e+00 4.429152011871337891e-01 4.726302146911621094e+00 9.151420593261718750e-01 1.528587341308593750e+00 -1.242000579833984375e+00 1.145927429199218750e+00 2.643129527568817139e-01
3.995516204833984375e+01 1.310900592803955078e+01 4.015171527862548828e-01 4.955165863037109375e+00 8.066539764404296875e-01 7.895011901855468750e-01 5.057048797607421875e-01 6.348272562026977539e-01 9.051485061645507812e-01
2.114161224365234375e+02 4.883006591796875000e+02 5.093100070953369141e-01 4.686186790466308594e+00 -9.649276733398437500e-03 1.225070953369140625e-01 1.338747024536132812e+00 6.225980520248413086e-01 2.845843136310577393e-01
3.887092590332031250e+01 2.532716674804687500e+02 1.371073246002197266e+00 6.636696338653564453e+00 -1.091884613037109375e+00 -3.699131011962890625e-01 -7.602214813232421875e-01 5.525557994842529297e-01 1.025515079498291016e+00
4.326651763916015625e+01 3.682185058593750000e+02 5.385794639587402344e-01 5.127737045288085938e+00 1.758403778076171875e-01 5.790996551513671875e-01 -6.768074035644531250e-01 7.395743131637573242e-01 3.100404143333435059e-01
1.950415611267089844e+01 1.639463653564453125e+02 4.953095912933349609e-01 4.755647659301757812e+00 4.329204559326171875e-01 5.963554382324218750e-01 -3.377723693847656250e-02 7.931460142135620117e-01 2.573341727256774902e-01
2.326680145263671875e+02 1.311639404296875000e+02 3.705759048461914062e-01 4.727766036987304688e+00 8.324279785156250000e-01 3.710002899169921875e-01 6.635055541992187500e-01 1.106391191482543945e+00 1.395041465759277344e+00
2.332095184326171875e+02 4.400443649291992188e+01 4.338645935058593750e-01 4.571965217590332031e+00 4.462413787841796875e-01 3.342018127441406250e-01 1.834604263305664062e+00 8.901840448379516602e-01 5.387902855873107910e-01
3.979722213745117188e+01 3.728831863403320312e+01 5.806970596313476562e-01 4.793101787567138672e+00 9.471549987792968750e-01 1.096384048461914062e+00 2.338142395019531250e-01 6.835557222366333008e-01 1.399452239274978638e-01
4.312606048583984375e+01 1.845539093017578125e+02 7.379925251007080078e-01 5.678557395935058594e+00 -1.338844299316406250e-01 -1.753616333007812500e-02 -4.089813232421875000e-01 8.850517868995666504e-01 8.638155460357666016e-01
4.543592834472656250e+01 8.781488037109375000e+01 8.818724155426025391e-01 5.944792270660400391e+00 -1.022548675537109375e-01 2.692584991455078125e-01 2.191581726074218750e-01 6.722335815429687500e-01 1.522568941116333008e+00
4.082860946655273438e+01 9.963929748535156250e+01 1.001020431518554688e+00 5.752247333526611328e+00 1.034299850463867188e+00 1.323547363281250000e+00 -9.710865020751953125e-01 8.626143932342529297e-01 4.915139675140380859e-01
2.473796844482421875e+01 3.287177658081054688e+01 8.628618717193603516e-01 5.313707828521728516e+00 6.314811706542968750e-01 1.122211456298828125e+00 -4.131908416748046875e-01 8.970558643341064453e-01 6.375579535961151123e-02
1.910683135986328125e+02 1.671700286865234375e+02 4.197888374328613281e-01 5.016378879547119141e+00 5.875034332275390625e-01 7.429885864257812500e-01 -1.400566101074218750e-02 1.102953553199768066e+00 4.653332233428955078e-01
4.372345733642578125e+01 6.205253906250000000e+02 2.979161739349365234e-01 4.241935253143310547e+00 7.223434448242187500e-01 7.805442810058593750e-01 7.725811004638671875e-01 7.092124819755554199e-01 4.557529091835021973e-01
4.036907958984375000e+01 2.277644653320312500e+02 8.607242107391357422e-01 5.369411468505859375e+00 3.951282501220703125e-01 5.579357147216796875e-01 5.009231567382812500e-01 7.631431818008422852e-01 3.496353626251220703e-01
2.292016448974609375e+02 3.613034667968750000e+02 2.565078735351562500e-01 4.553624153137207031e+00 6.604690551757812500e-01 6.354351043701171875e-01 1.307579040527343750e+00 8.377684354782104492e-01 4.586746096611022949e-01
3.081639480590820312e+01 1.878055267333984375e+02 6.346039772033691406e-01 5.090057849884033203e+00 2.680873870849609375e-01 3.812389373779296875e-01 -1.694272994995117188e+00 6.908875703811645508e-01 8.423277735710144043e-01
4.393788146972656250e+01 2.248518218994140625e+02 5.729012489318847656e-01 5.200407981872558594e+00 6.209583282470703125e-01 8.127384185791015625e-01 4.071464538574218750e-01 8.234170079231262207e-01 1.488158702850341797e+00
4.463572692871093750e+01 6.826111793518066406e+00 4.736139774322509766e-01 4.196637153625488281e+00 7.971000671386718750e-01 7.004661560058593750e-01 1.886196136474609375e-01 4.770547151565551758e-01 3.809600770473480225e-01
2.960956764221191406e+01 1.810800170898437500e+01 4.774117469787597656e-01 5.015060424804687500e+00 1.380310058593750000e-01 5.355167388916015625e-01 2.194995880126953125e-01 7.986884117126464844e-01 1.976051449775695801e+00
3.758715438842773438e+01 1.234886779785156250e+02 7.501959800720214844e-01 5.109647750854492188e+00 4.397315979003906250e-01 9.273128509521484375e-01 -3.072376251220703125e-01 8.930069208145141602e-01 1.255214810371398926e-01
2.130841674804687500e+02 5.849448242187500000e+02 6.569375991821289062e-01 5.016457080841064453e+00 1.333904266357421875e-01 8.659725189208984375e-01 -1.423484802246093750e+00 7.695925235748291016e-01 2.829037010669708252e-01
1.361867523193359375e+01 7.955525207519531250e+01 7.533483505249023438e-01 5.264454841613769531e+00 7.290115356445312500e-01 9.065818786621093750e-01 2.410133361816406250e+00 5.775522589683532715e-01 2.791608572006225586e-01
4.451726531982421875e+01 2.249758758544921875e+02 7.350306510925292969e-01 5.550107955932617188e+00 9.145717620849609375e-01 1.355474472045898438e+00 1.729459762573242188e+00 7.342705130577087402e-01 3.902738541364669800e-02
4.137483596801757812e+01 5.009268569946289062e+01 8.793921470642089844e-01 5.622475624084472656e+00 3.182697296142578125e-01 7.777633666992187500e-01 2.038982391357421875e+00 7.853940129280090332e-01 9.603447467088699341e-02
4.511176681518554688e+01 5.247864532470703125e+01 7.059435844421386719e-01 5.012392997741699219e+00 1.362142562866210938e+00 1.386157989501953125e+00 -1.158760070800781250e+00 7.456561326980590820e-01 3.723119497299194336e-01
4.450981521606445312e+01 3.197705078125000000e+01 6.018974781036376953e-01 5.049960136413574219e+00 1.335889816284179688e+00 1.308902740478515625e+00 8.446903228759765625e-01 7.821730375289916992e-01 5.842902511358261108e-02
2.750035476684570312e+01 2.423939704895019531e+01 9.756941795349121094e-01 5.934904098510742188e+00 1.100387573242187500e+00 9.856796264648437500e-01 6.950378417968750000e-03 5.242645144462585449e-01 6.217449307441711426e-01
2.272096862792968750e+02 2.430527191162109375e+02 6.700305938720703125e-01 5.338274955749511719e+00 6.996574401855468750e-01 9.642009735107421875e-01 -6.826610565185546875e-01 1.037131190299987793e+00 1.001772403717041016e+00
4.167392349243164062e+01 1.020442733764648438e+02 5.952725410461425781e-01 5.044008255004882812e+00 5.673007965087890625e-01 9.085483551025390625e-01 1.684123992919921875e+00 6.595057249069213867e-01 9.466036558151245117e-01
4.411923980712890625e+01 1.204585113525390625e+02 5.291733741760253906e-01 4.817024230957031250e+00 9.267196655273437500e-01 9.362316131591796875e-01 2.429977416992187500e+00 7.079789042472839355e-01 1.100377738475799561e-01
4.466127014160156250e+01 1.811565399169921875e+02 7.060358524322509766e-01 5.039485454559326172e+00 -5.375175476074218750e-01 -2.228088378906250000e-01 -2.670839309692382812e+00 8.269164562225341797e-01 9.736802577972412109e-01
2.364500617980957031e+01 2.271835021972656250e+02 5.271263122558593750e-01 4.787739753723144531e+00 5.507583618164062500e-01 7.853908538818359375e-01 2.427482604980468750e-01 6.533951163291931152e-01 3.380528688430786133e-01
1.978932037353515625e+02 5.500917968750000000e+02 6.385266780853271484e-01 5.327456951141357422e+00 -1.262664794921875000e-03 -1.499881744384765625e-01 -1.450325012207031250e+00 1.025401592254638672e+00 5.908906459808349609e-01
2.346821975708007812e+01 4.078174591064453125e+01 1.016571521759033203e+00 5.994117259979248047e+00 -6.605148315429687500e-02 4.391441345214843750e-01 -1.027278900146484375e-01 8.324750661849975586e-01 7.902970314025878906e-01
2.770445632934570312e+01 1.447046813964843750e+02 1.081523656845092773e+00 6.280439376831054688e+00 1.418567657470703125e+00 1.533641815185546875e+00 1.236595153808593750e+00 7.553274035453796387e-01 7.580975294113159180e-01
1.684115447998046875e+02 8.789164733886718750e+01 9.526653289794921875e-01 5.576130390167236328e+00 1.298749923706054688e+00 1.424417495727539062e+00 1.272083282470703125e+00 7.486507296562194824e-01 2.043773084878921509e-01
2.182695770263671875e+01 3.722327041625976562e+01 8.266768455505371094e-01 5.607997894287109375e+00 8.815422058105468750e-01 1.464986801147460938e+00 -2.079658508300781250e-01 9.503310322761535645e-01 4.782036319375038147e-02
4.308948135375976562e+01 1.651216430664062500e+02 7.812461853027343750e-01 5.198436737060546875e+00 -4.049186706542968750e-01 -1.008205413818359375e-01 1.194343566894531250e-01 8.024876117706298828e-01 6.115593910217285156e-01
3.992750167846679688e+01 1.009033107757568359e+01 8.079397678375244141e-01 5.296827316284179688e+00 1.919136047363281250e+00 1.640460968017578125e+00 1.822021484375000000e+00 6.289973258972167969e-01 8.274102210998535156e-02
3.884367752075195312e+01 1.090559463500976562e+02 2.541909217834472656e-01 4.208644866943359375e+00 5.421600341796875000e-01 5.591182708740234375e-01 -2.789325714111328125e-01 6.498211622238159180e-01 7.848645560443401337e-03
3.827300262451171875e+01 1.667212524414062500e+02 7.612175941467285156e-01 5.388854503631591797e+00 1.550655364990234375e+00 1.493923187255859375e+00 1.202571868896484375e+00 6.574140787124633789e-01 6.869254112243652344e-01
1.847592010498046875e+02 2.247814178466796875e+02 8.183903694152832031e-01 5.530142307281494141e+00 4.505424499511718750e-01 3.616542816162109375e-01 -6.636848449707031250e-01 9.073705077171325684e-01 8.648833036422729492e-01
2.571709442138671875e+01 1.967888641357421875e+02 6.106986999511718750e-01 5.169247150421142578e+00 9.152126312255859375e-01 1.394554138183593750e+00 -3.469371795654296875e-01 8.753293156623840332e-01 5.175866484642028809e-01
4.173460006713867188e+01 1.361503753662109375e+02 5.403492450714111328e-01 5.100640773773193359e+00 9.480552673339843750e-01 1.580703735351562500e+00 5.831184387207031250e-01 8.929157257080078125e-01 8.036938905715942383e-01
4.366327667236328125e+01 2.828952980041503906e+01 7.081828117370605469e-01 4.966216564178466797e+00 9.373474121093750000e-02 3.760108947753906250e-01 -8.536262512207031250e-01 6.604390740394592285e-01 9.679348468780517578e-01
4.169530105590820312e+01 1.590049438476562500e+02 1.341156721115112305e+00 6.592095375061035156e+00 -2.621078491210937500e-02 3.171539306640625000e-02 -3.854827880859375000e-01 5.677024722099304199e-01 1.714695245027542114e-01
2.222853698730468750e+02 2.112458496093750000e+02 1.071062088012695312e+00 6.023288726806640625e+00 2.382946014404296875e+00 2.613296508789062500e+00 4.737178802490234375e+00 8.875470757484436035e-01 7.893469929695129395e-01
3.667009735107421875e+01 4.891834716796875000e+02 8.954782485961914062e-01 5.848481655120849609e+00 2.587377548217773438e+00 1.507797241210937500e+00 2.243106842041015625e+00 4.829816222190856934e-01 4.958066344261169434e-01
2.342599296569824219e+01 7.709889526367187500e+02 6.465258598327636719e-01 5.366410255432128906e+00 2.788639068603515625e-01 5.441284179687500000e-01 4.051952362060546875e-01 6.944143176078796387e-01 8.751448988914489746e-01
4.036907958984375000e+01 2.277644653320312500e+02 8.607242107391357422e-01 5.369411468505859375e+00 3.951282501220703125e-01 5.579357147216796875e-01 5.009231567382812500e-01 7.631431818008422852e-01 3.496353626251220703e-01
4.584482192993164062e+01 2.036843109130859375e+02 6.104321479797363281e-01 5.199880599975585938e+00 -1.284732818603515625e-01 2.659320831298828125e-01 -3.413326263427734375e+00 9.269268512725830078e-01 1.917434811592102051e+00
2.781457328796386719e+01 2.375409393310546875e+02 1.007486820220947266e+00 5.670604228973388672e+00 1.491455078125000000e+00 1.684967041015625000e+00 1.067293167114257812e+00 7.896213531494140625e-01 1.096201062202453613e+00
4.393849182128906250e+01 1.269521026611328125e+02 1.312689542770385742e+00 6.612119674682617188e+00 -4.267044067382812500e-01 1.585731506347656250e-01 -1.757293701171875000e+00 9.583997726440429688e-01 1.355631649494171143e-01
2.241370391845703125e+02 4.143073120117187500e+02 6.054039001464843750e-01 5.094624519348144531e+00 4.460639953613281250e-01 7.599277496337890625e-01 -5.704975128173828125e-01 7.590696215629577637e-01 5.762068629264831543e-01
4.338770675659179688e+01 8.601999664306640625e+01 3.862247467041015625e-01 4.564556121826171875e+00 8.916893005371093750e-01 1.440685272216796875e+00 7.580490112304687500e-01 1.002088665962219238e+00 5.515916347503662109e-01
4.346368789672851562e+01 7.952900695800781250e+01 8.148350715637207031e-01 5.299011707305908203e+00 1.237556457519531250e+00 9.500198364257812500e-01 -7.940349578857421875e-01 6.596859693527221680e-01 3.343546092510223389e-01
3.921612167358398438e+01 6.651834716796875000e+02 3.461239337921142578e-01 4.205018997192382812e+00 1.276969909667968750e-02 5.505027770996093750e-01 1.154020309448242188e+00 8.270346522331237793e-01 5.254843235015869141e-01
3.643635177612304688e+01 1.255124893188476562e+02 4.957017898559570312e-01 4.821895599365234375e+00 8.502044677734375000e-01 6.388950347900390625e-01 -1.542224884033203125e-01 5.952738523483276367e-01 9.075485169887542725e-02
2.021147727966308594e+01 1.557988433837890625e+02 5.666036605834960938e-01 4.986048698425292969e+00 1.299951553344726562e+00 1.785402297973632812e+00 -1.084386825561523438e+00 9.468822479248046875e-01 6.887307167053222656e-01
2.268863220214843750e+02 9.527963256835937500e+01 4.295511245727539062e-01 4.418666839599609375e+00 3.691558837890625000e-01 2.903976440429687500e-01 1.159416198730468750e+00 1.230411291122436523e+00 7.732945084571838379e-01
1.461503982543945312e+01 3.085502624511718750e+02 1.121096372604370117e+00 6.274835586547851562e+00 1.928043365478515625e+00 2.671930313110351562e+00 1.029647827148437500e+00 1.008297443389892578e+00 2.809110283851623535e-01
2.279590911865234375e+02 3.918732910156250000e+02 5.172178745269775391e-01 4.781789302825927734e+00 2.034797668457031250e-01 1.524066925048828125e-01 1.112890243530273438e+00 8.694018125534057617e-01 4.133623838424682617e-01
2.258925170898437500e+02 4.708064575195312500e+02 5.305302143096923828e-01 4.476745605468750000e+00 1.228336334228515625e+00 8.397312164306640625e-01 1.141338348388671875e+00 7.805714607238769531e-01 1.570509225130081177e-01
1.656386566162109375e+02 2.334823608398437500e+02 6.651325225830078125e-01 5.277662754058837891e+00 3.641738891601562500e-01 1.216053009033203125e+00 -5.779018402099609375e-01 1.024012446403503418e+00 4.828450381755828857e-01
4.009180068969726562e+01 2.149157905578613281e+01 9.685931205749511719e-01 5.697138786315917969e+00 -3.605728149414062500e-01 8.643150329589843750e-02 -1.316383361816406250e+00 6.290345788002014160e-01 8.907383084297180176e-01
4.454290771484375000e+01 1.169293365478515625e+02 7.904467582702636719e-01 5.693695068359375000e+00 -1.083564758300781250e-01 4.483528137207031250e-01 6.864395141601562500e-01 7.845546007156372070e-01 8.558810353279113770e-01
3.838802719116210938e+01 1.173543930053710938e+02 5.890355110168457031e-01 4.947855949401855469e+00 1.638069152832031250e-01 3.771018981933593750e-01 -6.289405822753906250e-01 8.578690886497497559e-01 7.580860853195190430e-01
3.527355575561523438e+01 9.453052520751953125e+01 6.917395591735839844e-01 5.117272853851318359e+00 4.214477539062500000e-01 7.224388122558593750e-01 1.118316650390625000e+00 7.241353392601013184e-01 6.356668472290039062e-02
2.238430786132812500e+02 4.814754104614257812e+01 5.917100906372070312e-01 5.039919376373291016e+00 -5.228691101074218750e-01 -6.800079345703125000e-02 3.113288879394531250e-01 1.006978511810302734e+00 1.262168586254119873e-01
4.557219696044921875e+01 1.297737884521484375e+02 7.767009735107421875e-01 5.382220268249511719e+00 1.071035385131835938e+00 1.049406051635742188e+00 1.651174545288085938e+00 8.452621698379516602e-01 9.560090899467468262e-01
1.894941902160644531e+01 2.599531555175781250e+02 3.685598373413085938e-01 4.901191711425781250e+00 2.196311950683593750e-02 5.420875549316406250e-01 -2.600593566894531250e-01 5.997040271759033203e-01 3.338127210736274719e-02
2.192288360595703125e+02 3.471976852416992188e+01 4.419198036193847656e-01 4.938086986541748047e+00 2.889137268066406250e-01 4.720191955566406250e-01 1.932792663574218750e-01 6.764864325523376465e-01 5.049428343772888184e-01
4.126118087768554688e+01 1.185645599365234375e+02 8.859050273895263672e-01 5.695287227630615234e+00 -1.329727172851562500e-01 3.704853057861328125e-01 -1.626184463500976562e+00 8.684740066528320312e-01 1.081683516502380371e+00
4.076232147216796875e+01 1.212337493896484375e+02 1.392934799194335938e+00 6.838850021362304688e+00 1.089412689208984375e+00 1.007287979125976562e+00 4.122238159179687500e-01 6.511206030845642090e-01 2.246426939964294434e-01
4.233632278442382812e+01 1.340946502685546875e+02 7.554049491882324219e-01 5.415043354034423828e+00 3.472862243652343750e-01 5.293769836425781250e-01 1.635833740234375000e+00 8.155412077903747559e-01 5.520226061344146729e-02
4.411434936523437500e+01 2.284803581237792969e+01 1.066375970840454102e+00 6.024936676025390625e+00 1.931207656860351562e+00 2.151220321655273438e+00 9.559631347656250000e-01 9.268636703491210938e-01 8.266368508338928223e-01
2.313025207519531250e+02 1.572167510986328125e+02 4.197456836700439453e-01 4.485490322113037109e+00 1.065862655639648438e+00 1.012817382812500000e+00 2.449226379394531250e-02 7.556909322738647461e-01 7.798227071762084961e-01
1.321741962432861328e+01 1.306559448242187500e+02 7.704339027404785156e-01 5.239788055419921875e+00 9.651947021484375000e-01 1.300270080566406250e+00 9.791374206542968750e-02 8.195687532424926758e-01 3.079302608966827393e-01
2.275351257324218750e+02 6.817653198242187500e+02 1.447624206542968750e+00 6.751362800598144531e+00 5.575008392333984375e-01 9.431838989257812500e-02 2.165336608886718750e+00 4.771584272384643555e-01 3.050493001937866211e-01
4.412660980224609375e+01 1.317038726806640625e+02 6.120464801788330078e-01 5.095243930816650391e+00 1.183998107910156250e+00 1.520740509033203125e+00 7.971305847167968750e-01 8.238219022750854492e-01 1.758942365646362305e+00
1.679343605041503906e+01 3.038141174316406250e+02 6.385025978088378906e-01 5.068381309509277344e+00 5.429248809814453125e-01 5.673027038574218750e-01 7.006435394287109375e-01 6.375575065612792969e-01 1.690188199281692505e-01
3.498290634155273438e+01 3.818143463134765625e+01 7.589430809020996094e-01 5.346486091613769531e+00 1.357906341552734375e+00 1.197414398193359375e+00 1.408365249633789062e+00 6.019189357757568359e-01 2.843722999095916748e-01
3.986146926879882812e+01 6.706637573242187500e+01 7.204170227050781250e-01 5.562030315399169922e+00 1.065254211425781250e+00 1.161535263061523438e+00 1.183889389038085938e+00 8.488631844520568848e-01 1.057206988334655762e+00
4.125743484497070312e+01 1.509965362548828125e+02 3.999848365783691406e-01 4.911290168762207031e+00 8.303260803222656250e-01 7.847766876220703125e-01 6.312923431396484375e-01 5.506293773651123047e-01 5.637679100036621094e-01
2.120847778320312500e+02 4.377524719238281250e+02 5.717964172363281250e-01 5.043121814727783203e+00 1.160140991210937500e+00 2.004749298095703125e+00 1.348663330078125000e+00 1.273208618164062500e+00 5.333534479141235352e-01
4.467366409301757812e+01 2.233046722412109375e+02 4.515492916107177734e-01 4.880199432373046875e+00 -5.149841308593750000e-04 3.414459228515625000e-01 -1.961364746093750000e-01 7.354407906532287598e-01 9.711825847625732422e-02
1.943172454833984375e+02 7.149253540039062500e+02 8.270153999328613281e-01 5.483338356018066406e+00 -2.509460449218750000e-01 3.597869873046875000e-01 5.246944427490234375e-01 4.095497727394104004e-01 1.834858179092407227e+00
3.205981063842773438e+01 1.691347656250000000e+02 4.978060722351074219e-01 4.936968803405761719e+00 6.091022491455078125e-01 8.027915954589843750e-01 2.040424346923828125e+00 5.456625819206237793e-01 1.255593180656433105e+00
4.410995483398437500e+01 1.387222442626953125e+02 9.665381908416748047e-01 6.060102939605712891e+00 2.997821807861328125e+00 3.192203521728515625e+00 1.021389007568359375e+00 8.834803700447082520e-01 1.886052042245864868e-01
7.608992004394531250e+01 1.943833923339843750e+02 8.509852886199951172e-01 5.400887012481689453e+00 4.693813323974609375e-01 4.998016357421875000e-01 -1.194038391113281250e-01 7.529556751251220703e-01 8.461916446685791016e-02
2.105996551513671875e+02 4.496799316406250000e+02 7.393112182617187500e-01 5.251955986022949219e+00 1.570331573486328125e+00 1.443822860717773438e+00 -1.014184951782226562e+00 9.679785966873168945e-01 4.331172108650207520e-01
4.416107940673828125e+01 1.383572540283203125e+02 6.759784221649169922e-01 4.939596652984619141e+00 -3.576545715332031250e-01 2.144737243652343750e-01 -1.495365142822265625e+00 6.963747739791870117e-01 6.962667703628540039e-01
4.262851333618164062e+01 1.091828231811523438e+02 4.734566211700439453e-01 4.773847579956054688e+00 4.852294921875000000e-03 3.931274414062500000e-01 -1.502872467041015625e+00 8.767092227935791016e-01 1.014060735702514648e+00
4.308933258056640625e+01 2.018969116210937500e+02 6.044363975524902344e-01 5.155803203582763672e+00 1.273195266723632812e+00 1.444742202758789062e+00 8.571624755859375000e-03 8.740762472152709961e-01 1.098125457763671875e+00
1.981781578063964844e+01 1.349487457275390625e+02 7.539856433868408203e-01 5.764679908752441406e+00 1.410627365112304688e+00 1.396188735961914062e+00 1.340600967407226562e+00 5.905793905258178711e-01 8.447525501251220703e-01
4.303081893920898438e+01 8.587253570556640625e+00 9.071407318115234375e-01 5.997150421142578125e+00 1.950550079345703125e+00 1.679161071777343750e+00 1.008794784545898438e+00 6.798266172409057617e-01 2.063022255897521973e-01
4.448567199707031250e+01 1.427623443603515625e+02 4.893536567687988281e-01 4.841271400451660156e+00 4.694480895996093750e-01 5.308303833007812500e-01 -7.320652008056640625e-01 6.969985365867614746e-01 6.478850841522216797e-01
1.930079040527343750e+02 6.261187744140625000e+02 1.877860546112060547e+00 7.745887279510498047e+00 6.217576980590820312e+00 4.280799865722656250e+00 2.377662658691406250e+00 5.696508288383483887e-01 2.548596262931823730e-01
4.107845306396484375e+01 1.511787605285644531e+01 8.309185504913330078e-01 5.412518024444580078e+00 2.975063323974609375e-01 4.110984802246093750e-01 -2.281322479248046875e-01 4.954355359077453613e-01 7.118458747863769531e-01
1.242424240112304688e+02 5.799526367187500000e+02 8.873748779296875000e-01 5.790601730346679688e+00 -4.449882507324218750e-01 -2.973403930664062500e-01 1.492000579833984375e+00 7.171766757965087891e-01 9.074227884411811829e-03
2.192344207763671875e+02 2.411215057373046875e+02 4.668185710906982422e-01 4.585681915283203125e+00 5.073547363281250000e-03 7.531967163085937500e-01 4.148464202880859375e-01 8.997453451156616211e-01 3.221206068992614746e-01
2.243620910644531250e+02 5.850159301757812500e+02 4.323341846466064453e-01 4.821462154388427734e+00 3.685398101806640625e-01 8.820247650146484375e-01 1.064529418945312500e+00 1.084081888198852539e+00 6.652697324752807617e-01
4.794709014892578125e+01 1.537640380859375000e+02 5.763216018676757812e-01 4.853429317474365234e+00 1.104068756103515625e-01 5.275440216064453125e-01 1.398612976074218750e+00 5.412799715995788574e-01 1.086552262306213379e+00
1.714329338073730469e+01 8.902492523193359375e+01 1.167022228240966797e+00 5.839756965637207031e+00 -1.824169158935546875e-01 3.299140930175781250e-01 6.416778564453125000e-01 8.971778154373168945e-01 3.511452376842498779e-01
1.942637023925781250e+02 1.672056732177734375e+02 2.924301624298095703e-01 4.355248451232910156e+00 4.684848785400390625e-01 4.497356414794921875e-01 1.912460327148437500e-01 7.818532586097717285e-01 6.100012660026550293e-01
4.095492935180664062e+01 9.428240966796875000e+01 8.434891700744628906e-01 5.623560905456542969e+00 -9.201412200927734375e-01 -3.441696166992187500e-01 7.773418426513671875e-01 9.105105400085449219e-01 8.140984773635864258e-01
2.039046936035156250e+02 4.878660278320312500e+02 5.894386768341064453e-01 4.775278091430664062e+00 6.803207397460937500e-01 9.962921142578125000e-01 1.406070709228515625e+00 6.583472490310668945e-01 7.598460316658020020e-01
1.441664123535156250e+01 2.860208740234375000e+02 8.826155662536621094e-01 5.563103675842285156e+00 -3.287715911865234375e-01 3.510665893554687500e-01 1.106061935424804688e+00 8.273094296455383301e-01 3.927714824676513672e-01
2.084315681457519531e+01 7.202130126953125000e+02 4.051365852355957031e-01 4.825840950012207031e+00 1.046939849853515625e+00 1.298583984375000000e+00 3.441278457641601562e+00 7.809849977493286133e-01 1.612610340118408203e+00
1.702854728698730469e+01 6.194599151611328125e+01 5.194888114929199219e-01 4.995374202728271484e+00 6.892395019531250000e-02 7.607994079589843750e-01 -1.270862579345703125e+00 8.548157811164855957e-01 2.342883944511413574e-01
1.833948707580566406e+01 3.865630722045898438e+01 6.565513610839843750e-01 4.908315658569335938e+00 7.958869934082031250e-01 1.079227447509765625e+00 1.147813796997070312e+00 8.343230485916137695e-01 9.725298881530761719e-01
1.718513107299804688e+01 1.522242889404296875e+02 9.089744091033935547e-01 5.781360626220703125e+00 1.693250656127929688e+00 1.494529724121093750e+00 1.727170944213867188e+00 6.905665397644042969e-01 7.021089792251586914e-01
2.197394104003906250e+02 1.669098663330078125e+02 4.679787158966064453e-01 4.642722129821777344e+00 8.075428009033203125e-01 1.352416992187500000e+00 6.905574798583984375e-01 1.009829282760620117e+00 4.183068871498107910e-01
2.215284423828125000e+02 3.969419860839843750e+02 4.854660034179687500e-01 4.535783767700195312e+00 8.053550720214843750e-01 1.111690521240234375e+00 4.206275939941406250e-01 8.243399262428283691e-01 1.077532619237899780e-01
4.109230041503906250e+01 1.163481369018554688e+02 6.458833217620849609e-01 4.979779243469238281e+00 1.551723480224609375e-01 3.824729919433593750e-01 2.061454772949218750e+00 7.107564806938171387e-01 5.740985274314880371e-02
4.047156524658203125e+01 7.046441650390625000e+01 3.607783317565917969e-01 4.439871788024902344e+00 1.256006240844726562e+00 1.970033645629882812e+00 1.536056518554687500e+00 9.710687994956970215e-01 4.814830422401428223e-01
2.043934173583984375e+02 4.746825256347656250e+02 5.811171531677246094e-01 4.894039154052734375e+00 3.418369293212890625e-01 6.077022552490234375e-01 1.432765960693359375e+00 8.447798490524291992e-01 2.740667201578617096e-02
2.364311218261718750e+02 4.711890258789062500e+02 3.415160179138183594e-01 4.194327354431152344e+00 6.986255645751953125e-01 9.554576873779296875e-01 2.251224517822265625e-01 1.031507611274719238e+00 2.488386929035186768e-01
4.392328643798828125e+01 1.424046478271484375e+02 6.775956153869628906e-01 5.235177040100097656e+00 6.025657653808593750e-01 8.120346069335937500e-01 9.722061157226562500e-01 7.491579055786132812e-01 1.084497451782226562e+00
1.523948764801025391e+01 1.787070465087890625e+02 9.127542972564697266e-01 5.854802608489990234e+00 1.033800125122070312e+00 1.120138168334960938e+00 -4.100685119628906250e-01 6.626469492912292480e-01 1.380131095647811890e-01
4.283269500732421875e+01 9.912489318847656250e+01 1.070695877075195312e+00 5.988976478576660156e+00 2.211093902587890625e-01 5.082321166992187500e-01 1.446266174316406250e-01 8.221435546875000000e-01 3.735847473144531250e-01
4.075788879394531250e+01 1.641288909912109375e+02 6.808700561523437500e-01 5.555935859680175781e+00 1.913108825683593750e-01 7.152633666992187500e-01 -3.882179260253906250e-01 7.138597965240478516e-01 8.712709546089172363e-01
4.463626861572265625e+01 6.364888000488281250e+01 1.138966321945190430e+00 6.303471088409423828e+00 1.108341217041015625e-01 7.584533691406250000e-01 6.188373565673828125e-01 9.370544552803039551e-01 6.001993417739868164e-01
2.650949668884277344e+01 3.256410980224609375e+01 9.727909564971923828e-01 6.129032611846923828e+00 -2.332477569580078125e-01 2.229862213134765625e-01 -2.489898681640625000e+00 6.309095025062561035e-01 6.740914583206176758e-01
2.231778106689453125e+02 8.209665298461914062e+00 3.442158699035644531e-01 4.632586002349853516e+00 7.801780700683593750e-01 8.411254882812500000e-01 5.970211029052734375e-01 6.894743442535400391e-01 6.553244590759277344e-02
2.052054443359375000e+02 7.367648315429687500e+02 3.990721702575683594e-01 5.100317955017089844e+00 3.103485107421875000e-01 -2.194747924804687500e-01 -2.153320312500000000e-01 8.358210921287536621e-01 5.553984045982360840e-01
4.569535064697265625e+01 1.542363586425781250e+02 1.651244163513183594e-01 4.113657951354980469e+00 8.402252197265625000e-02 5.072422027587890625e-01 3.242797851562500000e-01 8.605982065200805664e-01 5.887179970741271973e-01
2.062777900695800781e+01 2.082411193847656250e+01 7.104599475860595703e-01 4.904479980468750000e+00 1.430801391601562500e+00 1.282558441162109375e+00 5.154190063476562500e-01 6.167557239532470703e-01 4.287582933902740479e-01
3.144505882263183594e+01 9.630075073242187500e+01 1.217336893081665039e+00 6.270534992218017578e+00 -6.033020019531250000e-01 2.534790039062500000e-01 3.258228302001953125e-01 5.387189388275146484e-01 1.548856616020202637e+00
2.218688659667968750e+02 7.961952972412109375e+01 6.087076663970947266e-01 5.038813591003417969e+00 1.118633270263671875e+00 1.089927673339843750e+00 3.540725708007812500e-01 1.084759950637817383e+00 3.092606365680694580e-01
3.869068527221679688e+01 2.647515563964843750e+02 6.321165561676025391e-01 5.225472450256347656e+00 5.747394561767578125e-01 9.314441680908203125e-01 2.292879104614257812e+00 6.973937749862670898e-01 5.414677858352661133e-01
7.442527770996093750e+01 1.102983322143554688e+02 4.020502567291259766e-01 4.590961456298828125e+00 6.333942413330078125e-01 1.199151992797851562e+00 -2.219337463378906250e+00 8.158206343650817871e-01 2.547119259834289551e-01
2.325036621093750000e+01 9.081892967224121094e-01 3.888053894042968750e-01 4.975954055786132812e+00 9.556560516357421875e-01 1.379402160644531250e+00 2.668399810791015625e-01 8.122178316116333008e-01 3.222737908363342285e-01
1.931879234313964844e+01 1.878274078369140625e+02 8.953058719635009766e-01 5.613940715789794922e+00 1.742000579833984375e+00 1.871719360351562500e+00 3.143646240234375000e+00 8.196965456008911133e-01 1.044086337089538574e+00
2.319464874267578125e+02 6.729096069335937500e+02 4.408278465270996094e-01 4.529211044311523438e+00 -6.809368133544921875e-01 -4.774627685546875000e-01 -8.121757507324218750e-01 8.875809907913208008e-01 1.997928023338317871e-01
1.889997558593750000e+02 5.365699462890625000e+02 1.637490272521972656e+00 7.380621910095214844e+00 -2.771467208862304688e+00 -9.445514678955078125e-01 -4.108714103698730469e+00 4.282799065113067627e-01 1.233826160430908203e+00
4.272919845581054688e+01 1.580490875244140625e+02 4.609241485595703125e-01 4.498455047607421875e+00 4.247131347656250000e-01 9.654598236083984375e-01 1.158843994140625000e+00 1.102289199829101562e+00 3.914504051208496094e-01
3.971081542968750000e+01 1.622587280273437500e+02 6.304094791412353516e-01 4.971898078918457031e+00 1.852104187011718750e+00 1.764118194580078125e+00 1.579601287841796875e+00 7.475250959396362305e-01 1.233858466148376465e-01
2.277524414062500000e+02 3.388665771484375000e+02 4.399595260620117188e-01 4.801781654357910156e+00 1.175224304199218750e+00 8.081607818603515625e-01 -1.905994415283203125e-01 9.148877263069152832e-01 4.639953747391700745e-02
4.328138351440429688e+01 5.030162353515625000e+02 4.393296241760253906e-01 4.963758945465087891e+00 -2.416515350341796875e-01 3.980445861816406250e-01 1.578998565673828125e-01 8.989489078521728516e-01 1.838131994009017944e-01
4.129089355468750000e+01 2.159723854064941406e+01 4.181537628173828125e-01 4.794126033782958984e+00 6.492900848388671875e-01 1.003934860229492188e+00 -2.991771697998046875e-01 7.599611282348632812e-01 5.672125220298767090e-01
4.449597167968750000e+01 8.053239440917968750e+01 3.237092494964599609e-01 4.583896160125732422e+00 1.213130950927734375e+00 1.455543518066406250e+00 -9.023609161376953125e-01 8.651769757270812988e-01 6.224306821823120117e-01
2.182695770263671875e+01 3.722327041625976562e+01 8.266768455505371094e-01 5.607997894287109375e+00 8.815422058105468750e-01 1.464986801147460938e+00 -2.079658508300781250e-01 9.503310322761535645e-01 4.782036319375038147e-02
4.339656066894531250e+01 1.218624114990234375e+02 6.490063667297363281e-01 4.795366287231445312e+00 4.290218353271484375e-01 6.293945312500000000e-01 -6.076850891113281250e-01 7.446265816688537598e-01 2.160724699497222900e-01
4.081775665283203125e+01 1.252454376220703125e+01 5.109696388244628906e-01 5.124326705932617188e+00 2.394294738769531250e-01 7.312221527099609375e-01 1.401632308959960938e+00 8.920491933822631836e-01 5.479570031166076660e-01
4.256186294555664062e+01 6.259402465820312500e+01 6.594405174255371094e-01 5.513727664947509766e+00 4.685478210449218750e-01 6.499900817871093750e-01 -1.409263610839843750e-01 8.760632276535034180e-01 7.744109034538269043e-01
1.794793701171875000e+01 1.570703125000000000e+02 4.941751956939697266e-01 4.657776832580566406e+00 1.149772644042968750e+00 1.029655456542968750e+00 1.741952896118164062e+00 6.675722599029541016e-01 6.496066451072692871e-01
2.405781745910644531e+01 9.600572204589843750e+01 5.702853202819824219e-01 5.009556293487548828e+00 8.663215637207031250e-01 1.216928482055664062e+00 1.048135757446289062e+00 7.702514529228210449e-01 1.152740716934204102e+00
1.770427398681640625e+02 2.740271911621093750e+02 3.812787532806396484e-01 4.750175476074218750e+00 2.335186004638671875e-01 4.166584014892578125e-01 1.378902435302734375e+00 1.009329557418823242e+00 4.207623600959777832e-01
2.337189483642578125e+02 8.198990631103515625e+01 4.261121749877929688e-01 4.610457420349121094e+00 9.596824645996093750e-01 1.164470672607421875e+00 -6.317577362060546875e-01 1.055276632308959961e+00 9.661915302276611328e-01
4.297367477416992188e+01 2.158545074462890625e+02 6.471967697143554688e-01 4.964325904846191406e+00 -8.982658386230468750e-02 4.012317657470703125e-01 -1.594528198242187500e+00 7.687250375747680664e-01 6.060215830802917480e-01
2.027820892333984375e+02 1.732930603027343750e+02 4.017491340637207031e-01 4.706135749816894531e+00 -1.916427612304687500e-01 4.000015258789062500e-01 1.896421432495117188e+00 1.407030582427978516e+00 1.218163371086120605e+00
1.253387451171875000e+02 2.035908508300781250e+02 3.372611999511718750e-01 4.314243793487548828e+00 4.455795288085937500e-01 4.163436889648437500e-01 5.561923980712890625e-01 4.649266898632049561e-01 1.404352426528930664e+00
1.689333190917968750e+02 7.071472167968750000e+01 6.778182983398437500e-01 5.432469367980957031e+00 9.365272521972656250e-01 1.064722061157226562e+00 2.017246246337890625e+00 7.367574572563171387e-01 4.804674386978149414e-01
4.181707000732421875e+01 2.848836059570312500e+02 3.368806838989257812e-01 4.312678813934326172e+00 4.670219421386718750e-01 7.353954315185546875e-01 -7.924861907958984375e-01 7.352781295776367188e-01 4.543797373771667480e-01
2.104257812500000000e+02 6.284991455078125000e+02 6.064863204956054688e-01 5.353273868560791016e+00 5.830955505371093750e-02 7.825508117675781250e-01 1.068965911865234375e+00 8.926329016685485840e-01 9.716922044754028320e-02
4.253827285766601562e+01 2.755896301269531250e+02 9.735848903656005859e-01 5.452908039093017578e+00 -2.084884643554687500e-01 1.440048217773437500e-01 -1.506618499755859375e+00 6.396369934082031250e-01 1.396338343620300293e+00
1.543364868164062500e+02 4.431492309570312500e+02 5.756192207336425781e-01 4.984780311584472656e+00 4.860115051269531250e-01 5.918922424316406250e-01 1.938726425170898438e+00 3.836369514465332031e-01 5.190124511718750000e-01
3.223858642578125000e+01 3.017810668945312500e+02 9.594278335571289062e-01 5.588918685913085938e+00 2.127712249755859375e+00 1.736743927001953125e+00 -1.401901245117187500e-02 6.709711551666259766e-01 2.457441240549087524e-01
4.528115081787109375e+01 2.058480072021484375e+02 9.425294399261474609e-01 5.549772739410400391e+00 2.672008514404296875e+00 2.788183212280273438e+00 1.553781509399414062e+00 9.191084504127502441e-01 4.697833657264709473e-01
4.211681747436523438e+01 2.049003601074218750e+02 9.196338653564453125e-01 5.741694927215576172e+00 -6.195964813232421875e-01 1.664161682128906250e-02 -2.710704803466796875e-01 9.382359981536865234e-01 7.548738718032836914e-01
4.081775665283203125e+01 1.252454376220703125e+01 5.109696388244628906e-01 5.124326705932617188e+00 2.394294738769531250e-01 7.312221527099609375e-01 1.401632308959960938e+00 8.920491933822631836e-01 5.479570031166076660e-01
4.273255920410156250e+01 1.213053359985351562e+02 8.233017921447753906e-01 5.778341293334960938e+00 1.535264968872070312e+00 2.377857208251953125e+00 5.088233947753906250e-01 1.080820441246032715e+00 3.892958164215087891e-01
4.036907958984375000e+01 2.277644653320312500e+02 8.607242107391357422e-01 5.369411468505859375e+00 3.951282501220703125e-01 5.579357147216796875e-01 5.009231567382812500e-01 7.631431818008422852e-01 3.496353626251220703e-01
2.303272552490234375e+02 4.479867553710937500e+02 4.480357170104980469e-01 4.673490524291992188e+00 8.572387695312500000e-02 -1.205444335937500000e-02 -3.578796386718750000e-01 7.421034574508666992e-01 7.181371450424194336e-01
4.699507904052734375e+01 6.344319152832031250e+01 5.286846160888671875e-01 5.097183227539062500e+00 -7.064914703369140625e-01 -1.341953277587890625e-01 1.552452087402343750e+00 9.172760844230651855e-01 1.293342746794223785e-02
2.206143798828125000e+02 5.354089965820312500e+02 4.446339607238769531e-01 4.839414596557617188e+00 4.331607818603515625e-01 5.432682037353515625e-01 -6.744022369384765625e-01 5.524368286132812500e-01 4.551655650138854980e-01
2.763446235656738281e+01 8.235552215576171875e+01 7.244734764099121094e-01 5.283312797546386719e+00 -1.554069519042968750e-01 1.718864440917968750e-01 1.047615051269531250e+00 7.276729345321655273e-01 7.209322452545166016e-01
4.450981521606445312e+01 3.197705078125000000e+01 6.018974781036376953e-01 5.049960136413574219e+00 1.335889816284179688e+00 1.308902740478515625e+00 8.446903228759765625e-01 7.821730375289916992e-01 5.842902511358261108e-02
7.461795806884765625e+01 1.830687713623046875e+02 5.212237834930419922e-01 4.756635189056396484e+00 4.915771484375000000e-01 3.552455902099609375e-01 -3.555679321289062500e-02 5.965976119041442871e-01 8.412159681320190430e-01
2.093622398376464844e+01 9.620553588867187500e+01 9.158010482788085938e-01 5.641764640808105469e+00 -1.337617874145507812e+00 -8.559551239013671875e-01 -3.600196838378906250e-01 8.240662813186645508e-01 5.020689368247985840e-01
3.979722213745117188e+01 3.728831863403320312e+01 5.806970596313476562e-01 4.793101787567138672e+00 9.471549987792968750e-01 1.096384048461914062e+00 2.338142395019531250e-01 6.835557222366333008e-01 1.399452239274978638e-01
4.228242874145507812e+01 8.478211212158203125e+01 8.226182460784912109e-01 5.322666645050048828e+00 1.365316390991210938e+00 1.659393310546875000e+00 1.694179534912109375e+00 8.079385161399841309e-01 4.052487313747406006e-01
4.232239151000976562e+01 7.545619964599609375e+01 9.144690036773681641e-01 5.872155666351318359e+00 6.512069702148437500e-01 1.053836822509765625e+00 -7.690048217773437500e-01 9.539111852645874023e-01 8.188632726669311523e-01
2.903636932373046875e+01 7.972087860107421875e+01 6.954464912414550781e-01 4.992009162902832031e+00 1.525861740112304688e+00 1.220611572265625000e+00 -3.391170501708984375e-01 6.331766843795776367e-01 5.985528696328401566e-04
4.156447219848632812e+01 5.500514526367187500e+02 1.108300685882568359e+00 5.848478317260742188e+00 -8.339118957519531250e-02 3.959465026855468750e-01 1.212562561035156250e+00 9.120970964431762695e-01 9.348566532135009766e-01
4.526984024047851562e+01 1.211914901733398438e+02 2.917788028717041016e-01 4.253928661346435547e+00 3.373146057128906250e-01 8.507823944091796875e-01 1.288688659667968750e+00 9.992079734802246094e-01 6.644445657730102539e-01
4.489025497436523438e+01 1.729684066772460938e+01 4.080972671508789062e-01 4.733812332153320312e+00 1.142009735107421875e+00 9.471492767333984375e-01 8.367748260498046875e-01 6.529483199119567871e-01 2.567795217037200928e-01
4.288533782958984375e+01 1.773946075439453125e+02 5.679612159729003906e-01 5.205139160156250000e+00 1.359992980957031250e+00 1.800987243652343750e+00 -1.079151153564453125e+00 8.731985092163085938e-01 6.550876796245574951e-02
2.963911628723144531e+01 1.338952941894531250e+02 2.783522605895996094e-01 4.743185997009277344e+00 9.146842956542968750e-01 9.408226013183593750e-01 -1.259849548339843750e+00 6.470742225646972656e-01 3.960340470075607300e-02
2.162503967285156250e+02 1.325476989746093750e+02 5.624649524688720703e-01 4.848769187927246094e+00 -1.568317413330078125e-01 2.349052429199218750e-01 -2.889080047607421875e-01 7.889949083328247070e-01 4.881440103054046631e-01
2.871878814697265625e+01 1.145017776489257812e+02 7.653212547302246094e-01 5.332941055297851562e+00 -1.012725830078125000e-01 6.932678222656250000e-01 -4.792404174804687500e-02 8.008255958557128906e-01 5.551790446043014526e-02
4.372345733642578125e+01 6.205253906250000000e+02 2.979161739349365234e-01 4.241935253143310547e+00 7.223434448242187500e-01 7.805442810058593750e-01 7.725811004638671875e-01 7.092124819755554199e-01 4.557529091835021973e-01
2.342173614501953125e+02 1.146201171875000000e+02 6.829333305358886719e-01 5.335231781005859375e+00 4.082221984863281250e-01 9.746952056884765625e-01 1.393474578857421875e+00 9.342213869094848633e-01 1.445005238056182861e-01
4.334040451049804688e+01 2.662423095703125000e+02 5.928027629852294922e-01 4.874914169311523438e+00 1.400823593139648438e+00 1.898725509643554688e+00 -6.817245483398437500e-01 8.997135162353515625e-01 3.482885658740997314e-03
4.303081893920898438e+01 8.587253570556640625e+00 9.071407318115234375e-01 5.997150421142578125e+00 1.950550079345703125e+00 1.679161071777343750e+00 1.008794784545898438e+00 6.798266172409057617e-01 2.063022255897521973e-01
2.140974731445312500e+02 4.303930664062500000e+02 6.412661075592041016e-01 5.138106822967529297e+00 1.845569610595703125e+00 1.835439682006835938e+00 -1.975765228271484375e+00 6.513822674751281738e-01 1.440238654613494873e-01
2.261004486083984375e+02 2.258469772338867188e+01 4.248511791229248047e-01 4.596049308776855469e+00 6.570224761962890625e-01 2.603435516357421875e-01 1.616401672363281250e-01 8.376443982124328613e-01 8.844126015901565552e-02
