2.077241210937500000e+02 -5.122888088226318359e-02 2.552786350250244141e+00 -5.272746086120605469e-01 -1.305305957794189453e-01 5.526079535484313965e-01
3.728933105468750000e+02 -3.750008344650268555e-02 2.211589574813842773e+00 -2.710986137390136719e-01 1.145195960998535156e-01 1.162301376461982727e-01
4.233137512207031250e+02 -7.239848375320434570e-02 2.574611186981201172e+00 -2.072668075561523438e-01 -7.526755332946777344e-02 8.729791641235351562e-02
4.338168029785156250e+02 -1.308287978172302246e-01 2.116073608398437500e+00 -2.902483940124511719e-01 1.208600997924804688e+00 7.123938947916030884e-02
2.381129913330078125e+02 -1.011642813682556152e-01 2.251739978790283203e+00 -2.872943878173828125e-01 2.854490280151367188e-01 4.508655071258544922e-01
3.263765563964843750e+02 -6.167072057723999023e-02 2.304898977279663086e+00 -2.034449577331542969e-01 -5.467081069946289062e-01 4.641543626785278320e-01
1.357142639160156250e+02 -1.631504893302917480e-01 2.155465602874755859e+00 -2.975726127624511719e-01 1.387810707092285156e-01 5.742220282554626465e-01
2.529665679931640625e+02 -9.480422735214233398e-02 2.409483432769775391e+00 -2.383732795715332031e-01 -2.809703350067138672e-01 1.228454336524009705e-01
3.096356506347656250e+02 1.086064577102661133e-01 2.956853389739990234e+00 -1.302993297576904297e-01 3.424668312072753906e-01 1.506138443946838379e+00
3.570266418457031250e+02 -2.630829811096191406e-02 2.092856884002685547e+00 -1.887178421020507812e-01 -7.372844219207763672e-01 6.131371259689331055e-01
1.720972900390625000e+02 1.014739274978637695e-02 2.389265060424804688e+00 -5.604302883148193359e-01 8.290648460388183594e-01 5.892179608345031738e-01
1.643877105712890625e+02 -6.778633594512939453e-02 2.463089942932128906e+00 -5.281424522399902344e-01 3.069806098937988281e-01 4.831717610359191895e-01
6.986190032958984375e+01 -2.950173616409301758e-02 2.753798007965087891e+00 -2.843451499938964844e-01 1.491951942443847656e-01 4.320308566093444824e-01
1.820996704101562500e+02 -6.527614593505859375e-02 2.459989309310913086e+00 -2.502095699310302734e-01 -5.929780006408691406e-01 2.188950777053833008e-02
2.375153961181640625e+02 -1.472324728965759277e-01 2.185220718383789062e+00 -3.114247322082519531e-01 1.740407943725585938e-01 3.924086391925811768e-01
6.187837524414062500e+02 -8.413529396057128906e-02 2.223806381225585938e+00 -2.732098102569580078e-01 1.629042625427246094e-01 7.164958119392395020e-01
1.493108673095703125e+02 4.488414525985717773e-02 2.753652811050415039e+00 -3.739154338836669922e-01 -6.990993022918701172e-01 7.897542715072631836e-01
1.330746612548828125e+02 -1.806873083114624023e-01 2.278406858444213867e+00 -4.505276679992675781e-02 -6.444454193115234375e-01 5.245984196662902832e-01
3.012610778808593750e+02 -1.213135719299316406e-01 2.038067340850830078e+00 -3.176784515380859375e-01 -1.246058940887451172e-01 1.147043779492378235e-01
3.535901489257812500e+02 2.398669719696044922e-03 2.278062105178833008e+00 -7.664680480957031250e-02 -9.377241134643554688e-02 1.447243243455886841e-01
3.814291381835937500e+02 -3.857654333114624023e-02 2.365696430206298828e+00 -5.376446247100830078e-01 4.180979728698730469e-01 4.590598344802856445e-01
2.500728912353515625e+02 5.911469459533691406e-03 2.290891647338867188e+00 -4.305839538574218750e-01 3.629875183105468750e-01 1.725589632987976074e-01
3.144132995605468750e+02 -1.139577031135559082e-01 2.393648386001586914e+00 -3.515160083770751953e-01 -3.352046012878417969e-01 7.566844820976257324e-01
2.458795471191406250e+02 -6.210219860076904297e-02 2.374592065811157227e+00 -2.972042560577392578e-01 2.436399459838867188e-02 1.078028440475463867e+00
2.310367584228515625e+02 -5.769371986389160156e-03 2.709952592849731445e+00 -1.289534568786621094e-01 -1.488515138626098633e+00 4.344404339790344238e-01
3.643607482910156250e+02 -6.050431728363037109e-02 2.373649120330810547e+00 -3.572893142700195312e-01 -7.732439041137695312e-01 7.776316404342651367e-01
3.726677856445312500e+02 -2.636283636093139648e-02 2.199697971343994141e+00 -3.535270690917968750e-01 1.300106048583984375e+00 1.183773949742317200e-02
4.378234863281250000e+02 -9.027093648910522461e-02 2.236019134521484375e+00 -2.837693691253662109e-01 6.084871292114257812e-01 1.613441705703735352e-01
1.751302185058593750e+02 -8.324676752090454102e-02 2.342358827590942383e+00 -4.433155059814453125e-02 2.473831176757812500e-01 1.149074554443359375e+00
1.682166290283203125e+02 -8.046728372573852539e-02 2.487429141998291016e+00 -4.219329357147216797e-01 7.748103141784667969e-01 8.187512159347534180e-01
4.107621765136718750e+02 -9.993493556976318359e-03 2.580769538879394531e+00 -2.700805664062500000e-01 -4.079127311706542969e-01 7.437122985720634460e-04
3.458500366210937500e+02 -1.258862018585205078e-01 2.000192403793334961e+00 -6.278395652770996094e-02 1.464223861694335938e-01 2.289386838674545288e-01
1.745729370117187500e+02 -1.266561746597290039e-01 2.260407209396362305e+00 -3.414034843444824219e-01 -1.258969306945800781e-02 7.956972718238830566e-01
1.901898193359375000e+02 -4.316830635070800781e-02 2.779543399810791016e+00 -2.258169651031494141e-01 3.817558288574218750e-02 4.408646821975708008e-01
2.868743591308593750e+02 -7.328933477401733398e-02 2.298913955688476562e+00 -3.143608570098876953e-01 -1.353812217712402344e-01 4.584221839904785156e-01
4.680584411621093750e+02 -1.374994516372680664e-01 2.057514667510986328e+00 -1.273465156555175781e-01 -7.325172424316406250e-02 7.880482077598571777e-01
2.636061096191406250e+02 -1.718943119049072266e-01 2.003645896911621094e+00 3.534793853759765625e-02 5.821371078491210938e-01 5.313521623611450195e-02
2.626447143554687500e+02 2.050733566284179688e-02 2.689371109008789062e+00 -1.761054992675781250e-01 -2.743983268737792969e-01 6.600469350814819336e-01
2.685004882812500000e+02 -1.627215147018432617e-01 2.124549627304077148e+00 -3.502142429351806641e-01 9.948801994323730469e-01 8.796074986457824707e-01
3.304606323242187500e+02 -1.005477309226989746e-01 2.424062967300415039e+00 -9.801387786865234375e-02 4.034662246704101562e-01 5.756573081016540527e-01
2.872324523925781250e+02 3.194820880889892578e-02 2.501332998275756836e+00 -2.908730506896972656e-01 -4.410660266876220703e-01 1.382917404174804688e+00
2.015504608154296875e+02 1.140731573104858398e-02 2.322825193405151367e+00 -2.593803405761718750e-01 1.079740524291992188e+00 4.823340475559234619e-01
4.180397644042968750e+02 -1.051775813102722168e-01 2.165349006652832031e+00 -2.378702163696289062e-01 1.085519790649414062e-02 4.923392534255981445e-01
1.822198028564453125e+02 -2.788901329040527344e-03 2.476926326751708984e+00 -3.459131717681884766e-01 2.030467987060546875e-01 2.757080793380737305e-01
2.143535614013671875e+02 -1.865836977958679199e-01 2.321304321289062500e+00 -4.953670501708984375e-01 -1.417458057403564453e-01 4.656068682670593262e-01
2.646105957031250000e+02 -2.302604317665100098e-01 2.280675649642944336e+00 -3.045749664306640625e-01 -2.827799320220947266e-01 4.373674094676971436e-01
2.703572387695312500e+02 -1.013286113739013672e-01 2.464380025863647461e+00 -1.283681392669677734e-01 -5.819880962371826172e-01 1.360470056533813477e-01
4.434047851562500000e+02 9.787082672119140625e-05 2.376823902130126953e+00 -3.654611110687255859e-01 9.384202957153320312e-01 1.173368215560913086e+00
3.524530334472656250e+02 -5.552631616592407227e-02 2.627016305923461914e+00 -5.071055889129638672e-01 9.679532051086425781e-01 2.059318721294403076e-01
1.766642608642578125e+02 -5.606508255004882812e-02 2.227956533432006836e+00 -6.313872337341308594e-01 -4.626595973968505859e-01 1.725317537784576416e-01
4.056440429687500000e+02 -6.478208303451538086e-02 2.280346632003784180e+00 -1.130223274230957031e-01 -4.994988441467285156e-01 5.115191936492919922e-01
1.947241210937500000e+02 -1.005203723907470703e-01 2.382728338241577148e+00 -3.713285923004150391e-01 -1.713728904724121094e-01 9.306928515434265137e-01
3.686347351074218750e+02 -1.331751942634582520e-01 2.355317354202270508e+00 -2.328491210937500000e-01 -2.403676509857177734e-01 3.402509912848472595e-02
3.702355346679687500e+02 -3.061324357986450195e-02 2.528829813003540039e+00 -1.582872867584228516e-01 1.128721237182617188e-01 5.584234595298767090e-01
2.373803863525390625e+02 -1.619538664817810059e-01 2.281167745590209961e+00 -4.207682609558105469e-01 -1.436829566955566406e-02 1.519562721252441406e+00
3.867897644042968750e+02 -8.038002252578735352e-02 2.473257303237915039e+00 -4.310822486877441406e-01 3.837275505065917969e-01 2.028205245733261108e-01
3.154701843261718750e+02 4.735070466995239258e-02 2.468513011932373047e+00 -2.914476394653320312e-01 -1.791489124298095703e-01 6.249798536300659180e-01
2.945958862304687500e+02 -8.187919855117797852e-02 2.481380701065063477e+00 -3.181076049804687500e-01 4.981756210327148438e-02 6.274505853652954102e-01
2.787940368652343750e+02 -1.045481562614440918e-01 2.191637754440307617e+00 -4.653930664062500000e-01 3.356862068176269531e-01 4.660146236419677734e-01
3.403269653320312500e+02 -2.415126562118530273e-02 2.440774440765380859e+00 -1.439380645751953125e-01 6.388568878173828125e-01 2.275856137275695801e-01
9.982057189941406250e+01 -1.696130037307739258e-01 2.540146350860595703e+00 -6.238889694213867188e-01 -4.729998111724853516e-01 4.681918304413557053e-03
3.783919982910156250e+02 -1.693154573440551758e-01 2.133250474929809570e+00 -2.264070510864257812e-01 -7.884347438812255859e-01 1.600348800420761108e-01
1.972431488037109375e+02 -1.337262988090515137e-01 2.223453283309936523e+00 -1.885414123535156250e-01 -6.666922569274902344e-01 2.006332874298095703e-01
3.510158691406250000e+02 -9.620469808578491211e-02 2.287820100784301758e+00 -4.988920688629150391e-01 -7.851135730743408203e-01 1.185356453061103821e-02
2.206682128906250000e+02 7.068341970443725586e-02 2.507776975631713867e+00 -2.318704128265380859e-01 1.327848434448242188e-01 6.814892590045928955e-02
2.389046630859375000e+02 -1.640998125076293945e-01 2.422130107879638672e+00 -3.891956806182861328e-01 -1.671683788299560547e+00 3.860497772693634033e-01
5.383768920898437500e+02 9.341138601303100586e-02 2.912874937057495117e+00 -9.823918342590332031e-02 -2.490818500518798828e-01 5.361859202384948730e-01
2.689649353027343750e+02 -6.293529272079467773e-02 2.484530925750732422e+00 -3.954827785491943359e-01 -6.392848491668701172e-01 1.367184162139892578e+00
1.740736389160156250e+02 -6.921273469924926758e-02 2.396628618240356445e+00 -5.418026447296142578e-01 -7.326090335845947266e-01 9.056603312492370605e-01
3.536780395507812500e+02 -1.987010240554809570e-02 2.592705488204956055e+00 -2.002000808715820312e-01 3.979849815368652344e-01 3.369845747947692871e-01
3.912562255859375000e+02 -9.769475460052490234e-02 2.448779106140136719e+00 -3.175950050354003906e-01 2.645754814147949219e-01 9.684434533119201660e-02
2.323382873535156250e+02 -5.546069145202636719e-02 2.436475515365600586e+00 -2.941787242889404297e-01 -7.767641544342041016e-01 3.129363059997558594e-01
1.845692596435546875e+02 5.657804012298583984e-02 2.623562574386596680e+00 -3.966915607452392578e-01 -3.656697273254394531e-01 9.639915078878402710e-02
2.725880737304687500e+02 -8.405697345733642578e-02 2.028539896011352539e+00 -8.283972740173339844e-02 3.720521926879882812e-02 1.431226611137390137e+00
2.501679840087890625e+02 -6.884330511093139648e-02 2.570116519927978516e+00 -3.357350826263427734e-01 -7.194805145263671875e-01 8.840712904930114746e-01
3.507948608398437500e+02 6.099098920822143555e-02 2.527473449707031250e+00 -4.495549201965332031e-01 1.199817657470703125e-01 2.175934314727783203e-01
2.490539245605468750e+02 -1.427342295646667480e-01 2.243686437606811523e+00 -3.368616104125976562e-01 -5.387187004089355469e-02 3.102145791053771973e-01
4.337478027343750000e+02 -6.490045785903930664e-02 2.596036434173583984e+00 -5.275011062622070312e-02 -1.228964328765869141e-01 6.322187185287475586e-01
2.680232543945312500e+02 -1.075468659400939941e-01 2.412485122680664062e+00 -4.909098148345947266e-01 -3.370642662048339844e-01 1.123393177986145020e+00
2.542794036865234375e+02 -1.399318575859069824e-01 2.308555603027343750e+00 -4.279851913452148438e-01 2.103948593139648438e-01 3.620474934577941895e-01
4.646941223144531250e+02 -1.843587160110473633e-01 2.389830589294433594e+00 -4.078781604766845703e-01 -9.578478336334228516e-01 1.661817073822021484e+00
1.778043518066406250e+02 4.143357276916503906e-02 2.612073898315429688e+00 -4.658234119415283203e-01 -5.271315574645996094e-02 1.153535321354866028e-01
3.259540710449218750e+02 -1.933371424674987793e-01 2.018107652664184570e+00 -3.864502906799316406e-01 -6.808936595916748047e-01 6.903619170188903809e-01
3.821185913085937500e+02 -1.797372698783874512e-01 2.238568544387817383e+00 -2.640390396118164062e-01 9.108924865722656250e-01 1.443340480327606201e-01
1.708530273437500000e+02 -1.539147496223449707e-01 2.024672031402587891e+00 -1.219427585601806641e-01 2.226996421813964844e-01 2.312672436237335205e-01
2.436710815429687500e+02 -5.238866806030273438e-02 2.447057485580444336e+00 -3.533244132995605469e-01 -2.163052558898925781e-01 2.588201165199279785e-01
4.478465576171875000e+02 -5.136746168136596680e-02 2.584541797637939453e+00 -2.906286716461181641e-01 -1.141107082366943359e-01 3.279523551464080811e-01
4.483575744628906250e+02 -6.834423542022705078e-02 2.571332693099975586e+00 -2.850544452667236328e-01 3.351616859436035156e-01 8.908477425575256348e-02
3.414965515136718750e+02 -1.093595027923583984e-01 2.156125783920288086e+00 -2.818071842193603516e-01 -1.750469207763671875e-01 2.918872237205505371e-01
2.163385620117187500e+02 -1.384042501449584961e-01 2.239230155944824219e+00 -3.494739532470703125e-01 -1.120018959045410156e-01 1.050778150558471680e+00
2.454989624023437500e+02 3.185111284255981445e-02 2.433042049407958984e+00 -1.469922065734863281e-01 3.485202789306640625e-01 2.445500493049621582e-01
1.797556762695312500e+02 -1.738526821136474609e-01 2.065726518630981445e+00 -3.401708602905273438e-01 5.045866966247558594e-01 5.931589603424072266e-01
4.324400329589843750e+02 1.005011796951293945e-02 2.441729307174682617e+00 -2.851748466491699219e-01 -2.726960182189941406e-01 7.135647535324096680e-01
6.193917846679687500e+02 -4.061627388000488281e-02 2.450840234756469727e+00 -5.823194980621337891e-01 -4.792356491088867188e-01 9.417828917503356934e-01
4.829970397949218750e+02 -1.638965010643005371e-01 2.249289274215698242e+00 -3.882396221160888672e-01 2.580213546752929688e-01 4.145783782005310059e-01
1.536428985595703125e+02 7.659554481506347656e-03 2.364347457885742188e+00 -4.821574687957763672e-01 4.457807540893554688e-01 3.933441340923309326e-01
2.115154724121093750e+02 -2.169302105903625488e-01 2.005446434020996094e+00 -3.259444236755371094e-01 -1.526355743408203125e-02 8.836182355880737305e-01
2.596651306152343750e+02 -6.341397762298583984e-02 2.568840742111206055e+00 -2.732050418853759766e-01 -3.756463527679443359e-01 1.830204129219055176e-01
3.272611999511718750e+02 -9.748911857604980469e-02 2.606144428253173828e+00 -5.156886577606201172e-01 -2.326738834381103516e-01 4.184861183166503906e-01
1.739990539550781250e+02 -1.819533109664916992e-02 2.042564630508422852e+00 -4.409074783325195312e-01 1.638889312744140625e-02 1.748678237199783325e-01
1.501761322021484375e+02 -8.057475090026855469e-03 2.485313653945922852e+00 -3.626430034637451172e-01 -4.391431808471679688e-01 5.164417028427124023e-01
2.411684722900390625e+02 -7.215869426727294922e-02 2.360919237136840820e+00 -3.791940212249755859e-01 -6.671285629272460938e-01 5.249851942062377930e-02
2.752367858886718750e+02 -2.325451374053955078e-02 2.069564104080200195e+00 -4.697358608245849609e-01 -8.404970169067382812e-01 6.410056948661804199e-01
2.486779022216796875e+02 -5.514419078826904297e-02 2.175270795822143555e+00 -5.450403690338134766e-01 2.004790306091308594e-01 1.571574062108993530e-01
1.903476715087890625e+02 -3.159904479980468750e-02 2.484855890274047852e+00 9.247541427612304688e-02 3.514623641967773438e-01 1.344772428274154663e-01
4.182084655761718750e+02 -1.534628868103027344e-02 2.403477907180786133e+00 -5.641353130340576172e-01 -1.541225910186767578e+00 5.472589731216430664e-01
1.506783905029296875e+02 -6.369507312774658203e-02 2.215731859207153320e+00 -5.110466480255126953e-01 4.557323455810546875e-01 5.845495462417602539e-01
3.375795898437500000e+02 1.451188325881958008e-01 2.610928297042846680e+00 -2.290284633636474609e-01 -2.482652664184570312e-01 5.588948130607604980e-01
1.290956573486328125e+02 1.878178119659423828e-02 2.433788776397705078e+00 -4.315519332885742188e-01 6.474971771240234375e-02 1.477900445461273193e-01
9.817917633056640625e+01 -4.929393529891967773e-02 2.379030466079711914e+00 -1.167774200439453125e-01 4.737710952758789062e-01 2.092286646366119385e-01
4.566613159179687500e+02 -7.685846090316772461e-02 2.113099575042724609e+00 -3.964662551879882812e-01 1.196360588073730469e-01 5.340067148208618164e-01
3.819121704101562500e+02 -1.763147711753845215e-01 2.225162982940673828e+00 -3.360915184020996094e-01 1.118121147155761719e+00 2.756084501743316650e-01
2.407248687744140625e+02 -2.063043713569641113e-01 2.217174053192138672e+00 -3.127121925354003906e-01 8.531975746154785156e-01 5.157030224800109863e-01
2.041708068847656250e+02 -1.438607573509216309e-01 2.434433937072753906e+00 -1.867425441741943359e-01 -3.271484375000000000e-01 7.361664772033691406e-01
1.827093658447265625e+02 -8.406215906143188477e-02 2.299340009689331055e+00 -4.282724857330322266e-01 7.861185073852539062e-01 8.529638648033142090e-01
2.663710632324218750e+02 -6.143772602081298828e-02 2.165245056152343750e+00 -2.535355091094970703e-01 1.507997512817382812e-01 4.688991904258728027e-01
3.857054138183593750e+02 6.666779518127441406e-03 2.663014173507690430e+00 -5.122184753417968750e-01 -5.140519142150878906e-01 8.349819481372833252e-02
4.141921997070312500e+02 -8.186292648315429688e-02 2.573580741882324219e+00 -3.659415245056152344e-01 9.569644927978515625e-02 7.292288541793823242e-01
2.487948150634765625e+02 -8.217513561248779297e-02 2.362555980682373047e+00 -2.576839923858642578e-01 -3.391110897064208984e-01 1.650941371917724609e-01
1.508302917480468750e+02 -2.089822888374328613e-01 2.098279714584350586e+00 -3.449022769927978516e-01 1.411199569702148438e-01 5.949811935424804688e-01
3.902013244628906250e+02 5.829358100891113281e-02 2.372900247573852539e+00 -2.271819114685058594e-01 -4.662120342254638672e-01 3.208068609237670898e-01
1.837460327148437500e+02 3.437417745590209961e-02 2.421192646026611328e+00 -2.883768081665039062e-01 1.868557929992675781e-01 7.176276445388793945e-01
2.437023468017578125e+02 -1.317881345748901367e-01 2.122509956359863281e+00 -1.597285270690917969e-01 6.234240531921386719e-01 5.830641984939575195e-01
2.560849609375000000e+02 -5.623155832290649414e-02 2.577751398086547852e+00 -3.801333904266357422e-01 -5.000197887420654297e-01 5.138500332832336426e-01
2.615370788574218750e+02 2.338248491287231445e-02 2.761403560638427734e+00 -4.365622997283935547e-01 -5.504727363586425781e-02 3.225451707839965820e-01
3.952459716796875000e+02 8.530628681182861328e-02 2.727276325225830078e+00 -1.163148880004882812e-01 -9.078145027160644531e-02 2.019281731918454170e-03
1.698910522460937500e+02 -1.405764818191528320e-01 2.235685586929321289e+00 -3.926765918731689453e-01 9.485960006713867188e-02 9.116876721382141113e-01
4.801706237792968750e+02 2.015659213066101074e-01 2.687181711196899414e+00 -4.946422576904296875e-01 6.078028678894042969e-01 4.437197744846343994e-02
3.871058349609375000e+02 -1.119283437728881836e-01 2.348129749298095703e+00 -2.427089214324951172e-01 8.619785308837890625e-02 4.052076041698455811e-01
3.775901489257812500e+02 -6.124675273895263672e-02 2.546109914779663086e+00 -2.122318744659423828e-01 -1.793146133422851562e-01 1.238533407449722290e-01
1.569981994628906250e+02 -7.109349966049194336e-02 2.345314025878906250e+00 -2.420628070831298828e-01 -1.817178726196289062e-01 3.812351822853088379e-01
2.955499267578125000e+02 -9.551912546157836914e-02 2.635584354400634766e+00 -1.447725296020507812e-01 -1.107231378555297852e+00 1.918431282043457031e+00
2.468675537109375000e+02 -1.988016963005065918e-01 2.128707647323608398e+00 -4.001319408416748047e-01 3.627514839172363281e-01 1.233623921871185303e-01
2.861463012695312500e+02 -2.907097339630126953e-03 2.326238393783569336e+00 -5.439913272857666016e-01 -2.780032157897949219e-01 1.875713281333446503e-02
2.386699676513671875e+02 -4.954713582992553711e-02 2.195849180221557617e+00 -2.461397647857666016e-01 3.410482406616210938e-01 5.713156461715698242e-01
3.619830017089843750e+02 1.061141490936279297e-02 2.787886142730712891e+00 -5.148220062255859375e-01 -8.741855621337890625e-02 2.294770479202270508e-01
2.544785461425781250e+02 -8.376657962799072266e-02 2.348476171493530273e+00 -1.316559314727783203e-01 -1.048610210418701172e+00 9.245208650827407837e-02
2.537268218994140625e+02 -1.493009924888610840e-01 2.359253168106079102e+00 -3.568089008331298828e-01 4.890489578247070312e-01 7.906039059162139893e-02
1.356947021484375000e+02 -1.326643228530883789e-01 2.090843677520751953e+00 -4.669380187988281250e-01 1.823186874389648438e-02 2.094317227602005005e-01
4.013450012207031250e+02 -9.078001976013183594e-02 2.308844566345214844e+00 -1.449441909790039062e-01 -7.112431526184082031e-01 1.832356452941894531e-01
2.044974060058593750e+02 -1.143367886543273926e-01 2.646691083908081055e+00 -1.060116291046142578e-01 -2.649545669555664062e-02 2.451657876372337341e-02
2.268150634765625000e+02 -1.695495247840881348e-01 2.283484935760498047e+00 -3.152918815612792969e-01 -1.061666011810302734e+00 2.159500122070312500e-01
4.468265380859375000e+02 6.273388862609863281e-02 2.823553323745727539e+00 -1.756274700164794922e-01 -4.182326793670654297e-01 2.494444102048873901e-01
4.823033752441406250e+02 -3.618758916854858398e-02 2.409847259521484375e+00 -1.510262489318847656e-01 6.403350830078125000e-01 7.147443890571594238e-01
1.802087249755859375e+02 -9.065091609954833984e-02 2.239701271057128906e+00 -2.837586402893066406e-01 9.993886947631835938e-01 5.268876552581787109e-01
3.986368103027343750e+02 -1.092368364334106445e-02 2.607321500778198242e+00 -8.506774902343750000e-02 -1.040730476379394531e+00 1.901497095823287964e-01
3.498300170898437500e+02 1.021158695220947266e-02 2.710220098495483398e+00 -1.996982097625732422e-01 6.036400794982910156e-01 1.892358660697937012e-01
2.333359680175781250e+02 -1.142808198928833008e-01 2.156352758407592773e+00 -9.760379791259765625e-02 6.400251388549804688e-01 4.601130187511444092e-01
1.857163543701171875e+02 -7.617771625518798828e-03 2.420032739639282227e+00 -2.060484886169433594e-01 -1.579320430755615234e-01 3.932832479476928711e-01
4.873587646484375000e+02 -9.237325191497802734e-02 2.268114328384399414e+00 -2.262532711029052734e-01 -6.566345691680908203e-01 1.289763450622558594e+00
3.746028137207031250e+02 -1.562876105308532715e-01 2.288396835327148438e+00 -2.612423896789550781e-01 7.416629791259765625e-01 3.422348499298095703e-01
1.936764526367187500e+02 -1.915053725242614746e-01 2.170583009719848633e+00 -1.691210269927978516e-01 8.153390884399414062e-01 3.566808104515075684e-01
1.877226715087890625e+02 9.657746553421020508e-02 2.544054508209228516e+00 -4.740285873413085938e-01 6.456208229064941406e-01 1.241396427154541016e+00
4.538698120117187500e+02 -5.841881036758422852e-02 2.248462438583374023e+00 -1.840853691101074219e-01 2.209162712097167969e-01 8.140659928321838379e-01
1.988458404541015625e+02 9.454005956649780273e-02 2.358366250991821289e+00 -9.053111076354980469e-02 -3.431463241577148438e-01 7.593834996223449707e-01
1.405797729492187500e+02 -2.145720124244689941e-01 2.127245664596557617e+00 -2.498471736907958984e-01 -6.590783596038818359e-01 7.849611043930053711e-01
4.889890136718750000e+02 -2.043622732162475586e-02 2.483436107635498047e+00 -2.028167247772216797e-01 4.749083518981933594e-01 1.298459291458129883e+00
4.298584594726562500e+02 -1.137374043464660645e-01 2.118926763534545898e+00 -2.389001846313476562e-01 8.516311645507812500e-02 1.964887231588363647e-01
3.426828308105468750e+02 -1.514816284179687500e-02 2.528465747833251953e+00 -5.828499794006347656e-01 2.422809600830078125e-02 3.093061149120330811e-01
1.419667968750000000e+02 -8.515220880508422852e-02 2.358746528625488281e+00 -1.132309436798095703e-01 -7.065999507904052734e-01 3.424022197723388672e-01
1.806596069335937500e+02 1.102921366691589355e-01 2.933280467987060547e+00 -2.690291404724121094e-01 2.964615821838378906e-01 4.005585312843322754e-01
1.825200195312500000e+02 -9.004759788513183594e-02 2.284785509109497070e+00 -2.260601520538330078e-01 1.105546951293945312e-02 3.489262163639068604e-01
3.215494995117187500e+02 -1.794136166572570801e-01 2.235837697982788086e+00 -2.722847461700439453e-01 -3.245615959167480469e-01 4.137073159217834473e-01
2.662776184082031250e+02 -9.508353471755981445e-02 2.295528888702392578e+00 -5.254304409027099609e-01 -7.189905643463134766e-01 7.512784004211425781e-01
2.140074462890625000e+02 4.683446884155273438e-02 2.643385410308837891e+00 -2.385187149047851562e-01 -6.434464454650878906e-01 2.807616889476776123e-01
2.149859924316406250e+02 -1.099098920822143555e-01 2.233587741851806641e+00 -5.753576755523681641e-01 -4.618716239929199219e-01 5.939002707600593567e-02
1.817379302978515625e+02 -1.689621210098266602e-01 2.361308813095092773e+00 -4.342830181121826172e-01 -7.695817947387695312e-01 5.778263807296752930e-01
1.846520385742187500e+02 1.271533966064453125e-02 2.348522663116455078e+00 -4.765129089355468750e-01 2.144694328308105469e-01 5.292624831199645996e-01
1.264092712402343750e+02 -3.021305799484252930e-02 2.553418874740600586e+00 -4.859876632690429688e-01 -3.280425071716308594e-01 1.476208925247192383e+00
3.708283081054687500e+02 -3.186762332916259766e-02 2.572245836257934570e+00 -2.632939815521240234e-01 -4.924535751342773438e-03 1.577246934175491333e-01
2.050167846679687500e+02 -5.537360906600952148e-02 2.524404525756835938e+00 -4.284763336181640625e-01 -1.435518264770507812e-02 3.452832102775573730e-01
1.457630920410156250e+02 1.670503616333007812e-02 2.805020809173583984e+00 -4.413211345672607422e-01 4.789662361145019531e-01 5.732643008232116699e-01
4.131634826660156250e+02 -5.025577545166015625e-02 2.433964967727661133e+00 -2.317619323730468750e-01 -5.959761142730712891e-01 6.212177127599716187e-02
2.469783325195312500e+02 2.734214067459106445e-02 2.562953233718872070e+00 -2.527320384979248047e-01 6.059169769287109375e-01 3.585921227931976318e-01
2.983707580566406250e+02 -1.036714315414428711e-01 2.301651000976562500e+00 -5.058622360229492188e-01 7.663893699645996094e-01 8.280485868453979492e-01
1.808368988037109375e+02 1.602053642272949219e-01 2.752794027328491211e+00 -2.399837970733642578e-01 7.740259170532226562e-02 3.300333395600318909e-02
4.037445983886718750e+02 -5.607366561889648438e-03 2.622497558593750000e+00 -2.166330814361572266e-01 -3.867590427398681641e-01 2.806698083877563477e-01
2.674374694824218750e+02 -1.396960020065307617e-02 2.763410568237304688e+00 -4.554283618927001953e-01 -6.549835205078125000e-02 8.851717710494995117e-01
4.861541748046875000e+02 -1.735839247703552246e-01 2.172698974609375000e+00 -2.866065502166748047e-01 -5.920457839965820312e-01 1.221580982208251953e+00
1.781591186523437500e+02 3.945946693420410156e-02 2.566507816314697266e+00 -1.296031475067138672e-01 -3.174424171447753906e-02 2.018565125763416290e-02
2.010025024414062500e+02 1.109868288040161133e-02 2.503432989120483398e+00 -3.122782707214355469e-01 5.613827705383300781e-01 2.436585910618305206e-02
3.530419921875000000e+02 -4.598981142044067383e-02 2.482271194458007812e+00 -1.875662803649902344e-01 1.076102256774902344e-01 1.602755635976791382e-01
1.023033142089843750e+02 -1.649051904678344727e-02 2.164243221282958984e+00 -4.152989387512207031e-01 1.535892486572265625e-01 1.086597204208374023e+00
1.276432723999023438e+02 2.870810031890869141e-02 2.445386648178100586e+00 -3.483819961547851562e-01 -4.976749420166015625e-01 3.840470910072326660e-01
2.073118743896484375e+02 -1.483818888664245605e-01 2.144186735153198242e+00 -2.201485633850097656e-01 7.209849357604980469e-01 1.083269789814949036e-01
2.807868652343750000e+02 -3.828024864196777344e-02 2.296016216278076172e+00 -3.650212287902832031e-01 -7.009518146514892578e-01 1.142679572105407715e+00
5.475351562500000000e+02 -1.167872548103332520e-01 2.489540100097656250e+00 -6.191968917846679688e-01 1.081941127777099609e+00 1.535241901874542236e-01
4.566302795410156250e+02 -5.698025226593017578e-02 2.714994192123413086e+00 -7.204365730285644531e-01 2.244424819946289062e-01 2.314825952053070068e-01
2.190479736328125000e+02 -4.672867059707641602e-02 2.059020996093750000e+00 -1.106142997741699219e-02 -1.273679733276367188e-01 9.143007993698120117e-01
4.276512145996093750e+02 5.305558443069458008e-02 2.744696378707885742e+00 -4.589903354644775391e-01 -1.786673069000244141e-01 2.562876641750335693e-01
4.688699340820312500e+02 -4.019266366958618164e-02 2.674597263336181641e+00 -4.058313369750976562e-01 9.712696075439453125e-01 1.532857269048690796e-01
4.554239196777343750e+02 -7.460021972656250000e-02 2.328606843948364258e+00 -2.137029170989990234e-01 3.121089935302734375e-01 8.254520893096923828e-01
2.443711547851562500e+02 -4.266780614852905273e-02 2.444303274154663086e+00 -2.190053462982177734e-01 -4.030692577362060547e-01 2.090795636177062988e-01
3.648797302246093750e+02 -1.015356779098510742e-01 2.449796199798583984e+00 -1.977443695068359375e-01 1.186740398406982422e+00 1.391867548227310181e-02
4.591956176757812500e+02 -3.159314393997192383e-02 2.347188949584960938e+00 -2.662491798400878906e-01 6.347918510437011719e-01 7.061999440193176270e-01
1.277918930053710938e+02 -5.256855487823486328e-02 2.348149299621582031e+00 -5.413174629211425781e-02 -6.203675270080566406e-01 1.344432830810546875e+00
4.118294372558593750e+02 -1.063196659088134766e-01 2.002483367919921875e+00 -4.902338981628417969e-01 -3.356957435607910156e-01 1.241779252886772156e-01
3.777308654785156250e+02 1.029815077781677246e-01 2.786242485046386719e+00 -3.658401966094970703e-01 7.981657981872558594e-01 6.053311824798583984e-01
2.396487884521484375e+02 5.242884159088134766e-02 2.833432435989379883e+00 -3.603112697601318359e-01 9.453535079956054688e-02 4.078637957572937012e-01
2.347774963378906250e+02 -9.230136871337890625e-03 2.549641609191894531e+00 -4.577243328094482422e-01 1.625537872314453125e-01 2.370962500572204590e-01
3.646151428222656250e+02 1.275169253349304199e-01 2.810042619705200195e+00 -2.059388160705566406e-01 -7.039785385131835938e-01 2.384499609470367432e-01
2.405079650878906250e+02 -1.038418412208557129e-01 2.551730871200561523e+00 -1.372003555297851562e-01 -7.863903045654296875e-01 6.158241033554077148e-01
2.369784393310546875e+02 -6.807959079742431641e-02 2.033331871032714844e+00 -3.204274177551269531e-01 3.375506401062011719e-01 9.236800670623779297e-02
3.499074096679687500e+02 -8.327108621597290039e-02 2.508054971694946289e+00 -4.061412811279296875e-01 1.295328140258789062e-02 1.403764039278030396e-01
2.348853149414062500e+02 -9.339570999145507812e-02 2.177684783935546875e+00 -2.272260189056396484e-01 1.074433326721191406e-01 4.838500916957855225e-01
3.542996520996093750e+02 -1.077505350112915039e-01 2.142622709274291992e+00 -2.791309356689453125e-01 8.110594749450683594e-01 1.224154710769653320e+00
1.903476715087890625e+02 -3.159904479980468750e-02 2.484855890274047852e+00 9.247541427612304688e-02 3.514623641967773438e-01 1.344772428274154663e-01
3.170528869628906250e+02 5.446875095367431641e-02 2.422860860824584961e+00 -2.659285068511962891e-01 -2.145230770111083984e-01 2.089480757713317871e-01
2.398490447998046875e+02 -5.699437856674194336e-02 2.257118940353393555e+00 -6.679058074951171875e-02 2.718687057495117188e-02 7.150158286094665527e-01
2.748064880371093750e+02 -2.544516324996948242e-02 2.367594003677368164e+00 -3.669977188110351562e-01 -4.960763454437255859e-01 4.424304701387882233e-03
2.904318542480468750e+02 -1.080697178840637207e-01 2.228665351867675781e+00 -3.402256965637207031e-01 -1.191961765289306641e-01 4.533867537975311279e-02
4.028524780273437500e+02 -1.788297891616821289e-01 2.070568799972534180e+00 -2.477920055389404297e-01 3.204822540283203125e-01 9.832195043563842773e-01
2.174613494873046875e+02 -1.259738206863403320e-02 2.727433919906616211e+00 -5.688428878784179688e-02 9.982371330261230469e-01 2.498732805252075195e-01
2.393285980224609375e+02 -9.927994012832641602e-02 2.266469240188598633e+00 -3.678965568542480469e-01 -8.051133155822753906e-01 7.730695009231567383e-01
2.545044708251953125e+02 -9.350532293319702148e-02 2.368210077285766602e+00 -2.728796005249023438e-01 3.872871398925781250e-02 1.436178684234619141e-01
4.020632324218750000e+02 -7.638120651245117188e-02 2.871742248535156250e+00 1.685738563537597656e-01 2.144670486450195312e-01 6.523461341857910156e-01
2.748140869140625000e+02 -1.417444944381713867e-01 2.050034761428833008e+00 -3.975665569305419922e-01 -1.572370529174804688e-01 1.368390321731567383e-01
2.625569458007812500e+02 -1.235723495483398438e-01 2.026895761489868164e+00 -2.251100540161132812e-01 4.776453971862792969e-01 6.485438346862792969e-01
2.271003417968750000e+02 -1.028054356575012207e-01 2.344645023345947266e+00 -3.268945217132568359e-01 -4.064142704010009766e-01 5.339184999465942383e-01
3.230960083007812500e+02 -1.403778195381164551e-01 2.206801891326904297e+00 -1.353311538696289062e-01 3.462982177734375000e-01 1.676383912563323975e-01
4.999052429199218750e+02 8.928596973419189453e-02 2.640125274658203125e+00 -4.409027099609375000e-01 1.328706741333007812e-02 2.092291563749313354e-01
2.026542358398437500e+02 -1.131857633590698242e-01 2.414520263671875000e+00 -2.597784996032714844e-01 -2.122533321380615234e-01 4.317221641540527344e-01
1.619799041748046875e+02 -6.926190853118896484e-02 2.331104993820190430e+00 -4.462587833404541016e-01 6.241083145141601562e-01 5.830501317977905273e-01
3.545413208007812500e+02 -1.396495103836059570e-02 2.752808809280395508e+00 -3.718852996826171875e-01 4.178047180175781250e-01 4.991727769374847412e-01
2.530637054443359375e+02 -2.988493442535400391e-02 2.294563055038452148e+00 -4.141783714294433594e-01 -4.297685623168945312e-01 5.661554336547851562e-01
2.943663940429687500e+02 -9.686040878295898438e-02 2.172643184661865234e+00 -3.259789943695068359e-01 -5.115616321563720703e-01 5.410737991333007812e-01
3.488468933105468750e+02 -2.779960632324218750e-04 2.459151983261108398e+00 -2.811551094055175781e-02 -3.576099872589111328e-01 6.373984217643737793e-01
1.995199432373046875e+02 5.694317817687988281e-02 2.679163217544555664e+00 -1.665723323822021484e-01 5.995273590087890625e-02 5.931307077407836914e-01
2.408996582031250000e+02 7.207351922988891602e-02 2.395396471023559570e+00 -3.877460956573486328e-01 -7.693052291870117188e-02 6.156572699546813965e-01
3.272426147460937500e+02 4.143321514129638672e-02 2.257715225219726562e+00 -3.744029998779296875e-01 -3.223299980163574219e-02 5.143681913614273071e-02
1.201301727294921875e+02 -3.433096408843994141e-02 2.393658638000488281e+00 -4.147541522979736328e-01 -1.071357727050781250e-01 9.390341639518737793e-01
2.400235900878906250e+02 -5.285036563873291016e-02 2.499900579452514648e+00 -2.649414539337158203e-01 -6.474459171295166016e-01 8.659095168113708496e-01
1.416219329833984375e+02 1.040157675743103027e-01 2.828711271286010742e+00 -2.866530418395996094e-01 4.542779922485351562e-01 1.595386117696762085e-01
1.501504669189453125e+02 -1.147335767745971680e-01 2.264975309371948242e+00 -3.507316112518310547e-01 -8.404803276062011719e-01 3.496654033660888672e-01
4.778779907226562500e+02 6.244814395904541016e-02 2.690725088119506836e+00 -2.149236202239990234e-01 -3.439569473266601562e-01 5.764290094375610352e-01
2.013521423339843750e+02 2.582937479019165039e-02 2.525124073028564453e+00 -1.531243324279785156e-01 1.841711997985839844e-01 7.144334912300109863e-01
2.696664428710937500e+02 -9.628444910049438477e-02 2.544430494308471680e+00 -5.042135715484619141e-01 -4.218995571136474609e-01 3.231802880764007568e-01
1.532745361328125000e+02 -6.866341829299926758e-02 2.545836448669433594e+00 -2.429807186126708984e-01 -3.065323829650878906e-01 5.596322417259216309e-01
3.913680419921875000e+02 -1.023197770118713379e-01 2.202023506164550781e+00 2.938508987426757812e-02 1.240015029907226562e-02 3.339226543903350830e-01
4.457810058593750000e+02 -1.253663897514343262e-01 2.163878917694091797e+00 -2.538311481475830078e-01 -1.120150089263916016e-01 1.079341053962707520e+00
4.793650512695312500e+02 9.406620264053344727e-02 2.710731267929077148e+00 -1.630520820617675781e-01 4.296898841857910156e-01 5.207656025886535645e-01
2.275601806640625000e+02 -5.099374055862426758e-02 2.241387128829956055e+00 -3.474819660186767578e-01 2.674865722656250000e-01 2.914752066135406494e-01
2.662171325683593750e+02 8.497834205627441406e-03 2.490506887435913086e+00 -3.642106056213378906e-01 -5.446076393127441406e-02 3.442618250846862793e-02
2.076513977050781250e+02 -1.603282690048217773e-01 2.096430301666259766e+00 -2.824831008911132812e-01 -2.965784072875976562e-01 4.195381999015808105e-01
1.826371002197265625e+02 -5.343616008758544922e-02 2.026690959930419922e+00 -1.753616333007812500e-01 3.850221633911132812e-02 4.001196622848510742e-01
4.354440307617187500e+02 -1.264725327491760254e-01 2.003297805786132812e+00 -2.327823638916015625e-01 -9.739756584167480469e-02 6.391298491507768631e-03
4.593321838378906250e+02 -1.398243904113769531e-01 2.540702581405639648e+00 -4.926264286041259766e-01 -5.096018314361572266e-01 7.442094087600708008e-01
2.543256988525390625e+02 -6.317901611328125000e-02 2.568893909454345703e+00 -5.468225479125976562e-01 -2.164936065673828125e-01 9.066316299140453339e-03
1.535067749023437500e+02 -1.151757836341857910e-01 2.403240919113159180e+00 -4.118800163269042969e-01 1.184058189392089844e-01 2.103772014379501343e-01
2.105935974121093750e+02 1.442122459411621094e-02 2.574428319931030273e+00 -3.116643428802490234e-01 9.177660942077636719e-01 8.011115789413452148e-01
1.827061309814453125e+02 -4.869848489761352539e-02 2.237583160400390625e+00 -3.584754467010498047e-01 -5.694293975830078125e-01 7.557585835456848145e-01
1.274167022705078125e+02 -1.268339157104492188e-02 2.165026187896728516e+00 -6.325006484985351562e-02 2.256774902343750000e-01 9.791662693023681641e-01
2.096641845703125000e+02 2.423038482666015625e-01 3.379766225814819336e+00 -4.348146915435791016e-01 -1.762211322784423828e-01 8.586914837360382080e-02
2.523153533935546875e+02 -2.245269417762756348e-01 2.172140121459960938e+00 -3.146493434906005859e-01 -1.857697963714599609e-01 8.885723352432250977e-02
2.815085754394531250e+02 -1.136390566825866699e-01 2.119087219238281250e+00 -1.297008991241455078e-01 5.276083946228027344e-01 1.326880753040313721e-01
3.671983337402343750e+02 -3.933829069137573242e-02 2.090429306030273438e+00 -2.601230144500732422e-01 -2.556920051574707031e-01 2.038259208202362061e-01
2.509606323242187500e+02 -1.061585545539855957e-01 2.380032062530517578e+00 -3.575694561004638672e-01 4.934597015380859375e-01 2.286445498466491699e-01
1.807079010009765625e+02 -1.863199472427368164e-02 2.352933168411254883e+00 -3.726518154144287109e-01 1.922249794006347656e-01 1.578714847564697266e-01
3.484684753417968750e+02 -1.103347539901733398e-02 2.577065467834472656e+00 -1.653349399566650391e-01 5.903196334838867188e-01 8.263759613037109375e-01
3.182727966308593750e+02 4.670804738998413086e-02 2.552239418029785156e+00 -3.733384609222412109e-01 -5.646550655364990234e-01 1.118522882461547852e+00
2.019200592041015625e+02 -3.386265039443969727e-02 2.359725236892700195e+00 -4.468679428100585938e-02 -1.938223838806152344e-01 5.620445609092712402e-01
2.319034118652343750e+02 -1.377667784690856934e-01 2.066906452178955078e+00 -3.071236610412597656e-01 -1.192593574523925781e-01 9.696177393198013306e-02
2.380008392333984375e+02 -4.312396049499511719e-04 2.888622045516967773e+00 -5.065143108367919922e-01 -1.680314540863037109e-01 5.788916349411010742e-01
1.081414718627929688e+02 -8.586084842681884766e-02 2.423126697540283203e+00 -3.600251674652099609e-01 -6.148421764373779297e-01 3.730180859565734863e-01
3.595063781738281250e+02 -4.189318418502807617e-02 2.324872970581054688e+00 -1.280522346496582031e-01 -1.123930215835571289e+00 4.782009124755859375e-01
1.939243011474609375e+02 -1.079239845275878906e-01 2.287422180175781250e+00 -3.194797039031982422e-01 4.677796363830566406e-01 8.010979890823364258e-01
3.568958129882812500e+02 -7.433235645294189453e-03 2.264603137969970703e+00 -3.480553627014160156e-01 -9.462153911590576172e-01 2.562754392623901367e+00
1.752912139892578125e+02 -1.782073378562927246e-01 2.054104566574096680e+00 -2.790510654449462891e-01 -5.624175071716308594e-02 6.656156778335571289e-01
1.682952423095703125e+02 5.359292030334472656e-03 2.623190402984619141e+00 4.334211349487304688e-02 2.416825294494628906e-01 4.092222452163696289e-01
1.850627288818359375e+02 -1.339854001998901367e-01 2.101684093475341797e+00 -2.199006080627441406e-01 -6.312131881713867188e-02 5.789477229118347168e-01
4.691331481933593750e+02 -9.255778789520263672e-02 2.192544460296630859e+00 -4.217422008514404297e-01 9.787940979003906250e-01 7.397421598434448242e-01
1.436167602539062500e+02 2.226804494857788086e-01 3.011168479919433594e+00 -5.538296699523925781e-01 6.686663627624511719e-01 7.935380935668945312e-01
1.395236663818359375e+02 -1.609448194503784180e-01 2.101496219635009766e+00 -2.348029613494873047e-01 -4.281914234161376953e-01 2.784752249717712402e-01
3.603693847656250000e+02 -6.912082433700561523e-02 2.626711130142211914e+00 -3.308081626892089844e-01 4.464054107666015625e-01 5.935703516006469727e-01
3.719904479980468750e+02 -1.000261306762695312e-02 2.690754652023315430e+00 -5.202639102935791016e-01 -5.070352554321289062e-01 1.185459569096565247e-01
1.163677444458007812e+02 -6.512022018432617188e-02 2.259822607040405273e+00 -3.002679347991943359e-01 3.013730049133300781e-01 1.485662221908569336e+00
4.094665527343750000e+02 1.159583926200866699e-01 2.875929832458496094e+00 -5.066263675689697266e-01 -1.441717147827148438e-01 4.951273798942565918e-01
2.715028381347656250e+02 -1.128697991371154785e-01 2.352774858474731445e+00 -3.208529949188232422e-01 7.093763351440429688e-01 8.493881905451416969e-04
1.611436614990234375e+02 3.515791893005371094e-02 2.743384122848510742e+00 -8.552443981170654297e-01 6.830644607543945312e-01 9.784558415412902832e-01
2.661736145019531250e+02 -1.484199762344360352e-01 2.274985313415527344e+00 -3.679621219635009766e-01 -1.403248310089111328e-01 4.116277098655700684e-01
1.975683898925781250e+02 -2.463227510452270508e-02 2.337693929672241211e+00 -1.607680320739746094e-01 1.617741584777832031e-01 8.364545106887817383e-01
1.658947753906250000e+02 7.975697517395019531e-02 2.786965847015380859e+00 -2.570497989654541016e-01 1.289844512939453125e-02 8.574968576431274414e-01
3.660482177734375000e+02 -5.774629116058349609e-02 2.246737003326416016e+00 -3.387343883514404297e-01 -8.226346969604492188e-01 1.998535543680191040e-01
1.678305969238281250e+02 -3.027045726776123047e-02 2.174116611480712891e+00 -3.375756740570068359e-01 4.183220863342285156e-01 3.437695205211639404e-01
6.230031738281250000e+02 -1.161363720893859863e-01 2.051320314407348633e+00 1.767396926879882812e-02 -3.670036792755126953e-01 3.548514842987060547e-01
2.594627075195312500e+02 -1.464018821716308594e-01 2.250577449798583984e+00 -5.098819732666015625e-01 1.809692382812500000e-01 2.278808653354644775e-01
2.437469177246093750e+02 -1.843279600143432617e-02 2.746768236160278320e+00 -3.231990337371826172e-01 4.230976104736328125e-01 1.122074425220489502e-01
2.515866088867187500e+02 -7.884132862091064453e-02 2.463946104049682617e+00 -1.948678493499755859e-01 -2.462935447692871094e-01 5.384761467576026917e-02
3.926860961914062500e+02 -2.805817127227783203e-02 2.526135206222534180e+00 -3.022325038909912109e-01 -4.088640213012695312e-01 8.972782641649246216e-03
1.335767059326171875e+02 -1.884827017784118652e-01 2.236014842987060547e+00 -3.878951072692871094e-01 1.409847736358642578e+00 1.164956331253051758e+00
1.372284240722656250e+02 -1.492482423782348633e-02 2.495579957962036133e+00 -5.614995956420898438e-01 1.556100845336914062e+00 6.697863936424255371e-01
4.655234375000000000e+02 1.483267545700073242e-02 2.498395204544067383e+00 -2.679252624511718750e-01 1.178851127624511719e+00 6.059827804565429688e-01
2.051898498535156250e+02 2.728599309921264648e-02 2.215553045272827148e+00 -4.237234592437744141e-01 -1.427030563354492188e-01 1.290752172470092773e+00
4.872775573730468750e+02 -1.604266166687011719e-01 2.322472572326660156e+00 -2.377676963806152344e-01 1.285283565521240234e+00 2.029005065560340881e-02
1.357596588134765625e+02 -5.774664878845214844e-02 2.379149198532104492e+00 -3.615009784698486328e-01 -2.189978361129760742e+00 1.308065772056579590e+00
3.900889587402343750e+02 -3.418987989425659180e-02 2.187009096145629883e+00 -6.504058837890625000e-02 2.104830741882324219e-01 2.101216316223144531e-01
2.219320831298828125e+02 -9.211379289627075195e-02 2.645035982131958008e+00 -3.422188758850097656e-01 4.376554489135742188e-01 1.316722035408020020e-01
2.295402221679687500e+02 -4.930502176284790039e-02 2.484481573104858398e+00 -5.169486999511718750e-01 -2.420520782470703125e-01 1.482102088630199432e-02
1.875349426269531250e+02 -1.248045563697814941e-01 2.442689657211303711e+00 -9.080886840820312500e-02 1.792144775390625000e-01 6.389557719230651855e-01
1.491611633300781250e+02 -7.415586709976196289e-02 2.418598413467407227e+00 -3.900992870330810547e-01 4.038667678833007812e-01 9.653546810150146484e-01
3.475126342773437500e+02 -5.393183231353759766e-02 2.169756889343261719e+00 -3.823149204254150391e-01 6.652355194091796875e-02 3.451016843318939209e-01
2.396456451416015625e+02 -9.601390361785888672e-02 2.350816011428833008e+00 -2.920734882354736328e-01 -1.852488517761230469e-01 2.617465853691101074e-01
3.595661010742187500e+02 -3.943735361099243164e-02 2.634260892868041992e+00 -3.580582141876220703e-01 8.456707000732421875e-03 3.257612586021423340e-01
3.777479553222656250e+02 -7.814109325408935547e-03 2.085444450378417969e+00 -3.507113456726074219e-01 -1.431703567504882812e-02 1.495451629161834717e-01
5.010820312500000000e+02 -1.333600878715515137e-01 2.063182115554809570e+00 -1.854300498962402344e-01 6.548404693603515625e-02 8.391913175582885742e-01
1.520074005126953125e+02 -1.262894272804260254e-01 2.265173673629760742e+00 -1.062858104705810547e-01 -1.897263526916503906e-01 1.061545014381408691e+00
4.032135620117187500e+02 -1.234688162803649902e-01 2.266158342361450195e+00 -4.162013530731201172e-01 7.055592536926269531e-01 1.614826768636703491e-01
3.969789733886718750e+02 4.447340965270996094e-03 2.711246252059936523e+00 -3.858900070190429688e-01 7.788181304931640625e-02 9.223663806915283203e-02
1.536441497802734375e+02 -3.993570804595947266e-03 2.621117591857910156e+00 -4.833495616912841797e-01 -1.314795017242431641e-01 7.772828340530395508e-01
2.817478027343750000e+02 -1.276779174804687500e-02 2.613894939422607422e+00 -4.539096355438232422e-01 -3.364527225494384766e-01 5.829061865806579590e-01
4.275490417480468750e+02 -9.420037269592285156e-03 2.504450798034667969e+00 -4.708433151245117188e-01 -9.310007095336914062e-02 3.077933490276336670e-01
1.104330902099609375e+02 -9.792578220367431641e-02 2.469777107238769531e+00 -2.187514305114746094e-01 -3.704798221588134766e-01 8.823918700218200684e-01
2.671374206542968750e+02 -4.550880193710327148e-02 2.496372222900390625e+00 -3.407132625579833984e-01 -2.355575561523437500e-01 6.892231106758117676e-01
2.046359100341796875e+02 1.721930503845214844e-02 2.218738079071044922e+00 -3.428614139556884766e-01 6.169462203979492188e-01 3.594642877578735352e-01
4.971591567993164062e+01 -9.911918640136718750e-02 2.342678546905517578e+00 -2.482926845550537109e-01 1.259911060333251953e+00 2.144773244857788086e+00
4.279480895996093750e+02 1.100700497627258301e-01 2.803960561752319336e+00 -4.501736164093017578e-01 -6.403088569641113281e-02 6.590929627418518066e-02
2.348419189453125000e+02 3.821778297424316406e-02 2.735854387283325195e+00 -2.452361583709716797e-01 -1.816999912261962891e-01 3.205287456512451172e-02
3.500851440429687500e+02 -1.053175926208496094e-01 2.241830110549926758e+00 -1.774108409881591797e-01 5.411100387573242188e-01 7.998296022415161133e-01
3.817447814941406250e+02 1.349902749061584473e-01 2.874592542648315430e+00 2.545833587646484375e-02 -4.018664360046386719e-01 2.183140218257904053e-01
3.348529663085937500e+02 -8.769190311431884766e-02 2.538784503936767578e+00 -1.223349571228027344e-01 1.631426811218261719e-01 6.720403432846069336e-01
1.852158813476562500e+02 -1.085895299911499023e-02 2.530598878860473633e+00 -3.992664813995361328e-01 2.843141555786132812e-01 4.641935527324676514e-01
3.408734741210937500e+02 -1.550807952880859375e-01 2.046053647994995117e+00 -3.401243686676025391e-01 -1.071667671203613281e-01 1.355982720851898193e-01
2.105935974121093750e+02 1.442122459411621094e-02 2.574428319931030273e+00 -3.116643428802490234e-01 9.177660942077636719e-01 8.011115789413452148e-01
4.776163024902343750e+02 5.989325046539306641e-02 2.550117015838623047e+00 -2.156865596771240234e-01 2.340412139892578125e-01 1.602535694837570190e-01
1.346193695068359375e+02 -1.239133477210998535e-01 2.040652990341186523e+00 -3.931570053100585938e-01 -1.601219177246093750e-01 4.073751568794250488e-01
3.667417602539062500e+02 -6.744748353958129883e-02 2.185634136199951172e+00 -1.247704029083251953e-01 4.168844223022460938e-01 2.111219055950641632e-02
3.746536560058593750e+02 -5.043387413024902344e-02 2.356000185012817383e+00 -5.337870121002197266e-01 -6.725883483886718750e-01 3.931260406970977783e-01
2.469783325195312500e+02 2.734214067459106445e-02 2.562953233718872070e+00 -2.527320384979248047e-01 6.059169769287109375e-01 3.585921227931976318e-01
2.562353820800781250e+02 -1.601229906082153320e-01 2.193556070327758789e+00 -1.801288127899169922e-01 -1.018285751342773438e-02 5.163339376449584961e-01
2.118744354248046875e+02 -1.173263788223266602e-01 2.492652416229248047e+00 -3.353297710418701172e-01 -1.079881191253662109e-01 6.808615326881408691e-01
1.753773345947265625e+02 -4.924333095550537109e-02 2.195031404495239258e+00 -3.152799606323242188e-01 -5.063235759735107422e-01 6.220071911811828613e-01
1.572403259277343750e+02 -7.101553678512573242e-02 2.166778802871704102e+00 -3.037881851196289062e-01 4.177379608154296875e-01 1.935391426086425781e-01
2.141144256591796875e+02 -1.743376255035400391e-03 2.548157691955566406e+00 -2.726602554321289062e-01 1.726055145263671875e-01 2.359630018472671509e-01
2.339542846679687500e+02 2.727615833282470703e-02 3.037561416625976562e+00 -2.380192279815673828e-01 -4.134058952331542969e-01 1.101064607501029968e-01
2.440729370117187500e+02 -1.118063926696777344e-01 2.178884983062744141e+00 -3.392279148101806641e-01 2.607631683349609375e-01 2.261804416775703430e-02
3.930005187988281250e+02 2.809011936187744141e-02 2.693701982498168945e+00 -4.098486900329589844e-01 4.009008407592773438e-02 4.312463402748107910e-01
4.028379516601562500e+02 -8.128643035888671875e-03 2.741061210632324219e+00 -2.091526985168457031e-01 1.032447814941406250e-01 5.990672707557678223e-01
3.549875183105468750e+02 1.373372077941894531e-01 2.741181612014770508e+00 -3.063321113586425781e-01 3.867864608764648438e-02 2.301580309867858887e-01
4.221212463378906250e+02 -1.633972525596618652e-01 2.038782835006713867e+00 -2.324867248535156250e-01 -9.786295890808105469e-01 3.478688597679138184e-01
1.529402923583984375e+02 9.478986263275146484e-03 2.257197380065917969e+00 -2.463698387145996094e-01 -9.344303607940673828e-01 2.028516829013824463e-01
1.924431762695312500e+02 -1.027898788452148438e-01 2.349761962890625000e+00 -4.480850696563720703e-01 -7.554423809051513672e-01 9.799797534942626953e-01
3.788063659667968750e+02 -6.178891658782958984e-02 2.238852977752685547e+00 -5.486118793487548828e-01 -3.326058387756347656e-02 3.731051087379455566e-02
1.467511291503906250e+02 -1.919443607330322266e-01 2.124814271926879883e+00 -2.473604679107666016e-01 -3.210294246673583984e-01 5.057961344718933105e-01
4.126805725097656250e+02 -1.024082899093627930e-01 2.370130062103271484e+00 -5.862104892730712891e-01 -5.379796028137207031e-01 6.272971630096435547e-01
3.535367736816406250e+02 -4.655915498733520508e-02 2.360555171966552734e+00 -3.924155235290527344e-01 -7.414221763610839844e-01 4.623811319470405579e-02
3.520476379394531250e+02 9.850740432739257812e-03 2.622673988342285156e+00 -2.896964550018310547e-01 -1.439082622528076172e-01 1.829217225313186646e-01
2.623921508789062500e+02 -4.500311613082885742e-02 2.636612176895141602e+00 -6.921911239624023438e-01 -8.138835430145263672e-01 1.787187099456787109e+00
3.267270812988281250e+02 -1.846909523010253906e-03 2.119764328002929688e+00 -2.315568923950195312e-01 -2.750921249389648438e-01 8.867959976196289062e-01
2.486141662597656250e+02 -9.109508991241455078e-02 2.244480609893798828e+00 -9.164810180664062500e-03 2.116632461547851562e-01 3.354546725749969482e-01
1.860436096191406250e+02 -6.476044654846191406e-04 2.385092496871948242e+00 -1.002049446105957031e-01 5.943346023559570312e-01 2.551010549068450928e-01
3.507447814941406250e+02 -7.986861467361450195e-02 2.080325841903686523e+00 -2.656030654907226562e-01 -5.595505237579345703e-01 6.832026839256286621e-01
3.475027160644531250e+02 -1.112713813781738281e-01 2.516717433929443359e+00 -1.248586177825927734e-01 -5.879640579223632812e-02 1.525893956422805786e-01
1.854360656738281250e+02 2.517098188400268555e-02 2.288722991943359375e+00 -3.002035617828369141e-01 5.007100105285644531e-01 4.225426167249679565e-02
1.136450653076171875e+02 -3.990352153778076172e-03 2.274989366531372070e+00 -3.803253173828125000e-02 -1.870436668395996094e+00 9.918655157089233398e-01
1.698288574218750000e+02 2.328664064407348633e-02 2.428579330444335938e+00 -1.959002017974853516e-01 -4.895651340484619141e-01 1.040896296501159668e+00
5.001163024902343750e+02 9.009760618209838867e-02 2.957568645477294922e+00 -7.042777538299560547e-01 -9.068846702575683594e-02 1.436498016119003296e-01
3.541567993164062500e+02 -1.406837701797485352e-01 2.326982498168945312e+00 -2.277398109436035156e-01 -2.210021018981933594e-01 3.400939702987670898e-02
3.715893859863281250e+02 -2.485775947570800781e-01 2.137560367584228516e+00 -2.700400352478027344e-01 -1.275162696838378906e+00 7.372224330902099609e-01
1.298513488769531250e+02 -4.681736230850219727e-02 2.019307136535644531e+00 -2.820050716400146484e-01 1.945996284484863281e-01 1.443976312875747681e-01
7.944221496582031250e+01 -1.579618453979492188e-01 2.042419433593750000e+00 -2.660262584686279297e-01 -1.295921802520751953e+00 1.391372680664062500e-01
2.355014801025390625e+02 -3.966945409774780273e-02 2.702214241027832031e+00 -2.910315990447998047e-01 -5.262184143066406250e-01 2.403801828622817993e-01
2.452536315917968750e+02 4.327929019927978516e-02 2.408948898315429688e+00 -4.472160339355468750e-01 -1.488065719604492188e-01 4.246054291725158691e-01
3.568341369628906250e+02 -1.958943605422973633e-01 2.079555749893188477e+00 -3.143668174743652344e-01 -8.745217323303222656e-01 3.959183394908905029e-01
6.009230957031250000e+02 -4.638820886611938477e-02 2.558206081390380859e+00 -6.940364837646484375e-02 6.964635848999023438e-01 1.826311945915222168e+00
2.886049194335937500e+02 -1.000279188156127930e-01 2.447474718093872070e+00 -3.222250938415527344e-01 -2.068400382995605469e-02 2.516750395298004150e-01
3.404405822753906250e+02 -1.241874694824218750e-01 2.451816558837890625e+00 -3.432905673980712891e-01 8.387708663940429688e-01 1.992404758930206299e-01
4.591500854492187500e+02 1.138639450073242188e-01 2.695539951324462891e+00 -3.173482418060302734e-01 -3.529846668243408203e-01 4.384607672691345215e-01
2.013407897949218750e+02 3.553628921508789062e-03 2.629267215728759766e+00 -1.487410068511962891e-01 1.369428634643554688e-01 2.473779618740081787e-01
1.987106170654296875e+02 -1.341660022735595703e-01 2.521732091903686523e+00 -4.281365871429443359e-01 -5.742931365966796875e-01 1.466417163610458374e-01
1.941589508056640625e+02 -1.221345067024230957e-01 2.140090942382812500e+00 -2.388536930084228516e-01 -8.046698570251464844e-01 6.907122135162353516e-01
7.962879180908203125e+01 -1.058282852172851562e-01 2.473168849945068359e+00 -6.777215003967285156e-01 7.160472869873046875e-01 7.190134376287460327e-02
3.203659667968750000e+02 5.201381444931030273e-02 2.595989227294921875e+00 1.198410987854003906e-01 6.637477874755859375e-01 8.102875351905822754e-01
4.151853942871093750e+02 -9.167176485061645508e-02 2.411850690841674805e+00 -1.946663856506347656e-01 3.433108329772949219e-01 6.213627383112907410e-02
5.321647338867187500e+02 1.540153622627258301e-01 2.900828838348388672e+00 -3.767931461334228516e-01 -1.236307621002197266e-01 1.514465510845184326e-01
4.100469970703125000e+02 -1.265912652015686035e-01 2.400416851043701172e+00 -2.582323551177978516e-01 -4.897534847259521484e-01 6.951289772987365723e-01
2.012510070800781250e+02 -6.889051198959350586e-02 2.219582319259643555e+00 -2.027308940887451172e-01 -4.551315307617187500e-01 6.002623438835144043e-01
1.859562377929687500e+02 7.472622394561767578e-02 2.553768873214721680e+00 -1.541209220886230469e-01 9.473204612731933594e-01 5.235009267926216125e-02
3.687078552246093750e+02 2.191590666770935059e-01 2.937008619308471680e+00 -3.013455867767333984e-01 1.859760284423828125e-01 3.172861039638519287e-01
3.644215698242187500e+02 5.714005231857299805e-02 2.757251977920532227e+00 -2.560198307037353516e-01 -5.589795112609863281e-01 2.228534519672393799e-01
3.502435913085937500e+02 2.946627140045166016e-02 2.520704030990600586e+00 -3.037714958190917969e-01 1.978182792663574219e-01 2.872325181961059570e-01
1.778524780273437500e+02 -4.770821332931518555e-02 2.276424169540405273e+00 -3.582906723022460938e-01 4.327774047851562500e-02 1.437813997268676758e+00
3.552985534667968750e+02 -3.158849477767944336e-02 2.329781055450439453e+00 -2.384769916534423828e-01 -1.389026641845703125e-01 7.241311073303222656e-01
2.226208953857421875e+02 -6.783676147460937500e-02 2.225522994995117188e+00 -3.041863441467285156e-01 2.636480331420898438e-01 5.657677650451660156e-01
3.137451477050781250e+02 -1.103497743606567383e-01 2.518344402313232422e+00 -4.417777061462402344e-02 1.298704147338867188e+00 3.175589069724082947e-02
1.968863983154296875e+02 -1.175184249877929688e-01 2.372383832931518555e+00 -2.392017841339111328e-01 -3.667068481445312500e-01 1.821937412023544312e-01
2.199693450927734375e+02 5.129337310791015625e-03 2.528002977371215820e+00 -3.500044345855712891e-01 -3.127872943878173828e-01 9.408199042081832886e-02
6.292497558593750000e+02 -2.455592155456542969e-03 2.895082473754882812e+00 -3.533565998077392578e-01 1.892590522766113281e-01 6.929615736007690430e-01
4.680584411621093750e+02 -1.374994516372680664e-01 2.057514667510986328e+00 -1.273465156555175781e-01 -7.325172424316406250e-02 7.880482077598571777e-01
2.924955749511718750e+02 -1.385692954063415527e-01 2.109151840209960938e+00 -1.729738712310791016e-01 -2.621650695800781250e-01 2.457340359687805176e-01
3.128955383300781250e+02 -1.173371076583862305e-02 2.379524469375610352e+00 -6.134712696075439453e-01 2.784156799316406250e-01 7.211110740900039673e-02
2.188286590576171875e+02 -2.909940481185913086e-02 2.588472604751586914e+00 -5.833470821380615234e-01 3.667664527893066406e-01 1.000460423529148102e-02
2.562045288085937500e+02 -1.809551715850830078e-01 2.168491125106811523e+00 -2.957487106323242188e-01 -3.183376789093017578e-01 2.544538676738739014e-02
2.756288757324218750e+02 -1.178456544876098633e-01 2.488441944122314453e+00 -3.281140327453613281e-01 -1.610040664672851562e-01 3.060882389545440674e-01
2.823857421875000000e+02 -2.534824609756469727e-02 2.553061008453369141e+00 -6.806325912475585938e-01 2.487945556640625000e-01 2.277455478906631470e-01
2.464735260009765625e+02 3.702044486999511719e-02 2.525623559951782227e+00 -2.081644535064697266e-01 -4.968082904815673828e-01 6.495754718780517578e-01
3.889632568359375000e+02 -6.448471546173095703e-02 2.355252027511596680e+00 -2.256631851196289062e-01 -4.553484916687011719e-01 1.346941739320755005e-01
3.043362731933593750e+02 -3.291279077529907227e-02 2.357744932174682617e+00 -2.073431015014648438e-01 2.970695495605468750e-01 9.252991676330566406e-01
1.085897293090820312e+02 -3.301793336868286133e-02 2.223969936370849609e+00 -4.046595096588134766e-01 2.168178558349609375e-02 5.779823064804077148e-01
2.461406402587890625e+02 -4.680931568145751953e-03 2.743670463562011719e+00 -1.968812942504882812e-01 3.438496589660644531e-01 1.886572539806365967e-01
3.558127746582031250e+02 1.704692840576171875e-05 2.348312377929687500e+00 -1.784288883209228516e-01 -7.658243179321289062e-02 1.694291234016418457e-01
2.739813842773437500e+02 1.528239250183105469e-02 2.833176851272583008e+00 -3.279042243957519531e-01 1.360106468200683594e-01 4.978022277355194092e-01
4.508170471191406250e+02 -1.993048787117004395e-01 2.041570425033569336e+00 -4.277741909027099609e-01 6.337881088256835938e-01 8.474822044372558594e-01
2.766301574707031250e+02 -1.618043780326843262e-01 2.400056838989257812e+00 -1.634705066680908203e-01 2.783536911010742188e-01 3.329497575759887695e-01
1.974957275390625000e+02 -1.628899574279785156e-01 2.176706552505493164e+00 5.125999450683593750e-04 -1.009237766265869141e+00 7.553896307945251465e-01
5.421322631835937500e+02 -2.931703925132751465e-01 2.272116422653198242e+00 -2.219855785369873047e-01 -9.724342823028564453e-01 2.348731607198715210e-01
3.706793212890625000e+02 -3.284698724746704102e-02 2.004359245300292969e+00 -2.326786518096923828e-01 -1.263844966888427734e-01 5.959869623184204102e-01
4.015843811035156250e+02 6.324297189712524414e-02 2.681087017059326172e+00 -3.675174713134765625e-01 -3.687524795532226562e-01 7.407620549201965332e-01
4.871343078613281250e+02 -5.672365427017211914e-02 2.449313163757324219e+00 -3.454375267028808594e-01 4.121685028076171875e-01 6.241137981414794922e-01
3.582209777832031250e+02 -1.166606545448303223e-01 2.202383756637573242e+00 -4.957747459411621094e-01 -1.501492261886596680e+00 1.089998036623001099e-01
3.719426879882812500e+02 4.706013202667236328e-02 2.578551292419433594e+00 -4.870069026947021484e-01 -5.708467960357666016e-01 3.470987379550933838e-01
4.521375732421875000e+02 -1.367741823196411133e-02 2.549093723297119141e+00 -4.701411724090576172e-01 1.614761352539062500e-01 5.838578343391418457e-01
3.483441162109375000e+02 5.037713050842285156e-02 2.280784606933593750e+00 -5.112564563751220703e-01 1.970052719116210938e-02 2.516283988952636719e-01
3.691922302246093750e+02 -8.644574880599975586e-02 2.522314786911010742e+00 -2.988362312316894531e-01 1.415801048278808594e-01 2.167841652408242226e-03
2.040468902587890625e+02 -1.339496374130249023e-01 2.147780656814575195e+00 -3.436458110809326172e-01 4.926991462707519531e-01 4.644645452499389648e-01
1.599166564941406250e+02 -1.042379140853881836e-01 2.520838022232055664e+00 -3.354203701019287109e-01 1.580803394317626953e+00 1.338620424270629883e+00
2.003321380615234375e+02 -6.691408157348632812e-02 2.148359537124633789e+00 -4.117965698242187500e-01 -9.225857257843017578e-01 2.247159928083419800e-01
3.717754821777343750e+02 1.794922351837158203e-02 2.546266555786132812e+00 -3.437459468841552734e-01 2.631878852844238281e-01 5.267012119293212891e-01
1.813992309570312500e+02 -6.806564331054687500e-02 2.485518932342529297e+00 -4.457366466522216797e-01 8.432865142822265625e-02 9.925068169832229614e-02
3.370794982910156250e+02 1.145756244659423828e-02 2.637081384658813477e+00 -6.309890747070312500e-01 -6.105756759643554688e-01 1.020385503768920898e+00
4.163709716796875000e+02 1.243277788162231445e-01 2.774498462677001953e+00 -4.551267623901367188e-01 -1.196619272232055664e+00 2.970728874206542969e-01
1.185313568115234375e+02 -6.079167127609252930e-02 2.406846284866333008e+00 -5.370533466339111328e-01 4.168796539306640625e-01 4.731269478797912598e-01
3.206227111816406250e+02 -6.790184974670410156e-02 2.510176658630371094e+00 -1.854074001312255859e-01 3.875756263732910156e-01 5.146981477737426758e-01
4.977121276855468750e+02 -1.346248388290405273e-01 2.209161043167114258e+00 -3.590846061706542969e-01 1.289424896240234375e+00 9.619443416595458984e-01
2.010025024414062500e+02 1.109868288040161133e-02 2.503432989120483398e+00 -3.122782707214355469e-01 5.613827705383300781e-01 2.436585910618305206e-02
4.096499023437500000e+02 -3.104007244110107422e-02 2.339558124542236328e+00 -2.428090572357177734e-01 -6.513082981109619141e-01 2.862939834594726562e-01
3.721610412597656250e+02 -2.379274368286132812e-02 2.138873338699340820e+00 -3.464126586914062500e-01 2.491927146911621094e-01 3.102648556232452393e-01
3.666437683105468750e+02 -3.345066308975219727e-02 2.684696674346923828e+00 -2.824008464813232422e-01 -1.241803169250488281e-01 1.226089894771575928e-01
1.671829528808593750e+02 8.266896009445190430e-02 2.797644615173339844e+00 -2.205777168273925781e-01 5.819630622863769531e-01 8.024689555168151855e-02
4.665621643066406250e+02 -4.988294839859008789e-02 2.523519515991210938e+00 -2.396428585052490234e-01 -5.088543891906738281e-01 2.095417827367782593e-01
2.011126251220703125e+02 -1.376199722290039062e-01 2.086118221282958984e+00 -2.647864818572998047e-01 -1.947259902954101562e-01 5.470601916313171387e-01
2.360892944335937500e+02 -1.339070796966552734e-01 2.028075933456420898e+00 4.323005676269531250e-02 3.775310516357421875e-01 3.927403688430786133e-01
2.039953918457031250e+02 -1.220107674598693848e-01 2.322620868682861328e+00 -3.318607807159423828e-01 3.358364105224609375e-02 5.439460277557373047e-01
2.911184997558593750e+02 -6.651586294174194336e-02 2.515210151672363281e+00 -2.965068817138671875e-01 1.094918251037597656e+00 2.052941620349884033e-01
2.040777893066406250e+02 5.373775959014892578e-03 2.318598747253417969e+00 -1.178681850433349609e-01 -1.975858211517333984e-01 6.527442336082458496e-01
1.390754547119140625e+02 -1.845023036003112793e-01 2.402642965316772461e+00 -2.791428565979003906e-01 8.901715278625488281e-01 1.947682023048400879e+00
2.406881408691406250e+02 -2.793461084365844727e-02 2.310753583908081055e+00 -2.244329452514648438e-01 2.624988555908203125e-01 6.131972074508666992e-01
1.693497161865234375e+02 7.682442665100097656e-03 2.656470537185668945e+00 -2.754044532775878906e-01 -2.275121212005615234e-01 2.637993991374969482e-01
1.667631225585937500e+02 -2.192294001579284668e-01 2.075590848922729492e+00 -3.192663192749023438e-01 -3.257155418395996094e-02 5.925521850585937500e-01
3.137276306152343750e+02 -1.703439950942993164e-01 2.170761823654174805e+00 -2.746677398681640625e-01 2.235698699951171875e-01 1.752631217241287231e-01
4.822180175781250000e+02 -9.708285331726074219e-02 2.254803895950317383e+00 -4.035842418670654297e-01 -3.558659553527832031e-01 2.581581473350524902e-02
2.488845825195312500e+02 -3.131544589996337891e-02 2.145889043807983398e+00 -1.791715621948242188e-01 -2.766728401184082031e-02 8.663905858993530273e-01
1.334503479003906250e+02 -8.566915988922119141e-02 2.487225770950317383e+00 -1.687109470367431641e-01 2.829837799072265625e-01 1.270575761795043945e+00
2.798880004882812500e+02 -1.218348145484924316e-01 2.402878522872924805e+00 -1.154732704162597656e-01 -7.352113723754882812e-02 4.672162532806396484e-01
2.189127960205078125e+02 -1.557413339614868164e-01 2.112438678741455078e+00 -2.113485336303710938e-01 -3.934252262115478516e-01 3.394293189048767090e-01
1.300309906005859375e+02 -2.187165617942810059e-01 2.082251310348510742e+00 -2.311003208160400391e-01 -4.433131217956542969e-01 2.510195225477218628e-02
3.603505554199218750e+02 -1.137272119522094727e-01 2.117539882659912109e+00 -5.373942852020263672e-01 7.645463943481445312e-01 8.407382667064666748e-02
3.514939270019531250e+02 -1.960079073905944824e-01 2.502013206481933594e+00 -4.684698581695556641e-01 -2.438139915466308594e-01 1.117883205413818359e+00
1.800792999267578125e+02 -3.465586900711059570e-02 2.130738735198974609e+00 -2.031147480010986328e-01 -6.200551986694335938e-02 9.413388371467590332e-01
2.607405090332031250e+02 5.118429660797119141e-02 2.667105913162231445e+00 -3.829610347747802734e-01 -9.009206295013427734e-01 6.036112308502197266e-01
1.962577056884765625e+02 -6.459808349609375000e-02 2.341794013977050781e+00 -2.312111854553222656e-01 -4.646801948547363281e-01 8.828263282775878906e-01
4.157427673339843750e+02 4.728025197982788086e-02 2.296533346176147461e+00 -1.846933364868164062e-01 -3.010106086730957031e-01 7.187306880950927734e-01
3.427430725097656250e+02 -4.942160844802856445e-02 2.717231273651123047e+00 -5.061781406402587891e-01 -2.569019794464111328e-01 1.160598397254943848e-01
2.024618225097656250e+02 -1.413443088531494141e-01 2.348613977432250977e+00 -3.300416469573974609e-01 -1.905691623687744141e-01 4.382492601871490479e-01
3.641057434082031250e+02 -1.092836856842041016e-01 2.065643310546875000e+00 -2.245891094207763672e-01 -1.237864494323730469e+00 1.511038690805435181e-01
2.173961639404296875e+02 3.225272893905639648e-02 2.233691453933715820e+00 -2.146780490875244141e-01 -4.057109355926513672e-01 8.525446057319641113e-01
2.768234863281250000e+02 -9.760481119155883789e-02 2.259869813919067383e+00 -1.068186759948730469e-01 -9.276545047760009766e-01 2.452467679977416992e-01
3.422445678710937500e+02 -5.811893939971923828e-02 2.411939620971679688e+00 -4.713380336761474609e-01 4.281282424926757812e-02 3.637741208076477051e-01
5.154285888671875000e+02 -2.001014947891235352e-01 2.099632263183593750e+00 -3.132748603820800781e-01 -1.188683509826660156e-01 1.231072902679443359e+00
3.636193847656250000e+02 -9.043633937835693359e-02 2.284021377563476562e+00 3.545761108398437500e-02 1.359951496124267578e+00 1.626209616661071777e-01
2.662776184082031250e+02 -9.508353471755981445e-02 2.295528888702392578e+00 -5.254304409027099609e-01 -7.189905643463134766e-01 7.512784004211425781e-01
3.304606323242187500e+02 -1.005477309226989746e-01 2.424062967300415039e+00 -9.801387786865234375e-02 4.034662246704101562e-01 5.756573081016540527e-01
4.323122558593750000e+02 -2.737367153167724609e-02 2.535402297973632812e+00 -2.409958839416503906e-01 2.928471565246582031e-01 7.725547552108764648e-01
5.193107299804687500e+02 8.954435586929321289e-02 2.709120273590087891e+00 -2.420473098754882812e-01 -3.566396236419677734e-01 7.073480486869812012e-01
1.766642608642578125e+02 -5.606508255004882812e-02 2.227956533432006836e+00 -6.313872337341308594e-01 -4.626595973968505859e-01 1.725317537784576416e-01
4.022795104980468750e+02 -1.491715312004089355e-01 2.429693222045898438e+00 -3.323233127593994141e-01 -9.683501720428466797e-01 7.931303232908248901e-02
1.901898193359375000e+02 -4.316830635070800781e-02 2.779543399810791016e+00 -2.258169651031494141e-01 3.817558288574218750e-02 4.408646821975708008e-01
2.121103820800781250e+02 5.135113000869750977e-02 2.766685485839843750e+00 -2.816593647003173828e-01 -1.683115959167480469e-02 2.527838647365570068e-01
1.800687713623046875e+02 -1.103891134262084961e-01 2.015405416488647461e+00 -5.377137660980224609e-01 -6.989812850952148438e-01 5.942712426185607910e-01
3.745297546386718750e+02 9.404850006103515625e-02 2.680049419403076172e+00 -2.751612663269042969e-01 6.926274299621582031e-01 5.514891147613525391e-01
3.127292785644531250e+02 -1.267572045326232910e-01 2.270270109176635742e+00 -3.302025794982910156e-01 -5.993294715881347656e-01 4.497491121292114258e-01
2.429710845947265625e+02 -8.946126699447631836e-02 2.349799633026123047e+00 -8.379459381103515625e-02 8.066654205322265625e-01 3.813930153846740723e-01
1.437788085937500000e+02 -2.556241154670715332e-01 2.183118343353271484e+00 -4.166078567504882812e-01 -4.563546180725097656e-01 2.512183487415313721e-01
2.058346252441406250e+02 -6.706696748733520508e-02 2.213266134262084961e+00 7.306814193725585938e-02 -1.953804492950439453e-01 8.260607123374938965e-01
2.288507995605468750e+02 2.439063787460327148e-02 2.441287994384765625e+00 -3.823590278625488281e-01 4.312348365783691406e-01 5.027619004249572754e-01
6.340369262695312500e+02 -9.052985906600952148e-02 2.032294988632202148e+00 -1.200568675994873047e-01 -1.296508312225341797e-01 5.433344244956970215e-01
1.972723846435546875e+02 -7.285177707672119141e-02 2.255134105682373047e+00 -5.009353160858154297e-01 1.450726985931396484e+00 1.118403226137161255e-01
3.648269042968750000e+02 2.425513267517089844e-01 3.347923517227172852e+00 -6.947994232177734375e-01 -1.780843734741210938e-01 4.706965088844299316e-01
3.399715576171875000e+02 -5.045944452285766602e-02 2.212117433547973633e+00 -3.417265415191650391e-01 3.336668014526367188e-01 6.208106502890586853e-02
2.829216613769531250e+02 -1.917762756347656250e-01 2.143943548202514648e+00 4.005670547485351562e-02 -5.491030216217041016e-01 7.523850202560424805e-01
2.041856231689453125e+02 2.469605207443237305e-02 2.710650920867919922e+00 -1.391375064849853516e-01 -8.497357368469238281e-02 8.713544905185699463e-02
1.722614898681640625e+02 -1.471884846687316895e-01 2.148476362228393555e+00 -2.829182147979736328e-01 1.036477088928222656e-01 8.700857162475585938e-01
1.863657989501953125e+02 1.691120862960815430e-02 2.272725820541381836e+00 -2.141499519348144531e-01 -1.241981983184814453e-01 5.426701903343200684e-01
2.155706481933593750e+02 -5.926907062530517578e-03 2.475768566131591797e+00 -2.298951148986816406e-01 6.624698638916015625e-02 7.251568883657455444e-02
2.355117034912109375e+02 -4.506301879882812500e-02 2.124777078628540039e+00 -3.660976886749267578e-01 -1.175916194915771484e+00 9.782308340072631836e-01
4.007922973632812500e+02 -6.524181365966796875e-02 2.703816413879394531e+00 -2.353572845458984375e-01 3.007936477661132812e-01 4.537410140037536621e-01
1.302443237304687500e+02 -9.286981821060180664e-02 2.456567525863647461e+00 -3.509581089019775391e-01 1.651549339294433594e-01 1.549902677536010742e+00
3.952584838867187500e+02 -2.224600315093994141e-01 2.120164871215820312e+00 -2.025055885314941406e-01 7.187438011169433594e-01 1.163246870040893555e+00
2.243004150390625000e+02 2.245086431503295898e-02 2.453233003616333008e+00 -4.526162147521972656e-01 -5.347263813018798828e-01 2.864895164966583252e-01
2.619144287109375000e+02 -9.531474113464355469e-02 2.175613403320312500e+00 -1.370918750762939453e-01 -2.294695377349853516e-01 7.684402167797088623e-02
4.035184326171875000e+02 -9.529542922973632812e-02 2.397136688232421875e+00 -3.356432914733886719e-01 8.589434623718261719e-01 6.540138125419616699e-01
1.669484710693359375e+02 -1.065018773078918457e-01 2.108683347702026367e+00 2.811431884765625000e-02 -4.843056201934814453e-01 3.014304637908935547e-01
2.540196228027343750e+02 -1.120454668998718262e-01 2.424089670181274414e+00 -2.831470966339111328e-01 -2.683782577514648438e-01 2.241654843091964722e-01
3.078062438964843750e+02 -1.251500248908996582e-01 2.312860965728759766e+00 -3.142273426055908203e-01 3.696441650390625000e-02 7.876297831535339355e-01
2.336593627929687500e+02 -1.002966761589050293e-01 2.029271841049194336e+00 -3.782808780670166016e-01 2.850270271301269531e-01 5.490677952766418457e-01
3.582763671875000000e+02 -8.741956949234008789e-02 2.628716230392456055e+00 -2.479326725006103516e-01 -9.134984016418457031e-01 3.753776848316192627e-01
1.893692626953125000e+02 -1.536654829978942871e-01 2.200866699218750000e+00 -2.840185165405273438e-01 -1.761102676391601562e-01 4.994881749153137207e-01
1.591127929687500000e+02 -6.620597839355468750e-02 2.434578418731689453e+00 -6.660938262939453125e-02 -9.295582771301269531e-02 2.092483997344970703e+00
2.554063110351562500e+02 -1.108275651931762695e-01 2.032357454299926758e+00 -2.297532558441162109e-01 1.137399673461914062e-01 2.287312150001525879e-01
1.903476715087890625e+02 -3.159904479980468750e-02 2.484855890274047852e+00 9.247541427612304688e-02 3.514623641967773438e-01 1.344772428274154663e-01
2.256161499023437500e+02 -1.044524908065795898e-01 2.321854114532470703e+00 -1.607441902160644531e-01 -3.776025772094726562e-01 1.553435772657394409e-01
2.539360809326171875e+02 5.827748775482177734e-02 2.685530900955200195e+00 -3.759121894836425781e-01 -1.514685153961181641e-01 7.268375158309936523e-01
2.388047943115234375e+02 -2.338129281997680664e-02 2.254067659378051758e+00 -4.649424552917480469e-01 4.267287254333496094e-01 4.129512608051300049e-01
1.029980545043945312e+02 -3.806602954864501953e-02 2.130672931671142578e+00 -3.401291370391845703e-01 -1.711130142211914062e-01 2.787385225296020508e+00
2.173177185058593750e+02 -1.130593419075012207e-01 2.438652038574218750e+00 -1.589596271514892578e-01 -9.635090827941894531e-02 4.513064324855804443e-01
2.820374145507812500e+02 -1.435451507568359375e-01 2.406181573867797852e+00 -3.908932209014892578e-01 -6.466531753540039062e-01 6.233955621719360352e-01
2.347626037597656250e+02 1.056168675422668457e-01 2.549335956573486328e+00 -2.510690689086914062e-01 9.189987182617187500e-01 1.240359842777252197e-01
4.181234436035156250e+02 1.886850595474243164e-02 2.455056667327880859e+00 -4.646599292755126953e-01 -1.312768459320068359e-01 2.446504235267639160e-01
3.826659851074218750e+02 -3.288060426712036133e-02 2.796437978744506836e+00 -3.382241725921630859e-01 -1.149070262908935547e-01 5.327405780553817749e-02
2.467636108398437500e+02 -1.454952955245971680e-01 2.108796596527099609e+00 -2.373933792114257812e-01 6.890439987182617188e-01 1.205203890800476074e+00
1.742241668701171875e+02 -1.307477951049804688e-01 2.133723974227905273e+00 -3.012239933013916016e-01 -9.554743766784667969e-02 2.226457118988037109e+00
6.493068237304687500e+02 -1.156930923461914062e-01 2.569651842117309570e+00 -2.483701705932617188e-01 -6.467473506927490234e-01 1.065551042556762695e+00
3.602946472167968750e+02 2.399206161499023438e-02 2.442126035690307617e+00 -2.846586704254150391e-01 5.024409294128417969e-01 1.814886927604675293e-01
4.167052612304687500e+02 5.082327127456665039e-02 2.635056972503662109e+00 -1.617050170898437500e-01 -4.934751987457275391e-01 1.487854421138763428e-01
2.743770751953125000e+02 -8.778417110443115234e-02 2.569662332534790039e+00 6.815433502197265625e-02 7.519721984863281250e-03 1.901361942291259766e-01
2.490274658203125000e+02 -4.877716302871704102e-02 2.268879652023315430e+00 -4.774391651153564453e-01 3.389525413513183594e-01 4.475173652172088623e-01
1.260249023437500000e+02 -2.056184411048889160e-01 2.303299665451049805e+00 -5.415832996368408203e-01 -1.837038993835449219e-01 2.695072293281555176e-01
1.845117340087890625e+02 -1.231446266174316406e-01 2.524587631225585938e+00 -3.559327125549316406e-01 -1.754891872406005859e-01 3.903928697109222412e-01
2.320808868408203125e+02 -1.662983298301696777e-01 2.003288745880126953e+00 -3.873872756958007812e-01 5.622744560241699219e-01 4.943447709083557129e-01
1.382538604736328125e+02 -1.151232123374938965e-01 2.432398796081542969e+00 -2.847790718078613281e-01 -2.070748805999755859e-01 7.408622503280639648e-01
3.072725830078125000e+02 -1.464324593544006348e-01 2.135458946228027344e+00 -2.669560909271240234e-01 -7.513999938964843750e-02 1.221954584121704102e+00
1.742587585449218750e+02 -4.609012603759765625e-02 2.193608283996582031e+00 -1.730740070343017578e-01 5.020856857299804688e-02 2.831175923347473145e-01
3.976541137695312500e+02 -2.187746763229370117e-01 2.157585859298706055e+00 -1.571297645568847656e-01 1.369652748107910156e+00 3.419637680053710938e-01
3.910654907226562500e+02 -4.128396511077880859e-03 2.548551082611083984e+00 -3.566515445709228516e-01 -1.035634279251098633e+00 2.749097049236297607e-01
2.732125244140625000e+02 -1.125352382659912109e-01 2.315664052963256836e+00 -2.372884750366210938e-01 3.559422492980957031e-01 7.083886116743087769e-02
7.163470458984375000e+01 2.846580743789672852e-02 2.609128952026367188e+00 -4.252159595489501953e-01 1.615905761718750000e-01 2.595427334308624268e-01
4.482239685058593750e+02 -5.358457565307617188e-02 2.594164133071899414e+00 -3.477048873901367188e-01 -1.785182952880859375e-01 4.673075675964355469e-01
4.420694885253906250e+02 -9.283208847045898438e-02 2.641005277633666992e+00 -3.603816032409667969e-01 2.285051345825195312e-01 2.340634912252426147e-01
1.684580841064453125e+02 -1.572181582450866699e-01 2.138679027557373047e+00 -2.184855937957763672e-01 -6.590473651885986328e-01 1.309385597705841064e-01
2.953129577636718750e+02 -1.080155372619628906e-01 2.124438285827636719e+00 -5.655121803283691406e-01 -7.142364978790283203e-01 5.945380330085754395e-01
4.474340515136718750e+02 -7.572889328002929688e-02 2.333833217620849609e+00 -2.007162570953369141e-01 1.760315895080566406e-01 5.236146450042724609e-01
3.925216064453125000e+02 -5.637603998184204102e-02 2.455375909805297852e+00 -3.138709068298339844e-01 -4.578399658203125000e-01 3.395140469074249268e-01
5.052321472167968750e+02 -1.453581452369689941e-01 2.071424245834350586e+00 -3.513145446777343750e-01 1.624491214752197266e+00 5.933756828308105469e-01
4.494811096191406250e+02 -1.401265859603881836e-01 2.237090826034545898e+00 -2.449727058410644531e-01 -4.369270801544189453e-01 8.091840744018554688e-01
4.991549377441406250e+02 1.049675941467285156e-01 2.897402286529541016e+00 -2.796208858489990234e-01 -5.037200450897216797e-01 2.326234579086303711e-01
3.157294311523437500e+02 -2.483522891998291016e-02 2.229752540588378906e+00 -2.028191089630126953e-01 1.300258636474609375e+00 2.651564776897430420e-03
3.403269653320312500e+02 -2.415126562118530273e-02 2.440774440765380859e+00 -1.439380645751953125e-01 6.388568878173828125e-01 2.275856137275695801e-01
4.260119018554687500e+02 1.522874832153320312e-02 2.826565742492675781e+00 -5.424332618713378906e-01 -1.246058940887451172e-01 1.002873629331588745e-01
4.134893798828125000e+02 -1.961010694503784180e-01 2.124400377273559570e+00 -4.838824272155761719e-01 -1.199420690536499023e+00 3.123411834239959717e-01
3.528946838378906250e+02 -1.740461587905883789e-02 2.191496610641479492e+00 -3.399372100830078125e-01 3.264069557189941406e-01 9.491208791732788086e-01
1.787693939208984375e+02 -4.995536804199218750e-02 2.225091934204101562e+00 -3.109347820281982422e-01 8.659887313842773438e-01 3.474716842174530029e-01
4.412473144531250000e+02 5.178153514862060547e-02 2.455952882766723633e+00 -3.578066825866699219e-02 -1.185953617095947266e-01 3.529059290885925293e-01
2.192526550292968750e+02 -2.084499597549438477e-02 2.553282976150512695e+00 -1.001393795013427734e-01 4.314422607421875000e-02 2.083888053894042969e-01
3.720798950195312500e+02 -3.933042287826538086e-02 2.157953023910522461e+00 -1.684117317199707031e-01 1.047482490539550781e+00 4.233542382717132568e-01
1.887315979003906250e+02 -2.282267808914184570e-02 2.184419631958007812e+00 -3.944408893585205078e-01 -8.612537384033203125e-01 1.052012592554092407e-01
5.303261108398437500e+02 -8.929300308227539062e-02 2.348991155624389648e+00 -4.109287261962890625e-01 6.104111671447753906e-01 1.448123335838317871e+00
1.709987182617187500e+02 -3.590667247772216797e-02 2.492678880691528320e+00 -3.765451908111572266e-01 5.238056182861328125e-01 5.895858407020568848e-01
1.666138610839843750e+02 -5.482232570648193359e-02 2.269197225570678711e+00 -3.262639045715332031e-01 6.440186500549316406e-01 1.587514281272888184e+00
5.225131225585937500e+02 -1.986262798309326172e-01 2.541418075561523438e+00 -2.174437046051025391e-01 -4.039204120635986328e-01 1.703586339950561523e+00
2.237025451660156250e+02 1.198935508728027344e-02 2.303182125091552734e+00 -4.856550693511962891e-01 -3.963470458984375000e-02 4.238915741443634033e-01
4.233967285156250000e+02 2.329486608505249023e-02 2.620728731155395508e+00 -4.417407512664794922e-01 -4.923641681671142578e-01 1.983718723058700562e-01
2.412407379150390625e+02 1.175582408905029297e-03 2.656033754348754883e+00 -1.781213283538818359e-01 -6.923508644104003906e-01 3.094735443592071533e-01
3.563177185058593750e+02 -8.939886093139648438e-02 2.410412788391113281e+00 -2.304744720458984375e-01 -6.130588054656982422e-01 6.112908720970153809e-01
9.088259124755859375e+01 2.434289455413818359e-02 2.752784967422485352e+00 1.033306121826171875e-02 6.520104408264160156e-01 8.126637339591979980e-01
3.541938476562500000e+02 -5.167573690414428711e-02 2.389946937561035156e+00 -3.313934803009033203e-01 -1.701045036315917969e-01 3.502421975135803223e-01
3.160475158691406250e+01 -1.196600794792175293e-01 2.390497684478759766e+00 -5.130147933959960938e-01 -1.195034980773925781e+00 4.513505697250366211e-01
1.802388763427734375e+02 -4.917144775390625000e-02 2.223818063735961914e+00 -3.730058670043945312e-01 -7.897078990936279297e-01 2.743867933750152588e-01
1.628519439697265625e+02 -1.552073955535888672e-01 2.380769968032836914e+00 -4.688894748687744141e-01 -1.980292797088623047e-01 1.372769474983215332e-01
3.479322814941406250e+02 -4.281121492385864258e-02 2.566766500473022461e+00 -2.734220027923583984e-01 -3.991866111755371094e-01 7.777779698371887207e-01
2.353423309326171875e+02 -1.719976663589477539e-01 2.297956228256225586e+00 -4.526305198669433594e-01 2.483272552490234375e-01 2.100266814231872559e-01
2.694074096679687500e+02 -1.616641879081726074e-01 2.272815942764282227e+00 -2.309036254882812500e-01 -1.320624351501464844e-01 6.690223515033721924e-02
1.921153259277343750e+02 7.782471179962158203e-02 2.629123926162719727e+00 -2.779185771942138672e-01 2.195620536804199219e-01 3.549166917800903320e-01
3.203874206542968750e+02 2.281596660614013672e-01 2.762487173080444336e+00 -3.946268558502197266e-01 8.079934120178222656e-01 5.902461707592010498e-02
1.031830215454101562e+02 -8.734822273254394531e-03 2.227524280548095703e+00 -4.510915279388427734e-01 -9.217166900634765625e-01 9.502492845058441162e-02
3.247669067382812500e+02 2.603071928024291992e-02 2.801187515258789062e+00 -1.376354694366455078e-01 -5.016326904296875000e-03 1.521216481924057007e-01
1.734484100341796875e+02 -2.745715975761413574e-01 2.113085985183715820e+00 -2.279484272003173828e-01 -7.692170143127441406e-01 2.731669545173645020e-01
1.293576660156250000e+02 -1.118836402893066406e-01 2.204656124114990234e+00 -1.137542724609375000e-01 1.449251174926757812e-01 5.670894384384155273e-01
2.817046203613281250e+02 -7.886528968811035156e-02 2.072935581207275391e+00 2.302408218383789062e-02 1.896190643310546875e-01 7.346082329750061035e-01
1.802344512939453125e+02 -8.278954029083251953e-02 2.538041830062866211e+00 -3.454649448394775391e-01 -6.417298316955566406e-01 9.724119305610656738e-01
1.754199066162109375e+02 -1.555231809616088867e-01 2.060775041580200195e+00 -3.689467906951904297e-01 1.940178871154785156e-01 7.782694101333618164e-01
4.358817138671875000e+02 -9.511375427246093750e-02 2.461281299591064453e+00 -1.941454410552978516e-01 1.556086540222167969e-01 7.398146986961364746e-01
1.404057312011718750e+02 -3.609371185302734375e-02 2.015454053878784180e+00 -3.117609024047851562e-01 1.427721977233886719e-01 5.354509949684143066e-01
4.137597045898437500e+02 9.061992168426513672e-03 2.376144170761108398e+00 -3.360557556152343750e-01 -9.191834926605224609e-01 6.167633533477783203e-01
3.864271545410156250e+02 -4.047554731369018555e-02 2.398186206817626953e+00 -5.588412284851074219e-01 -3.740048408508300781e-01 1.047983646392822266e+00
1.036026382446289062e+02 1.137668490409851074e-01 2.849015235900878906e+00 -4.386782646179199219e-01 4.786419868469238281e-01 6.460896134376525879e-01
1.874775695800781250e+02 -5.629950761795043945e-02 2.246171712875366211e+00 -9.567379951477050781e-02 -2.820372581481933594e-02 2.218996137380599976e-01
2.218333435058593750e+02 -9.496444463729858398e-02 2.403165578842163086e+00 -1.775527000427246094e-01 -3.892600536346435547e-01 7.261172533035278320e-01
3.905579833984375000e+02 -1.311182975769042969e-03 2.403869390487670898e+00 -2.717518806457519531e-01 2.343893051147460938e-02 5.695045590400695801e-01
2.295402221679687500e+02 -4.930502176284790039e-02 2.484481573104858398e+00 -5.169486999511718750e-01 -2.420520782470703125e-01 1.482102088630199432e-02
2.108828582763671875e+02 2.049803733825683594e-02 2.450662851333618164e+00 -3.622746467590332031e-01 -2.275204658508300781e-01 2.646945118904113770e-01
3.427567443847656250e+02 -9.867286682128906250e-02 2.595018148422241211e+00 -3.655362129211425781e-01 9.402751922607421875e-02 4.164621978998184204e-02
3.727566833496093750e+02 -5.286127328872680664e-02 2.473884344100952148e+00 -1.412045955657958984e-01 9.273147583007812500e-01 4.793782234191894531e-01
1.994306640625000000e+02 -6.916749477386474609e-02 2.198571681976318359e+00 -2.088463306427001953e-01 5.666279792785644531e-01 4.891301691532135010e-01
1.634548492431640625e+02 -2.315044403076171875e-02 2.107422351837158203e+00 -2.082753181457519531e-01 1.328659057617187500e-01 4.975568652153015137e-01
4.869503173828125000e+02 5.188077688217163086e-02 2.902642011642456055e+00 -4.283154010772705078e-01 -1.046990156173706055e+00 2.215295732021331787e-01
3.150843505859375000e+02 -6.181484460830688477e-02 2.222821235656738281e+00 -2.664315700531005859e-01 5.248427391052246094e-01 3.743569254875183105e-01
1.935404357910156250e+02 -1.361286640167236328e-01 2.150323867797851562e+00 -1.940083503723144531e-01 5.727219581604003906e-01 2.897081971168518066e-01
3.194267272949218750e+02 -1.277498006820678711e-01 2.003425121307373047e+00 -2.022957801818847656e-01 -4.485464096069335938e-01 5.061406493186950684e-01
3.810091552734375000e+02 -7.236164808273315430e-02 2.394219636917114258e+00 -2.209174633026123047e-01 -1.559495925903320312e-02 3.143737912178039551e-01
1.586153106689453125e+02 -1.287974715232849121e-01 2.004112005233764648e+00 -2.802371978759765625e-01 5.232143402099609375e-01 4.239220619201660156e-01
2.466790008544921875e+02 -1.766557693481445312e-01 2.207782506942749023e+00 -1.757216453552246094e-01 -6.420612335205078125e-03 7.279759645462036133e-01
1.045676269531250000e+02 4.340767860412597656e-02 2.852954626083374023e+00 -1.823675632476806641e-01 -1.656627655029296875e-01 2.359592169523239136e-01
3.574815063476562500e+02 -9.804308414459228516e-03 2.276673078536987305e+00 -4.098820686340332031e-01 -9.646642208099365234e-01 4.479217231273651123e-01
1.914821929931640625e+02 -6.137120723724365234e-02 2.520091533660888672e+00 -2.773797512054443359e-01 2.324748039245605469e-01 1.372731029987335205e-01
3.527920837402343750e+02 -3.180021047592163086e-02 2.436593532562255859e+00 -1.812016963958740234e-01 5.272364616394042969e-01 8.537027835845947266e-01
1.625494537353515625e+02 -6.624925136566162109e-02 2.179374217987060547e+00 -2.840507030487060547e-01 -3.202927112579345703e-01 6.667231321334838867e-01
1.723093566894531250e+02 -3.319585323333740234e-02 2.475896120071411133e+00 -2.179110050201416016e-01 -2.057230472564697266e-01 6.033389568328857422e-01
3.187582397460937500e+02 2.724325656890869141e-02 2.599950790405273438e+00 -5.940353870391845703e-01 1.073975563049316406e+00 5.319910645484924316e-01
1.739990539550781250e+02 -1.819533109664916992e-02 2.042564630508422852e+00 -4.409074783325195312e-01 1.638889312744140625e-02 1.748678237199783325e-01
3.663763122558593750e+02 -2.512383460998535156e-02 2.323412418365478516e+00 -4.877126216888427734e-01 -1.607537269592285156e-02 3.779642581939697266e-01
3.735226745605468750e+02 -8.691263198852539062e-02 2.245457410812377930e+00 -3.272402286529541016e-01 -2.693963050842285156e-01 1.749458489939570427e-03
