5.691913549999999668e+04 1.378144685956181803e+01 1.536196290872593195e+01
5.695857400000000052e+04 1.366570226432035895e+01 1.538095546636166233e+01
5.698313479999999981e+04 1.354555191725638075e+01 1.469598578323807736e+01
5.701426739999999700e+04 1.265692506194749178e+01 1.366032040594166652e+01
5.724376166666667996e+04 1.211606501032493100e+01 1.302533743514926812e+01
5.728358475000000180e+04 1.220393509399712606e+01 1.288237871935249323e+01
5.730558166666667967e+04 1.260117513378655119e+01 1.351295781575661081e+01
5.734050049999998737e+04 1.273570932717903581e+01 1.355192844118571394e+01
5.736853166666667676e+04 1.148946004858881942e+01 1.225954513242976951e+01
5.762775700000001234e+04 1.147736087356651602e+01 1.239212340470390750e+01
5.765662599999999657e+04 1.186168320939013476e+01 1.248276739146190728e+01
5.769363099999999395e+04 1.197470263099315169e+01 1.344258085631541100e+01
5.771955083333332004e+04 1.177392923618420362e+01 1.302570121579268481e+01
5.774746599999999307e+04 1.213373762203603512e+01 1.283074486200505504e+01
5.798868925000000309e+04 1.263839395549673306e+01 1.650487139331148612e+01
5.804702183333331777e+04 1.255317980705486569e+01 1.333709427552315674e+01
5.807356900000000314e+04 1.295898355522719925e+01 1.555454422082628874e+01
5.810645533333331696e+04 1.179865714845349345e+01 1.279217930349608601e+01
5.836562549999998737e+04 1.265360346790759039e+01 1.367080270655299401e+01
5.839753800000000047e+04 1.205601304002543905e+01 1.301292752962057975e+01
5.843054400000000169e+04 1.179550107460872255e+01 1.275151689028825963e+01
