5.300263671875000000e+02 5.795676879882812500e+02 2.169463038444519043e-01 6.261171340942382812e+00 -8.511269092559814453e-01 -2.403260469436645508e+00 -5.230915546417236328e-01 2.700910806655883789e+00 1.589835166931152344e+00
2.050415496826171875e+02 5.189965820312500000e+02 -2.344325184822082520e-02 5.216692447662353516e+00 -4.528355598449707031e-01 -9.051370620727539062e-01 -1.586627960205078125e-01 2.158143997192382812e+00 5.155062079429626465e-01
5.289406127929687500e+02 2.633530273437500000e+02 3.536328673362731934e-01 6.526781082153320312e+00 1.235828399658203125e+00 4.178113937377929688e+00 6.032991409301757812e-01 2.847101926803588867e+00 5.508590340614318848e-01
1.662192840576171875e+02 4.665716552734375000e+02 1.006094455718994141e+00 7.756012916564941406e+00 3.384914398193359375e+00 8.272665023803710938e+00 2.942771911621093750e+00 2.760521888732910156e+00 1.247969985008239746e+00
2.098965911865234375e+02 2.653728637695312500e+02 5.644530057907104492e-02 5.536512374877929688e+00 -4.830324649810791016e-01 -2.274417877197265625e+00 -1.879492998123168945e+00 5.102006912231445312e+00 2.506204128265380859e+00
1.907481231689453125e+02 5.085942687988281250e+02 -2.681384980678558350e-01 4.489197254180908203e+00 -4.483652114868164062e-01 -1.185989379882812500e+00 4.447293281555175781e-01 2.778160810470581055e+00 9.971314072608947754e-01
5.294395751953125000e+02 6.802562255859375000e+02 -1.629754900932312012e-01 5.821396350860595703e+00 -4.568254947662353516e-01 -1.492389440536499023e+00 -9.352803230285644531e-02 3.768307924270629883e+00 7.735463976860046387e-01
5.252099609375000000e+02 2.372022399902343750e+02 4.387772083282470703e-01 6.581305027008056641e+00 2.173008918762207031e+00 6.294662952423095703e+00 2.500057220458984375e-01 2.813477516174316406e+00 3.558139503002166748e-01
1.961907196044921875e+02 1.970081024169921875e+02 -3.158296644687652588e-01 4.838521003723144531e+00 5.208444595336914062e-01 -2.139997482299804688e-01 5.821943283081054688e-01 5.723264694213867188e+00 1.556807637214660645e+00
5.399193115234375000e+02 6.814946899414062500e+02 -3.664575517177581787e-01 4.519374370574951172e+00 -2.750480175018310547e-01 -8.791708946228027344e-01 8.896970748901367188e-01 3.863210439682006836e+00 1.558036804199218750e-01
2.066567230224609375e+02 3.272348022460937500e+02 6.847035884857177734e-01 7.175123214721679688e+00 3.104901313781738281e-01 6.424999237060546875e-01 -4.696524143218994141e-01 2.253132104873657227e+00 1.265271425247192383e+00
1.934508972167968750e+02 6.148886718750000000e+02 2.178728580474853516e-02 5.639277935028076172e+00 -2.356314659118652344e-01 -1.349253654479980469e+00 1.290493011474609375e+00 3.230868816375732422e+00 2.752574920654296875e+00
1.902580261230468750e+02 2.340455017089843750e+02 1.368072628974914551e-01 5.976250171661376953e+00 1.475453376770019531e-01 -1.047935485839843750e+00 -6.843280792236328125e-01 5.885287284851074219e+00 4.724613949656486511e-02
1.925584411621093750e+02 2.042977142333984375e+02 -3.917109966278076172e-01 4.790935993194580078e+00 -5.036723613739013672e-01 -3.059900999069213867e+00 -1.320638656616210938e+00 5.985992431640625000e+00 1.415715336799621582e+00
1.872407379150390625e+02 4.532692871093750000e+02 -4.793986678123474121e-02 5.724661350250244141e+00 -2.671825885772705078e-01 -1.297068595886230469e-01 -1.289680004119873047e+00 2.961193084716796875e+00 1.504443645477294922e+00
5.317473144531250000e+02 7.474420776367187500e+02 -7.324844598770141602e-02 5.210074901580810547e+00 -1.751232147216796875e-01 -5.738091468811035156e-01 -1.355136632919311523e+00 2.502087593078613281e+00 1.174335956573486328e+00
1.952999877929687500e+02 3.556985778808593750e+02 2.533179521560668945e-01 6.038876533508300781e+00 -1.199870109558105469e+00 -2.517478466033935547e+00 -1.813745498657226562e+00 2.321966409683227539e+00 1.163183569908142090e+00
2.075647583007812500e+02 6.924855346679687500e+02 -3.814722597599029541e-01 4.852113246917724609e+00 8.316993713378906250e-02 -2.021932601928710938e-01 -6.844913959503173828e-01 4.089341640472412109e+00 1.494059085845947266e+00
5.300319824218750000e+02 4.236144104003906250e+02 -3.565448522567749023e-01 4.856937885284423828e+00 -5.529201030731201172e-01 -1.801667213439941406e+00 -2.467027902603149414e+00 4.540318489074707031e+00 1.405785202980041504e+00
1.977039642333984375e+02 2.006289215087890625e+02 -9.894177317619323730e-02 5.195755004882812500e+00 -2.994072437286376953e-01 -8.755409717559814453e-01 -1.288020610809326172e+00 3.568197727203369141e+00 4.240093708038330078e+00
5.465833129882812500e+02 5.187996215820312500e+02 8.772432804107666016e-02 6.122018337249755859e+00 4.156708717346191406e-01 1.985218524932861328e+00 1.832292079925537109e+00 2.787839174270629883e+00 3.000832080841064453e+00
5.257752685546875000e+02 7.454129638671875000e+02 -2.526134252548217773e-01 4.759607791900634766e+00 -4.992651939392089844e-01 -5.525302886962890625e-01 -6.772518157958984375e-02 2.743079662322998047e+00 1.329716145992279053e-01
1.933976593017578125e+02 4.479630432128906250e+02 -8.464038372039794922e-02 5.534988403320312500e+00 1.713514328002929688e-02 2.624797821044921875e-01 -3.360497951507568359e-01 2.287802696228027344e+00 1.117884159088134766e+00
5.375442504882812500e+02 5.762994995117187500e+02 -6.544142961502075195e-03 5.531497001647949219e+00 9.510278701782226562e-02 -4.715919494628906250e-03 5.853033065795898438e-01 2.346365451812744141e+00 1.917418003082275391e+00
2.095085144042968750e+02 2.625377807617187500e+02 6.857627630233764648e-01 7.245570659637451172e+00 -1.903083324432373047e+00 -4.949431419372558594e+00 -1.469706296920776367e+00 2.239825487136840820e+00 1.072967529296875000e+00
2.091522216796875000e+02 6.551148681640625000e+02 -3.174865245819091797e-01 4.531618595123291016e+00 -1.339626312255859375e-01 -6.593763828277587891e-01 3.512001037597656250e-01 2.348444700241088867e+00 1.029418259859085083e-01
1.938276672363281250e+02 5.953848876953125000e+02 -2.714623510837554932e-01 4.892201900482177734e+00 -2.706468105316162109e-01 -2.966690063476562500e-01 2.283787727355957031e-01 2.097522020339965820e+00 4.744000732898712158e-02
1.781605529785156250e+02 2.119982757568359375e+02 -1.925003528594970703e-01 4.958459854125976562e+00 -2.802419662475585938e-01 -1.188548803329467773e+00 -1.219689846038818359e+00 3.055267810821533203e+00 2.951128005981445312e+00
1.885541992187500000e+02 2.150868835449218750e+02 1.051275730133056641e+00 7.862884521484375000e+00 -3.449440002441406250e+00 -1.011641216278076172e+01 -5.593918800354003906e+00 3.085786104202270508e+00 1.742164492607116699e+00
1.917072448730468750e+02 6.842667236328125000e+02 6.482356786727905273e-01 6.970937252044677734e+00 -2.137684822082519531e-01 -1.989471912384033203e-01 6.149601936340332031e-01 3.623510360717773438e+00 1.244403719902038574e+00
2.104879150390625000e+02 4.428622741699218750e+02 -3.072127699851989746e-02 5.500147342681884766e+00 -1.458215713500976562e-01 -4.248118400573730469e-01 1.520872116088867188e-01 2.173439502716064453e+00 1.314738273620605469e+00
2.095779724121093750e+02 5.254302368164062500e+02 1.012182235717773438e-01 5.793841838836669922e+00 3.924822807312011719e-01 9.037208557128906250e-01 -1.242411136627197266e-01 3.038573503494262695e+00 8.166236877441406250e-01
1.947799377441406250e+02 3.764129638671875000e+02 4.542526602745056152e-01 6.475373744964599609e+00 -5.355203151702880859e-01 -2.234648466110229492e+00 3.858089447021484375e-02 3.051396369934082031e+00 2.277421019971370697e-02
5.230671386718750000e+02 5.520269165039062500e+02 7.724785804748535156e-01 6.949725151062011719e+00 -1.781690120697021484e-01 -7.423377037048339844e-01 5.791902542114257812e-02 2.732975721359252930e+00 3.193498849868774414e+00
2.051306457519531250e+02 2.952670898437500000e+02 6.275570392608642578e-01 6.723770618438720703e+00 3.317904472351074219e-01 9.631276130676269531e-01 2.055954933166503906e-01 2.616748571395874023e+00 2.548780441284179688e+00
2.091558227539062500e+02 2.917341918945312500e+02 6.264480948448181152e-01 6.424959659576416016e+00 -1.461827754974365234e-01 -6.258416175842285156e-01 8.776426315307617188e-02 2.288244009017944336e+00 1.976913332939147949e+00
5.421439208984375000e+02 5.665760498046875000e+02 -1.392939686775207520e-01 5.601876258850097656e+00 -6.584668159484863281e-01 -1.736084222793579102e+00 -1.968952417373657227e+00 3.255274772644042969e+00 3.100453615188598633e+00
1.916877746582031250e+02 5.713519287109375000e+02 -1.269423961639404297e-01 5.719379901885986328e+00 -1.776027679443359375e-01 -8.018410205841064453e-01 5.679607391357421875e-02 4.380097866058349609e+00 2.347604334354400635e-01
5.157626342773437500e+02 6.834307861328125000e+02 9.039372205734252930e-02 5.886973381042480469e+00 -4.900550842285156250e-01 -1.032530069351196289e+00 4.005622863769531250e-01 4.427488327026367188e+00 1.266289710998535156e+00
1.932815246582031250e+02 4.084214172363281250e+02 2.659723162651062012e-01 5.962110519409179688e+00 2.134966850280761719e-01 2.844500541687011719e-01 1.685228347778320312e+00 2.202098131179809570e+00 2.847445607185363770e-01
2.139215240478515625e+02 3.952998046875000000e+02 2.805936336517333984e-01 6.055950164794921875e+00 1.201820373535156250e-01 2.354121208190917969e-01 5.434656143188476562e-01 2.706990242004394531e+00 8.340488374233245850e-02
2.022648620605468750e+02 4.149397277832031250e+02 4.182448983192443848e-01 6.232468605041503906e+00 -8.416736125946044922e-01 -1.902381181716918945e+00 -1.674250364303588867e+00 2.694154977798461914e+00 1.224357366561889648e+00
1.789630737304687500e+02 1.896902160644531250e+02 -2.440114319324493408e-01 4.941792488098144531e+00 -2.689945697784423828e-01 -4.030501842498779297e-01 4.223942756652832031e-01 3.472025156021118164e+00 4.076222896575927734e+00
5.303812866210937500e+02 1.943064117431640625e+02 1.645049452781677246e-01 5.718381404876708984e+00 -7.369208335876464844e-01 -1.319208145141601562e+00 -2.078307867050170898e+00 2.733013629913330078e+00 2.661475658416748047e+00
5.201661376953125000e+02 4.480959777832031250e+02 7.795843482017517090e-01 7.420467853546142578e+00 1.858785152435302734e+00 5.651941299438476562e+00 2.093288898468017578e+00 3.200113296508789062e+00 1.326235294342041016e+00
1.944339447021484375e+02 4.514692687988281250e+02 -1.822169125080108643e-01 4.985446453094482422e+00 -2.144825458526611328e-01 -1.034759283065795898e+00 -5.368065834045410156e-01 2.182479858398437500e+00 1.216284275054931641e+00
1.957142181396484375e+02 6.232592163085937500e+02 1.509463787078857422e-01 5.917131423950195312e+00 -8.775603771209716797e-01 -4.188374519348144531e+00 -2.804936170578002930e+00 4.398869991302490234e+00 2.936180591583251953e+00
5.148885498046875000e+02 5.104981994628906250e+02 5.738160014152526855e-01 6.167956352233886719e+00 -1.313928365707397461e+00 -2.618483304977416992e+00 -1.205871105194091797e+00 1.763836741447448730e+00 6.531008481979370117e-01
2.035528259277343750e+02 5.610007324218750000e+02 -9.390890598297119141e-02 5.167737483978271484e+00 -3.755450248718261719e-02 -3.317713737487792969e-02 -8.176875114440917969e-01 2.581621170043945312e+00 1.240800738334655762e+00
5.146116943359375000e+02 6.570730590820312500e+02 5.841812491416931152e-01 6.624291896820068359e+00 1.185297966003417969e-01 2.033901214599609375e-01 -2.738714218139648438e-02 2.275879144668579102e+00 1.839919805526733398e+00
2.091522216796875000e+02 6.551148681640625000e+02 -3.174865245819091797e-01 4.531618595123291016e+00 -1.339626312255859375e-01 -6.593763828277587891e-01 3.512001037597656250e-01 2.348444700241088867e+00 1.029418259859085083e-01
2.210303802490234375e+02 3.921816101074218750e+02 7.380694150924682617e-01 6.881623744964599609e+00 -2.173771858215332031e+00 -6.287307739257812500e+00 -1.002157926559448242e+00 2.782339811325073242e+00 3.166075348854064941e-01
2.057911224365234375e+02 6.134359130859375000e+02 8.388575911521911621e-01 7.098324775695800781e+00 -4.557526111602783203e-01 -1.220500469207763672e+00 6.792068481445312500e-02 2.561243534088134766e+00 2.542297840118408203e+00
2.002408752441406250e+02 2.277687377929687500e+02 9.299859404563903809e-01 7.373051643371582031e+00 -3.098039627075195312e+00 -7.340665817260742188e+00 -5.457502365112304688e+00 2.509628534317016602e+00 1.773771166801452637e+00
1.901908569335937500e+02 2.109185028076171875e+02 -2.530339360237121582e-01 5.112953186035156250e+00 -4.331910610198974609e-01 -3.401479721069335938e+00 4.976511001586914062e-02 4.348482131958007812e+00 7.925519347190856934e-01
5.309259033203125000e+02 3.268629455566406250e+02 4.354044795036315918e-01 6.277453899383544922e+00 -6.655395030975341797e-01 -1.151345968246459961e+00 2.710270881652832031e-01 2.145053625106811523e+00 7.510299682617187500e-01
5.349017944335937500e+02 3.021873779296875000e+02 7.082909345626831055e-01 7.347882270812988281e+00 3.165886402130126953e+00 1.022806167602539062e+01 5.894980430603027344e+00 3.456988096237182617e+00 1.805479288101196289e+00
5.226744384765625000e+02 6.945162353515625000e+02 -1.358389854431152344e-01 5.101070404052734375e+00 -6.629586219787597656e-01 -1.283855438232421875e+00 9.256410598754882812e-01 2.877595186233520508e+00 2.709307670593261719e-01
5.294050292968750000e+02 5.716013183593750000e+02 4.026374220848083496e-01 6.441699028015136719e+00 -1.783668994903564453e-01 -4.080927371978759766e-01 1.066410541534423828e+00 2.741224288940429688e+00 2.702026605606079102e+00
1.968253784179687500e+02 3.895706481933593750e+02 -1.928530633449554443e-01 5.078678131103515625e+00 -6.574118137359619141e-01 -1.206458806991577148e+00 -1.273932456970214844e+00 2.545803785324096680e+00 1.420768022537231445e+00
2.116972198486328125e+02 2.241636352539062500e+02 2.812305092811584473e-01 5.972577571868896484e+00 -1.219432353973388672e+00 -4.436841964721679688e+00 -6.829187870025634766e+00 2.932076215744018555e+00 4.578096389770507812e+00
1.852023315429687500e+02 5.296762695312500000e+02 -3.964410722255706787e-01 4.712283611297607422e+00 -1.442503929138183594e-01 -2.069687843322753906e-01 -1.079902648925781250e+00 2.057414531707763672e+00 1.491515159606933594e+00
2.079342803955078125e+02 5.293331298828125000e+02 1.278352737426757812e-01 5.784980773925781250e+00 -2.616071701049804688e-01 -1.669862270355224609e+00 -1.245228052139282227e+00 3.539076805114746094e+00 7.937690019607543945e-01
2.002118072509765625e+02 2.677113647460937500e+02 3.992688655853271484e-01 6.179377555847167969e+00 1.043748855590820312e-01 7.473921775817871094e-01 1.124041080474853516e+00 3.213313102722167969e+00 2.022127866744995117e+00
5.219243164062500000e+02 2.529967346191406250e+02 -4.238307476043701172e-01 4.826184272766113281e+00 -6.085062026977539062e-01 -1.237813234329223633e+00 1.867270469665527344e+00 3.122218847274780273e+00 8.417520523071289062e-01
5.246395263671875000e+02 2.483530578613281250e+02 -7.393091917037963867e-02 5.158202648162841797e+00 -4.076528549194335938e-01 -1.412621736526489258e+00 -3.381645679473876953e-01 2.275727748870849609e+00 7.036363482475280762e-01
1.986578369140625000e+02 6.542051391601562500e+02 5.836188793182373047e-02 5.624829769134521484e+00 -5.257248878479003906e-02 -1.056989431381225586e+00 -2.258825302124023438e+00 4.241570472717285156e+00 2.940592765808105469e+00
5.311315307617187500e+02 5.691907348632812500e+02 2.943804860115051270e-01 6.499096870422363281e+00 -7.611322402954101562e-01 -1.416683197021484375e+00 -2.432036399841308594e-01 1.921703934669494629e+00 2.701866626739501953e+00
2.125111846923828125e+02 5.608710937500000000e+02 9.597152471542358398e-02 5.658657550811767578e+00 1.370716094970703125e-01 2.488231658935546875e-01 9.251332283020019531e-01 2.886530160903930664e+00 3.693454265594482422e-01
1.970846252441406250e+02 4.835606079101562500e+02 7.294458150863647461e-01 6.869641304016113281e+00 -1.789594888687133789e+00 -5.641430854797363281e+00 -2.123261690139770508e+00 2.435606718063354492e+00 1.102547526359558105e+00
2.027312927246093750e+02 3.846842651367187500e+02 -3.880414366722106934e-01 5.319906711578369141e+00 3.541278839111328125e-01 8.408045768737792969e-01 -8.477330207824707031e-02 2.387598991394042969e+00 7.800826430320739746e-01
1.840605773925781250e+02 5.724217529296875000e+02 -5.932953953742980957e-01 4.702212333679199219e+00 -2.522182464599609375e-01 -1.120156049728393555e+00 7.767319679260253906e-01 6.050724029541015625e+00 7.198623657226562500e+00
1.870782318115234375e+02 5.394910278320312500e+02 5.871611833572387695e-01 6.861730098724365234e+00 3.199768066406250000e-01 1.969208717346191406e+00 1.611878871917724609e+00 4.222324371337890625e+00 1.798435568809509277e+00
1.991540374755859375e+02 4.483332214355468750e+02 1.086286306381225586e+00 7.569734573364257812e+00 2.709603309631347656e+00 9.058823585510253906e+00 1.879718303680419922e+00 3.538440704345703125e+00 4.472860693931579590e-01
1.996817932128906250e+02 5.548266601562500000e+02 1.110899448394775391e-01 6.118886947631835938e+00 -2.440214157104492188e-01 -1.272836923599243164e+00 -1.699554920196533203e-01 4.247375965118408203e+00 2.688734292984008789e+00
5.189545898437500000e+02 6.559420776367187500e+02 1.698964834213256836e-01 5.781250476837158203e+00 4.902648925781250000e-01 2.034702301025390625e+00 7.559061050415039062e-02 2.958027362823486328e+00 2.230348110198974609e+00
5.308450927734375000e+02 5.894128417968750000e+02 3.564369678497314453e-01 5.967810153961181641e+00 1.163244247436523438e-02 -1.573860645294189453e-01 1.483008861541748047e+00 1.778178453445434570e+00 2.200863838195800781e+00
5.250367431640625000e+02 6.436656494140625000e+02 3.671318292617797852e-02 5.975532531738281250e+00 -1.107954978942871094e+00 -5.265499114990234375e+00 -2.298018932342529297e+00 4.464601993560791016e+00 2.304074525833129883e+00
5.251638183593750000e+02 2.732415161132812500e+02 -2.007211744785308838e-01 5.063837051391601562e+00 3.536725044250488281e-01 4.527449607849121094e-01 5.110025405883789062e-01 1.492811322212219238e+00 1.722560167312622070e+00
2.096668548583984375e+02 3.024713134765625000e+02 5.372732877731323242e-02 5.871325969696044922e+00 -5.714774131774902344e-01 -1.369721889495849609e+00 -1.102491617202758789e+00 3.175121784210205078e+00 1.934882998466491699e+00
1.935590057373046875e+02 5.404873046875000000e+02 -8.006379008293151855e-02 5.597951889038085938e+00 -3.097641468048095703e-01 5.990982055664062500e-02 3.054523468017578125e-01 3.349757432937622070e+00 1.284955978393554688e+00
5.315170288085937500e+02 5.706798706054687500e+02 2.098670601844787598e-01 6.126529693603515625e+00 -5.983245372772216797e-01 -1.285897493362426758e+00 -1.196300983428955078e+00 2.706750869750976562e+00 2.503253936767578125e+00
1.825802154541015625e+02 3.617599487304687500e+02 1.421949267387390137e-01 6.081829071044921875e+00 4.827713966369628906e-01 2.890686988830566406e+00 2.718687057495117188e-02 3.864125013351440430e+00 4.538142979145050049e-01
2.152918853759765625e+02 4.277306213378906250e+02 -2.765953540802001953e-01 4.489471912384033203e+00 7.047891616821289062e-02 2.261662483215332031e-01 -4.401981830596923828e-01 1.885679841041564941e+00 5.718786120414733887e-01
1.755245056152343750e+02 1.995451202392578125e+02 2.457472681999206543e-01 5.992568016052246094e+00 -8.300137519836425781e-01 -1.364641189575195312e+00 -1.597317457199096680e+00 2.798483610153198242e+00 3.310552239418029785e-01
1.842154235839843750e+02 4.051768188476562500e+02 3.739774227142333984e-01 6.327071666717529297e+00 -7.999479770660400391e-01 -1.908890008926391602e+00 -1.014454364776611328e+00 2.430881500244140625e+00 1.037110209465026855e+00
1.869869537353515625e+02 2.285071411132812500e+02 -5.333125591278076172e-01 4.951114654541015625e+00 -3.305292129516601562e-01 2.603530883789062500e-01 9.937047958374023438e-02 4.574446201324462891e+00 9.128009676933288574e-01
2.068396301269531250e+02 1.569509124755859375e+02 7.557117938995361328e-01 7.123212814331054688e+00 -1.585961580276489258e+00 -2.537815570831298828e+00 -1.048390865325927734e+00 1.822526931762695312e+00 5.896572470664978027e-01
1.946395568847656250e+02 5.480285644531250000e+02 1.075786352157592773e-01 5.779672622680664062e+00 -1.199316978454589844e-01 5.612850189208984375e-01 5.774617195129394531e-01 3.044453859329223633e+00 4.966756999492645264e-01
1.936531524658203125e+02 2.283833923339843750e+02 -2.792778611183166504e-01 4.993259906768798828e+00 7.026672363281250000e-02 -1.062356233596801758e+00 6.995201110839843750e-03 4.238720893859863281e+00 3.095098972320556641e+00
2.052376098632812500e+02 4.036629638671875000e+02 2.861687541007995605e-01 6.121687889099121094e+00 -7.386350631713867188e-01 -1.187241077423095703e+00 9.926986694335937500e-01 1.702042579650878906e+00 5.911322310566902161e-02
5.234676513671875000e+02 5.171410522460937500e+02 3.735905885696411133e-01 6.330827713012695312e+00 5.205488204956054688e-01 1.511423587799072266e+00 2.411699295043945312e-01 2.604178905487060547e+00 1.184603214263916016e+00
1.849089965820312500e+02 6.884588623046875000e+02 -1.727974414825439453e-01 4.692740917205810547e+00 3.359961509704589844e-01 4.137182235717773438e-01 -1.289900541305541992e+00 2.300265073776245117e+00 1.026245951652526855e+00
1.949070739746093750e+02 6.394495239257812500e+02 4.587107896804809570e-01 6.767221927642822266e+00 -4.508662223815917969e-01 -1.610059738159179688e+00 -1.103222370147705078e+00 3.490780591964721680e+00 2.213347673416137695e+00
2.036936492919921875e+02 5.873843383789062500e+02 -2.129216492176055908e-01 5.455605983734130859e+00 -4.125058650970458984e-01 -1.283837556838989258e+00 -3.770089149475097656e-01 2.669326782226562500e+00 8.443384766578674316e-01
5.180030517578125000e+02 5.222371215820312500e+02 2.046513557434082031e-01 5.872227191925048828e+00 -5.705177783966064453e-01 -1.419316530227661133e+00 -8.185744285583496094e-01 2.885323524475097656e+00 3.623689413070678711e+00
2.033036041259765625e+02 2.086002349853515625e+02 -8.686423301696777344e-02 4.906658649444580078e+00 -4.044508934020996094e-01 -1.570997238159179688e+00 -1.114214658737182617e+00 2.280456304550170898e+00 2.668014526367187500e+00
1.799544982910156250e+02 1.632003631591796875e+02 -4.163940250873565674e-01 4.766150951385498047e+00 -4.978179931640625000e-03 -2.989840507507324219e-01 -1.774907112121582031e-02 3.623200416564941406e+00 3.421052932739257812e+00
1.989331665039062500e+02 6.767690429687500000e+02 5.088528990745544434e-01 6.752634048461914062e+00 1.016335487365722656e+00 3.818876743316650391e+00 8.422160148620605469e-01 5.033147811889648438e+00 5.971606373786926270e-01
2.171660919189453125e+02 3.817527160644531250e+02 7.134497165679931641e-01 6.536141872406005859e+00 -2.122044563293457031e-02 -1.541984081268310547e-01 -3.939986228942871094e-01 2.213224411010742188e+00 5.097506046295166016e-01
1.973428497314453125e+02 3.694077148437500000e+02 3.828841447830200195e-01 6.437392711639404297e+00 -1.470533609390258789e+00 -3.473279476165771484e+00 -1.162952184677124023e+00 2.286118984222412109e+00 6.839215159416198730e-01
1.926374359130859375e+02 5.878925170898437500e+02 1.042544245719909668e+00 7.885700225830078125e+00 1.877901554107666016e+00 6.634280681610107422e+00 9.524226188659667969e-01 3.763408899307250977e+00 2.343294769525527954e-01
2.101703948974609375e+02 1.427265777587890625e+02 -8.115887641906738281e-02 5.624591350555419922e+00 1.341581344604492188e-02 -9.489583969116210938e-01 3.052926063537597656e-01 3.593617677688598633e+00 2.977681159973144531e+00
5.311651000976562500e+02 4.480713272094726562e+01 8.345276117324829102e-01 7.342107295989990234e+00 3.929901123046875000e-01 8.624076843261718750e-02 9.695124626159667969e-01 2.261712074279785156e+00 3.188733756542205811e-01
2.069212646484375000e+02 1.256434097290039062e+02 5.530908703804016113e-01 6.836915493011474609e+00 -3.404700756072998047e-01 -1.752353906631469727e+00 -7.845437526702880859e-01 3.155262231826782227e+00 6.634545978158712387e-03
5.196163940429687500e+02 7.579089355468750000e+02 -5.062134265899658203e-01 4.673089027404785156e+00 -3.981661796569824219e-01 -1.050310134887695312e+00 -1.346002817153930664e+00 3.124184846878051758e+00 9.557333588600158691e-01
2.077274322509765625e+02 5.207239990234375000e+02 3.083804249763488770e-01 6.673495769500732422e+00 -3.641831874847412109e-01 -1.632080078125000000e+00 -1.306533813476562500e-01 3.143205642700195312e+00 1.459396004676818848e+00
5.338616943359375000e+02 6.824792480468750000e+02 -5.064740777015686035e-02 5.707890510559082031e+00 -4.641091823577880859e-01 -5.041098594665527344e-01 -1.281177997589111328e+00 3.572428226470947266e+00 2.005632877349853516e+00
1.958714752197265625e+02 5.685011596679687500e+02 2.909803390502929688e-01 6.090902328491210938e+00 -3.830599784851074219e-01 -9.680604934692382812e-01 1.143860816955566406e-01 2.499242067337036133e+00 7.730655670166015625e-01
5.297814331054687500e+02 6.543897094726562500e+02 -3.228558599948883057e-01 5.354899406433105469e+00 -4.287338256835937500e-01 -9.467351436614990234e-01 -8.074498176574707031e-01 3.447840213775634766e+00 2.752814292907714844e+00
1.929458923339843750e+02 1.929338989257812500e+02 9.398517012596130371e-01 7.462555885314941406e+00 -4.355614185333251953e+00 -1.013899803161621094e+01 2.138447761535644531e-01 2.398072719573974609e+00 1.101131550967693329e-02
1.760606231689453125e+02 2.082972564697265625e+02 -1.686449348926544189e-01 5.160435676574707031e+00 -1.540172100067138672e-01 -4.354715347290039062e-03 -5.682742595672607422e-01 3.233089208602905273e+00 3.321578502655029297e+00
1.976828155517578125e+02 4.413786315917968750e+02 1.005576252937316895e+00 7.744278907775878906e+00 1.249148845672607422e+00 4.847295284271240234e+00 -6.297755241394042969e-01 3.818567991256713867e+00 5.216100811958312988e-01
1.874346923828125000e+02 2.193202667236328125e+02 -3.030775487422943115e-01 4.351981639862060547e+00 -6.845366954803466797e-01 -2.008391618728637695e+00 -4.903805255889892578e-01 2.915638685226440430e+00 5.417582988739013672e-01
2.142417602539062500e+02 5.889429931640625000e+02 -2.495191991329193115e-01 4.984261512756347656e+00 1.859188079833984375e-01 2.326893806457519531e-01 -4.014062881469726562e-01 2.158509731292724609e+00 3.216719925403594971e-01
2.013562927246093750e+02 4.921750488281250000e+02 6.152331829071044922e-02 5.793051242828369141e+00 -4.489219188690185547e-01 -1.805521249771118164e+00 -1.167356967926025391e+00 2.597040653228759766e+00 8.464416861534118652e-01
1.579430694580078125e+02 7.093344726562500000e+02 -3.751562535762786865e-01 4.623177051544189453e+00 -1.540899276733398438e-02 -1.254650354385375977e+00 1.151552200317382812e+00 4.189769268035888672e+00 1.032306551933288574e+00
1.895251007080078125e+02 5.694714355468750000e+02 2.300107479095458984e-01 6.384218215942382812e+00 -1.041898727416992188e+00 -4.427045822143554688e+00 -3.338062763214111328e+00 3.694249153137207031e+00 3.093495368957519531e+00
2.070716094970703125e+02 5.261017456054687500e+02 -3.215953707695007324e-02 5.469532966613769531e+00 -2.375483512878417969e-02 -3.360331058502197266e-01 1.815366744995117188e-01 3.126971721649169922e+00 4.926192760467529297e-01
5.220516357421875000e+02 4.547687072753906250e+02 7.522535324096679688e-01 7.391775131225585938e+00 2.886092662811279297e+00 7.184987068176269531e+00 3.294079303741455078e+00 2.619010210037231445e+00 1.171363472938537598e+00
5.149223632812500000e+02 6.898748168945312500e+02 -9.696140885353088379e-02 4.701181411743164062e+00 2.625131607055664062e-01 3.074789047241210938e-01 1.363148689270019531e+00 2.010798215866088867e+00 6.220414638519287109e-01
5.233118896484375000e+02 7.931432495117187500e+02 -2.794851362705230713e-01 4.616166591644287109e+00 -1.362395286560058594e-01 -7.501924037933349609e-01 -7.708477973937988281e-01 2.324300527572631836e+00 9.398381710052490234e-01
1.952439880371093750e+02 4.201224670410156250e+02 4.409238696098327637e-01 6.145422935485839844e+00 -6.569290161132812500e-01 -1.260374784469604492e+00 -1.167509555816650391e+00 1.785280942916870117e+00 1.180859684944152832e+00
2.029010467529296875e+02 5.299553833007812500e+02 9.239360690116882324e-01 7.793895721435546875e+00 2.765576839447021484e+00 1.070909309387207031e+01 -1.058332920074462891e+00 3.894697189331054688e+00 1.543441563844680786e-01
1.882628631591796875e+02 5.245357666015625000e+02 -8.447125554084777832e-02 5.550128936767578125e+00 -4.926896095275878906e-01 -1.542586088180541992e+00 8.228063583374023438e-02 3.990829467773437500e+00 1.149046570062637329e-01
5.320825195312500000e+02 2.529631805419921875e+02 -1.116771996021270752e-01 5.218402385711669922e+00 -3.103828430175781250e-01 -1.808583736419677734e-01 3.507089614868164062e-01 2.556860923767089844e+00 1.443872928619384766e+00
1.868458862304687500e+02 2.089830322265625000e+02 -4.909440875053405762e-01 4.658904075622558594e+00 -1.903891563415527344e-02 8.092880249023437500e-01 -3.061437606811523438e-01 5.855658531188964844e+00 3.671301603317260742e-01
1.891456604003906250e+02 3.657281494140625000e+02 2.490991353988647461e-01 5.572492599487304688e+00 -1.336201429367065430e+00 -3.042923212051391602e+00 2.353310585021972656e-01 2.356393098831176758e+00 5.814252495765686035e-01
5.215612182617187500e+02 5.635062866210937500e+02 9.188503026962280273e-02 6.185665130615234375e+00 4.905462265014648438e-02 -6.891369819641113281e-02 6.071662902832031250e-01 2.397946357727050781e+00 1.796741008758544922e+00
5.267934570312500000e+02 7.081773071289062500e+02 -2.785854041576385498e-01 4.115313529968261719e+00 -2.744388580322265625e-01 -3.765690326690673828e-01 -6.070137023925781250e-01 2.219008922576904297e+00 1.479661703109741211e+00
1.831008300781250000e+02 6.279623413085937500e+02 2.475038170814514160e-01 5.933744907379150391e+00 -1.550577878952026367e+00 -4.350291252136230469e+00 -3.597409725189208984e+00 3.183455705642700195e+00 3.164304494857788086e+00
2.103629608154296875e+02 5.782246704101562500e+02 3.593236207962036133e-02 5.956350326538085938e+00 5.537223815917968750e-01 1.473395824432373047e+00 4.954242706298828125e-01 2.755505561828613281e+00 4.528880715370178223e-01
5.136917114257812500e+02 4.978896179199218750e+02 3.670361638069152832e-01 6.216930389404296875e+00 -2.274036407470703125e-01 -7.753050327301025391e-01 -1.253629922866821289e+00 1.945056319236755371e+00 2.861343383789062500e+00
5.354726562500000000e+02 4.298670349121093750e+02 5.871769785881042480e-01 6.776219844818115234e+00 1.633961200714111328e+00 6.751744747161865234e+00 1.550648212432861328e+00 3.777082443237304688e+00 8.900681138038635254e-01
2.033621368408203125e+02 5.977338256835937500e+02 2.670180797576904297e-01 6.233827114105224609e+00 1.494789123535156250e-01 2.837276458740234375e-01 2.698183059692382812e-01 4.106443405151367188e+00 2.500166654586791992e+00
5.285712280273437500e+02 5.205074462890625000e+02 -5.985066294670104980e-02 5.377048015594482422e+00 1.610994338989257812e-01 -1.854240894317626953e-01 3.554177284240722656e-01 2.503345251083374023e+00 1.772605776786804199e+00
5.312620849609375000e+02 7.499886474609375000e+02 -4.982069134712219238e-01 4.687358856201171875e+00 -9.852528572082519531e-02 -6.113004684448242188e-01 2.653002738952636719e-01 3.154478311538696289e+00 1.128679960966110229e-01
2.014405212402343750e+02 3.653730773925781250e+02 -4.017730057239532471e-01 4.399414062500000000e+00 -1.186335086822509766e-01 -2.162909507751464844e-01 -3.952920436859130859e-01 2.497354745864868164e+00 8.291728496551513672e-01
1.803438110351562500e+02 3.618542785644531250e+02 2.309995889663696289e-01 6.059036731719970703e+00 -1.015484333038330078e+00 -3.506666421890258789e+00 -1.439027786254882812e+00 3.345949172973632812e+00 6.107373237609863281e-01
1.716554260253906250e+02 1.822889251708984375e+02 6.048771739006042480e-01 6.664907932281494141e+00 6.719875335693359375e-01 2.218713760375976562e+00 2.111530303955078125e-01 2.316893577575683594e+00 6.595051288604736328e-02
2.055197753906250000e+02 3.673248596191406250e+02 4.799658060073852539e-01 6.472813606262207031e+00 -1.267446279525756836e+00 -3.213016986846923828e+00 -1.133856773376464844e+00 2.196398019790649414e+00 7.994037270545959473e-01
2.021090545654296875e+02 4.931884155273437500e+02 -1.750318706035614014e-01 5.099855422973632812e+00 2.317810058593750000e-01 -1.312685012817382812e-01 -1.018296480178833008e+00 3.521967887878417969e+00 1.253322601318359375e+00
2.001755981445312500e+02 3.653899841308593750e+02 4.618024826049804688e-01 6.546270370483398438e+00 -1.533365249633789062e+00 -3.634766340255737305e+00 4.806184768676757812e-01 2.818241596221923828e+00 5.578832030296325684e-01
5.206408081054687500e+02 6.970364379882812500e+02 -4.378809034824371338e-01 4.520489692687988281e+00 -4.307031631469726562e-03 -4.645407199859619141e-01 -6.087839603424072266e-01 2.504805088043212891e+00 3.302428126335144043e-02
5.427786254882812500e+02 7.153325805664062500e+02 -3.687624633312225342e-01 4.994862556457519531e+00 -4.577124118804931641e-01 -1.178684234619140625e+00 -7.193970680236816406e-01 2.968701124191284180e+00 2.676218986511230469e+00
2.039082489013671875e+02 4.354288024902343750e+02 -3.486259281635284424e-01 5.363457202911376953e+00 2.817869186401367188e-01 1.020076274871826172e+00 -6.256580352783203125e-02 2.963267803192138672e+00 9.096764922142028809e-01
5.189830932617187500e+02 6.202675781250000000e+02 3.789049386978149414e-01 6.371567726135253906e+00 -1.957929134368896484e-01 -8.257246017456054688e-01 4.102826118469238281e-01 2.870787620544433594e+00 1.682968020439147949e+00
2.100139923095703125e+02 4.755879516601562500e+02 8.733955025672912598e-01 7.795620918273925781e+00 1.490616798400878906e+00 4.739613533020019531e+00 2.823646068572998047e+00 3.238223075866699219e+00 1.580440759658813477e+00
5.356352539062500000e+02 7.319967651367187500e+02 -6.860643625259399414e-02 5.419628143310546875e+00 3.144955635070800781e-01 1.440041065216064453e+00 1.255066394805908203e+00 2.771304845809936523e+00 2.581717371940612793e-01
1.988972015380859375e+02 5.542935180664062500e+02 2.750140428543090820e-01 6.009618759155273438e+00 -1.079914569854736328e+00 -3.741731643676757812e+00 -4.029083251953125000e-01 2.980353832244873047e+00 2.001920342445373535e-02
1.946264343261718750e+02 5.440208740234375000e+02 3.590494394302368164e-02 5.687984466552734375e+00 -3.625524044036865234e-01 -8.276617527008056641e-01 -6.004559993743896484e-01 4.210362911224365234e+00 3.532277420163154602e-02
5.322333984375000000e+02 2.561122131347656250e+02 -1.763080060482025146e-01 5.417791366577148438e+00 2.891254425048828125e-01 5.284023284912109375e-01 3.524947166442871094e-01 2.992183685302734375e+00 1.631952285766601562e+00
2.178457794189453125e+02 6.689340820312500000e+02 -1.366882026195526123e-01 5.191353797912597656e+00 -2.190828323364257812e-02 -1.567101478576660156e-01 -1.017137765884399414e+00 1.722059369087219238e+00 2.997241020202636719e-01
2.058734588623046875e+02 2.063495941162109375e+02 -1.779110729694366455e-01 5.601021289825439453e+00 -6.909883022308349609e-01 -5.668273925781250000e+00 -1.535550355911254883e+00 5.757133960723876953e+00 1.560468196868896484e+00
5.328532104492187500e+02 7.400535278320312500e+02 -4.856614768505096436e-01 4.974822998046875000e+00 -1.052629947662353516e-01 -6.195759773254394531e-01 1.676201820373535156e-01 3.076183319091796875e+00 6.484011653810739517e-03
2.021361389160156250e+02 2.127654571533203125e+02 -2.905005216598510742e-01 4.691993236541748047e+00 1.096272468566894531e-01 -6.069326400756835938e-01 -1.016545295715332031e-01 3.800541877746582031e+00 3.623125553131103516e+00
5.175701904296875000e+02 2.117850494384765625e+02 -2.900883555412292480e-02 5.428470134735107422e+00 -1.159334182739257812e-01 -6.160497665405273438e-02 5.832719802856445312e-01 2.765650987625122070e+00 2.121074438095092773e+00
2.079660949707031250e+02 5.976545410156250000e+02 3.430789709091186523e-01 6.354984283447265625e+00 7.406401634216308594e-01 2.310745716094970703e+00 6.786274909973144531e-01 4.178381443023681641e+00 1.392766475677490234e+00
1.771356353759765625e+02 1.726330566406250000e+02 1.213788032531738281e+00 7.799030303955078125e+00 -5.905393600463867188e+00 -1.800642395019531250e+01 -8.695138931274414062e+00 3.024793148040771484e+00 1.668618440628051758e+00
1.907669830322265625e+02 2.471687622070312500e+02 2.285629510879516602e-02 5.573041915893554688e+00 -4.579901695251464844e-01 -3.625450134277343750e+00 -1.557201147079467773e+00 5.029126167297363281e+00 1.666157126426696777e+00
5.356372070312500000e+02 5.518648071289062500e+02 4.120510816574096680e-01 6.474308013916015625e+00 -1.787817478179931641e-01 -3.118157386779785156e-02 -1.068103313446044922e-01 3.205929040908813477e+00 1.855540990829467773e+00
2.124903869628906250e+02 4.088133239746093750e+02 -1.688304543495178223e-01 4.848561286926269531e+00 -3.131651878356933594e-01 -5.395603179931640625e-01 -3.784906864166259766e-01 2.232092142105102539e+00 1.832484006881713867e+00
1.875101470947265625e+02 5.570441894531250000e+02 7.803624868392944336e-01 7.458250522613525391e+00 2.087888717651367188e+00 7.072350978851318359e+00 6.749799251556396484e+00 2.978372573852539062e+00 3.017574787139892578e+00
2.053106384277343750e+02 2.010883636474609375e+02 -1.706065237522125244e-01 5.558324337005615234e+00 5.008864402770996094e-01 2.466228008270263672e+00 1.241354942321777344e+00 4.785115242004394531e+00 1.479376077651977539e+00
2.142479400634765625e+02 4.533157348632812500e+02 1.278701424598693848e-01 5.926247596740722656e+00 1.012277603149414062e-01 -7.073640823364257812e-02 1.587200164794921875e-01 1.877672672271728516e+00 1.764939904212951660e+00
1.973599700927734375e+02 2.582722167968750000e+02 -4.541704058647155762e-01 4.741950035095214844e+00 -4.153633117675781250e-01 -1.359754800796508789e+00 -2.729821205139160156e-01 3.307454824447631836e+00 3.912438869476318359e+00
1.893189392089843750e+02 5.512490844726562500e+02 -1.741588115692138672e-02 5.687469959259033203e+00 -5.743718147277832031e-01 -1.656004190444946289e+00 -9.321761131286621094e-01 3.297536849975585938e+00 8.630096912384033203e-01
5.297153320312500000e+02 1.915926666259765625e+02 1.672506332397460938e-02 5.652612209320068359e+00 -1.279711723327636719e-02 1.025509834289550781e-01 -1.826488971710205078e-01 2.452821493148803711e+00 1.748278021812438965e+00
2.013018798828125000e+02 3.608680114746093750e+02 5.506080389022827148e-01 6.628479480743408203e+00 -2.111003398895263672e+00 -4.202776908874511719e+00 -2.257360219955444336e+00 2.002125024795532227e+00 7.015581130981445312e-01
1.986116485595703125e+02 3.794852600097656250e+02 2.979391813278198242e-01 5.784395217895507812e+00 -4.995977878570556641e-01 -2.216918468475341797e+00 -1.080000400543212891e-01 3.103834152221679688e+00 7.515496015548706055e-01
1.937812042236328125e+02 2.585994873046875000e+02 -3.071971237659454346e-01 4.846669197082519531e+00 -2.089488506317138672e-01 -4.019880294799804688e-01 -6.356358528137207031e-02 5.635747432708740234e+00 1.051311373710632324e+00
1.945433959960937500e+02 6.129410400390625000e+02 1.699367165565490723e-01 6.294538497924804688e+00 -1.145006418228149414e+00 -4.465397834777832031e+00 -1.572619676589965820e+00 4.168358802795410156e+00 2.926473617553710938e+00
5.270319213867187500e+02 5.901760864257812500e+02 2.382478117942810059e-01 5.798585891723632812e+00 1.123518943786621094e+00 3.063697814941406250e+00 1.368906497955322266e+00 2.497186899185180664e+00 1.862674951553344727e+00
1.852402496337890625e+02 3.707206726074218750e+02 3.615716099739074707e-01 6.494620323181152344e+00 9.970426559448242188e-02 8.822536468505859375e-01 -1.306223869323730469e-01 2.936145782470703125e+00 1.781555175781250000e+00
2.004849853515625000e+02 2.521006622314453125e+02 8.605998754501342773e-01 7.517257690429687500e+00 -1.646233797073364258e+00 -4.446859359741210938e+00 -2.212615013122558594e+00 2.323881864547729492e+00 1.951222181320190430e+00
2.324031372070312500e+02 3.442925109863281250e+02 4.854136705398559570e-01 6.190166950225830078e+00 1.308941841125488281e-01 6.197214126586914062e-02 3.844881057739257812e-01 1.810284614562988281e+00 5.254635587334632874e-03
1.890437469482421875e+02 5.189874267578125000e+02 -3.503262996673583984e-04 5.485945224761962891e+00 -9.440612792968750000e-01 -3.391336202621459961e+00 -8.632957935333251953e-01 3.379034757614135742e+00 6.763238310813903809e-01
5.342119750976562500e+02 7.547276611328125000e+02 -4.193569719791412354e-01 4.602228164672851562e+00 -2.061092853546142578e-01 2.307462692260742188e-01 6.789398193359375000e-01 3.288539886474609375e+00 6.732693314552307129e-01
1.737649993896484375e+02 3.826100158691406250e+02 3.807634115219116211e-02 5.437766551971435547e+00 -1.556575298309326172e-01 -9.210228919982910156e-01 7.373261451721191406e-01 2.847608327865600586e+00 7.990849018096923828e-01
1.958570709228515625e+02 2.061698455810546875e+02 -4.278007149696350098e-01 4.967350959777832031e+00 -1.582849025726318359e-01 5.190157890319824219e-01 4.564046859741210938e-02 3.705005407333374023e+00 2.884375810623168945e+00
2.006946258544921875e+02 5.192192382812500000e+02 8.518686890602111816e-01 6.993844032287597656e+00 -2.449202537536621094e-01 -1.272544860839843750e+00 7.822585105895996094e-01 3.020853757858276367e+00 1.335825920104980469e-01
2.016491241455078125e+02 6.379092407226562500e+02 4.000109434127807617e-01 6.447517395019531250e+00 4.699945449829101562e-01 1.196897029876708984e+00 1.241323947906494141e+00 4.127245426177978516e+00 1.600383043289184570e+00
5.348671264648437500e+02 6.109270629882812500e+02 5.076348781585693359e-01 6.692815780639648438e+00 -8.159518241882324219e-02 5.601406097412109375e-01 -3.603196144104003906e-01 3.021380424499511719e+00 1.964490890502929688e+00
1.912713623046875000e+02 6.329160156250000000e+02 3.885844349861145020e-01 6.529031276702880859e+00 6.894707679748535156e-01 2.263813018798828125e+00 2.379894256591796875e-01 4.224452018737792969e+00 1.158924937248229980e+00
1.841973114013671875e+02 6.878105468750000000e+02 1.791578531265258789e-01 5.931516647338867188e+00 3.253436088562011719e-01 1.842331886291503906e+00 3.869509696960449219e-01 4.069931983947753906e+00 1.089647889137268066e+00
2.031213531494140625e+02 3.564217834472656250e+02 -1.106412708759307861e-01 5.340648174285888672e+00 -2.922654151916503906e-02 1.884651184082031250e-01 -3.568446636199951172e-01 1.787256240844726562e+00 1.959734082221984863e+00
2.016558380126953125e+02 7.011510009765625000e+02 -7.916510105133056641e-02 5.048268795013427734e+00 -1.286828517913818359e-01 5.031108856201171875e-01 -5.732285976409912109e-01 2.014618158340454102e+00 8.758795857429504395e-01
5.383836059570312500e+02 7.650171508789062500e+02 -4.074372351169586182e-01 4.616987705230712891e+00 -4.176139831542968750e-01 -5.390548706054687500e-01 -4.222273826599121094e-02 3.153465270996093750e+00 5.388448480516672134e-04
1.824037475585937500e+02 6.058962402343750000e+02 1.238921284675598145e-01 5.540529251098632812e+00 -1.030033826828002930e+00 -3.338319063186645508e+00 -1.902617216110229492e+00 3.181960344314575195e+00 8.647984862327575684e-01
5.238452148437500000e+02 7.415272216796875000e+02 -1.751145720481872559e-01 5.145544052124023438e+00 -4.359018802642822266e-01 -1.566524505615234375e+00 1.230113506317138672e+00 2.262767076492309570e+00 1.920904070138931274e-01
5.343060913085937500e+02 3.065931510925292969e+01 9.129396080970764160e-01 7.916604518890380859e+00 9.324002265930175781e-01 4.350693225860595703e+00 1.237628459930419922e+00 4.513167858123779297e+00 1.482663631439208984e+00
1.898045959472656250e+02 3.860408935546875000e+02 9.189057350158691406e-01 7.420300483703613281e+00 6.480455398559570312e-01 1.054551601409912109e+00 -6.893873214721679688e-02 2.510735511779785156e+00 3.630630373954772949e-01
2.073002624511718750e+02 3.604009094238281250e+02 -1.685203611850738525e-01 5.282745838165283203e+00 2.814316749572753906e-01 3.952264785766601562e-02 1.122317314147949219e+00 2.282254934310913086e+00 9.808197021484375000e-01
1.990460357666015625e+02 4.325689697265625000e+02 5.978846549987792969e-01 6.828086853027343750e+00 -7.282292842864990234e-01 -2.864623069763183594e+00 -9.645485877990722656e-01 2.827012777328491211e+00 3.065220713615417480e-01
1.987765808105468750e+02 5.776389160156250000e+02 -1.903812587261199951e-01 5.507687091827392578e+00 -3.773903846740722656e-01 -1.881875991821289062e+00 1.362147331237792969e+00 3.814509391784667969e+00 6.034704446792602539e-01
1.910405578613281250e+02 2.614228515625000000e+02 -9.918168187141418457e-02 5.197504520416259766e+00 5.401086807250976562e-01 1.120083332061767578e+00 8.238673210144042969e-01 1.953214406967163086e+00 1.434895303100347519e-02
1.937792816162109375e+02 9.800476837158203125e+01 1.262232303619384766e+00 7.911725521087646484e+00 -4.844912528991699219e+00 -9.952673912048339844e+00 -4.784456253051757812e+00 2.115205764770507812e+00 9.792446494102478027e-01
5.291442871093750000e+02 7.909686279296875000e+02 -3.184042870998382568e-01 4.767287254333496094e+00 -1.164901256561279297e-01 -2.872216701507568359e-01 3.514122962951660156e-01 2.586488246917724609e+00 4.743013530969619751e-02
5.311849975585937500e+02 7.696572265625000000e+02 1.001264452934265137e+00 7.273499965667724609e+00 1.692037582397460938e+00 4.553766250610351562e+00 1.434471607208251953e+00 3.350570440292358398e+00 1.183222889900207520e+00
1.843315887451171875e+02 4.569454650878906250e+02 5.180642008781433105e-01 6.712684154510498047e+00 -1.795507669448852539e+00 -4.397739410400390625e+00 -1.727217435836791992e+00 2.373826742172241211e+00 2.382869124412536621e-01
2.085331268310546875e+02 3.900373229980468750e+02 4.149177670478820801e-01 6.486098289489746094e+00 -3.619551658630371094e-02 -1.050031185150146484e-01 -6.296300888061523438e-01 1.967545151710510254e+00 6.036676168441772461e-01
5.222319335937500000e+02 2.976215209960937500e+02 -2.215160429477691650e-01 5.721480369567871094e+00 1.733779907226562500e-02 -2.985739707946777344e-01 -4.075837135314941406e-01 3.304922342300415039e+00 1.992615312337875366e-02
1.873306427001953125e+02 5.481687011718750000e+02 7.207977771759033203e-01 6.920843601226806641e+00 2.020046710968017578e+00 5.401170253753662109e+00 4.963042736053466797e+00 2.614988327026367188e+00 2.822023391723632812e+00
1.763896942138671875e+02 5.416775512695312500e+02 2.709686756134033203e-02 5.435122489929199219e+00 -3.488361835479736328e-01 -3.659069538116455078e-01 -6.683146953582763672e-01 3.290409803390502930e+00 1.252662837505340576e-01
2.022515563964843750e+02 5.544328002929687500e+02 2.375540137290954590e-01 5.945425033569335938e+00 7.268023490905761719e-01 1.581432819366455078e+00 8.356094360351562500e-02 1.831935167312622070e+00 1.455237418413162231e-01
1.968034210205078125e+02 6.339812622070312500e+02 3.420352935791015625e-01 6.328907966613769531e+00 4.144239425659179688e-01 1.777467727661132812e+00 1.120467185974121094e+00 3.927548408508300781e+00 1.609002113342285156e+00
1.735976409912109375e+02 4.441434936523437500e+02 9.225708246231079102e-01 7.135583400726318359e+00 1.008841991424560547e+00 2.071590423583984375e+00 2.124190330505371094e-01 2.291929960250854492e+00 2.499197609722614288e-02
5.224149169921875000e+02 6.904108276367187500e+02 -9.372532367706298828e-02 5.202946662902832031e+00 9.306430816650390625e-02 1.830339431762695312e-02 2.504563331604003906e-01 2.881988048553466797e+00 1.577610373497009277e+00
2.066479034423828125e+02 5.546739501953125000e+02 -1.695212721824645996e-01 5.035905838012695312e+00 1.934361457824707031e-01 1.081130504608154297e+00 -3.061854839324951172e-01 2.634826898574829102e+00 2.741486020386219025e-02
1.768643493652343750e+02 1.745110473632812500e+02 -3.326605260372161865e-01 5.366811275482177734e+00 7.276535034179687500e-03 -1.205847263336181641e+00 5.025100708007812500e-01 5.902235507965087891e+00 1.220061540603637695e+00
1.992976531982421875e+02 6.703971557617187500e+02 3.161042928695678711e-01 6.448150634765625000e+00 -3.465306758880615234e-01 -1.398301124572753906e+00 -3.864514827728271484e-01 3.368355274200439453e+00 1.780479073524475098e+00
5.231995849609375000e+02 4.908004379272460938e+01 8.642813563346862793e-01 7.205796718597412109e+00 1.304273605346679688e+00 2.496745586395263672e+00 -1.091485023498535156e+00 1.738430500030517578e+00 4.609076976776123047e-01
5.340274658203125000e+02 6.398439331054687500e+02 3.008437156677246094e-01 6.068702697753906250e+00 -1.338213682174682617e+00 -2.231643199920654297e+00 -3.235746622085571289e+00 1.893666505813598633e+00 2.347405672073364258e+00
1.961712951660156250e+02 1.866817474365234375e+02 7.531195878982543945e-01 7.137528419494628906e+00 -3.004467487335205078e+00 -6.783656120300292969e+00 6.432342529296875000e-01 2.324200153350830078e+00 2.649923786520957947e-02
5.265640869140625000e+02 5.307173461914062500e+02 2.622371912002563477e-01 6.503699779510498047e+00 6.937170028686523438e-01 2.628333568572998047e+00 1.733555793762207031e+00 3.442001819610595703e+00 5.976105332374572754e-01
1.922230834960937500e+02 1.922978820800781250e+02 1.120811700820922852e-01 5.613040447235107422e+00 -1.729798316955566406e-01 -1.009341478347778320e+00 -3.817689418792724609e-01 5.161058425903320312e+00 1.325428605079650879e+00
1.998557739257812500e+02 6.192273559570312500e+02 1.100382804870605469e+00 7.858681678771972656e+00 2.444112300872802734e+00 9.467832565307617188e+00 -2.112340927124023438e-01 3.967525720596313477e+00 4.299371838569641113e-01
2.017523040771484375e+02 3.890532226562500000e+02 5.632030963897705078e-01 6.316419124603271484e+00 -2.245199680328369141e-01 -1.395965814590454102e+00 2.841043472290039062e-01 2.545077800750732422e+00 2.870479524135589600e-01
2.057081451416015625e+02 6.755336303710937500e+02 2.145257592201232910e-01 6.370201110839843750e+00 6.822156906127929688e-01 2.766978740692138672e+00 7.770395278930664062e-01 4.561765670776367188e+00 9.859638810157775879e-01
1.991189422607421875e+02 3.132365722656250000e+02 1.861083507537841797e-01 5.745195865631103516e+00 8.898735046386718750e-01 1.020410060882568359e+00 1.399047374725341797e+00 1.844889402389526367e+00 1.614246606826782227e+00
1.790155029296875000e+02 6.960432739257812500e+02 -1.929764449596405029e-01 4.805703639984130859e+00 -4.545474052429199219e-01 4.660439491271972656e-01 -8.521866798400878906e-01 4.394833564758300781e+00 2.781539559364318848e-01
2.168734741210937500e+02 4.427059326171875000e+02 -4.521799087524414062e-01 4.613008499145507812e+00 -2.408969402313232422e-01 -1.622413396835327148e+00 -5.599331855773925781e-01 2.931649684906005859e+00 1.806927204132080078e+00
1.780736846923828125e+02 5.705173339843750000e+02 1.017403602600097656e-01 5.787335872650146484e+00 3.221988677978515625e-02 2.817344665527343750e-01 9.911537170410156250e-01 3.322231531143188477e+00 9.035853147506713867e-01
1.934331512451171875e+02 3.294291381835937500e+02 1.039400696754455566e-01 6.039957046508789062e+00 -1.059470176696777344e+00 -4.214135169982910156e+00 -6.195020675659179688e-01 3.417692661285400391e+00 2.870605885982513428e-01
1.862144165039062500e+02 1.749875030517578125e+02 7.553085684776306152e-01 6.838532447814941406e+00 -1.574548482894897461e+00 -4.054453372955322266e+00 -5.189669132232666016e-01 2.446145057678222656e+00 4.187791347503662109e-01
5.349377441406250000e+02 2.947925415039062500e+02 -2.173410356044769287e-01 5.095315933227539062e+00 -9.074687957763671875e-02 3.589367866516113281e-01 1.286571025848388672e+00 3.060759544372558594e+00 2.136033296585083008e+00
1.777460632324218750e+02 4.610688171386718750e+02 -1.159779727458953857e-01 5.312070846557617188e+00 -3.486716747283935547e-01 -4.076123237609863281e-02 4.429364204406738281e-01 2.385337352752685547e+00 1.718154549598693848e-01
1.990816345214843750e+02 6.144543457031250000e+02 5.069175362586975098e-01 6.210773468017578125e+00 2.243781089782714844e-01 8.255171775817871094e-01 5.152702331542968750e-01 3.473744392395019531e+00 1.485196471214294434e+00
1.749594726562500000e+02 5.364409790039062500e+02 2.883788943290710449e-01 5.840630054473876953e+00 -6.131947040557861328e-01 -1.520034074783325195e+00 -7.243728637695312500e-01 3.084476232528686523e+00 4.151561260223388672e-01
2.202601165771484375e+02 7.421728515625000000e+02 -1.106241345405578613e-01 4.520272254943847656e+00 -7.287859916687011719e-02 -7.343530654907226562e-02 6.458497047424316406e-01 1.836906909942626953e+00 1.090747237205505371e+00
5.353072509765625000e+02 7.979018554687500000e+02 -2.780725061893463135e-01 5.010474681854248047e+00 1.332998275756835938e-02 6.049323081970214844e-01 2.794623374938964844e-01 2.408912420272827148e+00 4.925329685211181641e-01
2.155885467529296875e+02 4.435567016601562500e+02 5.343744158744812012e-01 6.435097217559814453e+00 -1.335380077362060547e+00 -3.713382482528686523e+00 -7.793545722961425781e-01 2.390211582183837891e+00 8.014912605285644531e-01
1.990430297851562500e+02 5.256265869140625000e+02 -4.967816174030303955e-01 4.733919620513916016e+00 -2.361023426055908203e-01 -4.677391052246093750e-01 6.111073493957519531e-01 3.257764577865600586e+00 1.009371042251586914e+00
5.333222656250000000e+02 5.896064453125000000e+02 3.301015496253967285e-01 6.523041725158691406e+00 3.595995903015136719e-01 1.188268661499023438e+00 1.785490512847900391e+00 2.942953109741210938e+00 2.140490055084228516e+00
1.995926513671875000e+02 4.043803710937500000e+02 6.768396496772766113e-01 7.081472396850585938e+00 -1.125650405883789062e+00 -4.370809555053710938e+00 9.303092956542968750e-02 3.466149568557739258e+00 4.364930391311645508e-01
2.123467712402343750e+02 1.231297454833984375e+02 1.150632143020629883e+00 7.985995769500732422e+00 -1.165032386779785156e+00 -5.264990329742431641e+00 -4.860186576843261719e-01 3.947399616241455078e+00 8.938704729080200195e-01
2.082295227050781250e+02 3.513739013671875000e+02 5.192214250564575195e-01 6.481197357177734375e+00 -3.216040134429931641e-01 -8.126652240753173828e-01 1.439883708953857422e+00 2.231887340545654297e+00 4.013679623603820801e-01
5.049394226074218750e+02 3.951281127929687500e+02 1.201555132865905762e+00 7.701239585876464844e+00 -6.008378028869628906e+00 -1.300300407409667969e+01 -9.616433143615722656e+00 2.014089345932006836e+00 1.581517696380615234e+00
2.010290222167968750e+02 2.921250000000000000e+02 5.147582292556762695e-01 6.189032554626464844e+00 -1.707221269607543945e+00 -5.158362388610839844e+00 -5.847513675689697266e-01 2.894082307815551758e+00 4.832012951374053955e-01
2.072498626708984375e+02 1.589914855957031250e+02 9.028482437133789062e-01 7.064555644989013672e+00 -1.301035881042480469e+00 -2.501426935195922852e+00 -1.276028156280517578e-01 1.888170361518859863e+00 1.440939158201217651e-01
5.365430297851562500e+02 5.849232177734375000e+02 3.893762826919555664e-01 6.338098049163818359e+00 -2.856028079986572266e+00 -5.360139846801757812e+00 -3.513363599777221680e+00 2.072105407714843750e+00 9.784138202667236328e-01
5.263743896484375000e+02 5.985431518554687500e+02 4.889151453971862793e-01 6.322072505950927734e+00 2.152681350708007812e-01 7.862567901611328125e-01 3.374743461608886719e-01 2.706110239028930664e+00 2.507248163223266602e+00
1.872156677246093750e+02 5.031563415527343750e+02 4.134204983711242676e-01 6.673973560333251953e+00 -6.899690628051757812e-01 -2.493306398391723633e+00 -1.645221710205078125e+00 3.435800552368164062e+00 1.298843741416931152e+00
1.960966033935546875e+02 6.686694335937500000e+02 5.909270048141479492e-01 6.890344619750976562e+00 1.284670829772949219e-01 1.724412441253662109e+00 1.039755344390869141e+00 4.541350841522216797e+00 1.206104040145874023e+00
5.395515136718750000e+02 7.387377929687500000e+02 -3.969970345497131348e-01 4.445164680480957031e+00 2.279758453369140625e-02 1.153113842010498047e+00 -7.128846645355224609e-01 2.673853635787963867e+00 2.275990843772888184e-01
2.062206726074218750e+02 5.049689636230468750e+02 2.195003628730773926e-01 6.263295173645019531e+00 1.829314231872558594e-01 9.185767173767089844e-01 8.695602416992187500e-01 4.133374214172363281e+00 1.810186028480529785e+00
5.220256958007812500e+02 4.079205627441406250e+02 7.854148745536804199e-01 7.408796310424804688e+00 1.670284271240234375e+00 5.610911846160888672e+00 2.855997085571289062e+00 3.332906961441040039e+00 1.832779049873352051e+00
1.795287628173828125e+02 4.760517578125000000e+02 6.062620878219604492e-01 7.198744773864746094e+00 1.048109531402587891e+00 4.187321662902832031e+00 -1.583459377288818359e+00 4.636909484863281250e+00 4.694364666938781738e-01
1.886710968017578125e+02 4.265558166503906250e+02 3.630915284156799316e-01 6.225475311279296875e+00 -1.493000984191894531e+00 -3.615227937698364258e+00 4.913806915283203125e-02 2.469786405563354492e+00 2.906446456909179688e-01
2.066489868164062500e+02 5.360555419921875000e+02 -1.972278952598571777e-01 5.547703266143798828e+00 -1.502752304077148438e-01 -5.982244014739990234e-01 3.578448295593261719e-01 3.385541677474975586e+00 1.463412046432495117e+00
1.845622558593750000e+02 5.869873046875000000e+02 1.033862233161926270e+00 7.657123565673828125e+00 1.684241294860839844e+00 5.640964508056640625e+00 8.685183525085449219e-01 3.129172563552856445e+00 5.054917335510253906e-01
5.350653686523437500e+02 6.563198852539062500e+02 -2.694165706634521484e-01 5.072254657745361328e+00 -1.234698295593261719e-01 -9.796988964080810547e-01 -7.023799419403076172e-01 3.450931072235107422e+00 4.602651000022888184e-01
2.028690795898437500e+02 4.568681335449218750e+02 -1.514916121959686279e-01 4.996559143066406250e+00 -1.269721984863281250e-01 -7.306909561157226562e-01 -1.390268802642822266e+00 2.869845628738403320e+00 1.383933544158935547e+00
5.321080932617187500e+02 7.570930175781250000e+02 -1.576033234596252441e-01 5.048206806182861328e+00 -5.120563507080078125e-01 -1.452085971832275391e+00 -1.577831506729125977e+00 2.820653915405273438e+00 2.788152992725372314e-01
2.080397338867187500e+02 6.634816894531250000e+02 5.221438407897949219e-01 6.710235595703125000e+00 5.990982055664062500e-02 -1.549553871154785156e-01 -2.053666114807128906e-01 3.919694423675537109e+00 2.221673727035522461e+00
2.008277587890625000e+02 5.148678588867187500e+02 -8.638724684715270996e-02 5.452894210815429688e+00 -5.315244197845458984e-01 -1.413848400115966797e+00 5.194973945617675781e-01 2.469932079315185547e+00 7.410169839859008789e-01
1.967138214111328125e+02 2.096279449462890625e+02 -2.436865866184234619e-01 4.953994274139404297e+00 -5.936956405639648438e-01 -2.251411676406860352e+00 -1.931020021438598633e+00 3.450435400009155273e+00 3.636948585510253906e+00
1.988157501220703125e+02 5.706091308593750000e+02 1.035922765731811523e-01 5.781913757324218750e+00 -6.586766242980957031e-01 -5.915927886962890625e-01 -3.751838207244873047e-01 2.713110923767089844e+00 6.774988770484924316e-01
1.893352966308593750e+02 3.697752380371093750e+02 5.179899930953979492e-01 6.504521369934082031e+00 -9.285497665405273438e-01 -2.567886114120483398e+00 -7.350647449493408203e-01 2.350432157516479492e+00 8.800934553146362305e-01
2.023515930175781250e+02 1.834591217041015625e+02 5.183559656143188477e-01 6.574615478515625000e+00 -8.854687213897705078e-01 -3.326950073242187500e+00 -3.747280836105346680e+00 3.038429737091064453e+00 3.201274633407592773e+00
2.177702026367187500e+02 3.019683227539062500e+02 8.493846654891967773e-01 7.494351863861083984e+00 -3.615590333938598633e+00 -7.912509441375732422e+00 -4.282243251800537109e+00 2.126564741134643555e+00 1.142895698547363281e+00
5.265449218750000000e+02 5.800745239257812500e+02 9.110218286514282227e-01 7.825350761413574219e+00 -1.785222291946411133e+00 -5.416021347045898438e+00 -5.668652057647705078e+00 3.041121006011962891e+00 3.675696611404418945e+00
5.219118041992187500e+02 7.553293457031250000e+02 -1.532186567783355713e-01 4.998123645782470703e+00 -4.595994949340820312e-01 -1.573603153228759766e+00 4.765725135803222656e-01 2.563251495361328125e+00 9.043753147125244141e-02
1.959519805908203125e+02 2.990023231506347656e+01 1.192782878875732422e+00 7.982589244842529297e+00 -7.623244285583496094e+00 -1.899647140502929688e+01 -9.465111732482910156e+00 2.455755472183227539e+00 1.174011349678039551e+00
1.749004974365234375e+02 2.863002929687500000e+02 -1.682595908641815186e-01 5.045140743255615234e+00 3.639912605285644531e-01 -5.096685886383056641e-01 3.184127807617187500e-01 5.150327205657958984e+00 9.360515326261520386e-02
1.710014038085937500e+02 2.019644470214843750e+02 -5.943603515625000000e-01 4.534237384796142578e+00 1.181769371032714844e-01 6.946802139282226562e-01 -3.173005580902099609e-01 4.785804271697998047e+00 1.157078266143798828e+00
5.365778198242187500e+02 7.427120361328125000e+02 -2.561317384243011475e-01 5.024545192718505859e+00 1.044702529907226562e-01 7.580780982971191406e-01 -3.280973434448242188e-01 2.713387012481689453e+00 6.007068753242492676e-01
2.154041595458984375e+02 7.489997558593750000e+02 -2.141574025154113770e-01 4.977627754211425781e+00 -9.000372886657714844e-01 -2.349420785903930664e+00 -1.073454618453979492e+00 2.052482128143310547e+00 7.486891746520996094e-01
5.300474243164062500e+02 5.048781738281250000e+02 7.789933681488037109e-01 7.120119571685791016e+00 3.248605728149414062e+00 6.745274066925048828e+00 1.267335414886474609e+00 1.899317026138305664e+00 2.474097311496734619e-01
5.096629028320312500e+02 7.817144165039062500e+02 -6.535482406616210938e-01 4.519441604614257812e+00 -2.467072010040283203e-01 -4.089593887329101562e-01 -2.798581123352050781e-01 2.967485427856445312e+00 2.876079976558685303e-01
1.997050323486328125e+02 2.072485504150390625e+02 1.230215072631835938e+00 7.768548965454101562e+00 -4.802055358886718750e+00 -1.140952014923095703e+01 -4.206078052520751953e+00 2.414733886718750000e+00 8.372237682342529297e-01
5.355575561523437500e+02 2.444687194824218750e+02 2.503585815429687500e-01 6.120522975921630859e+00 -5.910348892211914062e-01 -1.464956998825073242e+00 -2.328515052795410156e-01 3.139403820037841797e+00 1.384844899177551270e+00
1.925544586181640625e+02 7.290828857421875000e+02 -3.737570345401763916e-01 4.835978031158447266e+00 1.420044898986816406e-01 3.019309043884277344e-01 -8.787274360656738281e-01 1.864733219146728516e+00 1.377772569656372070e+00
2.144444427490234375e+02 3.903945312500000000e+02 -2.761429548263549805e-01 4.361150264739990234e+00 -9.151220321655273438e-02 -6.824600696563720703e-01 -5.754721164703369141e-01 2.706561565399169922e+00 1.026497840881347656e+00
1.862807464599609375e+02 1.914320373535156250e+02 -2.266950905323028564e-01 5.155421257019042969e+00 -3.912448883056640625e-03 1.190893650054931641e+00 2.064697742462158203e+00 3.954012155532836914e+00 3.551076889038085938e+00
5.268498535156250000e+02 6.881994018554687500e+02 -1.625488698482513428e-01 4.821115970611572266e+00 -1.699542999267578125e-01 -4.014134407043457031e-01 -9.873509407043457031e-02 2.028076410293579102e+00 1.441488981246948242e+00
1.945786590576171875e+02 4.189587097167968750e+02 3.634977340698242188e-01 6.250921249389648438e+00 3.874611854553222656e-01 6.610631942749023438e-02 7.276010513305664062e-01 3.310547351837158203e+00 8.778166770935058594e-02
2.088178710937500000e+02 5.556567382812500000e+02 2.996402978897094727e-01 5.813343048095703125e+00 5.026030540466308594e-01 2.042794227600097656e-01 1.142194271087646484e+00 2.100713729858398438e+00 2.222632884979248047e+00
1.995532684326171875e+02 2.421287231445312500e+02 9.225463867187500000e-01 7.561330795288085938e+00 -2.464798688888549805e+00 -6.924402713775634766e+00 -4.642524719238281250e+00 2.651754856109619141e+00 1.596322298049926758e+00
2.009020385742187500e+02 2.492329101562500000e+02 -1.119668781757354736e-01 5.532872200012207031e+00 2.477073669433593750e-01 1.517400741577148438e+00 -2.165055274963378906e-01 5.185474395751953125e+00 2.653630077838897705e-01
2.048440399169921875e+02 3.594359741210937500e+02 -1.365759968757629395e-01 4.880490303039550781e+00 -2.708220481872558594e-01 -8.626234531402587891e-01 -2.878880500793457031e-01 2.553675413131713867e+00 3.283880949020385742e-01
1.952081451416015625e+02 6.234495849609375000e+02 5.622774362564086914e-02 6.291018962860107422e+00 -1.104223728179931641e-01 -5.440711975097656250e-03 6.417989730834960938e-02 4.122791767120361328e+00 2.364482641220092773e+00
1.946820373535156250e+02 2.148502349853515625e+02 -4.644776880741119385e-01 4.881774902343750000e+00 -1.119637489318847656e-01 -9.439492225646972656e-01 -1.477121114730834961e+00 5.474281311035156250e+00 1.092586994171142578e+00
1.999728698730468750e+02 4.760282897949218750e+02 -1.034682989120483398e-01 5.023231506347656250e+00 7.254123687744140625e-02 -1.230192184448242188e-01 -6.354892253875732422e-01 2.121754646301269531e+00 2.537569403648376465e-01
2.107622833251953125e+02 6.820767822265625000e+02 -3.218144178390502930e-01 4.505501270294189453e+00 -3.954088687896728516e-01 -4.977333545684814453e-01 -7.236206531524658203e-01 1.607263207435607910e+00 6.844019293785095215e-01
2.025947570800781250e+02 3.796665649414062500e+02 6.305128335952758789e-01 6.687093734741210938e+00 -1.090903282165527344e+00 -2.702307701110839844e+00 -1.267317533493041992e+00 2.087353229522705078e+00 6.720075607299804688e-01
2.047579040527343750e+02 3.295482788085937500e+02 4.791960120201110840e-01 6.718619346618652344e+00 -1.703892946243286133e+00 -4.769339561462402344e+00 -1.453746557235717773e+00 2.647502660751342773e+00 4.881104528903961182e-01
1.790696563720703125e+02 1.927963104248046875e+02 -9.321719408035278320e-03 5.507865905761718750e+00 -7.784354686737060547e-01 -3.176058530807495117e+00 -9.939265251159667969e-01 4.056734561920166016e+00 2.509177923202514648e+00
1.821369171142578125e+02 4.208337402343750000e+02 2.220928668975830078e-01 5.808624744415283203e+00 -3.177762031555175781e-01 -1.212656497955322266e+00 9.716629981994628906e-01 3.229620695114135742e+00 1.330258250236511230e-01
1.970355377197265625e+02 5.186372070312500000e+02 7.362723350524902344e-02 5.729242324829101562e+00 -4.338085651397705078e-01 -1.953381299972534180e+00 -3.775894641876220703e-01 3.760081529617309570e+00 5.084885358810424805e-01
2.102929382324218750e+02 7.244024658203125000e+02 -3.513775765895843506e-01 4.295831203460693359e+00 -1.574909687042236328e-01 -3.288531303405761719e-01 -1.173465251922607422e+00 2.410078048706054688e+00 1.319745540618896484e+00
2.031602783203125000e+02 1.543024902343750000e+02 9.851798415184020996e-01 7.377103328704833984e+00 -4.028259277343750000e+00 -1.019124794006347656e+01 -4.210795402526855469e+00 2.502490520477294922e+00 1.087373614311218262e+00
1.830439147949218750e+02 5.114744262695312500e+02 1.386487483978271484e-01 5.699501514434814453e+00 -1.142396926879882812e+00 -3.743760585784912109e+00 -3.333783149719238281e-01 3.697544574737548828e+00 2.428771406412124634e-01
5.100648803710937500e+02 2.850215454101562500e+02 -1.206836104393005371e-01 5.330168247222900391e+00 -2.829170227050781250e-01 -4.954743385314941406e-01 -2.117872238159179688e-02 2.429564476013183594e+00 1.139558553695678711e+00
1.861534881591796875e+02 5.922910156250000000e+02 -5.136221647262573242e-02 5.396158218383789062e+00 -6.140828132629394531e-02 5.766534805297851562e-01 -8.398556709289550781e-01 3.082520961761474609e+00 2.927581667900085449e-01
2.058831024169921875e+02 7.100581665039062500e+02 5.183398723602294922e-01 6.726566314697265625e+00 7.282400131225585938e-01 2.670464515686035156e+00 9.346961975097656250e-01 4.758111000061035156e+00 1.435164809226989746e+00
5.322969360351562500e+02 7.215084228515625000e+02 -3.189112246036529541e-01 4.778102397918701172e+00 -3.865611553192138672e-01 -8.901631832122802734e-01 -6.135678291320800781e-01 2.779008388519287109e+00 7.017504423856735229e-02
2.113842468261718750e+02 5.193438720703125000e+02 3.361070156097412109e-01 6.222162723541259766e+00 6.116223335266113281e-01 1.452820301055908203e+00 5.213212966918945312e-01 2.935889959335327148e+00 3.810824453830718994e-01
1.871522827148437500e+02 5.085281372070312500e+02 3.612032532691955566e-01 6.785184860229492188e+00 1.192207336425781250e+00 5.302093029022216797e+00 6.996107101440429688e-01 3.783314466476440430e+00 2.118204832077026367e-01
2.044854431152343750e+02 2.097875671386718750e+02 8.113473653793334961e-01 6.947487831115722656e+00 -1.303358078002929688e+00 -1.946082115173339844e+00 -1.446572542190551758e+00 1.909750819206237793e+00 1.619043827056884766e+00
