8.635137939453125000e+01 3.823653697967529297e+00 6.024810791015625000e+00 1.692798233032226562e+01 3.192830085754394531e-01 7.022670004516839981e-03
5.098588562011718750e+02 3.918515205383300781e+00 6.424714088439941406e+00 -6.161805152893066406e+00 2.800083160400390625e-01 1.468243077397346497e-02
4.422048645019531250e+02 3.534908771514892578e+00 5.615634918212890625e+00 -7.343043327331542969e+00 1.805591583251953125e-01 1.684809662401676178e-02
2.208566093444824219e+01 3.850524902343750000e+00 6.088651657104492188e+00 7.255218029022216797e+00 -9.972977638244628906e-01 6.864949129521846771e-03
4.998010253906250000e+02 3.600903511047363281e+00 5.718715667724609375e+00 -1.943655204772949219e+01 1.109023094177246094e+00 2.352109365165233612e-02
3.925219421386718750e+02 3.728554010391235352e+00 6.090875625610351562e+00 4.740476608276367188e+00 -1.465034484863281250e-01 1.883852644823491573e-03
5.227285156250000000e+02 3.792585849761962891e+00 6.097742080688476562e+00 -1.220168018341064453e+01 1.346316337585449219e+00 3.276276215910911560e-02
5.818891601562500000e+02 3.679486274719238281e+00 5.924496650695800781e+00 -8.313946723937988281e+00 1.544923782348632812e+00 3.121239878237247467e-02
5.906006469726562500e+02 3.661687850952148438e+00 5.860886573791503906e+00 -7.447029113769531250e+00 6.592369079589843750e-01 6.443478167057037354e-02
5.001173095703125000e+02 3.845297336578369141e+00 6.251184940338134766e+00 -6.398115158081054688e+00 -4.078936576843261719e-01 2.771269157528877258e-02
8.507768249511718750e+01 3.607161998748779297e+00 5.960442066192626953e+00 1.676929283142089844e+01 1.032941341400146484e+00 7.829138077795505524e-03
1.145712356567382812e+02 3.829278469085693359e+00 6.105864524841308594e+00 1.717548751831054688e+01 1.173505783081054688e+00 6.985733285546302795e-03
8.129228210449218750e+01 3.888409137725830078e+00 6.171493530273437500e+00 1.590268135070800781e+01 -1.515114307403564453e-01 1.320033241063356400e-02
5.877203369140625000e+02 3.629548549652099609e+00 5.810441017150878906e+00 -1.467153263092041016e+01 2.623665332794189453e+00 3.863066807389259338e-02
4.954180603027343750e+02 3.967883586883544922e+00 6.467290878295898438e+00 -8.341402053833007812e+00 3.596520423889160156e-01 9.087456390261650085e-03
4.963611145019531250e+02 3.936445236206054688e+00 6.398892402648925781e+00 -7.317508697509765625e+00 -7.725715637207031250e-02 9.044751524925231934e-03
5.346157836914062500e+02 3.697262763977050781e+00 5.936760902404785156e+00 -1.383778476715087891e+01 4.306387901306152344e+00 5.895775184035301208e-02
9.834695434570312500e+01 3.654706716537475586e+00 6.064621448516845703e+00 1.677165222167968750e+01 7.951188087463378906e-01 1.945495419204235077e-02
4.934955139160156250e+02 3.946429729461669922e+00 6.372126102447509766e+00 -7.320265769958496094e+00 -3.395283222198486328e-01 1.415798324160277843e-04
8.671760559082031250e+01 3.888582468032836914e+00 6.177440643310546875e+00 1.730850410461425781e+01 8.812880516052246094e-01 1.831416413187980652e-02
1.741063690185546875e+01 3.732685565948486328e+00 5.883018493652343750e+00 3.871665000915527344e+00 1.555676460266113281e+00 1.429566554725170135e-02
6.628599548339843750e+01 3.702477216720581055e+00 5.962718486785888672e+00 1.639714431762695312e+01 6.143832206726074219e-01 1.241268031299114227e-02
9.848525238037109375e+01 3.923333644866943359e+00 6.478043556213378906e+00 1.494910240173339844e+01 6.390118598937988281e-01 4.813799634575843811e-03
3.641350402832031250e+02 3.988060235977172852e+00 6.589989662170410156e+00 -4.448306560516357422e-01 7.503867149353027344e-01 2.843881212174892426e-02
8.580408477783203125e+01 3.543093204498291016e+00 5.333781242370605469e+00 2.451155185699462891e+00 -5.467832088470458984e-01 1.290886476635932922e-02
9.017555999755859375e+01 3.863062858581542969e+00 6.238111495971679688e+00 1.756962966918945312e+01 2.827239036560058594e-01 9.989640675485134125e-03
1.414200897216796875e+02 3.710514068603515625e+00 6.237412452697753906e+00 1.597658920288085938e+01 1.582384109497070312e-01 7.199142128229141235e-03
4.858106994628906250e+02 3.685261726379394531e+00 5.942425727844238281e+00 -2.811578512191772461e+00 5.188989639282226562e-01 9.941682219505310059e-03
6.798419799804687500e+02 3.864346027374267578e+00 6.256805419921875000e+00 -1.609200477600097656e+01 4.150030612945556641e+00 7.357855886220932007e-02
5.021459045410156250e+02 3.869857311248779297e+00 6.289810180664062500e+00 -1.467569446563720703e+01 3.284142017364501953e+00 4.398290440440177917e-02
7.813655090332031250e+01 3.872210979461669922e+00 6.285604953765869141e+00 1.624803543090820312e+01 2.432990074157714844e-01 2.302295994013547897e-03
7.865480041503906250e+01 3.927268981933593750e+00 6.367884159088134766e+00 1.748265457153320312e+01 1.748056411743164062e+00 1.513524446636438370e-02
5.743156738281250000e+02 3.907164096832275391e+00 6.342237949371337891e+00 -4.523844718933105469e+00 3.173375129699707031e-01 2.421107329428195953e-02
3.395961303710937500e+02 3.820513725280761719e+00 6.014290809631347656e+00 5.548474788665771484e+00 2.573494911193847656e+00 3.179279714822769165e-02
5.291649169921875000e+02 3.821938514709472656e+00 6.072021484375000000e+00 -1.295984649658203125e+01 7.712936401367187500e-01 1.318262144923210144e-02
1.235635986328125000e+02 3.841573238372802734e+00 6.389239788055419922e+00 1.832661437988281250e+01 4.220628738403320312e-01 2.152296015992760658e-03
1.062199859619140625e+02 3.862843036651611328e+00 6.557124137878417969e+00 1.735438346862792969e+01 1.995892524719238281e+00 1.178388018161058426e-02
3.804371643066406250e+02 3.777077674865722656e+00 6.310631275177001953e+00 1.389694213867187500e-01 6.345987319946289062e-01 1.954632811248302460e-02
3.987154846191406250e+02 3.415987491607666016e+00 5.283388137817382812e+00 1.446628570556640625e-01 5.219149589538574219e-01 1.243603182956576347e-04
4.964317932128906250e+02 3.901217937469482422e+00 6.153259277343750000e+00 -1.673553466796875000e+01 2.146191596984863281e+00 4.478231072425842285e-02
6.495490722656250000e+02 3.706266880035400391e+00 6.253546714782714844e+00 -8.683648109436035156e+00 1.530706882476806641e+00 4.510482773184776306e-02
5.412561645507812500e+02 3.693610668182373047e+00 6.083845138549804688e+00 -1.470134449005126953e+01 3.458631038665771484e+00 3.765205293893814087e-02
6.116069335937500000e+02 3.680460453033447266e+00 5.966767311096191406e+00 -9.537908554077148438e+00 3.975248336791992188e-01 1.827314682304859161e-02
4.802149353027343750e+02 3.866350650787353516e+00 6.347552299499511719e+00 -7.811113357543945312e+00 1.927638053894042969e-01 1.865367591381072998e-02
1.743890991210937500e+02 3.554657459259033203e+00 5.796624183654785156e+00 9.057024002075195312e+00 4.877114295959472656e-01 1.461455505341291428e-02
9.143101501464843750e+01 3.843978404998779297e+00 6.245943069458007812e+00 1.274234771728515625e+01 2.155916690826416016e+00 2.453742176294326782e-02
5.529461669921875000e+02 3.713138580322265625e+00 5.963070869445800781e+00 -1.528431987762451172e+01 3.346025943756103516e+00 5.431568250060081482e-02
2.190316467285156250e+02 3.985642671585083008e+00 6.542743206024169922e+00 4.441308975219726562e+00 2.170183658599853516e+00 7.079930044710636139e-03
8.711742401123046875e+01 3.737469673156738281e+00 6.239109992980957031e+00 1.666861534118652344e+01 4.828882217407226562e-01 1.774905435740947723e-02
4.110031738281250000e+02 3.649764537811279297e+00 5.578352928161621094e+00 1.055693626403808594e+00 1.645433902740478516e+00 2.119829645380377769e-03
5.427895736694335938e+01 3.979520082473754883e+00 6.682870864868164062e+00 1.710725975036621094e+01 -3.129410743713378906e-01 8.017788059078156948e-04
3.824218368530273438e+01 3.779685497283935547e+00 6.085738658905029297e+00 8.335103988647460938e+00 -5.820190906524658203e-01 8.591635152697563171e-03
5.341921997070312500e+02 3.856379985809326172e+00 6.229066371917724609e+00 -1.898289108276367188e+01 1.023409366607666016e+00 3.128461167216300964e-02
3.245711669921875000e+02 3.569462537765502930e+00 5.734889030456542969e+00 -1.338787078857421875e+00 3.587388992309570312e-01 2.356362296268343925e-03
5.242949218750000000e+02 3.729440689086914062e+00 5.615924358367919922e+00 -1.713320732116699219e+01 -6.615257263183593750e-01 6.246059201657772064e-03
4.499760131835937500e+02 3.717971801757812500e+00 6.121714591979980469e+00 -1.162150573730468750e+01 9.411811828613281250e-01 1.496436423622071743e-03
4.968603210449218750e+02 3.994337081909179688e+00 6.665474414825439453e+00 4.713788032531738281e+00 2.962455749511718750e+00 4.036056250333786011e-02
8.685221099853515625e+01 3.937959432601928711e+00 6.355282783508300781e+00 1.604949951171875000e+01 2.545785903930664062e-01 3.135760314762592316e-03
1.317083587646484375e+02 3.898743629455566406e+00 6.366566181182861328e+00 1.895314216613769531e+01 1.026797294616699219e-01 1.708684861660003662e-02
4.767030334472656250e+02 3.765492916107177734e+00 6.140856742858886719e+00 1.261110782623291016e+01 1.284711360931396484e+00 2.439153380692005157e-02
1.038809890747070312e+02 3.615352630615234375e+00 5.692153453826904297e+00 1.865583038330078125e+01 -8.579218387603759766e-01 1.657842285931110382e-02
3.663140869140625000e+02 3.674127578735351562e+00 5.886077880859375000e+00 -1.489704847335815430e+00 4.064321517944335938e-02 1.952105760574340820e-02
5.932578125000000000e+02 3.927018165588378906e+00 6.362546920776367188e+00 -1.123168659210205078e+01 1.820313930511474609e+00 4.882336035370826721e-02
3.598453674316406250e+02 3.973266124725341797e+00 6.288952350616455078e+00 5.946083068847656250e+00 1.809120178222656250e+00 2.008919417858123779e-02
1.076942214965820312e+02 3.868316650390625000e+00 6.186584472656250000e+00 1.599996089935302734e+01 1.360445022583007812e+00 2.057320438325405121e-02
5.887428588867187500e+02 3.656563282012939453e+00 5.636232376098632812e+00 -1.032710456848144531e+01 2.219614982604980469e+00 8.392293751239776611e-02
3.411537170410156250e+02 3.547312498092651367e+00 5.826952457427978516e+00 8.720159530639648438e-02 4.942440986633300781e-01 3.179974853992462158e-02
6.426268310546875000e+02 3.616889953613281250e+00 5.512679576873779297e+00 -1.184255504608154297e+01 1.232657432556152344e+00 4.496341943740844727e-02
4.460065002441406250e+02 3.860610485076904297e+00 5.942544937133789062e+00 -6.604670524597167969e+00 -1.095041036605834961e+00 1.314696739427745342e-03
4.588056030273437500e+02 3.779460191726684570e+00 5.991260528564453125e+00 -2.086184024810791016e+00 1.493246555328369141e+00 3.141458705067634583e-02
6.081862182617187500e+02 3.831467866897583008e+00 6.070604324340820312e+00 -9.571126937866210938e+00 6.222820281982421875e-01 1.984950155019760132e-02
4.448515319824218750e+02 3.477404117584228516e+00 5.419269084930419922e+00 -8.824428558349609375e+00 1.620864868164062500e-01 5.932970903813838959e-03
5.332379150390625000e+02 3.855709075927734375e+00 6.388000488281250000e+00 -1.194225978851318359e+01 2.706396579742431641e+00 4.036743193864822388e-02
9.386627960205078125e+01 3.628374576568603516e+00 5.821527481079101562e+00 1.594804573059082031e+01 8.028435707092285156e-01 3.094873391091823578e-02
4.230692443847656250e+02 3.518506288528442383e+00 5.753990650177001953e+00 -9.000780105590820312e+00 1.706080436706542969e+00 2.907883189618587494e-02
5.195428466796875000e+02 3.762465953826904297e+00 6.126935958862304688e+00 1.449295997619628906e+01 1.214730739593505859e+00 2.958304248750209808e-02
5.297406616210937500e+02 3.818677663803100586e+00 6.098086357116699219e+00 -1.376078987121582031e+01 2.990293502807617188e-01 1.804586686193943024e-02
1.114532012939453125e+02 3.996147155761718750e+00 6.332696914672851562e+00 1.563216209411621094e+01 1.451468467712402344e+00 2.499627880752086639e-02
5.707699584960937500e+02 3.409298896789550781e+00 5.415794372558593750e+00 -3.441973924636840820e+00 2.374782562255859375e+00 3.990791365504264832e-02
8.179740142822265625e+01 3.830349922180175781e+00 6.097455978393554688e+00 1.603543281555175781e+01 1.456975936889648438e-01 1.721027307212352753e-03
5.989006347656250000e+02 3.287385463714599609e+00 4.964128971099853516e+00 -9.327140808105468750e+00 9.998011589050292969e-01 4.157424904406070709e-03
3.583297729492187500e+02 3.655050277709960938e+00 5.670692920684814453e+00 -5.623185634613037109e-01 7.297706604003906250e-01 6.085610017180442810e-03
2.348947296142578125e+02 3.849820613861083984e+00 6.188991546630859375e+00 7.661352157592773438e+00 1.759095191955566406e+00 7.466415408998727798e-03
4.790674133300781250e+02 3.971437454223632812e+00 6.612731933593750000e+00 -7.194459438323974609e+00 7.267236709594726562e-02 2.494849450886249542e-02
1.041711425781250000e+02 3.813797950744628906e+00 6.235739231109619141e+00 1.603996658325195312e+01 5.898022651672363281e-01 1.175185665488243103e-02
6.122786865234375000e+02 3.583422899246215820e+00 5.820927143096923828e+00 -1.613272094726562500e+01 1.256253719329833984e+00 1.944808661937713623e-02
6.085857543945312500e+02 3.647909164428710938e+00 5.679273605346679688e+00 -1.278938388824462891e+01 1.228539943695068359e+00 3.443717211484909058e-02
3.735207214355468750e+02 3.982213973999023438e+00 6.591694355010986328e+00 3.769314289093017578e+00 8.544969558715820312e-01 1.145809981971979141e-02
5.897128295898437500e+02 3.783459663391113281e+00 6.086105346679687500e+00 -7.409690856933593750e+00 1.052088737487792969e+00 1.622693613171577454e-02
5.327368774414062500e+02 3.864686012268066406e+00 6.246808528900146484e+00 -1.511990165710449219e+01 2.313473224639892578e+00 5.885370448231697083e-02
4.494637145996093750e+02 3.412540912628173828e+00 5.406001091003417969e+00 -9.567728042602539062e+00 3.596854209899902344e-01 2.129121869802474976e-02
6.000190429687500000e+02 3.889864206314086914e+00 6.372951030731201172e+00 -1.590417289733886719e+01 1.913299560546875000e+00 5.458911880850791931e-02
5.419333648681640625e+01 3.798107624053955078e+00 6.213122844696044922e+00 1.733015060424804688e+01 3.548192977905273438e-01 7.824129424989223480e-03
3.369552917480468750e+02 3.441256523132324219e+00 5.589533805847167969e+00 -4.497878551483154297e+00 9.540677070617675781e-01 2.945465222001075745e-02
4.544045410156250000e+02 3.571966648101806641e+00 5.828351020812988281e+00 -8.874520301818847656e+00 7.735157012939453125e-01 6.520000286400318146e-03
6.406106567382812500e+01 3.587338209152221680e+00 5.629511356353759766e+00 2.291529178619384766e+00 1.221690177917480469e+00 1.065058819949626923e-02
3.728318176269531250e+02 3.508270740509033203e+00 5.622924327850341797e+00 -2.061365842819213867e+00 -4.185831546783447266e-01 9.974749758839607239e-03
1.014419784545898438e+02 3.842056274414062500e+00 6.289020538330078125e+00 1.503929328918457031e+01 1.129627227783203125e-01 1.508651184849441051e-03
4.245726623535156250e+02 3.413998842239379883e+00 5.592670440673828125e+00 -1.074276828765869141e+01 -1.559007167816162109e-01 5.765643436461687088e-03
1.050289306640625000e+02 3.633835315704345703e+00 5.805139541625976562e+00 1.733514404296875000e+01 9.643721580505371094e-01 1.623116061091423035e-02
3.384268798828125000e+02 3.990575075149536133e+00 6.660243511199951172e+00 2.495019435882568359e+00 2.364850044250488281e-01 1.229235995560884476e-02
4.679731750488281250e+02 3.684955120086669922e+00 5.895578384399414062e+00 -2.751320600509643555e+00 1.575989723205566406e+00 1.626701280474662781e-02
4.392630615234375000e+02 3.602056741714477539e+00 5.395186424255371094e+00 -7.830588817596435547e+00 -6.864452362060546875e-01 7.524458225816488266e-03
5.427526245117187500e+02 3.418135881423950195e+00 5.380927085876464844e+00 -1.916215419769287109e+00 9.728646278381347656e-01 2.851882763206958771e-02
1.004805068969726562e+02 3.677852153778076172e+00 6.067258358001708984e+00 1.583317756652832031e+01 1.380140781402587891e+00 3.378913179039955139e-02
4.968802490234375000e+02 3.955915451049804688e+00 6.589645862579345703e+00 -4.798443317413330078e+00 5.716562271118164062e+00 6.900196522474288940e-02
4.077607727050781250e+02 3.963704586029052734e+00 6.222035884857177734e+00 3.227472305297851562e+00 1.519467830657958984e+00 2.113703638315200806e-02
5.880328369140625000e+02 3.540760040283203125e+00 5.401148796081542969e+00 -1.478589153289794922e+01 2.282469272613525391e+00 7.367844879627227783e-02
4.541957855224609375e+01 3.924594163894653320e+00 6.414091587066650391e+00 3.486495018005371094e+00 1.302313804626464844e+00 1.505442988127470016e-02
6.497572631835937500e+02 3.433526992797851562e+00 5.359878540039062500e+00 -1.786458015441894531e+01 1.837120056152343750e+00 1.409441139549016953e-02
5.376285934448242188e+01 3.916307926177978516e+00 6.405020713806152344e+00 1.538151264190673828e+01 4.009819030761718750e-01 1.470715831965208054e-02
1.106591720581054688e+02 3.969826936721801758e+00 6.257388591766357422e+00 1.562854290008544922e+01 1.195843219757080078e+00 8.439708501100540161e-03
7.177067565917968750e+01 3.993031501770019531e+00 6.679241180419921875e+00 1.742650794982910156e+01 5.100345611572265625e-01 2.478120476007461548e-02
9.200653839111328125e+01 3.714702367782592773e+00 5.864799499511718750e+00 1.604234313964843750e+01 2.898406982421875000e-01 4.831544589251279831e-03
9.108830261230468750e+01 3.900453090667724609e+00 6.382560253143310547e+00 1.558267116546630859e+01 1.905746459960937500e+00 2.606534399092197418e-02
5.094416503906250000e+02 3.966224670410156250e+00 6.336980819702148438e+00 -7.221609115600585938e+00 -2.151858806610107422e-01 7.613683585077524185e-03
3.263527526855468750e+02 3.970307350158691406e+00 6.708118438720703125e+00 2.799189090728759766e+00 1.568317413330078125e-02 9.045087732374668121e-03
4.892659301757812500e+02 3.872869968414306641e+00 6.499040603637695312e+00 -6.838230133056640625e+00 9.437823295593261719e-01 1.466707512736320496e-02
4.697792663574218750e+02 3.862719058990478516e+00 6.287136077880859375e+00 -7.037616729736328125e+00 2.658462524414062500e-01 2.403563819825649261e-03
4.128595886230468750e+02 3.499972581863403320e+00 5.370627403259277344e+00 -1.064920711517333984e+01 2.652907371520996094e-01 6.303882692009210587e-03
6.115104370117187500e+02 3.527757406234741211e+00 5.658836841583251953e+00 -1.703634834289550781e+01 3.407638072967529297e+00 3.719479590654373169e-02
8.278477478027343750e+01 3.978927135467529297e+00 6.321052551269531250e+00 1.768560218811035156e+01 8.383035659790039062e-01 5.435001221485435963e-04
7.626441955566406250e+01 3.888106822967529297e+00 6.214309215545654297e+00 1.649624633789062500e+01 1.027033329010009766e+00 6.311875302344560623e-03
8.017236328125000000e+01 3.855407714843750000e+00 6.224484443664550781e+00 1.668538093566894531e+01 4.324865341186523438e-01 1.386519894003868103e-02
5.985310668945312500e+02 3.502851009368896484e+00 5.758256912231445312e+00 -1.744499588012695312e+01 2.059550285339355469e+00 2.800495363771915436e-02
1.127228240966796875e+02 3.852572202682495117e+00 6.340441226959228516e+00 1.666347694396972656e+01 -4.155480861663818359e-01 1.474003680050373077e-02
6.363199996948242188e+01 3.877605915069580078e+00 6.219191551208496094e+00 1.758024024963378906e+01 6.990480422973632812e-01 6.369812414050102234e-03
2.116569824218750000e+02 3.677708148956298828e+00 6.028604507446289062e+00 7.767734527587890625e+00 3.992013931274414062e+00 4.454195871949195862e-02
6.331036987304687500e+02 3.604084491729736328e+00 5.806303024291992188e+00 -9.531832695007324219e+00 7.913899421691894531e-01 9.288190864026546478e-03
3.853025207519531250e+02 3.756221532821655273e+00 6.057436466217041016e+00 2.518997192382812500e+00 9.086370468139648438e-01 1.215637661516666412e-02
6.248521118164062500e+02 3.783366918563842773e+00 6.023467063903808594e+00 -8.705816268920898438e+00 1.767020225524902344e+00 2.888080850243568420e-02
9.799520111083984375e+01 3.815662860870361328e+00 6.008147716522216797e+00 1.719434547424316406e+01 -1.962785720825195312e+00 9.910211898386478424e-03
7.880995178222656250e+01 3.823904991149902344e+00 6.189447879791259766e+00 1.705107879638671875e+01 1.112935543060302734e+00 1.209821924567222595e-02
3.519393005371093750e+02 3.953412532806396484e+00 6.371139049530029297e+00 2.890715599060058594e+00 1.610205173492431641e+00 4.311905801296234131e-02
5.454206542968750000e+02 3.513922214508056641e+00 5.714293003082275391e+00 -1.525400352478027344e+01 1.267414093017578125e+00 3.484119474887847900e-02
5.318892211914062500e+02 3.836211681365966797e+00 6.178094387054443359e+00 1.436985015869140625e+01 2.400708198547363281e+00 1.267862319946289062e-02
9.006916809082031250e+01 3.804532527923583984e+00 5.963110446929931641e+00 1.701376152038574219e+01 -8.148908615112304688e-02 6.402375176548957825e-03
3.902524414062500000e+02 3.622016906738281250e+00 5.785325050354003906e+00 1.178238391876220703e+00 3.816604614257812500e-02 1.028182171285152435e-02
5.570686340332031250e+01 3.838221549987792969e+00 6.326890468597412109e+00 1.601224899291992188e+01 9.426569938659667969e-01 7.096535991877317429e-03
3.759443664550781250e+02 3.985166072845458984e+00 6.495608806610107422e+00 -1.188755035400390625e-01 -4.141986370086669922e-01 1.418605539947748184e-02
1.361186676025390625e+02 3.592738628387451172e+00 5.854344844818115234e+00 1.863452911376953125e+01 2.038335800170898438e-01 6.170328240841627121e-03
5.888690795898437500e+02 3.847508907318115234e+00 6.208030223846435547e+00 -6.278509140014648438e+00 -1.790034770965576172e-01 3.199465200304985046e-02
2.144087219238281250e+01 3.767358064651489258e+00 6.100101947784423828e+00 4.119484424591064453e+00 1.617386341094970703e+00 3.461741283535957336e-02
4.157619628906250000e+02 3.566664695739746094e+00 5.886321544647216797e+00 -1.412165451049804688e+01 1.055948734283447266e+00 1.259241625666618347e-02
6.125142822265625000e+02 3.443404674530029297e+00 5.580314636230468750e+00 -1.628312492370605469e+01 2.297744750976562500e+00 3.874895349144935608e-02
2.977623558044433594e+01 3.814110755920410156e+00 6.075008392333984375e+00 3.942844867706298828e+00 2.223079204559326172e+00 9.155312553048133850e-03
5.792045898437500000e+02 3.590537071228027344e+00 5.546141624450683594e+00 -1.532009220123291016e+01 2.264823913574218750e+00 5.387626960873603821e-02
6.175126342773437500e+02 3.789187431335449219e+00 5.985160350799560547e+00 -8.411860466003417969e+00 3.647661209106445312e-01 3.694440796971321106e-02
6.363074951171875000e+02 3.526265382766723633e+00 5.725020408630371094e+00 -1.712151336669921875e+01 -5.724549293518066406e-01 7.364977616816759109e-03
1.047621002197265625e+02 3.908249855041503906e+00 6.542050361633300781e+00 1.478540611267089844e+01 3.757286071777343750e-01 1.668038032948970795e-02
4.072317504882812500e+02 3.732320785522460938e+00 5.831956863403320312e+00 7.649660110473632812e-02 4.798817634582519531e-01 5.553863476961851120e-03
5.350815200805664062e+01 3.873071670532226562e+00 6.262962341308593750e+00 1.689271926879882812e+01 1.512768268585205078e+00 2.862627431750297546e-02
1.976819610595703125e+02 3.561658382415771484e+00 6.051728248596191406e+00 -1.721863174438476562e+01 -2.705979347229003906e-01 2.123838104307651520e-02
7.891468048095703125e+01 3.904785633087158203e+00 6.373049259185791016e+00 1.654377365112304688e+01 2.152228355407714844e-01 1.209896057844161987e-02
4.588876647949218750e+02 3.319765567779541016e+00 5.326334953308105469e+00 -1.053109169006347656e+01 9.593677520751953125e-01 4.927754029631614685e-02
1.015392150878906250e+02 3.687453746795654297e+00 5.987458229064941406e+00 1.796465873718261719e+01 8.691334724426269531e-01 4.101312719285488129e-03
7.856961822509765625e+01 3.843864917755126953e+00 6.245602607727050781e+00 1.381857109069824219e+01 1.682472229003906250e+00 3.316581132821738720e-04
6.167659301757812500e+02 3.757975578308105469e+00 6.070808887481689453e+00 -8.289812088012695312e+00 1.946377754211425781e-01 3.130486002191901207e-04
1.090802459716796875e+02 3.774330377578735352e+00 5.948032379150390625e+00 1.552212524414062500e+01 4.668617248535156250e-01 1.279066223651170731e-02
5.035994567871093750e+02 3.888003826141357422e+00 6.338120460510253906e+00 -1.548323059082031250e+01 5.750250816345214844e-01 4.331454634666442871e-02
5.907057495117187500e+02 3.696225643157958984e+00 5.569571971893310547e+00 -7.181998252868652344e+00 3.635883331298828125e-01 1.542360149323940277e-02
5.897347412109375000e+02 3.692982912063598633e+00 5.857439994812011719e+00 -7.523445129394531250e+00 9.664011001586914062e-01 1.809558644890785217e-02
4.491646728515625000e+02 3.577614784240722656e+00 5.661568641662597656e+00 -2.877552509307861328e+00 5.870985984802246094e-01 3.700658911839127541e-03
8.379483795166015625e+01 3.643853664398193359e+00 5.858598232269287109e+00 1.918711853027343750e+01 7.204222679138183594e-01 6.285682786256074905e-03
9.858951568603515625e+01 3.989651679992675781e+00 6.544775009155273438e+00 1.525400638580322266e+01 1.705086231231689453e+00 2.777268178761005402e-02
4.903048095703125000e+02 3.766293525695800781e+00 6.299444198608398438e+00 1.480949211120605469e+01 1.809616088867187500e+00 3.263328224420547485e-02
1.114656600952148438e+02 3.883910417556762695e+00 6.156773567199707031e+00 1.723343658447265625e+01 1.644518375396728516e+00 7.598150987178087234e-03
4.830692138671875000e+02 3.784549713134765625e+00 6.289550304412841797e+00 7.703619003295898438e+00 2.551832199096679688e+00 2.707439474761486053e-02
5.026633071899414062e+01 3.995596408843994141e+00 6.329837322235107422e+00 3.160176277160644531e+00 2.021746635437011719e+00 2.328778058290481567e-02
5.154267578125000000e+02 3.706398010253906250e+00 5.992572784423828125e+00 -1.502520370483398438e+01 1.628532409667968750e+00 2.817170321941375732e-02
3.834532165527343750e+02 3.851350545883178711e+00 6.289310932159423828e+00 5.965995788574218750e+00 9.226202964782714844e-01 1.628223992884159088e-02
3.810682678222656250e+02 3.722017288208007812e+00 5.739778995513916016e+00 2.156519889831542969e-01 -6.361222267150878906e-01 8.824320510029792786e-03
3.718045654296875000e+02 3.925726890563964844e+00 6.301451683044433594e+00 3.790612220764160156e+00 7.366728782653808594e-01 9.962258860468864441e-03
1.099699020385742188e+02 3.894721031188964844e+00 6.374191284179687500e+00 1.572875022888183594e+01 1.493377685546875000e+00 2.348394319415092468e-02
6.959474182128906250e+01 3.698167324066162109e+00 6.055873870849609375e+00 1.770993232727050781e+01 2.291207313537597656e+00 3.764096647500991821e-02
1.097262268066406250e+02 3.757289409637451172e+00 5.884728431701660156e+00 1.651861572265625000e+01 1.846849918365478516e+00 2.330967783927917480e-02
4.486619873046875000e+02 3.437534332275390625e+00 5.494214057922363281e+00 -1.222813510894775391e+01 1.436758041381835938e-01 1.371069904416799545e-02
4.213203430175781250e+02 3.585676193237304688e+00 5.390219211578369141e+00 -1.097891712188720703e+01 1.051347255706787109e+00 5.736230406910181046e-03
3.706070251464843750e+02 3.737248420715332031e+00 6.061380863189697266e+00 5.863435268402099609e+00 -4.131138324737548828e-01 1.627505198121070862e-02
7.339511871337890625e+01 3.813653945922851562e+00 6.031475543975830078e+00 1.688686561584472656e+01 4.011178016662597656e-01 1.157221733592450619e-03
3.508620605468750000e+02 3.712513923645019531e+00 5.868043422698974609e+00 -1.418045759201049805e+00 -7.978785037994384766e-01 3.924691118299961090e-03
4.899174194335937500e+02 3.842306852340698242e+00 6.193130493164062500e+00 -1.635768890380859375e+01 1.008820533752441406e-01 1.788300648331642151e-02
7.566470336914062500e+01 3.710986137390136719e+00 6.095991134643554688e+00 1.672603988647460938e+01 1.168782711029052734e+00 2.706654369831085205e-02
1.331331481933593750e+02 3.690974473953247070e+00 5.989912986755371094e+00 1.313632011413574219e+01 -6.175875663757324219e-02 6.999917328357696533e-03
3.607579650878906250e+02 3.609170675277709961e+00 5.644901275634765625e+00 -9.543824195861816406e-01 5.135536193847656250e-03 1.263648970052599907e-03
7.304157257080078125e+01 3.823582172393798828e+00 6.281659603118896484e+00 1.687125396728515625e+01 -1.930058002471923828e-01 1.883658207952976227e-02
6.314156723022460938e+01 3.954612731933593750e+00 6.545196056365966797e+00 1.313237380981445312e+01 1.358313560485839844e+00 5.292383953928947449e-02
5.728524169921875000e+02 3.907447814941406250e+00 6.463676452636718750e+00 -1.543572330474853516e+01 1.170401573181152344e+00 7.737995684146881104e-02
9.192620849609375000e+01 3.885940313339233398e+00 6.245749950408935547e+00 1.827646446228027344e+01 -4.988276958465576172e-01 2.537026070058345795e-02
4.445929565429687500e+02 3.509758710861206055e+00 5.393393039703369141e+00 -9.583530426025390625e+00 9.003806114196777344e-01 2.466493844985961914e-02
4.421928405761718750e+02 3.503293514251708984e+00 5.365088939666748047e+00 -1.002379655838012695e+00 8.309531211853027344e-01 7.268977817147970200e-03
2.998013916015625000e+02 3.958971500396728516e+00 6.441870689392089844e+00 -3.525590896606445312e-01 -8.460044860839843750e-01 4.194352775812149048e-03
5.174149169921875000e+02 3.803547143936157227e+00 6.238864898681640625e+00 -2.239823341369628906e+00 1.067349910736083984e+00 2.553551457822322845e-02
5.841588973999023438e+01 3.683013677597045898e+00 5.896314620971679688e+00 1.671323966979980469e+01 1.082150936126708984e+00 2.228997647762298584e-02
5.324797363281250000e+02 3.837001323699951172e+00 6.303799152374267578e+00 -1.677401161193847656e+01 2.246453762054443359e+00 5.437604337930679321e-02
4.952052001953125000e+02 3.956489562988281250e+00 6.169639587402343750e+00 3.688440322875976562e+00 3.486123085021972656e+00 3.751355409622192383e-02
4.290589904785156250e+02 3.428424358367919922e+00 5.589011192321777344e+00 -9.576748847961425781e+00 1.118526458740234375e+00 9.210995398461818695e-03
5.684749755859375000e+02 3.830317974090576172e+00 6.002883434295654297e+00 2.559559345245361328e+00 4.106936454772949219e+00 6.381540745496749878e-02
6.301656494140625000e+02 3.728073596954345703e+00 5.834788322448730469e+00 -9.387227058410644531e+00 -7.216238975524902344e-01 1.859693415462970734e-02
4.147139892578125000e+02 3.640596866607666016e+00 5.788169860839843750e+00 -1.048799324035644531e+01 1.647772789001464844e+00 3.357177227735519409e-02
6.322967529296875000e+02 3.805884361267089844e+00 6.462024211883544922e+00 -9.033040046691894531e+00 2.946250438690185547e+00 4.084828495979309082e-02
5.835675048828125000e+02 3.849951267242431641e+00 6.089445114135742188e+00 4.644107818603515625e+00 2.922720909118652344e+00 6.201114505529403687e-02
4.270063476562500000e+02 3.440588474273681641e+00 5.414772987365722656e+00 -1.058928680419921875e+01 3.686285018920898438e-01 7.903127931058406830e-03
2.718635864257812500e+02 3.719451427459716797e+00 5.913368225097656250e+00 -5.893731117248535156e-01 -6.156539916992187500e-01 9.436237160116434097e-04
6.074290771484375000e+02 3.534114360809326172e+00 5.544101238250732422e+00 -1.792155647277832031e+01 1.667413711547851562e+00 3.140105679631233215e-02
5.253131713867187500e+02 3.969677448272705078e+00 6.380411148071289062e+00 6.164245605468750000e+00 3.472352027893066406e+00 5.132743716239929199e-02
1.004805068969726562e+02 3.677852153778076172e+00 6.067258358001708984e+00 1.583317756652832031e+01 1.380140781402587891e+00 3.378913179039955139e-02
1.071541900634765625e+02 3.905062198638916016e+00 6.362071037292480469e+00 1.825900077819824219e+01 8.662843704223632812e-01 2.284399978816509247e-02
7.673297882080078125e+01 3.720510482788085938e+00 6.070556640625000000e+00 1.475911140441894531e+01 1.289644241333007812e+00 1.097884867340326309e-02
4.201666259765625000e+02 3.612037420272827148e+00 5.681674003601074219e+00 -1.117254638671875000e+01 1.239361763000488281e+00 2.263676747679710388e-02
6.243372802734375000e+02 3.719401836395263672e+00 6.040996551513671875e+00 -1.405975151062011719e+01 1.376483440399169922e+00 2.285045757889747620e-02
7.844694519042968750e+01 3.748397827148437500e+00 6.057719230651855469e+00 1.638163757324218750e+01 6.235837936401367188e-01 7.424294017255306244e-03
2.844388580322265625e+01 3.917592525482177734e+00 6.493658542633056641e+00 1.684136390686035156e+01 1.474604606628417969e+00 4.324899986386299133e-02
5.311929931640625000e+02 3.891150474548339844e+00 6.341730594635009766e+00 1.500646591186523438e+01 2.329850196838378906e-01 1.963652856647968292e-02
5.994559326171875000e+02 3.705407619476318359e+00 5.904258251190185547e+00 -7.715542316436767578e+00 9.774589538574218750e-01 1.825714670121669769e-02
3.805602416992187500e+02 3.670081615447998047e+00 5.276226997375488281e+00 -1.675857353210449219e+01 1.530487537384033203e+00 4.688783735036849976e-02
5.900402832031250000e+02 3.974929809570312500e+00 6.529054641723632812e+00 -3.926769495010375977e+00 -3.463792800903320312e-01 1.486117206513881683e-02
7.137575531005859375e+01 3.704789638519287109e+00 5.861132621765136719e+00 2.215569019317626953e+00 -6.629037857055664062e-01 7.025531493127346039e-03
4.752768859863281250e+02 3.737145423889160156e+00 5.898900985717773438e+00 -1.939063072204589844e+00 8.344602584838867188e-01 1.047952100634574890e-02
4.583022155761718750e+02 3.626574993133544922e+00 5.657635211944580078e+00 -2.625654935836791992e+00 3.633689880371093750e-01 7.864233106374740601e-03
8.762796783447265625e+01 3.851554393768310547e+00 6.224923610687255859e+00 1.654506874084472656e+01 1.813540458679199219e+00 1.699419505894184113e-02
4.927816772460937500e+02 3.977809429168701172e+00 6.439214706420898438e+00 -7.041001319885253906e+00 -5.194044113159179688e-01 5.103259347379207611e-03
9.650474548339843750e+01 3.863728523254394531e+00 6.223052024841308594e+00 1.627790451049804688e+01 1.065325736999511719e+00 1.369958277791738510e-03
9.792190551757812500e+01 3.906922817230224609e+00 6.429504394531250000e+00 1.787430191040039062e+01 1.718134880065917969e+00 1.689005270600318909e-02
6.055824584960937500e+02 3.659955024719238281e+00 6.048408508300781250e+00 -9.300646781921386719e+00 5.370473861694335938e-01 2.994743920862674713e-02
4.228124694824218750e+02 3.652772903442382812e+00 5.857258796691894531e+00 -1.239509868621826172e+01 5.705189704895019531e-01 2.415653131902217865e-02
3.635041809082031250e+02 3.965034484863281250e+00 6.187478065490722656e+00 -3.383278846740722656e-01 -2.108430862426757812e-01 1.010140217840671539e-02
5.904446411132812500e+02 3.956058025360107422e+00 6.349548339843750000e+00 -1.710111045837402344e+01 1.641254425048828125e+00 6.119465455412864685e-02
9.933663940429687500e+01 3.644225597381591797e+00 5.788315773010253906e+00 1.888713455200195312e+01 1.095464229583740234e+00 1.530591771006584167e-02
9.563210296630859375e+01 3.909155845642089844e+00 6.150369644165039062e+00 1.428237724304199219e+01 1.191847324371337891e+00 1.230103801935911179e-02
4.314851379394531250e+02 3.433675289154052734e+00 5.415422439575195312e+00 -9.271816253662109375e+00 1.116108894348144531e-01 1.361445058137178421e-02
9.087068939208984375e+01 3.741898059844970703e+00 6.145172595977783203e+00 1.590837955474853516e+01 4.581332206726074219e-01 8.087373338639736176e-03
3.985833740234375000e+02 3.515958786010742188e+00 5.505237102508544922e+00 -1.060121726989746094e+01 2.065095901489257812e+00 1.317708380520343781e-02
4.310408020019531250e+02 3.713917255401611328e+00 5.900583744049072266e+00 -7.877717971801757812e+00 1.433622837066650391e+00 3.776480257511138916e-02
3.736635131835937500e+02 3.815981864929199219e+00 6.275174140930175781e+00 1.838603019714355469e+00 -1.563612222671508789e+00 1.702287234365940094e-03
5.379431762695312500e+02 3.924865245819091797e+00 6.560851573944091797e+00 6.578409671783447266e+00 1.317000389099121094e+00 3.514650464057922363e-02
9.368814086914062500e+01 3.751326084136962891e+00 6.107724189758300781e+00 1.684139633178710938e+01 4.420804977416992188e-01 1.886146515607833862e-02
6.113749313354492188e+01 3.843155860900878906e+00 6.300735473632812500e+00 1.768518829345703125e+01 -1.642882823944091797e-01 3.762337379157543182e-03
6.606116333007812500e+02 3.954821109771728516e+00 6.312527656555175781e+00 -1.434241294860839844e+01 4.465610980987548828e+00 7.441084086894989014e-02
3.725766906738281250e+02 3.945537090301513672e+00 6.396635532379150391e+00 3.642952442169189453e+00 1.499090194702148438e+00 2.037088386714458466e-02
5.087002258300781250e+02 3.747293472290039062e+00 5.820795059204101562e+00 -1.533362388610839844e+01 2.092671394348144531e-01 4.176962748169898987e-02
5.245845947265625000e+02 3.883897304534912109e+00 6.171346664428710938e+00 -1.307620239257812500e+01 1.343843936920166016e+00 1.679345965385437012e-02
3.211010742187500000e+02 3.644598007202148438e+00 5.840966701507568359e+00 1.706302165985107422e+00 -2.658843994140625000e-02 3.119213972240686417e-03
5.710136718750000000e+02 3.635555267333984375e+00 5.868615627288818359e+00 -4.805393218994140625e+00 1.197829246520996094e+00 2.010116539895534515e-02
5.935354003906250000e+02 3.634763717651367188e+00 5.793916225433349609e+00 -1.506602478027343750e+01 1.774446964263916016e+00 1.850672997534275055e-03
5.524974365234375000e+02 3.851335525512695312e+00 6.170641422271728516e+00 -4.494369029998779297e+00 2.506613731384277344e-01 1.480350270867347717e-02
1.084674377441406250e+02 3.844261169433593750e+00 6.240444660186767578e+00 1.407734394073486328e+01 4.682183265686035156e-01 3.448531404137611389e-02
1.341391448974609375e+02 3.824653148651123047e+00 6.074785709381103516e+00 1.561719131469726562e+01 -3.102159500122070312e-01 1.006354112178087234e-02
5.488607788085937500e+02 3.766492843627929688e+00 5.913028717041015625e+00 -1.576124668121337891e+01 1.329569816589355469e+00 1.409078110009431839e-02
8.747386169433593750e+01 3.900567531585693359e+00 6.187605857849121094e+00 1.609735870361328125e+01 1.684138774871826172e+00 6.524337921291589737e-03
5.383526611328125000e+02 3.601029872894287109e+00 5.518730640411376953e+00 -1.554615974426269531e+01 -3.842210769653320312e-01 1.388156600296497345e-02
9.644055175781250000e+01 3.863777399063110352e+00 5.956422805786132812e+00 1.669010162353515625e+01 5.836439132690429688e-01 8.459456264972686768e-03
1.444766387939453125e+02 3.725597143173217773e+00 6.002244472503662109e+00 1.597978401184082031e+01 4.556372165679931641e+00 7.135926187038421631e-02
1.115020065307617188e+02 3.790970087051391602e+00 6.262279987335205078e+00 1.492324638366699219e+01 -5.195546150207519531e-01 2.312985088792629540e-05
7.553935241699218750e+01 3.893909931182861328e+00 6.452460289001464844e+00 1.317622375488281250e+01 8.486390113830566406e-01 2.286857226863503456e-03
3.723483886718750000e+02 3.990767002105712891e+00 6.621602058410644531e+00 3.854682445526123047e+00 7.999420166015625000e-01 2.070489339530467987e-02
6.064256591796875000e+02 3.736937999725341797e+00 6.018384933471679688e+00 -6.378300189971923828e+00 6.308817863464355469e-01 3.151149675250053406e-02
5.245845947265625000e+02 3.883897304534912109e+00 6.171346664428710938e+00 -1.307620239257812500e+01 1.343843936920166016e+00 1.679345965385437012e-02
4.149216308593750000e+02 3.559634208679199219e+00 5.480656623840332031e+00 -9.058498382568359375e+00 1.176793575286865234e+00 2.407878264784812927e-02
3.716320495605468750e+02 3.704154968261718750e+00 6.125251293182373047e+00 2.714369297027587891e+00 -1.205422878265380859e+00 5.739163141697645187e-03
6.243069458007812500e+02 3.733470916748046875e+00 5.772781848907470703e+00 -1.704347610473632812e+01 2.931718826293945312e+00 5.069497600197792053e-02
6.040331420898437500e+02 3.623732089996337891e+00 5.851051807403564453e+00 -7.886540889739990234e+00 5.494904518127441406e-01 1.590234041213989258e-02
9.301013183593750000e+01 3.770338535308837891e+00 6.328341960906982422e+00 1.872233963012695312e+01 -8.896458148956298828e-01 4.889208357781171799e-03
4.217121582031250000e+02 3.607323169708251953e+00 5.613430976867675781e+00 -1.151091670989990234e+01 6.585288047790527344e-01 1.932791434228420258e-02
4.858413085937500000e+02 3.838656425476074219e+00 6.148082256317138672e+00 1.591991233825683594e+01 1.655499935150146484e+00 7.667206227779388428e-04
4.151717529296875000e+02 3.471637725830078125e+00 5.537451744079589844e+00 -1.157394504547119141e+01 1.300811767578125000e-01 1.581499725580215454e-02
8.022921752929687500e+01 3.831936359405517578e+00 6.135682582855224609e+00 1.759914588928222656e+01 -4.095470905303955078e-01 2.993923798203468323e-02
4.847024841308593750e+02 3.967260360717773438e+00 6.546825885772705078e+00 -7.062540054321289062e+00 -6.851172447204589844e-01 4.111244808882474899e-03
9.335243225097656250e+01 3.639650821685791016e+00 5.979234218597412109e+00 1.719774436950683594e+01 1.411495208740234375e+00 8.597505278885364532e-03
5.793076782226562500e+02 3.844900131225585938e+00 6.338087558746337891e+00 -4.661953449249267578e+00 -6.731390953063964844e-02 4.723697900772094727e-03
5.670637817382812500e+02 3.577936649322509766e+00 5.940317630767822266e+00 -1.552633094787597656e+01 2.393567562103271484e+00 4.221104457974433899e-02
8.597055053710937500e+01 3.541707515716552734e+00 5.827837944030761719e+00 -1.063050031661987305e+00 2.979285717010498047e+00 3.478912264108657837e-02
5.113085632324218750e+02 3.725874423980712891e+00 5.861288547515869141e+00 -1.658616065979003906e+01 1.563935279846191406e+00 2.637859433889389038e-02
5.371552124023437500e+02 3.485470056533813477e+00 5.672736167907714844e+00 -1.591782760620117188e+01 2.733550071716308594e+00 5.261765792965888977e-02
5.209011840820312500e+02 3.820480346679687500e+00 6.034110546112060547e+00 -1.676810073852539062e+01 1.319830417633056641e+00 5.493186786770820618e-02
1.196960678100585938e+02 3.812730312347412109e+00 6.110561370849609375e+00 1.690480041503906250e+01 8.908176422119140625e-01 2.551070973277091980e-02
5.799440307617187500e+02 3.525993585586547852e+00 5.610231399536132812e+00 -1.045762348175048828e+01 -1.753090620040893555e+00 7.222405634820461273e-03
4.847024841308593750e+02 3.967260360717773438e+00 6.546825885772705078e+00 -7.062540054321289062e+00 -6.851172447204589844e-01 4.111244808882474899e-03
1.156347274780273438e+02 3.968621253967285156e+00 6.004304409027099609e+00 1.399947166442871094e+01 1.897072792053222656e+00 7.514499127864837646e-03
5.264481201171875000e+02 3.595305919647216797e+00 5.853413581848144531e+00 -9.971645355224609375e+00 -1.232624053955078125e-01 9.118794463574886322e-03
3.721466979980468750e+02 3.735333919525146484e+00 6.070811271667480469e+00 -7.728207111358642578e-01 -4.922378063201904297e-01 1.650361530482769012e-02
8.236314392089843750e+01 3.641868591308593750e+00 5.570042133331298828e+00 2.960793972015380859e+00 -3.887677192687988281e-01 5.636470858007669449e-03
7.354611206054687500e+01 3.758964538574218750e+00 6.105704307556152344e+00 1.634715843200683594e+01 -6.312251091003417969e-02 1.615694374777376652e-03
4.579846496582031250e+02 3.555679559707641602e+00 5.613084793090820312e+00 -1.104613876342773438e+01 2.003533840179443359e+00 2.279405482113361359e-02
3.877896118164062500e+02 3.924671649932861328e+00 6.021414756774902344e+00 5.636525154113769531e+00 4.999732971191406250e-01 4.219060763716697693e-03
3.548780212402343750e+02 3.904702663421630859e+00 6.384990692138671875e+00 6.218309402465820312e+00 2.763249874114990234e+00 4.030657932162284851e-02
3.422131042480468750e+02 3.972552061080932617e+00 6.622436046600341797e+00 3.036055564880371094e+00 1.541254520416259766e+00 3.172407299280166626e-02
4.956503295898437500e+02 3.980355262756347656e+00 6.409256935119628906e+00 -7.133494377136230469e+00 -5.789434909820556641e-01 1.429041847586631775e-03
4.979185485839843750e+02 3.528342485427856445e+00 5.642804145812988281e+00 -1.196720886230468750e+01 9.016776084899902344e-01 2.384664304554462433e-02
2.886180114746093750e+02 3.550194263458251953e+00 5.414916992187500000e+00 -1.633702850341796875e+01 9.665727615356445312e-02 4.690260067582130432e-02
8.256872558593750000e+01 3.544456005096435547e+00 5.837220668792724609e+00 1.849221992492675781e+01 1.314485073089599609e+00 2.347124367952346802e-02
4.368663330078125000e+02 3.448951244354248047e+00 5.320630073547363281e+00 -8.142261505126953125e+00 2.147300243377685547e+00 3.206129744648933411e-02
8.418111419677734375e+01 3.956561565399169922e+00 6.302368164062500000e+00 1.783331871032714844e+01 -3.477358818054199219e-01 2.642486058175563812e-02
3.837112731933593750e+02 3.433324337005615234e+00 5.549162387847900391e+00 -1.155455017089843750e+01 4.947614669799804688e-01 3.459564968943595886e-02
3.303094482421875000e+02 3.780457019805908203e+00 5.898114204406738281e+00 -1.662859725952148438e+01 3.728160858154296875e+00 8.118149638175964355e-02
5.738107910156250000e+02 3.447836875915527344e+00 5.494174957275390625e+00 -1.312652587890625000e+01 2.583925724029541016e+00 5.676481127738952637e-02
5.176111450195312500e+02 3.934325218200683594e+00 6.205488681793212891e+00 8.056154251098632812e+00 1.930470466613769531e+00 1.590339653193950653e-02
4.071650390625000000e+02 3.800985336303710938e+00 6.312124252319335938e+00 6.829946041107177734e+00 4.852747917175292969e-01 1.169428694993257523e-02
3.130134277343750000e+02 3.717681407928466797e+00 5.909821510314941406e+00 3.698532581329345703e+00 2.161490917205810547e+00 1.757427491247653961e-02
4.484299316406250000e+02 3.410655498504638672e+00 5.386457920074462891e+00 -1.111555480957031250e+01 -4.480302333831787109e-01 2.158385701477527618e-03
5.950819702148437500e+02 3.777752161026000977e+00 6.097382068634033203e+00 -4.623881340026855469e+00 -7.447683811187744141e-01 7.987543009221553802e-03
5.950647583007812500e+02 3.711924314498901367e+00 5.935733795166015625e+00 -8.938219070434570312e+00 1.296780109405517578e+00 2.586258761584758759e-02
5.534420166015625000e+02 3.836848020553588867e+00 6.285369873046875000e+00 -1.641154861450195312e+01 2.287194728851318359e+00 3.272019699215888977e-02
6.627939605712890625e+01 3.848426818847656250e+00 6.463570594787597656e+00 4.016537666320800781e+00 7.191705703735351562e-01 1.051365584135055542e-02
4.603765869140625000e+02 3.497386217117309570e+00 5.527467727661132812e+00 -1.026272106170654297e+01 1.569945812225341797e+00 2.486684918403625488e-02
3.810169372558593750e+02 3.910843372344970703e+00 6.555640220642089844e+00 3.473803997039794922e+00 1.300377845764160156e+00 2.744039520621299744e-02
4.607309265136718750e+02 3.706566333770751953e+00 6.058981418609619141e+00 -2.837790250778198242e+00 5.224633216857910156e-01 2.665365301072597504e-02
3.663140869140625000e+02 3.674127578735351562e+00 5.886077880859375000e+00 -1.489704847335815430e+00 4.064321517944335938e-02 1.952105760574340820e-02
9.538687133789062500e+01 3.726763248443603516e+00 6.134016990661621094e+00 1.749364662170410156e+01 -2.388000488281250000e-01 4.812341183423995972e-03
5.373104248046875000e+02 3.758516788482666016e+00 6.172912120819091797e+00 1.806090927124023438e+01 8.726954460144042969e-01 1.921155676245689392e-02
1.395932312011718750e+02 3.761596202850341797e+00 6.035346508026123047e+00 1.361393165588378906e+01 4.886126518249511719e-01 4.799714777618646622e-03
4.509991149902343750e+02 3.430804491043090820e+00 5.551344394683837891e+00 -1.081184959411621094e+01 -1.800644397735595703e-01 5.955317057669162750e-03
3.688941345214843750e+02 3.998289823532104492e+00 6.578341484069824219e+00 4.530944824218750000e+00 1.124157905578613281e+00 2.037745900452136993e-02
8.310461425781250000e+01 3.804578542709350586e+00 6.050570964813232422e+00 1.720861625671386719e+01 -3.693914413452148438e-01 1.415204256772994995e-02
5.111315612792968750e+02 3.497269153594970703e+00 5.542350292205810547e+00 -1.894973564147949219e+01 4.049646854400634766e+00 6.402074545621871948e-02
7.941426849365234375e+01 3.771353721618652344e+00 6.283593177795410156e+00 1.599025249481201172e+01 5.698561668395996094e-01 1.165956165641546249e-02
8.666118621826171875e+01 3.851522445678710938e+00 6.238181591033935547e+00 1.565969657897949219e+01 9.791517257690429688e-01 1.719656772911548615e-02
5.187070922851562500e+02 3.867899417877197266e+00 6.230189800262451172e+00 1.831968498229980469e+01 5.455327033996582031e-01 6.791883148252964020e-03
5.748232421875000000e+02 3.654290199279785156e+00 5.778878211975097656e+00 -7.231692314147949219e+00 4.831578731536865234e+00 9.125120937824249268e-02
4.563578186035156250e+02 3.632792472839355469e+00 5.584367275238037109e+00 -1.059457778930664062e+01 8.181238174438476562e-01 3.088051266968250275e-02
4.309434814453125000e+02 3.503098487854003906e+00 5.483599662780761719e+00 -1.055315017700195312e+01 9.589505195617675781e-01 4.047596827149391174e-03
5.829449462890625000e+02 3.720015048980712891e+00 5.946089744567871094e+00 -8.033877372741699219e+00 6.044149398803710938e-01 2.593212760984897614e-02
8.747386169433593750e+01 3.900567531585693359e+00 6.187605857849121094e+00 1.609735870361328125e+01 1.684138774871826172e+00 6.524337921291589737e-03
4.669869079589843750e+02 3.483808517456054688e+00 5.420186519622802734e+00 -1.006076049804687500e+01 8.960294723510742188e-01 3.097092546522617340e-02
4.224673767089843750e+02 3.992549180984497070e+00 6.448431015014648438e+00 8.374547958374023438e+00 9.338498115539550781e-01 4.163209523539990187e-04
2.956667175292968750e+02 3.641538619995117188e+00 5.893887042999267578e+00 1.531140804290771484e+00 1.030550003051757812e+00 4.211160354316234589e-03
5.849995727539062500e+02 3.651707649230957031e+00 5.712295532226562500e+00 -1.377073478698730469e+01 3.338446617126464844e+00 4.358083754777908325e-02
1.103145828247070312e+02 3.853224277496337891e+00 6.063292026519775391e+00 1.606348228454589844e+01 2.624177932739257812e-01 1.942159724421799183e-03
4.533366699218750000e+02 3.676955223083496094e+00 5.782880783081054688e+00 -3.521511554718017578e+00 1.049537658691406250e+00 5.384325981140136719e-03
4.164704284667968750e+02 3.826348066329956055e+00 6.264842033386230469e+00 -1.344281959533691406e+01 1.383814811706542969e+00 3.931889310479164124e-02
8.037765502929687500e+01 3.872519254684448242e+00 6.184803485870361328e+00 1.684918212890625000e+01 2.127265930175781250e-01 6.990101188421249390e-03
4.987750549316406250e+02 3.938839197158813477e+00 6.351312160491943359e+00 -6.962689399719238281e+00 -7.420635223388671875e-01 8.788686827756464481e-04
4.684625244140625000e+02 3.783565998077392578e+00 6.084772109985351562e+00 -1.773904561996459961e+00 5.371546745300292969e-01 2.206628397107124329e-02
5.615913085937500000e+02 3.753124475479125977e+00 6.276226520538330078e+00 2.370259761810302734e+00 4.557209014892578125e+00 8.038900792598724365e-02
5.207882690429687500e+02 3.814913272857666016e+00 6.117100715637207031e+00 -1.260198116302490234e+01 8.857846260070800781e-01 1.590580865740776062e-02
6.595220947265625000e+01 3.884881019592285156e+00 6.224695205688476562e+00 1.767050170898437500e+01 4.660224914550781250e-01 1.596443727612495422e-02
5.068793640136718750e+02 3.749428749084472656e+00 6.075863361358642578e+00 1.621278572082519531e+01 2.176291942596435547e+00 3.763306140899658203e-02
9.096754455566406250e+01 3.676383256912231445e+00 5.810604095458984375e+00 1.652561187744140625e+01 1.158070564270019531e+00 5.930747836828231812e-03
6.158425292968750000e+02 3.886967182159423828e+00 6.009665489196777344e+00 -4.822865486145019531e+00 9.170436859130859375e-01 1.250042114406824112e-02
8.656121063232421875e+01 3.804994106292724609e+00 6.105626106262207031e+00 1.814820289611816406e+01 1.147739887237548828e+00 2.918066456913948059e-02
5.129547119140625000e+02 3.982297420501708984e+00 6.236083030700683594e+00 1.328894424438476562e+01 1.453406810760498047e+00 1.894060708582401276e-02
1.449777221679687500e+02 3.754461765289306641e+00 6.210389137268066406e+00 1.749837684631347656e+01 5.077934265136718750e-01 1.147707179188728333e-02
1.017480850219726562e+02 3.851154327392578125e+00 6.309766292572021484e+00 1.599073219299316406e+01 4.777359962463378906e-01 2.318371552973985672e-03
3.563984985351562500e+02 3.974393129348754883e+00 6.334410190582275391e+00 5.196399688720703125e+00 1.695134639739990234e+00 4.592131078243255615e-02
9.271946716308593750e+01 3.805422782897949219e+00 6.156028747558593750e+00 1.591696548461914062e+01 6.174492835998535156e-01 1.071906153811141849e-04
5.438662719726562500e+02 3.671265602111816406e+00 5.693008422851562500e+00 -1.279086303710937500e+01 5.181646347045898438e-01 2.560105873271822929e-03
4.472619247436523438e+01 3.489498615264892578e+00 5.283875942230224609e+00 1.723904037475585938e+01 3.402662277221679688e-01 3.773499745875597000e-03
6.155338134765625000e+02 3.759333610534667969e+00 5.837971687316894531e+00 -1.612703323364257812e+01 3.277184963226318359e+00 5.655529350042343140e-02
3.694066162109375000e+02 3.798764228820800781e+00 6.096802234649658203e+00 -1.573969125747680664e+00 -6.773161888122558594e-01 2.103888988494873047e-02
1.349994354248046875e+02 3.837666034698486328e+00 6.432836055755615234e+00 1.803412628173828125e+01 1.146602630615234375e-01 2.005406189709901810e-03
5.670501708984375000e+02 3.520583629608154297e+00 5.644474029541015625e+00 -1.780718421936035156e+01 1.939840316772460938e+00 4.774967208504676819e-02
2.104783935546875000e+02 3.790395259857177734e+00 6.006924152374267578e+00 -2.105035781860351562e+00 9.252071380615234375e-01 2.966037206351757050e-02
7.590810394287109375e+01 3.767604112625122070e+00 6.024333000183105469e+00 1.778325653076171875e+01 1.139173507690429688e+00 8.142793551087379456e-03
2.048041152954101562e+01 3.727929592132568359e+00 5.693003654479980469e+00 4.057912826538085938e+00 3.433198928833007812e+00 2.385992743074893951e-02
5.604689331054687500e+02 3.824929714202880859e+00 6.321315288543701172e+00 -2.600119113922119141e+00 2.244236469268798828e+00 6.263861060142517090e-02
3.432410583496093750e+02 3.710641145706176758e+00 5.637308120727539062e+00 6.745266914367675781e-01 1.965842247009277344e+00 1.604975759983062744e-02
5.834878540039062500e+02 3.720593214035034180e+00 5.990588665008544922e+00 -4.012775421142578125e+00 1.768264770507812500e+00 2.912968024611473083e-02
9.076498413085937500e+01 3.681172847747802734e+00 5.722906589508056641e+00 -1.589274406433105469e+00 1.167783737182617188e+00 4.966842383146286011e-02
6.002640380859375000e+02 3.871891975402832031e+00 6.420317173004150391e+00 -8.384056091308593750e+00 1.689162254333496094e+00 7.702231407165527344e-03
3.806694641113281250e+02 3.744934558868408203e+00 6.088586330413818359e+00 6.494088172912597656e+00 2.087936401367187500e+00 5.711986683309078217e-03
5.096255187988281250e+02 3.744110584259033203e+00 6.033187389373779297e+00 1.520969867706298828e+01 1.910307407379150391e+00 1.299820654094219208e-02
5.674755859375000000e+02 3.917617321014404297e+00 6.591752052307128906e+00 3.040554523468017578e+00 2.574369907379150391e+00 4.509161412715911865e-02
3.465938720703125000e+02 3.782238960266113281e+00 5.972208976745605469e+00 4.155325889587402344e-01 1.702032089233398438e+00 1.872108131647109985e-02
5.552790527343750000e+02 3.689878463745117188e+00 5.916728019714355469e+00 -1.372051334381103516e+01 5.726315975189208984e+00 9.315936267375946045e-02
5.834878540039062500e+02 3.720593214035034180e+00 5.990588665008544922e+00 -4.012775421142578125e+00 1.768264770507812500e+00 2.912968024611473083e-02
6.575074462890625000e+02 3.525357246398925781e+00 5.810895919799804688e+00 -9.445291519165039062e+00 1.664450168609619141e+00 3.672340512275695801e-02
1.046314926147460938e+02 3.909184932708740234e+00 6.209918975830078125e+00 1.622324371337890625e+01 5.259394645690917969e-01 2.519923448562622070e-02
5.866535644531250000e+02 3.556486606597900391e+00 5.637975692749023438e+00 -5.494449138641357422e+00 2.838182449340820312e+00 3.478483483195304871e-02
6.043612670898437500e+02 3.576426267623901367e+00 5.806939601898193359e+00 -1.635684394836425781e+01 3.464784622192382812e+00 5.670983344316482544e-02
3.562516479492187500e+02 3.997198581695556641e+00 6.514417171478271484e+00 5.907700061798095703e+00 1.183304786682128906e+00 3.065888583660125732e-02
9.035843658447265625e+01 3.741900920867919922e+00 6.156452655792236328e+00 4.691293239593505859e+00 1.710028648376464844e+00 5.551280826330184937e-02
3.447403564453125000e+02 3.636965274810791016e+00 5.632805347442626953e+00 -3.184897899627685547e+00 3.371229171752929688e+00 7.188228517770767212e-02
5.966723632812500000e+02 3.902617216110229492e+00 6.345079421997070312e+00 -4.077578544616699219e+00 8.861732482910156250e-01 3.328529419377446175e-03
9.242347717285156250e+01 3.788166999816894531e+00 6.308944702148437500e+00 1.624647331237792969e+01 1.411604881286621094e+00 1.484403153881430626e-03
3.779791870117187500e+02 3.916883945465087891e+00 6.463531970977783203e+00 5.325293540954589844e-01 3.751206398010253906e-01 2.238654531538486481e-02
3.279718627929687500e+02 3.692284584045410156e+00 5.799325466156005859e+00 1.411974430084228516e+00 -5.563378334045410156e-02 6.655039731413125992e-03
6.060855865478515625e+01 3.935140132904052734e+00 6.221266269683837891e+00 1.677884101867675781e+01 2.140214443206787109e+00 2.678233012557029724e-02
4.877115173339843750e+02 3.459426164627075195e+00 5.402385711669921875e+00 -1.272446537017822266e+01 -6.318974494934082031e-01 3.723489493131637573e-02
7.472157287597656250e+01 3.875033855438232422e+00 6.138757705688476562e+00 1.638216400146484375e+01 -5.444622039794921875e-01 6.246495060622692108e-03
4.035312194824218750e+02 3.715126991271972656e+00 5.915463447570800781e+00 1.266512870788574219e+00 1.147773265838623047e+00 1.778613775968551636e-02
3.923121032714843750e+02 3.926787137985229492e+00 6.237339019775390625e+00 2.135648727416992188e+00 2.379174232482910156e+00 2.934586443006992340e-02
5.985633544921875000e+02 3.654655456542968750e+00 5.956181049346923828e+00 -8.073829650878906250e+00 3.017425537109375000e-01 1.258926931768655777e-02
3.778403625488281250e+02 3.847372531890869141e+00 6.277408599853515625e+00 6.159267425537109375e+00 6.928849220275878906e-01 1.552157849073410034e-02
8.482824707031250000e+01 3.751297473907470703e+00 6.245705604553222656e+00 1.938252639770507812e+01 2.353234291076660156e+00 4.299352318048477173e-02
5.747258300781250000e+02 3.836160659790039062e+00 6.165216445922851562e+00 -5.502467155456542969e+00 -1.492929458618164062e-01 1.125992182642221451e-02
5.673280639648437500e+02 3.600408077239990234e+00 5.863640308380126953e+00 -1.275212669372558594e+01 9.503054618835449219e-01 3.282287716865539551e-02
2.416911621093750000e+02 3.983994960784912109e+00 6.284774780273437500e+00 -1.881939315795898438e+01 -1.588627099990844727e+00 5.826062522828578949e-03
6.315898895263671875e+01 3.904495239257812500e+00 6.332410812377929688e+00 1.452461719512939453e+01 1.237864494323730469e+00 2.352625504136085510e-02
5.753298950195312500e+02 3.737482547760009766e+00 5.925478458404541016e+00 -6.452085971832275391e+00 1.494252681732177734e+00 3.602328151464462280e-02
9.171514129638671875e+01 3.486182212829589844e+00 5.466459751129150391e+00 2.196645736694335938e+00 5.589699745178222656e-01 2.114426158368587494e-02
5.221826782226562500e+02 3.908600807189941406e+00 6.264814376831054688e+00 4.057126045227050781e+00 4.192581176757812500e+00 5.631520971655845642e-02
3.605262451171875000e+02 3.971966266632080078e+00 6.464716911315917969e+00 4.341843128204345703e+00 8.535575866699218750e-01 6.867332849651575089e-03
3.887469177246093750e+02 3.749891281127929688e+00 5.998475551605224609e+00 2.365305423736572266e+00 1.300806999206542969e+00 1.345492433756589890e-02
7.258509826660156250e+01 3.664807319641113281e+00 6.139258384704589844e+00 1.768085861206054688e+01 6.389737129211425781e-01 6.072157993912696838e-03
3.087870483398437500e+02 3.747023105621337891e+00 5.932523727416992188e+00 4.034914970397949219e+00 2.218363285064697266e+00 2.320310287177562714e-02
3.854125366210937500e+02 3.953414440155029297e+00 6.449004173278808594e+00 8.988738059997558594e-01 -1.133966445922851562e-01 3.860011347569525242e-04
4.482434692382812500e+02 3.653660774230957031e+00 5.899838924407958984e+00 -2.073661088943481445e+00 1.888966560363769531e+00 3.432076051831245422e-02
1.101869201660156250e+02 3.947141647338867188e+00 6.472473621368408203e+00 1.771509361267089844e+01 -1.695096492767333984e-01 1.105816010385751724e-02
1.126770935058593750e+02 3.699183940887451172e+00 5.959469795227050781e+00 1.490328025817871094e+01 1.163916587829589844e+00 1.278374157845973969e-02
4.335180664062500000e+02 3.690951347351074219e+00 5.972285270690917969e+00 1.229591369628906250e+00 1.184272766113281250e+00 2.316013164818286896e-02
4.433944702148437500e+02 3.552137851715087891e+00 5.830296516418457031e+00 -6.509679794311523438e+00 4.115581512451171875e-02 2.571707218885421753e-02
6.155338134765625000e+02 3.759333610534667969e+00 5.837971687316894531e+00 -1.612703323364257812e+01 3.277184963226318359e+00 5.655529350042343140e-02
9.304197692871093750e+01 3.943092346191406250e+00 6.577051162719726562e+00 1.646291732788085938e+01 7.121419906616210938e-01 1.816581562161445618e-02
9.322463989257812500e+01 3.792734622955322266e+00 6.339072227478027344e+00 1.899831581115722656e+01 9.684920310974121094e-01 3.704949840903282166e-02
5.813806152343750000e+02 3.688518047332763672e+00 5.856975555419921875e+00 -1.778919029235839844e+01 1.728308200836181641e+00 9.936317056417465210e-02
4.943342590332031250e+02 3.383540153503417969e+00 5.355391502380371094e+00 -1.269457244873046875e+01 -9.029483795166015625e-01 1.684576156549155712e-03
6.646508026123046875e+01 3.762976408004760742e+00 6.066040515899658203e+00 1.674338531494140625e+01 9.266138076782226562e-01 2.524723485112190247e-02
3.818133850097656250e+02 3.801358222961425781e+00 6.064507961273193359e+00 5.207381248474121094e+00 7.706499099731445312e-01 4.566343966871500015e-03
5.659357910156250000e+02 3.868515968322753906e+00 6.024755001068115234e+00 -6.003382205963134766e+00 -5.538356304168701172e-01 3.124553523957729340e-02
5.028342590332031250e+02 3.479969978332519531e+00 5.457369327545166016e+00 -1.049442481994628906e+01 1.837072372436523438e+00 5.045161023736000061e-02
4.982694091796875000e+02 3.584211826324462891e+00 5.719657897949218750e+00 4.251596927642822266e+00 -2.525997161865234375e-01 5.472683813422918320e-03
5.048521423339843750e+02 3.526024341583251953e+00 5.826852321624755859e+00 -4.683551788330078125e+00 2.816600799560546875e+00 3.477018699049949646e-02
4.772730712890625000e+02 3.900758743286132812e+00 6.325379371643066406e+00 -7.587413787841796875e+00 -4.421007633209228516e-01 9.107716381549835205e-03
5.457413940429687500e+02 3.647734642028808594e+00 5.940711975097656250e+00 -9.035087585449218750e+00 -7.424688339233398438e-01 2.767919795587658882e-03
1.025405654907226562e+02 3.714620590209960938e+00 6.271502494812011719e+00 1.732038688659667969e+01 1.656534671783447266e+00 2.284099534153938293e-02
6.860279846191406250e+01 3.916999340057373047e+00 6.351273536682128906e+00 1.658032608032226562e+01 1.638610363006591797e+00 3.682705108076334000e-03
3.440777893066406250e+02 3.606636047363281250e+00 5.671335220336914062e+00 -8.297765254974365234e-01 3.815317153930664062e-01 3.916975576430559158e-03
4.038121337890625000e+02 3.723618984222412109e+00 6.023223876953125000e+00 -1.042538738250732422e+01 -2.615261077880859375e-01 1.588463224470615387e-02
3.216772155761718750e+02 3.840952396392822266e+00 6.398074150085449219e+00 3.061137199401855469e+00 6.218814849853515625e-01 4.038529098033905029e-02
2.465228118896484375e+02 3.776320457458496094e+00 6.327640533447265625e+00 8.633332252502441406e+00 2.793459892272949219e+00 3.995132073760032654e-02
3.548780212402343750e+02 3.904702663421630859e+00 6.384990692138671875e+00 6.218309402465820312e+00 2.763249874114990234e+00 4.030657932162284851e-02
4.005505981445312500e+02 3.830713272094726562e+00 6.102662563323974609e+00 7.680556774139404297e+00 1.424672603607177734e+00 1.474046707153320312e-02
9.768233489990234375e+01 3.912281513214111328e+00 6.154680728912353516e+00 1.770352935791015625e+01 4.896855354309082031e-01 2.059638500213623047e-02
3.508620605468750000e+02 3.712513923645019531e+00 5.868043422698974609e+00 -1.418045759201049805e+00 -7.978785037994384766e-01 3.924691118299961090e-03
5.415040893554687500e+02 3.600511789321899414e+00 5.897609233856201172e+00 -3.734627962112426758e+00 5.605530738830566406e-01 1.777457445859909058e-02
5.596090087890625000e+02 3.892686367034912109e+00 6.231760025024414062e+00 -9.153831481933593750e+00 -1.010679006576538086e+00 8.601140230894088745e-03
7.934947967529296875e+01 3.828416824340820312e+00 6.100546836853027344e+00 4.400043487548828125e+00 7.608222961425781250e-01 1.578552275896072388e-02
7.702130889892578125e+01 3.948802471160888672e+00 6.375773906707763672e+00 1.786577415466308594e+01 6.847476959228515625e-01 2.848190814256668091e-02
6.516080474853515625e+01 3.914090156555175781e+00 6.404194831848144531e+00 1.703107452392578125e+01 4.903721809387207031e-01 2.504782518371939659e-03
4.855635070800781250e+02 3.742414474487304688e+00 5.913580417633056641e+00 -1.217156791687011719e+01 6.044363975524902344e-01 1.850784011185169220e-02
1.561189575195312500e+02 3.535307407379150391e+00 5.359616279602050781e+00 -1.175316715240478516e+01 -1.346778869628906250e+00 1.717040129005908966e-02
6.274414062500000000e+02 3.665635824203491211e+00 5.774031162261962891e+00 -8.909580230712890625e+00 6.286501884460449219e-01 2.274294942617416382e-02
3.890440063476562500e+02 3.714686870574951172e+00 5.951133728027343750e+00 -1.201054382324218750e+01 1.991686820983886719e+00 1.369614328723400831e-04
7.998105621337890625e+01 3.667026996612548828e+00 5.783258438110351562e+00 1.667631149291992188e+01 2.578234672546386719e-01 3.557359741535037756e-04
3.421414489746093750e+02 3.880723953247070312e+00 6.045680046081542969e+00 -2.376829385757446289e+00 -5.259394645690917969e-02 3.598767518997192383e-02
6.144611816406250000e+02 3.866877317428588867e+00 6.243601799011230469e+00 -1.525516796112060547e+01 2.522385120391845703e+00 2.392128296196460724e-02
5.223860473632812500e+02 3.854018211364746094e+00 6.277279853820800781e+00 -1.599906730651855469e+01 1.268866062164306641e+00 4.653982445597648621e-02
8.024732208251953125e+01 3.918179750442504883e+00 6.342811584472656250e+00 1.724317169189453125e+01 1.993036270141601562e-01 1.423609536141157150e-02
5.007245178222656250e+02 3.965340137481689453e+00 6.415501117706298828e+00 -7.323763370513916016e+00 -1.470780372619628906e-01 2.789873164147138596e-03
5.134047241210937500e+02 3.707436800003051758e+00 5.929133415222167969e+00 -1.662871932983398438e+01 1.516249179840087891e+00 3.424477204680442810e-02
4.329358215332031250e+02 3.661788463592529297e+00 5.951170921325683594e+00 -1.000685214996337891e+01 2.159600257873535156e+00 5.523899570107460022e-02
5.562763061523437500e+02 3.902900218963623047e+00 6.385073184967041016e+00 3.649623394012451172e+00 2.556762695312500000e+00 5.990976095199584961e-02
1.075335159301757812e+02 3.719571590423583984e+00 5.931875228881835938e+00 1.555543136596679688e+01 6.306171417236328125e-03 6.291775964200496674e-03
6.088240356445312500e+02 3.730569362640380859e+00 5.873975753784179688e+00 -8.390148162841796875e+00 6.854534149169921875e-02 1.932787895202636719e-02
3.893415832519531250e+02 3.669290781021118164e+00 6.032696247100830078e+00 3.098115921020507812e+00 3.959918022155761719e-01 1.066658739000558853e-02
5.116109924316406250e+02 3.843464374542236328e+00 5.975757122039794922e+00 -1.555499935150146484e+01 2.950437068939208984e+00 3.108357079327106476e-02
5.631060791015625000e+02 3.961293220520019531e+00 6.272990226745605469e+00 2.726433277130126953e+00 5.240132808685302734e+00 6.146917492151260376e-02
8.849244689941406250e+01 3.819537639617919922e+00 6.393426418304443359e+00 1.599636268615722656e+01 -1.932477951049804688e-01 2.068777801468968391e-03
2.498696899414062500e+01 3.826927423477172852e+00 6.342151165008544922e+00 1.769234848022460938e+01 -1.821994781494140625e-02 1.780470088124275208e-02
1.069334640502929688e+02 3.791078090667724609e+00 6.173830986022949219e+00 1.491200923919677734e+01 5.342507362365722656e-01 1.239078491926193237e-02
1.173717041015625000e+02 3.859564542770385742e+00 6.071183204650878906e+00 1.621380615234375000e+01 1.578726768493652344e+00 5.598362535238265991e-03
7.115652465820312500e+01 3.922220945358276367e+00 6.249775886535644531e+00 1.610076713562011719e+01 1.733658313751220703e+00 2.593043260276317596e-02
5.722440795898437500e+02 3.529184341430664062e+00 5.664783477783203125e+00 -1.411808872222900391e+01 9.151673316955566406e-01 2.488745143637061119e-03
6.817999267578125000e+01 3.631336212158203125e+00 5.750281333923339844e+00 1.609231758117675781e+01 6.956672668457031250e-01 8.743574842810630798e-03
5.613511352539062500e+02 3.840796232223510742e+00 6.449095726013183594e+00 2.528688907623291016e+00 3.998215198516845703e+00 4.508905485272407532e-02
3.793735046386718750e+02 3.939023971557617188e+00 6.392162322998046875e+00 6.339058876037597656e+00 5.596399307250976562e-01 3.099143132567405701e-02
3.771984252929687500e+02 3.771386623382568359e+00 6.028624534606933594e+00 4.929051399230957031e+00 9.829187393188476562e-01 1.373379398137331009e-02
1.030577392578125000e+02 3.701601505279541016e+00 6.039064407348632812e+00 1.578880310058593750e+01 9.457945823669433594e-01 5.302601493895053864e-03
4.985526428222656250e+02 3.843868970870971680e+00 5.857884407043457031e+00 -9.244679450988769531e+00 -1.241254806518554688e+00 1.464401744306087494e-02
3.769361267089843750e+02 3.925820350646972656e+00 6.197786808013916016e+00 2.824857234954833984e+00 8.315873146057128906e-01 3.167648613452911377e-02
4.705821533203125000e+02 3.666634082794189453e+00 5.865112304687500000e+00 -9.916955947875976562e+00 2.550690174102783203e+00 5.846895650029182434e-02
5.121622314453125000e+02 3.794319629669189453e+00 6.216051578521728516e+00 6.996166706085205078e+00 2.318561077117919922e+00 3.160518780350685120e-02
6.443339233398437500e+02 3.725163936614990234e+00 5.991458892822265625e+00 -1.871599769592285156e+01 3.933730125427246094e+00 4.292611032724380493e-02
4.110031738281250000e+02 3.649764537811279297e+00 5.578352928161621094e+00 1.055693626403808594e+00 1.645433902740478516e+00 2.119829645380377769e-03
5.689989624023437500e+02 3.956645488739013672e+00 6.458753585815429688e+00 2.215363979339599609e+00 3.983616828918457031e+00 6.644553691148757935e-02
3.395961303710937500e+02 3.820513725280761719e+00 6.014290809631347656e+00 5.548474788665771484e+00 2.573494911193847656e+00 3.179279714822769165e-02
5.325349121093750000e+02 3.835707664489746094e+00 6.154316902160644531e+00 -1.241761493682861328e+01 -2.618265151977539062e-01 2.913772687315940857e-02
4.717156066894531250e+02 3.468152523040771484e+00 5.375075340270996094e+00 -1.329973793029785156e+01 -1.627620458602905273e+00 1.403547357767820358e-02
4.181532287597656250e+02 3.602956771850585938e+00 5.473355293273925781e+00 -1.046764373779296875e+01 -6.161320209503173828e-01 9.734870865941047668e-03
4.027748107910156250e+02 3.807080268859863281e+00 6.060992240905761719e+00 1.484005451202392578e+00 6.619000434875488281e-01 9.745763614773750305e-03
5.188059692382812500e+02 3.758607387542724609e+00 6.140508174896240234e+00 1.536575794219970703e+01 3.716194629669189453e+00 3.997702896595001221e-02
5.535939941406250000e+02 3.374333620071411133e+00 5.107023239135742188e+00 -1.460927200317382812e+01 1.641180515289306641e+00 8.424524217844009399e-03
8.101404571533203125e+01 3.660139083862304688e+00 5.840131759643554688e+00 1.500996398925781250e+01 2.599227428436279297e+00 2.092023938894271851e-02
3.197667541503906250e+02 3.584968090057373047e+00 5.774427413940429688e+00 1.202838420867919922e+00 3.711438179016113281e-01 2.228146605193614960e-02
5.239460372924804688e+01 3.856929302215576172e+00 6.160945892333984375e+00 1.470100593566894531e+01 6.986212730407714844e-01 1.791186258196830750e-02
4.190468444824218750e+02 3.531455278396606445e+00 5.540772438049316406e+00 -3.383159637451171875e-02 -9.018778800964355469e-02 3.421101719141006470e-02
4.809766006469726562e+01 3.645169258117675781e+00 5.874781131744384766e+00 7.495124340057373047e+00 -1.428151130676269531e+00 2.959283441305160522e-02
5.151165771484375000e+02 3.869835376739501953e+00 6.176437377929687500e+00 -1.242944431304931641e+01 1.265587806701660156e+00 3.117280453443527222e-02
6.459030914306640625e+01 3.993880748748779297e+00 6.731816768646240234e+00 1.489964008331298828e+01 5.667257308959960938e-01 4.327466711401939392e-02
9.020428466796875000e+01 3.791189670562744141e+00 6.002919673919677734e+00 1.686322021484375000e+01 1.678299903869628906e-01 7.430603262037038803e-03
5.152902221679687500e+02 3.677008628845214844e+00 6.027481079101562500e+00 -1.658761215209960938e+01 8.506202697753906250e-01 3.087124601006507874e-02
1.487370452880859375e+02 3.719441413879394531e+00 6.152776241302490234e+00 1.356914329528808594e+01 3.662991523742675781e-01 6.551672704517841339e-03
5.230251464843750000e+02 3.650514125823974609e+00 5.738234996795654297e+00 -1.090972900390625000e+01 1.357967853546142578e+00 3.144118562340736389e-02
5.152590332031250000e+02 3.826883316040039062e+00 5.866717815399169922e+00 2.200212478637695312e+00 2.733139991760253906e+00 3.045417182147502899e-02
3.072604370117187500e+02 3.669776439666748047e+00 5.741921901702880859e+00 7.326078414916992188e-01 -2.587676048278808594e-01 1.988296955823898315e-02
8.014212799072265625e+01 3.942200899124145508e+00 6.219515800476074219e+00 1.476546764373779297e+01 9.477829933166503906e-01 1.826923526823520660e-02
5.234809570312500000e+02 3.426840782165527344e+00 5.240816593170166016e+00 -1.096337223052978516e+01 1.877803802490234375e+00 1.138684805482625961e-03
6.791748809814453125e+01 3.887021064758300781e+00 6.242082118988037109e+00 1.635052108764648438e+01 8.447170257568359375e-02 1.760125346481800079e-02
7.003905487060546875e+01 3.845090389251708984e+00 6.230157375335693359e+00 1.349353981018066406e+01 1.349949836730957031e-01 3.033375833183526993e-03
6.887093353271484375e+01 3.818284273147583008e+00 6.183324813842773438e+00 1.605313110351562500e+01 1.212530136108398438e+00 2.793633379042148590e-03
6.251613616943359375e+01 3.567825794219970703e+00 5.731304168701171875e+00 1.946614837646484375e+01 6.428670883178710938e-01 8.605447597801685333e-03
5.842691650390625000e+02 3.811032772064208984e+00 6.027060508728027344e+00 -7.999597549438476562e+00 6.016540527343750000e-01 1.840243302285671234e-02
5.996162109375000000e+02 3.666790962219238281e+00 5.698612213134765625e+00 -8.576442718505859375e+00 3.995466232299804688e-01 1.061068102717399597e-02
3.620931091308593750e+02 3.685539722442626953e+00 6.020385742187500000e+00 5.454277992248535156e+00 -7.109296321868896484e-01 3.415226470679044724e-03
5.322205810546875000e+02 3.977333068847656250e+00 6.278413772583007812e+00 7.301106452941894531e+00 2.964022159576416016e+00 4.632384330034255981e-02
6.051030273437500000e+02 3.717827796936035156e+00 5.913483142852783203e+00 -8.103327751159667969e+00 4.911327362060546875e-01 2.347130328416824341e-02
5.226077880859375000e+02 3.460190057754516602e+00 5.804149627685546875e+00 -1.306328582763671875e+01 2.687335014343261719e+00 5.738392844796180725e-02
4.394205627441406250e+02 3.804745197296142578e+00 5.999150276184082031e+00 -1.570818424224853516e+01 8.234024047851562500e-01 1.050803251564502716e-02
1.219830398559570312e+02 3.795118808746337891e+00 5.859144687652587891e+00 1.797132110595703125e+01 -8.860826492309570312e-02 1.252963766455650330e-02
6.354083862304687500e+02 3.665703296661376953e+00 5.674064636230468750e+00 -1.800380706787109375e+01 1.552519798278808594e+00 3.423538804054260254e-02
8.473616027832031250e+01 3.809947252273559570e+00 6.051076889038085938e+00 1.759322738647460938e+01 9.091186523437500000e-01 2.192436531186103821e-02
5.324926147460937500e+02 3.954509019851684570e+00 6.583964824676513672e+00 -1.508780193328857422e+01 2.870907783508300781e+00 4.068575799465179443e-02
3.934723205566406250e+02 3.446064472198486328e+00 5.268273353576660156e+00 2.186484336853027344e+00 -1.230496168136596680e+00 1.735755987465381622e-02
6.617088317871093750e+01 3.908918380737304688e+00 6.286328792572021484e+00 1.747852134704589844e+01 -2.445530891418457031e-01 6.634892895817756653e-03
5.172305908203125000e+02 3.528280973434448242e+00 5.765376091003417969e+00 -1.705413436889648438e+01 1.662364006042480469e+00 4.784651845693588257e-02
5.202976684570312500e+02 3.526319742202758789e+00 5.556655883789062500e+00 -1.290981292724609375e+01 1.067352294921875000e+00 6.782724708318710327e-02
4.405212402343750000e+02 3.447128772735595703e+00 5.394183158874511719e+00 -1.031765460968017578e+01 9.286212921142578125e-01 2.065689302980899811e-02
9.474153900146484375e+01 3.656078577041625977e+00 6.006152629852294922e+00 1.569102478027343750e+01 8.477687835693359375e-02 2.245051320642232895e-03
1.087159271240234375e+02 3.679454565048217773e+00 6.080019950866699219e+00 1.619571685791015625e+01 2.166199684143066406e-01 6.447968073189258575e-03
5.658799438476562500e+02 3.264863014221191406e+00 5.278176784515380859e+00 -1.451101875305175781e+01 6.601500511169433594e-01 2.413111180067062378e-02
1.237223892211914062e+02 3.935402393341064453e+00 6.433549880981445312e+00 1.652274322509765625e+01 2.670440673828125000e+00 2.719545550644397736e-02
7.844694519042968750e+01 3.748397827148437500e+00 6.057719230651855469e+00 1.638163757324218750e+01 6.235837936401367188e-01 7.424294017255306244e-03
5.674155883789062500e+02 3.963129520416259766e+00 6.599478721618652344e+00 2.350339889526367188e+00 3.518791198730468750e+00 4.285060241818428040e-02
4.077406921386718750e+02 3.917987346649169922e+00 6.456467628479003906e+00 -1.133216667175292969e+01 3.624310493469238281e+00 5.110660567879676819e-02
4.087508239746093750e+02 3.826631069183349609e+00 6.423035144805908203e+00 -1.034770965576171875e+01 9.929680824279785156e-01 9.488897398114204407e-03
4.964223327636718750e+02 3.374411582946777344e+00 5.291520118713378906e+00 -7.776378631591796875e+00 1.911273002624511719e+00 7.847043685615062714e-03
8.749941253662109375e+01 3.854516029357910156e+00 6.316321849822998047e+00 1.587346267700195312e+01 6.148529052734375000e-01 1.521167811006307602e-02
3.728318176269531250e+02 3.508270740509033203e+00 5.622924327850341797e+00 -2.061365842819213867e+00 -4.185831546783447266e-01 9.974749758839607239e-03
1.041802139282226562e+02 3.863624334335327148e+00 6.383011817932128906e+00 1.547876358032226562e+01 -9.450554847717285156e-02 5.319414194673299789e-04
1.247863159179687500e+02 3.843987941741943359e+00 6.186594486236572266e+00 1.834856796264648438e+01 5.661582946777343750e-01 5.040945834480226040e-04
3.502144775390625000e+02 3.642534494400024414e+00 5.745970726013183594e+00 2.898693084716796875e-01 5.690550804138183594e-01 3.698399290442466736e-03
4.544059143066406250e+02 3.807822227478027344e+00 6.158734798431396484e+00 3.344886302947998047e+00 5.312786102294921875e+00 6.124884262681007385e-02
2.935033569335937500e+02 3.597390174865722656e+00 5.894495487213134766e+00 3.585791587829589844e+00 1.030645370483398438e+00 1.495380420237779617e-02
6.250595092773437500e+02 3.733263015747070312e+00 5.987380981445312500e+00 -8.073753356933593750e+00 1.004376411437988281e+00 5.935908295214176178e-03
1.096124191284179688e+02 3.829951524734497070e+00 6.146041393280029297e+00 1.651034927368164062e+01 9.147834777832031250e-01 3.813568968325853348e-03
3.179537658691406250e+02 3.669630527496337891e+00 5.774374485015869141e+00 1.849994659423828125e+00 -1.541852951049804688e-01 2.766504883766174316e-03
1.231512069702148438e+02 3.908879280090332031e+00 6.519533157348632812e+00 1.415729331970214844e+01 8.138990402221679688e-01 1.494198106229305267e-02
1.039308319091796875e+02 3.716871023178100586e+00 5.910445213317871094e+00 4.384071826934814453e+00 -4.529893398284912109e-01 3.121218644082546234e-03
5.716287841796875000e+02 3.972698211669921875e+00 6.521188259124755859e+00 2.156698703765869141e+00 5.336658954620361328e+00 6.322882324457168579e-02
5.953813476562500000e+02 3.858186721801757812e+00 6.184236049652099609e+00 -8.411312103271484375e+00 6.207823753356933594e-01 2.070269780233502388e-03
6.036252441406250000e+02 3.672829866409301758e+00 5.901618480682373047e+00 -6.097028255462646484e+00 -7.317686080932617188e-01 4.114013630896806717e-03
4.559996795654296875e+01 3.899625301361083984e+00 6.709142684936523438e+00 4.437792301177978516e+00 -2.673625946044921875e-01 2.180756535381078720e-03
5.192466430664062500e+02 3.872187376022338867e+00 6.155070304870605469e+00 6.773383617401123047e+00 9.303069114685058594e-01 1.995979063212871552e-02
5.673788833618164062e+01 3.816400527954101562e+00 5.953477859497070312e+00 1.643319702148437500e+01 1.130130290985107422e+00 7.842870429158210754e-03
5.377414550781250000e+02 3.418507575988769531e+00 5.123073101043701172e+00 -1.401183986663818359e+01 1.612832546234130859e+00 1.804758608341217041e-02
4.767030334472656250e+02 3.765492916107177734e+00 6.140856742858886719e+00 1.261110782623291016e+01 1.284711360931396484e+00 2.439153380692005157e-02
5.112937011718750000e+02 3.865993022918701172e+00 6.088801860809326172e+00 -1.388814735412597656e+01 1.914460659027099609e+00 6.016924232244491577e-02
3.258162231445312500e+02 3.983922004699707031e+00 6.806981086730957031e+00 3.141837120056152344e+00 8.324217796325683594e-01 3.428569808602333069e-02
6.820129394531250000e+01 3.831963539123535156e+00 6.184131145477294922e+00 1.681361961364746094e+01 1.481165885925292969e+00 1.176943816244602203e-02
4.196815490722656250e+02 3.971567869186401367e+00 6.382852077484130859e+00 -3.772258758544921875e-01 2.154285907745361328e+00 3.131333366036415100e-02
6.022426757812500000e+02 3.532660007476806641e+00 5.927299022674560547e+00 -9.718966484069824219e+00 6.513071060180664062e-01 1.007019355893135071e-02
5.616870727539062500e+02 3.780258655548095703e+00 6.151689529418945312e+00 1.770274734497070312e+01 1.260080337524414062e+00 2.545448951423168182e-02
3.793302917480468750e+02 3.837510347366333008e+00 5.956877708435058594e+00 5.854184627532958984e+00 3.746628761291503906e-01 1.664239726960659027e-02
3.693407897949218750e+02 3.890162467956542969e+00 6.538588047027587891e+00 -4.087531566619873047e-01 1.085472106933593750e+00 2.861283347010612488e-02
5.152845458984375000e+02 3.927796363830566406e+00 6.125968456268310547e+00 -6.802267074584960938e+00 -5.292844772338867188e-01 1.243192609399557114e-02
7.031602478027343750e+01 3.862800121307373047e+00 6.165188312530517578e+00 1.546942710876464844e+01 3.652691841125488281e-01 5.981517489999532700e-03
3.078650283813476562e+01 3.832597732543945312e+00 6.129155158996582031e+00 6.295051574707031250e+00 -5.463552474975585938e-01 2.359919250011444092e-02
6.895143890380859375e+01 3.962728500366210938e+00 6.060664176940917969e+00 1.809124374389648438e+01 8.440494537353515625e-02 2.194492518901824951e-02
3.178934669494628906e+01 3.875660657882690430e+00 6.309032440185546875e+00 1.568160533905029297e+01 1.057014465332031250e+00 3.102868050336837769e-02
8.952196502685546875e+01 3.769127607345581055e+00 6.132624149322509766e+00 1.453831195831298828e+01 5.013942718505859375e-01 1.492943987250328064e-02
3.801285095214843750e+02 3.967637062072753906e+00 6.627874851226806641e+00 9.778976440429687500e-02 -1.116096973419189453e-01 1.917623169720172882e-02
5.109955444335937500e+02 3.962456226348876953e+00 6.424052238464355469e+00 -5.921441078186035156e+00 -2.896380424499511719e-01 1.076992508023977280e-02
4.000370407104492188e+01 3.635427713394165039e+00 5.962009429931640625e+00 1.715138244628906250e+01 -2.513301372528076172e-01 2.093509025871753693e-02
6.029688110351562500e+02 3.744133710861206055e+00 6.051753044128417969e+00 -8.381898880004882812e+00 2.442145347595214844e-01 7.525973487645387650e-03
5.966139526367187500e+02 3.587665796279907227e+00 6.052883148193359375e+00 -6.785502433776855469e+00 1.378810405731201172e+00 3.561422601342201233e-02
6.084249877929687500e+02 3.915884971618652344e+00 6.204423904418945312e+00 -1.693710136413574219e+01 2.542624473571777344e+00 3.238091245293617249e-02
5.114862365722656250e+02 3.865078449249267578e+00 6.068434715270996094e+00 -1.639096069335937500e+01 1.936662197113037109e+00 2.099952846765518188e-02
3.112092895507812500e+02 3.617030620574951172e+00 5.812883853912353516e+00 -2.776175737380981445e+00 -6.239414215087890625e-03 1.380974799394607544e-02
4.796831970214843750e+02 3.571330547332763672e+00 5.563575744628906250e+00 -1.107438945770263672e+01 1.621038913726806641e+00 6.402956787496805191e-03
4.910668945312500000e+02 3.938034534454345703e+00 6.361379623413085938e+00 -7.313648223876953125e+00 -3.855526447296142578e-01 2.849435899406671524e-03
5.113723144531250000e+02 3.842925548553466797e+00 6.486220359802246094e+00 -7.654062271118164062e+00 4.553794860839843750e-04 8.221258409321308136e-03
9.165978240966796875e+01 3.725038528442382812e+00 5.964751720428466797e+00 1.875515174865722656e+01 3.985607624053955078e+00 3.437855094671249390e-02
3.913189086914062500e+02 3.734799385070800781e+00 5.843742370605468750e+00 -1.744248867034912109e+00 -1.780072450637817383e+00 7.412169943563640118e-04
8.423545837402343750e+01 3.872765541076660156e+00 6.323737144470214844e+00 1.843744659423828125e+01 1.914989948272705078e+00 2.449372969567775726e-02
6.244486083984375000e+02 3.834852695465087891e+00 6.516433715820312500e+00 -1.564348316192626953e+01 2.787325382232666016e+00 3.108781762421131134e-02
4.942736206054687500e+02 3.920589447021484375e+00 6.311881065368652344e+00 -6.978426933288574219e+00 -4.930341243743896484e-01 1.484539359807968140e-02
2.590816955566406250e+02 3.414905786514282227e+00 5.534189224243164062e+00 -1.008345508575439453e+01 -1.352897882461547852e+00 1.453829556703567505e-02
6.884232788085937500e+02 3.471897125244140625e+00 5.345211505889892578e+00 -2.527753114700317383e+00 9.914946556091308594e-01 2.341905236244201660e-02
3.298144226074218750e+02 3.682188987731933594e+00 5.739383220672607422e+00 1.442537307739257812e+00 -2.012968063354492188e-01 1.564467791467905045e-03
4.421773986816406250e+02 3.680061817169189453e+00 5.946796417236328125e+00 -3.107471466064453125e+00 1.582441329956054688e+00 3.328372910618782043e-02
5.068793640136718750e+02 3.749428749084472656e+00 6.075863361358642578e+00 1.621278572082519531e+01 2.176291942596435547e+00 3.763306140899658203e-02
4.049107971191406250e+02 3.511024713516235352e+00 5.515555381774902344e+00 -9.584645271301269531e+00 8.501148223876953125e-01 4.172612354159355164e-02
3.921262512207031250e+02 3.623909473419189453e+00 5.741543769836425781e+00 -1.052475547790527344e+01 2.356033325195312500e+00 1.181872375309467316e-02
4.542486190795898438e+01 3.745454311370849609e+00 5.976514816284179688e+00 1.861772537231445312e+01 1.599609851837158203e+00 3.306964784860610962e-02
4.366315002441406250e+02 3.436782360076904297e+00 5.448486328125000000e+00 -9.536494255065917969e+00 6.062412261962890625e-01 6.584008689969778061e-03
9.806089782714843750e+01 3.961601734161376953e+00 6.458633422851562500e+00 1.683642959594726562e+01 1.359794139862060547e+00 1.181757263839244843e-02
4.229293212890625000e+02 3.663157463073730469e+00 5.735167026519775391e+00 -1.133309650421142578e+01 1.229333877563476562e+00 5.189911462366580963e-03
4.071650390625000000e+02 3.800985336303710938e+00 6.312124252319335938e+00 6.829946041107177734e+00 4.852747917175292969e-01 1.169428694993257523e-02
4.836780929565429688e+01 3.980344057083129883e+00 6.528692722320556641e+00 3.235197067260742188e+00 1.201870441436767578e+00 9.013956412672996521e-03
1.059225311279296875e+02 3.899403095245361328e+00 6.275407791137695312e+00 1.612467765808105469e+01 1.879167556762695312e-01 1.295485161244869232e-02
5.541860351562500000e+02 3.734161853790283203e+00 5.965671062469482422e+00 -1.464085769653320312e+01 3.453958034515380859e+00 5.176872387528419495e-02
5.869381713867187500e+02 3.708233833312988281e+00 6.149098873138427734e+00 -1.293117904663085938e+01 1.856911182403564453e+00 3.830915689468383789e-02
3.713374328613281250e+01 3.765774250030517578e+00 6.037647247314453125e+00 4.409818649291992188e+00 6.078171730041503906e-01 2.637732774019241333e-02
8.590605926513671875e+01 3.763991832733154297e+00 6.360278129577636719e+00 1.692629814147949219e+01 1.266427040100097656e+00 1.820900477468967438e-02
5.348345947265625000e+02 3.984870910644531250e+00 6.345333099365234375e+00 -1.587145996093750000e+01 1.089630126953125000e+00 2.228785119950771332e-02
5.132338256835937500e+02 3.783459186553955078e+00 6.064624786376953125e+00 -1.561705589294433594e+01 2.132456302642822266e+00 4.592347890138626099e-02
7.994483184814453125e+01 3.819473028182983398e+00 6.248190402984619141e+00 1.659302520751953125e+01 -2.618515491485595703e-01 2.170046791434288025e-03
6.086594848632812500e+02 3.654652357101440430e+00 5.922061920166015625e+00 -7.769027709960937500e+00 8.738970756530761719e-01 1.284199953079223633e-02
3.568971252441406250e+02 3.939465761184692383e+00 6.507837772369384766e+00 3.887712955474853516e+00 2.342367172241210938e-01 1.452818047255277634e-02
5.587418823242187500e+02 3.795526504516601562e+00 6.138076782226562500e+00 -1.200162792205810547e+01 1.719536781311035156e+00 5.600420385599136353e-02
7.975331878662109375e+01 3.540810108184814453e+00 5.772553920745849609e+00 1.866471767425537109e+00 4.987001419067382812e-02 1.551642548292875290e-02
9.236450195312500000e+01 3.881582975387573242e+00 6.118391990661621094e+00 1.678782463073730469e+01 8.795022964477539062e-01 1.367340236902236938e-02
5.929581298828125000e+02 3.867750644683837891e+00 6.179919242858886719e+00 -4.959035873413085938e+00 -3.250455856323242188e-01 4.578260704874992371e-04
3.554911499023437500e+02 3.659087657928466797e+00 5.835132598876953125e+00 2.804293632507324219e+00 8.405542373657226562e-01 2.064872905611991882e-02
3.824609985351562500e+02 3.653109550476074219e+00 5.808651924133300781e+00 2.071065902709960938e+00 -4.899489879608154297e-01 1.858072471804916859e-03
3.320226745605468750e+02 3.637069702148437500e+00 5.765350818634033203e+00 1.211540699005126953e+00 -3.223896026611328125e-02 5.879221018403768539e-03
9.036001586914062500e+01 3.688758611679077148e+00 5.580118656158447266e+00 1.772141265869140625e+01 -2.746152877807617188e-01 9.271394228562712669e-04
8.016678619384765625e+01 3.712344169616699219e+00 6.168680667877197266e+00 1.694906997680664062e+01 6.287050247192382812e-01 1.304058823734521866e-02
5.010497436523437500e+02 3.958374023437500000e+00 6.413356304168701172e+00 -6.737347602844238281e+00 -8.031392097473144531e-01 1.242502685636281967e-02
5.284357910156250000e+02 3.660748958587646484e+00 5.819315910339355469e+00 -1.204355812072753906e+01 4.463195800781250000e-01 9.514660574495792389e-03
