7.545269165039062500e+02 2.679139375686645508e-01 5.346473693847656250e+00 7.291960716247558594e-01 6.472706794738769531e-01 1.268929988145828247e-01
3.691333618164062500e+02 -1.324391961097717285e-01 4.519821166992187500e+00 6.811523437500000000e-01 -4.918217658996582031e-02 3.743630349636077881e-01
6.752442626953125000e+02 -1.097301840782165527e-01 4.603926658630371094e+00 7.750248908996582031e-01 -3.896152973175048828e-01 4.683892428874969482e-01
7.143604736328125000e+02 -6.783390045166015625e-02 4.474327087402343750e+00 8.442378044128417969e-01 -6.527113914489746094e-01 1.162754297256469727e+00
6.191481323242187500e+02 -1.760712265968322754e-01 4.246090412139892578e+00 4.408431053161621094e-01 5.224275588989257812e-01 9.487469494342803955e-02
4.022508239746093750e+02 8.543556928634643555e-02 4.936324119567871094e+00 2.756977081298828125e-01 4.155755043029785156e-01 1.598023176193237305e-01
3.851013793945312500e+02 -7.809996604919433594e-04 4.634165287017822266e+00 1.787710189819335938e-01 3.334617614746093750e-01 1.052190214395523071e-01
4.557381286621093750e+02 -9.097903966903686523e-02 4.339475631713867188e+00 5.337190628051757812e-01 2.466392517089843750e-01 2.999462783336639404e-01
4.931905822753906250e+02 2.241511821746826172e+00 9.136197090148925781e+00 9.053342819213867188e+00 1.360871791839599609e+00 2.279082685708999634e-01
4.982293090820312500e+02 -2.060145139694213867e-02 4.343551635742187500e+00 5.859994888305664062e-01 1.092019081115722656e+00 6.612238287925720215e-01
6.290869750976562500e+02 5.832898616790771484e-01 6.147931575775146484e+00 -1.053822040557861328e-01 -1.035118103027343750e+00 9.451648592948913574e-01
3.270425415039062500e+02 -2.612161636352539062e-02 4.828443527221679688e+00 3.243494033813476562e-01 -3.735697269439697266e-01 1.087128162384033203e+00
6.800124511718750000e+02 -2.232587933540344238e-01 4.474015712738037109e+00 2.791643142700195312e-01 -1.252892017364501953e+00 1.362265586853027344e+00
5.348081665039062500e+02 -1.072030067443847656e-01 4.404638290405273438e+00 2.582764625549316406e-01 -8.157396316528320312e-01 3.544687926769256592e-01
6.250733642578125000e+02 1.334691047668457031e-02 4.716919422149658203e+00 5.320501327514648438e-01 -2.467513084411621094e-02 1.060156583786010742e+00
3.385108337402343750e+02 4.282420873641967773e-02 4.679986953735351562e+00 2.694749832153320312e-01 1.549029350280761719e-01 2.766231894493103027e-01
5.884779663085937500e+02 4.039738178253173828e-01 5.522158622741699219e+00 1.032090187072753906e+00 1.215546131134033203e+00 2.930452227592468262e-01
4.922008972167968750e+02 4.868957400321960449e-01 5.372296810150146484e+00 3.787279129028320312e-02 -5.916190147399902344e-01 5.511074662208557129e-01
6.071671142578125000e+02 -4.985630512237548828e-03 4.644022464752197266e+00 4.514288902282714844e-01 -2.925074100494384766e-01 1.084485769271850586e+00
4.863768920898437500e+02 4.303549528121948242e-01 5.491995811462402344e+00 5.572557449340820312e-01 2.300691604614257812e-01 4.316185414791107178e-01
6.314423828125000000e+02 3.023547530174255371e-01 5.304032325744628906e+00 2.878856658935546875e-01 -1.245830059051513672e+00 1.261507511138916016e+00
5.678546142578125000e+02 -2.635741829872131348e-01 4.088065147399902344e+00 5.248665809631347656e-01 3.960704803466796875e-01 1.598101973533630371e+00
6.384925537109375000e+02 1.323216557502746582e-01 4.900875568389892578e+00 2.150011062622070312e-01 2.924585342407226562e-01 4.850160777568817139e-01
6.400440673828125000e+02 7.452040910720825195e-02 4.581119537353515625e+00 9.960412979125976562e-02 -7.767796516418457031e-02 2.121109366416931152e-01
3.883851623535156250e+02 -2.112823724746704102e-02 4.997203350067138672e+00 1.027159690856933594e+00 -8.861589431762695312e-01 1.263496637344360352e+00
6.868872070312500000e+02 -1.197757720947265625e-01 4.438969135284423828e+00 3.003311157226562500e-01 -1.337751150131225586e+00 1.345543980598449707e+00
6.543499755859375000e+02 9.703900218009948730e-01 6.618716239929199219e+00 1.295657157897949219e+00 2.708959579467773438e-01 5.836192965507507324e-01
5.308147583007812500e+02 -1.528459787368774414e-02 4.550395965576171875e+00 5.477762222290039062e-01 1.117706298828125000e-02 6.338721513748168945e-01
4.473030090332031250e+02 5.104600191116333008e-01 5.870367527008056641e+00 1.121780872344970703e+00 7.471799850463867188e-01 1.237717866897583008e-01
4.301287231445312500e+02 4.030561447143554688e-02 4.938405036926269531e+00 3.971266746520996094e-01 -1.866030693054199219e-01 1.375846982002258301e+00
6.610140991210937500e+02 1.290810108184814453e-02 4.659213542938232422e+00 1.814150810241699219e-01 -8.475232124328613281e-01 3.711308836936950684e-01
3.025881652832031250e+02 8.127850294113159180e-02 5.040252685546875000e+00 2.425289154052734375e-01 5.339479446411132812e-01 6.595138311386108398e-01
6.489597778320312500e+02 -2.522684931755065918e-01 4.199975490570068359e+00 2.145838737487792969e-01 4.224061965942382812e-02 3.229802548885345459e-01
7.094152221679687500e+02 1.289905309677124023e-01 4.604290485382080078e+00 6.975245475769042969e-01 -2.857542037963867188e-01 9.468052387237548828e-01
3.577157592773437500e+02 -2.167646288871765137e-01 4.176225662231445312e+00 5.303931236267089844e-01 -3.725957870483398438e-01 3.673733472824096680e-01
7.308041381835937500e+02 7.565963268280029297e-02 4.791100978851318359e+00 7.833123207092285156e-01 -4.296720027923583984e-01 9.079083800315856934e-01
3.184156417846679688e+01 1.782315254211425781e+00 8.354191780090332031e+00 1.100068092346191406e+00 -7.372260093688964844e-01 1.000701338052749634e-01
6.635089721679687500e+02 1.630014777183532715e-01 5.171966552734375000e+00 3.998589515686035156e-01 8.911108970642089844e-01 4.509283304214477539e-01
5.100558166503906250e+02 1.444876194000244141e-01 4.851685047149658203e+00 6.535005569458007812e-01 -3.843057155609130859e-01 1.896736383438110352e+00
6.327785034179687500e+02 -2.787020206451416016e-01 4.147832393646240234e+00 7.899665832519531250e-01 2.364110946655273438e-01 1.516720056533813477e+00
3.735273132324218750e+02 8.460755348205566406e-01 6.502079486846923828e+00 3.190398216247558594e-01 -5.174005031585693359e-01 1.094139665365219116e-01
6.683483886718750000e+02 3.281057476997375488e-01 5.374077796936035156e+00 1.542317867279052734e+00 1.459312438964843750e+00 1.720256924629211426e+00
6.654860229492187500e+02 -9.609061479568481445e-02 4.409642219543457031e+00 5.465030670166015625e-01 4.063200950622558594e-01 6.122956275939941406e-01
6.951381225585937500e+02 -1.223671436309814453e-01 4.454703330993652344e+00 2.190089225769042969e-01 2.062129974365234375e-01 5.543611049652099609e-01
5.779134521484375000e+02 9.375095367431640625e-02 4.632537841796875000e+00 1.070942878723144531e+00 9.310030937194824219e-01 9.212550520896911621e-01
4.579822998046875000e+02 5.213075876235961914e-02 4.846062660217285156e+00 6.453442573547363281e-01 6.132030487060546875e-01 1.744593381881713867e+00
4.498864746093750000e+02 9.814602136611938477e-02 4.853794097900390625e+00 7.074475288391113281e-01 1.164104938507080078e+00 5.789279937744140625e-01
5.569786987304687500e+02 -1.654798984527587891e-01 3.873005628585815430e+00 2.880072593688964844e-01 1.890563964843750000e-01 3.204417228698730469e-01
5.483505249023437500e+02 2.090530395507812500e-01 5.233534336090087891e+00 8.133387565612792969e-01 -9.475326538085937500e-01 1.451765894889831543e+00
6.780017089843750000e+02 4.342048168182373047e-01 5.631383895874023438e+00 -4.751527309417724609e-01 -2.453209161758422852e+00 2.040163040161132812e+00
7.616545410156250000e+02 -2.382289171218872070e-01 4.144316196441650391e+00 7.641553878784179688e-02 4.842305183410644531e-01 6.809441000223159790e-02
5.955977783203125000e+02 1.700133085250854492e-01 5.178640365600585938e+00 7.376074790954589844e-01 2.417087554931640625e-01 4.605222940444946289e-01
6.654384155273437500e+02 -1.449502706527709961e-01 4.429218769073486328e+00 6.423664093017578125e-01 3.099822998046875000e-01 1.086003661155700684e+00
5.798748168945312500e+02 2.310478687286376953e-02 4.876132965087890625e+00 5.907225608825683594e-01 2.651834487915039062e-01 6.342334747314453125e-01
6.238825073242187500e+02 4.509648680686950684e-01 5.609288692474365234e+00 5.304789543151855469e-01 7.387328147888183594e-01 1.842152118682861328e+00
6.321434326171875000e+02 -1.928336024284362793e-01 4.280821323394775391e+00 6.776571273803710938e-01 3.993868827819824219e-01 1.446943283081054688e+00
4.420271301269531250e+02 9.243667125701904297e-02 5.094505310058593750e+00 4.092144966125488281e-01 4.239034652709960938e-01 7.636153697967529297e-01
3.977821960449218750e+02 -1.542714834213256836e-01 4.266048908233642578e+00 5.836057662963867188e-01 5.942535400390625000e-01 9.752433896064758301e-01
7.760732421875000000e+02 3.635445237159729004e-01 5.357770919799804688e+00 4.810166358947753906e-01 -2.663826942443847656e-01 4.385783672332763672e-01
6.694285278320312500e+02 2.592527270317077637e-01 5.244762420654296875e+00 5.134868621826171875e-01 3.034830093383789062e-02 1.015697836875915527e+00
7.571852416992187500e+02 1.132032632827758789e+00 7.153186798095703125e+00 -2.780694961547851562e+00 -2.017543315887451172e+00 8.118884563446044922e-01
3.286047668457031250e+02 -3.780835866928100586e-02 4.715587139129638672e+00 8.980035781860351562e-01 5.473327636718750000e-01 2.455925345420837402e-01
5.724205322265625000e+02 1.138800382614135742e-02 4.460571765899658203e+00 2.938461303710937500e-01 -2.004683017730712891e-01 3.424454331398010254e-01
6.682470092773437500e+02 -3.224581480026245117e-02 4.755275249481201172e+00 3.787326812744140625e-01 -1.349234580993652344e+00 2.411005020141601562e+00
6.631140747070312500e+02 2.734051346778869629e-01 5.224235534667968750e+00 6.711578369140625000e-01 8.848476409912109375e-01 8.329638093709945679e-02
7.391156005859375000e+02 2.659573554992675781e-01 5.395222187042236328e+00 1.269021034240722656e+00 6.870722770690917969e-01 2.130141496658325195e+00
6.608698120117187500e+02 2.917317748069763184e-01 5.024357318878173828e+00 3.217220306396484375e-01 -1.605428457260131836e+00 5.187703371047973633e-01
7.394415283203125000e+02 -1.246917247772216797e-02 4.800373554229736328e+00 1.834988594055175781e-01 -1.656628847122192383e+00 7.944992780685424805e-01
6.776666870117187500e+02 -2.142229676246643066e-01 4.122027873992919922e+00 9.287834167480468750e-01 1.129536628723144531e+00 7.726946473121643066e-01
6.157580566406250000e+02 -1.827695965766906738e-01 4.297428607940673828e+00 1.251697540283203125e-01 -7.724165916442871094e-01 1.117038846015930176e+00
6.677731323242187500e+02 -1.900780797004699707e-01 4.168283462524414062e+00 2.686882019042968750e-01 -1.548242568969726562e-01 4.575026035308837891e-01
7.204619140625000000e+02 -9.057474136352539062e-02 4.558003425598144531e+00 7.383799552917480469e-01 -7.370448112487792969e-01 2.918763160705566406e-01
7.181458740234375000e+02 1.743665337562561035e-01 5.053793907165527344e+00 1.028244495391845703e+00 -4.256367683410644531e-02 3.617221415042877197e-01
3.327424621582031250e+02 3.613270521163940430e-01 5.303408622741699219e+00 1.033732891082763672e+00 -6.845712661743164062e-01 1.189372777938842773e+00
3.195233764648437500e+02 1.844092607498168945e-01 4.990826129913330078e+00 1.746416091918945312e-01 -9.875166416168212891e-01 1.283939123153686523e+00
5.531140136718750000e+02 1.800093650817871094e-01 5.063553810119628906e+00 -2.210950851440429688e-01 -2.063751220703125000e-01 3.913445472717285156e-01
5.012698974609375000e+02 -9.142071008682250977e-02 4.613837718963623047e+00 3.614211082458496094e-01 -3.259670734405517578e-01 1.016238406300544739e-01
7.169203491210937500e+02 3.245321512222290039e-01 5.051459312438964844e+00 7.338190078735351562e-01 -6.000471115112304688e-01 5.361579358577728271e-02
7.511700439453125000e+02 8.104676008224487305e-02 4.468022346496582031e+00 4.046535491943359375e-01 -5.038130283355712891e-01 8.624783754348754883e-01
6.490490112304687500e+02 1.579049229621887207e-01 4.871144771575927734e+00 8.365821838378906250e-01 3.810524940490722656e-01 2.614567279815673828e-01
6.472370605468750000e+02 2.563835144042968750e+00 9.786847114562988281e+00 9.657883644104003906e+00 5.119898319244384766e+00 5.585092306137084961e-01
4.269717712402343750e+02 4.030311107635498047e-02 4.759287357330322266e+00 -9.139418601989746094e-02 7.537364959716796875e-02 5.626239776611328125e-01
6.472541503906250000e+02 -2.490401864051818848e-01 4.373208045959472656e+00 2.498841285705566406e-01 -6.056642532348632812e-01 2.281254768371582031e+00
3.570985412597656250e+02 2.170150876045227051e-01 4.970168590545654297e+00 -6.390571594238281250e-02 -9.714126586914062500e-02 5.263866782188415527e-01
5.865036621093750000e+02 -1.740897893905639648e-01 4.403766632080078125e+00 6.204175949096679688e-01 1.055974960327148438e+00 3.680850565433502197e-02
6.026329345703125000e+02 -7.524144649505615234e-02 4.559787750244140625e+00 4.029345512390136719e-01 -3.318214416503906250e-01 1.112387299537658691e+00
7.808533935546875000e+02 -1.535513997077941895e-01 4.454200267791748047e+00 6.327605247497558594e-01 2.965116500854492188e-01 5.847252607345581055e-01
5.976281127929687500e+02 -3.469645977020263672e-03 4.692459106445312500e+00 8.623909950256347656e-01 1.427173614501953125e-02 7.562335729598999023e-01
6.196665649414062500e+02 -1.399835348129272461e-01 4.402032852172851562e+00 3.149366378784179688e-01 1.145315170288085938e-01 3.684902787208557129e-01
6.750238647460937500e+02 -1.801208257675170898e-01 4.392394542694091797e+00 1.885890960693359375e-03 -4.440546035766601562e-01 6.861039400100708008e-01
5.661416015625000000e+02 -1.652503013610839844e-02 4.668536186218261719e+00 4.586863517761230469e-01 -8.700823783874511719e-01 1.887941360473632812e+00
6.988186645507812500e+02 -1.878967285156250000e-01 4.304392814636230469e+00 3.954005241394042969e-01 -1.093784570693969727e+00 1.074084162712097168e+00
6.972864990234375000e+02 7.799118757247924805e-02 4.750441551208496094e+00 3.996419906616210938e-01 1.500678062438964844e-01 1.001834273338317871e+00
3.816523132324218750e+02 -2.639420032501220703e-01 3.853566169738769531e+00 8.307671546936035156e-01 1.501202583312988281e-01 1.488546431064605713e-01
6.917782592773437500e+02 4.758495092391967773e-02 4.857511997222900391e+00 8.772110939025878906e-01 -4.389286041259765625e-02 3.264746069908142090e-01
6.447055053710937500e+02 -2.597059011459350586e-01 3.909548997879028320e+00 5.143570899963378906e-01 -1.038581132888793945e+00 1.663378596305847168e+00
6.605328979492187500e+02 8.585381507873535156e-02 4.751973152160644531e+00 2.193975448608398438e-01 -1.302034854888916016e+00 1.916134506464004517e-01
6.691769409179687500e+02 -1.566137671470642090e-01 4.163345336914062500e+00 3.594779968261718750e-01 6.785869598388671875e-02 1.157073140144348145e+00
5.965333251953125000e+02 -6.994694471359252930e-02 4.248191356658935547e+00 5.513501167297363281e-01 -1.415613889694213867e+00 1.101006984710693359e+00
3.884155883789062500e+02 4.070272445678710938e-01 5.419813632965087891e+00 1.380228996276855469e+00 1.116633415222167969e+00 7.044918537139892578e-01
6.315883789062500000e+02 -2.104914784431457520e-01 4.228069305419921875e+00 7.819175720214843750e-02 -5.869626998901367188e-02 5.373854041099548340e-01
6.449169921875000000e+02 -2.447075247764587402e-01 4.144520759582519531e+00 6.149649620056152344e-01 -2.834475040435791016e-01 1.501050233840942383e+00
6.991621704101562500e+02 8.267418146133422852e-01 6.268336296081542969e+00 1.479270458221435547e+00 8.881092071533203125e-02 8.781209588050842285e-01
5.050467529296875000e+02 1.707895398139953613e-01 4.716365337371826172e+00 5.380868911743164062e-01 3.668546676635742188e-01 1.010137915611267090e+00
5.416763305664062500e+02 8.241146802902221680e-02 4.715103149414062500e+00 5.259561538696289062e-01 2.045648097991943359e+00 3.469407558441162109e-01
3.625349731445312500e+02 1.822237968444824219e+00 8.616649627685546875e+00 7.246387004852294922e+00 4.695584774017333984e+00 7.003375291824340820e-01
6.274447631835937500e+02 1.124522089958190918e-01 4.566619873046875000e+00 4.802846908569335938e-01 4.293131828308105469e-01 1.111300468444824219e+00
1.485338134765625000e+02 7.240564823150634766e-01 6.238879203796386719e+00 -7.406353950500488281e-02 -5.528688430786132812e-02 9.925175905227661133e-01
4.264803466796875000e+02 1.990727186203002930e-01 5.173851490020751953e+00 4.750847816467285156e-01 1.794815063476562500e-02 6.481623649597167969e-01
3.580000305175781250e+02 1.590997576713562012e-01 5.150944232940673828e+00 4.754567146301269531e-01 -4.856324195861816406e-01 3.984929323196411133e-01
6.755334472656250000e+02 -3.134748935699462891e-01 4.030689239501953125e+00 4.869937896728515625e-01 6.185412406921386719e-01 3.860331773757934570e-01
6.724360351562500000e+02 -1.881257891654968262e-01 4.364064216613769531e+00 4.045724868774414062e-02 -1.705367565155029297e+00 2.029676914215087891e+00
6.381961059570312500e+02 -1.426410675048828125e-01 4.390993118286132812e+00 1.508593559265136719e-01 1.419961452484130859e+00 3.110217750072479248e-01
7.498811035156250000e+02 -1.338917016983032227e-02 4.628582000732421875e+00 -3.095746040344238281e-02 -1.074101924896240234e+00 9.747891128063201904e-02
7.850412597656250000e+02 3.080097436904907227e-01 5.280320644378662109e+00 9.944200515747070312e-02 -3.080701828002929688e-01 7.659319043159484863e-01
6.562838745117187500e+02 -5.849981307983398438e-02 4.452098846435546875e+00 6.622982025146484375e-01 1.171493530273437500e-01 1.854293227195739746e+00
6.496162109375000000e+02 9.995722770690917969e-02 5.039566993713378906e+00 7.749938964843750000e-01 1.137638092041015625e-01 2.187190294265747070e+00
4.153233032226562500e+02 -2.618556022644042969e-01 4.230368614196777344e+00 3.782439231872558594e-01 -3.350496292114257812e-02 1.304150700569152832e+00
5.781091308593750000e+02 -1.123004555702209473e-01 4.311252593994140625e+00 5.374574661254882812e-01 -8.466124534606933594e-02 2.079640477895736694e-01
5.753872070312500000e+02 1.704558730125427246e-01 5.172896862030029297e+00 2.432394027709960938e-01 -2.892971038818359375e-02 4.795018136501312256e-01
7.254162597656250000e+02 2.892510890960693359e-01 5.277204513549804688e+00 7.107496261596679688e-01 -9.259712696075439453e-01 8.324035406112670898e-01
5.046268310546875000e+02 1.253316402435302734e-01 4.845664978027343750e+00 4.255676269531250000e-01 -1.030827760696411133e+00 8.058598041534423828e-01
5.422077026367187500e+02 -1.991695165634155273e-02 4.672295093536376953e+00 9.768009185791015625e-01 -2.153527736663818359e-01 6.698052883148193359e-01
7.068700561523437500e+02 5.274516344070434570e-02 4.865603446960449219e+00 5.107808113098144531e-01 2.769827842712402344e-01 8.662599921226501465e-01
5.601235351562500000e+02 3.228927850723266602e-01 5.276162147521972656e+00 6.776046752929687500e-01 -2.715337276458740234e-01 6.521945595741271973e-01
5.823683471679687500e+02 4.167604446411132812e-02 4.618101119995117188e+00 5.576157569885253906e-01 -1.480672359466552734e+00 5.468625947833061218e-02
4.463464660644531250e+02 5.330145359039306641e-03 4.662178993225097656e+00 2.714514732360839844e-01 7.577633857727050781e-01 7.681146264076232910e-01
6.575538330078125000e+02 2.846059322357177734e+00 1.046410846710205078e+01 -9.017297744750976562e+00 -5.724215507507324219e+00 6.932628154754638672e-01
3.087450561523437500e+02 -1.163741946220397949e-01 4.455603599548339844e+00 5.980658531188964844e-01 3.481245040893554688e-01 1.209414005279541016e-01
3.479723815917968750e+02 1.315937042236328125e-01 4.905990600585937500e+00 4.552721977233886719e-01 2.051591873168945312e-02 5.686768293380737305e-01
7.495792236328125000e+02 -2.739799022674560547e-02 4.529147148132324219e+00 3.887629508972167969e-01 9.640693664550781250e-02 2.066705822944641113e-01
2.181003875732421875e+02 3.745958328247070312e+00 1.223200511932373047e+01 1.190976142883300781e+01 8.347948074340820312e+00 7.270398736000061035e-01
5.659592895507812500e+02 2.663882970809936523e-01 5.290896415710449219e+00 4.258608818054199219e-01 4.025006294250488281e-01 3.536629378795623779e-01
6.190859375000000000e+02 2.395876646041870117e-01 5.193337440490722656e+00 2.759003639221191406e-01 -1.009912490844726562e+00 2.211556911468505859e+00
4.750855102539062500e+02 1.793178915977478027e-01 4.975476741790771484e+00 8.188986778259277344e-01 6.435394287109375000e-02 1.716195791959762573e-01
6.617636108398437500e+02 -2.687817811965942383e-02 4.559647560119628906e+00 3.619384765625000000e-01 -1.779499053955078125e+00 9.905741214752197266e-01
6.479912719726562500e+02 3.164622783660888672e-01 5.081027507781982422e+00 9.301424026489257812e-01 -2.336144447326660156e-02 3.691785931587219238e-01
4.128229980468750000e+02 4.871255159378051758e-02 4.894609928131103516e+00 7.291316986083984375e-01 6.384539604187011719e-01 1.187624931335449219e-01
6.508884887695312500e+02 6.390333175659179688e-02 5.057642936706542969e+00 7.233715057373046875e-01 -1.005363464355468750e-01 1.063579618930816650e-01
3.589249267578125000e+02 9.154814481735229492e-02 4.893422603607177734e+00 4.065942764282226562e-01 -1.693582534790039062e-01 1.358569383621215820e+00
4.277232666015625000e+02 3.468316793441772461e-02 4.622680187225341797e+00 1.223313808441162109e+00 1.378724575042724609e+00 7.940839529037475586e-01
6.675538940429687500e+02 1.017389297485351562e-01 4.547174453735351562e+00 7.734394073486328125e-01 4.774212837219238281e-01 7.276281118392944336e-01
6.834638061523437500e+02 4.483103752136230469e-02 5.081663608551025391e+00 4.841947555541992188e-01 -9.476435184478759766e-01 2.382332831621170044e-01
5.556013793945312500e+02 -1.876195669174194336e-01 4.087973117828369141e+00 3.370785713195800781e-01 2.115797996520996094e-01 1.341854453086853027e+00
5.382595825195312500e+02 -1.959916353225708008e-01 4.576184272766113281e+00 3.159546852111816406e-01 3.632664680480957031e-01 1.550011634826660156e-01
5.268168945312500000e+02 5.058205127716064453e-02 4.588759422302246094e+00 -1.414740085601806641e-01 3.925871849060058594e-01 1.219629287719726562e+00
3.705719909667968750e+02 -3.162872791290283203e-02 4.905347347259521484e+00 4.598164558410644531e-01 6.441426277160644531e-01 4.475606977939605713e-01
5.065606079101562500e+02 1.571315526962280273e-02 4.896403312683105469e+00 6.787061691284179688e-02 -8.859395980834960938e-02 1.044523715972900391e+00
6.671906127929687500e+02 1.128153800964355469e-01 4.945802688598632812e+00 3.780817985534667969e-01 4.216861724853515625e-01 6.428622603416442871e-01
5.377675781250000000e+02 -1.625638008117675781e-01 4.307813644409179688e+00 2.992153167724609375e-03 -1.170541048049926758e+00 7.526562213897705078e-01
7.463381958007812500e+02 8.432585000991821289e-02 4.925260543823242188e+00 1.752018928527832031e-01 3.815340995788574219e-01 2.421235740184783936e-01
6.359735717773437500e+02 -1.111583709716796875e-01 4.542341232299804688e+00 2.621912956237792969e-01 -6.374466419219970703e-01 2.655018806457519531e+00
4.918929138183593750e+02 3.887197375297546387e-01 5.639093399047851562e+00 1.532695293426513672e+00 -8.147156238555908203e-01 1.028923511505126953e+00
6.141552734375000000e+02 -6.671649217605590820e-02 4.273974418640136719e+00 6.704759597778320312e-01 4.121279716491699219e-01 1.218411475419998169e-01
3.942650146484375000e+02 2.633481502532958984e+00 1.007349586486816406e+01 4.416568279266357422e+00 1.273486614227294922e+00 2.047359049320220947e-01
3.944561157226562500e+02 -1.174647808074951172e-01 4.792290687561035156e+00 6.881904602050781250e-01 -9.258985519409179688e-02 2.766115963459014893e-02
5.592901611328125000e+02 -2.998471260070800781e-02 4.480674743652343750e+00 1.287817955017089844e-01 -1.535001993179321289e+00 2.005263268947601318e-01
6.465456542968750000e+02 -5.863034725189208984e-02 4.650695800781250000e+00 5.201387405395507812e-01 -8.943438529968261719e-02 4.152594804763793945e-01
6.306644287109375000e+02 5.609810352325439453e-03 4.613863945007324219e+00 -2.460753917694091797e-01 -4.038274288177490234e-01 7.254315167665481567e-02
5.964566040039062500e+02 5.749213695526123047e-02 4.802301406860351562e+00 -6.687641143798828125e-03 8.645963668823242188e-01 9.831285476684570312e-02
6.375604858398437500e+02 3.383961319923400879e-01 5.372511386871337891e+00 7.677173614501953125e-01 -5.450832843780517578e-01 2.251094818115234375e+00
6.464873046875000000e+02 -2.983111143112182617e-02 4.639066219329833984e+00 5.803847312927246094e-01 -1.618051528930664062e-01 9.000772237777709961e-01
6.005958862304687500e+02 -2.141977548599243164e-01 4.306436538696289062e+00 2.160978317260742188e-01 2.768516540527343750e-02 8.402113914489746094e-01
5.294305419921875000e+02 1.148425936698913574e-01 4.556590557098388672e+00 7.186031341552734375e-01 7.446622848510742188e-01 2.165700197219848633e-01
6.480310668945312500e+02 3.274600505828857422e-01 5.230103969573974609e+00 5.265116691589355469e-01 -7.635974884033203125e-01 9.533060193061828613e-01
6.457744140625000000e+02 -2.772673964500427246e-01 3.917172431945800781e+00 1.039266586303710938e-01 -1.261128187179565430e+00 5.367123484611511230e-01
2.798975219726562500e+02 1.093267202377319336e-01 5.200786590576171875e+00 2.467346191406250000e-01 2.033782005310058594e-01 8.105742335319519043e-01
7.162360839843750000e+02 -1.186567544937133789e-01 4.470886230468750000e+00 7.792949676513671875e-01 1.220118999481201172e+00 4.070121049880981445e-01
5.855234375000000000e+02 4.175561666488647461e-02 4.869227409362792969e+00 7.841777801513671875e-01 1.566314697265625000e-01 2.948865652084350586e+00
3.458762817382812500e+02 -8.622491359710693359e-02 4.325545787811279297e+00 5.710291862487792969e-01 3.709053993225097656e-01 1.866414397954940796e-01
5.919708862304687500e+02 -2.128731012344360352e-01 4.057386398315429688e+00 5.223345756530761719e-01 4.308199882507324219e-01 2.057818472385406494e-01
5.576384277343750000e+02 1.092255115509033203e-02 4.770057678222656250e+00 3.820919990539550781e-01 -1.620292663574218750e+00 1.878143072128295898e+00
5.427379150390625000e+02 -1.868753433227539062e-01 4.124760627746582031e+00 5.622911453247070312e-01 -1.728570461273193359e-01 5.513321757316589355e-01
6.682058715820312500e+02 -5.106419324874877930e-02 4.248374938964843750e+00 6.274461746215820312e-01 -1.385724544525146484e-01 1.386730670928955078e+00
6.105253906250000000e+02 6.168087124824523926e-01 6.162351608276367188e+00 1.874806880950927734e+00 1.390728950500488281e+00 1.312314748764038086e+00
1.348873748779296875e+02 4.918766021728515625e-01 5.720151901245117188e+00 5.338191986083984375e-03 1.825451850891113281e-01 1.071770906448364258e+00
3.932258911132812500e+02 -2.773213982582092285e-01 4.075995445251464844e+00 2.722311019897460938e-01 -4.649937152862548828e-01 9.421161413192749023e-01
4.777927856445312500e+02 -2.614607810974121094e-01 4.162029266357421875e+00 8.489322662353515625e-01 7.546520233154296875e-01 1.524942874908447266e+00
6.319053344726562500e+02 3.739261031150817871e-01 5.476623058319091797e+00 -1.902580261230468750e-03 -1.971244812011718750e-02 6.141868233680725098e-01
6.298096923828125000e+02 -1.038438081741333008e-02 4.565228462219238281e+00 6.594395637512207031e-01 8.330821990966796875e-01 1.650531053543090820e+00
6.228627929687500000e+02 -2.438256144523620605e-01 4.075128078460693359e+00 2.955627441406250000e-01 -6.265771389007568359e-01 1.586614370346069336e+00
6.267544555664062500e+02 1.504617929458618164e-02 4.725379467010498047e+00 4.076051712036132812e-01 1.010465621948242188e-01 1.085842370986938477e+00
7.010065917968750000e+02 7.254254817962646484e-02 4.557215690612792969e+00 1.632690429687500000e-02 9.340381622314453125e-01 2.915588319301605225e-01
5.110499267578125000e+02 3.489136099815368652e-01 5.392009735107421875e+00 4.049181938171386719e-01 2.563428878784179688e-01 5.280104931443929672e-03
5.725359497070312500e+02 3.973305225372314453e-03 4.799331665039062500e+00 7.355928421020507812e-01 3.205823898315429688e-01 7.326400876045227051e-01
4.141722106933593750e+02 -1.147162318229675293e-01 4.535145282745361328e+00 -1.681435108184814453e-01 -4.557585716247558594e-01 1.044474005699157715e+00
2.577126770019531250e+02 6.446630954742431641e-01 5.708953857421875000e+00 6.415295600891113281e-01 7.364869117736816406e-01 1.551841616630554199e+00
6.371591186523437500e+02 3.291829228401184082e-01 5.334755420684814453e+00 9.843111038208007812e-01 -1.488267183303833008e+00 2.203708410263061523e+00
5.643704833984375000e+02 4.080682992935180664e-01 5.248414516448974609e+00 3.354668617248535156e-01 -1.723538637161254883e+00 1.301013350486755371e+00
7.864712524414062500e+02 -3.347122669219970703e-02 4.909368991851806641e+00 3.284645080566406250e-01 4.211664199829101562e-01 1.543783992528915405e-01
5.589056396484375000e+02 -3.635894656181335449e-01 4.070027828216552734e+00 1.800680160522460938e-01 -5.745601654052734375e-01 1.358009815216064453e+00
6.990442504882812500e+02 5.882269144058227539e-02 4.781679630279541016e+00 2.998161315917968750e-01 -8.619272708892822266e-01 4.224043786525726318e-01
7.121829223632812500e+02 5.999803543090820312e-02 4.789507389068603516e+00 2.144217491149902344e-01 -3.711915016174316406e-01 2.147748172283172607e-01
5.529946289062500000e+02 4.720690250396728516e-01 5.696443080902099609e+00 4.142165184020996094e-01 -3.487181663513183594e-01 1.000389099121093750e+00
5.720704956054687500e+02 -5.142360925674438477e-02 4.399527072906494141e+00 1.970648765563964844e-01 -4.070162773132324219e-02 1.050377845764160156e+00
4.294260864257812500e+02 -1.927499175071716309e-01 4.692687511444091797e+00 3.138422966003417969e-01 -1.326301097869873047e+00 6.350710988044738770e-01
6.641774902343750000e+02 1.570299863815307617e-01 4.979910850524902344e+00 -8.378267288208007812e-02 -6.678450107574462891e-01 1.945732593536376953e+00
6.340336914062500000e+02 4.968490600585937500e-01 5.597233295440673828e+00 -4.421103000640869141e-01 -1.117981672286987305e+00 1.197342276573181152e+00
2.134340057373046875e+02 5.877119302749633789e-02 4.733296871185302734e+00 1.000273227691650391e+00 6.386327743530273438e-01 1.174626827239990234e+00
6.862794799804687500e+02 1.888746023178100586e-02 4.537155628204345703e+00 2.753829956054687500e-01 -4.914987087249755859e-01 1.098439931869506836e+00
3.355374450683593750e+02 2.466728091239929199e-01 5.390175819396972656e+00 -5.472898483276367188e-01 6.276988983154296875e-01 5.439292266964912415e-02
7.783422241210937500e+02 9.446817636489868164e-02 4.929111003875732422e+00 5.080533027648925781e-01 1.002883911132812500e-01 1.897587776184082031e+00
3.984591369628906250e+02 7.228398323059082031e-02 4.860009670257568359e+00 6.674838066101074219e-01 8.087325096130371094e-01 8.657468557357788086e-01
6.172861938476562500e+02 -1.602283120155334473e-01 4.254264354705810547e+00 4.512000083923339844e-01 -5.028343200683593750e-01 1.620791554450988770e+00
3.703171081542968750e+02 1.773911714553833008e-02 4.623944282531738281e+00 4.323029518127441406e-01 -4.628062248229980469e-01 3.751379549503326416e-01
6.012489624023437500e+02 3.525383472442626953e-01 5.515955924987792969e+00 4.755902290344238281e-01 6.971359252929687500e-02 6.159203052520751953e-01
5.416763305664062500e+02 8.241146802902221680e-02 4.715103149414062500e+00 5.259561538696289062e-01 2.045648097991943359e+00 3.469407558441162109e-01
5.648728637695312500e+02 -1.590991020202636719e-01 4.402949333190917969e+00 6.439685821533203125e-01 5.517935752868652344e-01 1.634061098098754883e+00
5.912913818359375000e+02 -2.327872514724731445e-01 4.303203105926513672e+00 5.636548995971679688e-01 1.203901767730712891e+00 7.433282732963562012e-01
5.068556213378906250e+02 1.042369604110717773e-01 4.981400489807128906e+00 5.989909172058105469e-01 1.727747917175292969e-01 3.479951024055480957e-01
6.492245483398437500e+02 -1.588149666786193848e-01 4.253501415252685547e+00 4.902791976928710938e-01 -7.914423942565917969e-02 4.236353635787963867e-01
4.002654113769531250e+02 -2.930053472518920898e-01 4.197674274444580078e+00 5.035805702209472656e-01 -7.720756530761718750e-01 5.559854507446289062e-01
5.766892700195312500e+02 8.366534709930419922e-01 6.462061405181884766e+00 2.883417606353759766e+00 -6.834959983825683594e-01 1.336155924946069717e-02
6.381239013671875000e+02 7.279932498931884766e-03 4.772583961486816406e+00 1.845526695251464844e-01 -1.401090621948242188e-01 1.581112384796142578e+00
6.154793701171875000e+02 -7.871043682098388672e-02 4.428892612457275391e+00 4.502797126770019531e-01 -3.937506675720214844e-01 5.058833956718444824e-01
7.233424072265625000e+02 2.146492958068847656e+00 8.767405509948730469e+00 -4.644242286682128906e+00 -7.995839118957519531e+00 1.565223217010498047e+00
5.617887573242187500e+02 -9.132128953933715820e-02 4.447135925292968750e+00 4.811477661132812500e-01 3.006935119628906250e-02 1.338933706283569336e+00
3.827991027832031250e+02 2.502396106719970703e-01 5.138252735137939453e+00 8.207416534423828125e-01 8.105993270874023438e-02 5.392824411392211914e-01
6.277296142578125000e+02 3.506565093994140625e-02 4.809583187103271484e+00 1.883745193481445312e-01 2.501273155212402344e-01 3.090451359748840332e-01
6.381874389648437500e+02 -3.170202374458312988e-01 4.050972461700439453e+00 4.675602912902832031e-01 -5.035769939422607422e-01 9.582367539405822754e-01
4.652853393554687500e+02 -3.680288791656494141e-01 4.113090991973876953e+00 2.593541145324707031e-01 -2.877378463745117188e-01 6.209540963172912598e-01
5.735256958007812500e+02 -1.342952847480773926e-01 4.480251312255859375e+00 6.723880767822265625e-01 -4.655158519744873047e-01 4.612538218498229980e-01
7.148803710937500000e+02 -6.466621160507202148e-02 4.201243877410888672e+00 4.203677177429199219e-01 -3.448367118835449219e-01 5.809618160128593445e-02
3.108326416015625000e+02 1.631549000740051270e-01 4.801128387451171875e+00 6.479120254516601562e-01 -8.913683891296386719e-01 2.404263010248541832e-03
5.993018798828125000e+02 6.041020154953002930e-02 4.581421852111816406e+00 6.843161582946777344e-01 -6.875824928283691406e-01 7.534111142158508301e-01
6.243193969726562500e+02 -1.109509468078613281e-01 4.499834537506103516e+00 4.342651367187500000e-01 -4.623174667358398438e-02 1.627212762832641602e+00
3.670929260253906250e+02 -1.908555626869201660e-01 4.105361461639404297e+00 1.925039291381835938e-01 -1.174327135086059570e+00 1.477868676185607910e+00
5.958960571289062500e+02 -7.225400209426879883e-02 4.582666397094726562e+00 2.419686317443847656e-01 -1.836307048797607422e+00 1.020557641983032227e+00
7.999033203125000000e+02 -6.316757202148437500e-02 4.380578041076660156e+00 6.717109680175781250e-01 6.948876380920410156e-01 1.875064849853515625e+00
5.646348266601562500e+02 -1.019744873046875000e-01 4.508444786071777344e+00 4.767560958862304688e-01 -1.257097721099853516e+00 2.178810834884643555e+00
5.741509399414062500e+02 1.164962649345397949e-01 4.652078628540039062e+00 7.158231735229492188e-01 -2.313578128814697266e-01 1.311966180801391602e-01
6.842216186523437500e+02 -3.038722276687622070e-01 4.192667961120605469e+00 5.049657821655273438e-01 -1.008960008621215820e+00 1.906195878982543945e-01
7.547355957031250000e+02 2.260391116142272949e-01 5.106925964355468750e+00 6.423401832580566406e-01 1.307251453399658203e+00 1.099199876189231873e-01
6.004478149414062500e+02 1.122270822525024414e-01 4.734186649322509766e+00 3.416872024536132812e-01 4.330396652221679688e-01 5.136078000068664551e-01
3.898321533203125000e+02 2.990974783897399902e-01 5.456367969512939453e+00 1.863598823547363281e-01 -2.589881420135498047e-01 9.738230705261230469e-01
6.416385498046875000e+02 3.874027729034423828e-02 4.709364414215087891e+00 8.028817176818847656e-01 -1.188442707061767578e+00 9.044961929321289062e-01
3.201567993164062500e+02 -2.930251955986022949e-01 3.902647733688354492e+00 3.853154182434082031e-01 -1.033892631530761719e+00 6.152074337005615234e-01
6.906530761718750000e+02 1.431847810745239258e-01 5.029783248901367188e+00 8.849406242370605469e-01 -2.509450912475585938e-01 1.928661167621612549e-01
6.865841674804687500e+02 -1.496258974075317383e-01 4.231618404388427734e+00 7.830286026000976562e-01 7.243990898132324219e-01 2.440718173980712891e+00
6.544212646484375000e+02 -1.617242693901062012e-01 4.160904884338378906e+00 3.922247886657714844e-01 -1.021790504455566406e+00 1.094263911247253418e+00
5.595756835937500000e+02 2.596877813339233398e-01 4.877162456512451172e+00 3.859210014343261719e-01 6.808733940124511719e-01 3.121196925640106201e-01
6.066219482421875000e+02 -1.262483000755310059e-01 4.427164554595947266e+00 5.485939979553222656e-01 5.052471160888671875e-01 1.056167840957641602e+00
4.137284240722656250e+02 -1.626476645469665527e-01 4.493827819824218750e+00 4.274177551269531250e-01 5.944633483886718750e-01 4.383023381233215332e-01
6.663612060546875000e+02 -3.286576271057128906e-02 4.624849796295166016e+00 3.542661666870117188e-01 -4.565274715423583984e-01 1.409382581710815430e+00
6.108685302734375000e+02 -2.531981468200683594e-02 4.689586639404296875e+00 9.740948677062988281e-01 2.020049095153808594e-01 1.472632408142089844e+00
4.825737915039062500e+02 -1.297303438186645508e-01 4.452979564666748047e+00 2.253150939941406250e-01 -2.673935890197753906e-01 4.999459385871887207e-01
6.847480468750000000e+02 3.600578308105468750e-01 5.660359859466552734e+00 1.667144298553466797e+00 -1.910400390625000000e-01 5.197096616029739380e-02
5.481799316406250000e+02 -1.866323351860046387e-01 4.283873081207275391e+00 7.491803169250488281e-01 -1.608169078826904297e-01 1.679866075515747070e+00
5.918721923828125000e+02 -2.396218776702880859e-01 4.211879253387451172e+00 5.381774902343750000e-01 1.863503456115722656e-01 9.343364834785461426e-01
6.785105590820312500e+02 6.298422813415527344e-04 4.338549137115478516e+00 7.755374908447265625e-01 1.126408576965332031e-01 1.604739189147949219e+00
7.126281127929687500e+02 -1.421387791633605957e-01 4.587393283843994141e+00 4.990148544311523438e-01 -8.138895034790039062e-01 8.489313125610351562e-01
4.525827026367187500e+02 1.840932965278625488e-01 5.161423683166503906e+00 1.449499130249023438e+00 1.774721145629882812e+00 9.231012463569641113e-01
6.420670776367187500e+02 2.783471584320068359e+00 1.036799526214599609e+01 2.872586250305175781e+00 -4.448914527893066406e-01 3.574196994304656982e-01
7.995764160156250000e+02 3.098332881927490234e-02 4.877548217773437500e+00 7.898306846618652344e-01 -7.487475872039794922e-01 2.585122287273406982e-01
6.620920410156250000e+02 -1.194812655448913574e-01 4.681766510009765625e+00 2.015924453735351562e-01 -2.628087997436523438e-02 8.041871190071105957e-01
5.861431884765625000e+02 -9.838426113128662109e-02 4.461326599121093750e+00 8.487391471862792969e-01 3.693294525146484375e-01 1.039243936538696289e+00
3.438227844238281250e+02 -2.978172302246093750e-01 4.177889823913574219e+00 3.664612770080566406e-01 1.691508293151855469e-01 6.128908693790435791e-02
4.994011840820312500e+02 -1.738959550857543945e-02 4.587899208068847656e+00 2.570796012878417969e-01 -5.704045295715332031e-01 4.902446866035461426e-01
3.563011779785156250e+02 -2.113240361213684082e-01 4.119593620300292969e+00 8.067178726196289062e-01 -4.783463478088378906e-01 4.785297811031341553e-01
5.262725830078125000e+02 3.498082160949707031e-01 5.509020805358886719e+00 -4.285812377929687500e-01 -6.665289402008056641e-01 9.320163726806640625e-02
6.571142578125000000e+02 -1.655798554420471191e-01 4.564209461212158203e+00 6.957101821899414062e-01 1.242828369140625000e-01 2.593188524246215820e+00
6.712826538085937500e+02 -2.421476244926452637e-01 4.190343856811523438e+00 4.807829856872558594e-01 1.449918746948242188e-01 4.107248187065124512e-01
7.678280639648437500e+02 6.245468854904174805e-01 5.685629367828369141e+00 1.321411132812500000e-01 1.452159881591796875e-01 3.438231647014617920e-01
3.338916931152343750e+02 -9.637475013732910156e-04 4.531451225280761719e+00 3.828287124633789062e-01 4.349946975708007812e-02 8.975405693054199219e-01
6.582411499023437500e+02 4.310864806175231934e-01 5.642003059387207031e+00 3.661584854125976562e-01 7.343339920043945312e-01 7.938543558120727539e-01
5.907673339843750000e+02 1.305902004241943359e-02 4.732543468475341797e+00 6.275200843811035156e-01 2.792406082153320312e-01 1.307471275329589844e+00
3.590722351074218750e+02 -3.381297588348388672e-01 3.851848125457763672e+00 4.292511940002441406e-01 8.430886268615722656e-01 2.497179031372070312e+00
6.427087402343750000e+02 -9.532332420349121094e-02 4.541087150573730469e+00 8.341193199157714844e-01 -3.206217288970947266e-01 2.727131843566894531e-01
6.030188598632812500e+02 -8.542060852050781250e-03 4.946962356567382812e+00 -8.593797683715820312e-03 -1.265525817871093750e-01 1.579226136207580566e+00
3.965346374511718750e+02 -1.192913651466369629e-01 4.547093391418457031e+00 6.568646430969238281e-01 3.483724594116210938e-01 4.800145328044891357e-01
7.044042358398437500e+02 2.627251148223876953e-01 5.412649154663085938e+00 9.681177139282226562e-01 -5.203640460968017578e-01 3.525056838989257812e-01
1.135547866821289062e+02 2.952162504196166992e+00 1.061853218078613281e+01 1.319086837768554688e+01 8.827528953552246094e+00 7.295399904251098633e-01
5.431131591796875000e+02 -9.490364789962768555e-02 4.513194084167480469e+00 5.922317504882812500e-01 5.645704269409179688e-01 6.199263334274291992e-01
3.911425170898437500e+02 2.347943782806396484e-01 5.084263801574707031e+00 -3.402173519134521484e-01 -6.874406337738037109e-01 4.707224369049072266e-01
6.772806396484375000e+02 7.481098175048828125e-03 4.609924316406250000e+00 6.650280952453613281e-01 1.373496055603027344e+00 3.800876140594482422e-01
7.445719604492187500e+02 -3.691035509109497070e-02 4.958724975585937500e+00 2.454257011413574219e-01 1.569509506225585938e-01 6.278245896100997925e-02
6.349519653320312500e+02 1.030474901199340820e-01 5.227932929992675781e+00 1.104640960693359375e+00 2.248620986938476562e-01 1.039014577865600586e+00
6.427087402343750000e+02 -9.532332420349121094e-02 4.541087150573730469e+00 8.341193199157714844e-01 -3.206217288970947266e-01 2.727131843566894531e-01
6.143573608398437500e+02 1.174649000167846680e-01 4.611832141876220703e+00 8.575201034545898438e-01 -8.264064788818359375e-02 4.823051452636718750e+00
5.112644042968750000e+02 4.300481081008911133e-02 4.661733627319335938e+00 6.758689880371093750e-01 -2.739810943603515625e-01 2.733160555362701416e-01
4.026106872558593750e+02 -7.863926887512207031e-02 4.737910747528076172e+00 4.991865158081054688e-01 -4.833340644836425781e-01 1.125329017639160156e+00
6.743306884765625000e+02 -1.709744930267333984e-01 3.868081331253051758e+00 3.912854194641113281e-01 -7.093393802642822266e-01 6.210945844650268555e-01
3.794534301757812500e+02 -1.914978623390197754e-01 4.350477695465087891e+00 7.441782951354980469e-01 3.109622001647949219e-01 1.079549908638000488e+00
6.539036865234375000e+02 -2.365292906761169434e-01 4.430929660797119141e+00 3.528738021850585938e-01 -2.048885822296142578e-01 1.544535160064697266e+00
6.088892211914062500e+02 -4.416905641555786133e-01 4.120203495025634766e+00 3.838682174682617188e-01 -7.852935791015625000e-01 1.307804822921752930e+00
5.894679565429687500e+02 1.507033705711364746e-01 5.069656372070312500e+00 5.627560615539550781e-01 -6.916010379791259766e-01 1.624242544174194336e+00
4.073289794921875000e+02 -2.429669499397277832e-01 4.133479118347167969e+00 8.049201965332031250e-01 -3.162360191345214844e-01 6.373998522758483887e-01
6.719707031250000000e+02 -9.031653404235839844e-03 4.573076725006103516e+00 7.576155662536621094e-01 1.042222976684570312e-01 8.312598466873168945e-01
5.987333374023437500e+02 -2.420961260795593262e-01 4.120020866394042969e+00 4.733204841613769531e-01 -6.180763244628906250e-01 6.712406277656555176e-01
7.052009277343750000e+02 -2.013646364212036133e-01 3.990676641464233398e+00 6.156897544860839844e-01 -4.752743244171142578e-01 2.325928688049316406e+00
6.654991455078125000e+02 2.391490697860717773e+00 9.459189414978027344e+00 -6.338143348693847656e-01 -1.313019990921020508e+00 2.779853045940399170e-01
5.608096923828125000e+02 -8.253097534179687500e-02 4.793353080749511719e+00 5.089664459228515625e-01 1.220812797546386719e+00 8.277976512908935547e-01
4.683869323730468750e+02 6.104084253311157227e-01 6.095057487487792969e+00 3.969430923461914062e-02 -8.960843086242675781e-02 1.610828638076782227e+00
4.374793090820312500e+02 5.550850033760070801e-01 5.694059371948242188e+00 5.200648307800292969e-01 8.635544776916503906e-01 8.848489075899124146e-02
2.511471710205078125e+02 9.419612884521484375e-01 6.212272644042968750e+00 1.790881156921386719e-01 6.924533843994140625e-01 1.263261437416076660e+00
5.798044433593750000e+02 -2.255955338478088379e-01 4.187146663665771484e+00 5.014562606811523438e-01 -1.541490554809570312e+00 1.269722223281860352e+00
7.703685913085937500e+02 -3.132170438766479492e-02 4.478725910186767578e+00 -1.934170722961425781e-01 -4.602432250976562500e-02 2.303862012922763824e-02
5.949315185546875000e+02 9.312599897384643555e-02 5.044485092163085938e+00 8.690309524536132812e-01 -1.314699649810791016e-01 4.262637495994567871e-01
7.122651977539062500e+02 -3.115835785865783691e-01 3.842329978942871094e+00 4.267406463623046875e-01 9.286761283874511719e-01 7.680190354585647583e-02
3.686611328125000000e+02 2.493246197700500488e-01 5.263652324676513672e+00 6.207561492919921875e-01 -4.433417320251464844e-01 1.030571907758712769e-01
6.553246459960937500e+02 -7.799375057220458984e-02 4.289531230926513672e+00 4.347276687622070312e-01 -3.726303577423095703e-01 1.481434583663940430e+00
6.185373535156250000e+02 -9.800142049789428711e-02 4.531643390655517578e+00 5.730819702148437500e-01 2.199864387512207031e-01 2.125034928321838379e-01
6.589656982421875000e+02 1.628616452217102051e-01 4.994982719421386719e+00 8.308601379394531250e-01 3.369593620300292969e-01 5.711318254470825195e-01
3.729276123046875000e+02 -1.069759130477905273e-01 4.424176692962646484e+00 5.930829048156738281e-01 1.477310657501220703e+00 9.582204222679138184e-01
5.422015380859375000e+02 -6.827557086944580078e-02 4.498367309570312500e+00 7.464528083801269531e-01 -5.504012107849121094e-02 1.134166240692138672e+00
2.899844055175781250e+02 2.961286306381225586e-01 5.352719306945800781e+00 -3.057134151458740234e-01 -1.227653026580810547e-01 1.201449036598205566e-01
3.442677001953125000e+02 1.409653425216674805e-01 4.864589691162109375e+00 8.671021461486816406e-01 -5.223071575164794922e-01 1.099154911935329437e-02
7.539108276367187500e+02 -1.586901545524597168e-01 4.521185874938964844e+00 7.945060729980468750e-02 3.092765808105468750e-01 9.807410836219787598e-02
4.823763427734375000e+02 3.011840581893920898e-01 5.454726696014404297e+00 2.654862403869628906e-01 2.657365798950195312e-01 4.672749340534210205e-01
6.807067871093750000e+02 -1.591783165931701660e-01 4.112111091613769531e+00 1.524329185485839844e-01 -7.520401477813720703e-01 9.376161098480224609e-01
7.194760131835937500e+02 -1.810891032218933105e-01 4.184848785400390625e+00 2.016639709472656250e-01 -4.124987125396728516e-01 5.801086425781250000e-01
6.149111938476562500e+02 -7.119524478912353516e-02 4.660266876220703125e+00 7.290935516357421875e-01 9.682631492614746094e-01 1.312361001968383789e+00
5.857448730468750000e+02 -1.804539561271667480e-01 4.111217498779296875e+00 5.318307876586914062e-01 -6.493568420410156250e-01 2.335538864135742188e-01
6.496210327148437500e+02 -5.986219644546508789e-02 4.555510997772216797e+00 1.221508979797363281e+00 2.498674392700195312e-01 8.269429951906204224e-02
5.393024902343750000e+02 -2.143456339836120605e-01 4.392110347747802734e+00 7.505464553833007812e-01 -1.274740695953369141e+00 1.739250659942626953e+00
6.953977050781250000e+02 2.852351069450378418e-01 5.332175731658935547e+00 6.707739830017089844e-01 -1.075035333633422852e+00 4.678404629230499268e-01
5.663684082031250000e+02 2.149007916450500488e-01 5.024879932403564453e+00 8.590602874755859375e-01 -1.772737503051757812e-01 5.178909897804260254e-01
4.468586425781250000e+02 -1.417280435562133789e-01 4.577259540557861328e+00 4.447746276855468750e-01 3.904199600219726562e-01 6.731864213943481445e-01
3.643991088867187500e+02 -1.303710341453552246e-01 4.122385025024414062e+00 7.951736450195312500e-01 1.792938709259033203e+00 1.712038755416870117e+00
5.016564941406250000e+02 1.095080375671386719e-02 4.476440429687500000e+00 6.124663352966308594e-01 7.927942276000976562e-01 1.049463868141174316e+00
4.719331665039062500e+02 7.697892189025878906e-02 4.922756195068359375e+00 7.693219184875488281e-01 -2.976179122924804688e-02 5.702858567237854004e-01
5.144427490234375000e+02 -2.533336877822875977e-01 4.174360275268554688e+00 5.597305297851562500e-01 -9.158611297607421875e-02 1.420770287513732910e-01
6.785105590820312500e+02 6.298422813415527344e-04 4.338549137115478516e+00 7.755374908447265625e-01 1.126408576965332031e-01 1.604739189147949219e+00
6.553638916015625000e+02 -9.188419580459594727e-02 4.118990898132324219e+00 3.029012680053710938e-01 -2.513599395751953125e-01 3.402438759803771973e-01
6.192545166015625000e+02 -5.702155828475952148e-02 4.654923915863037109e+00 4.240822792053222656e-01 -1.019732952117919922e+00 1.644320964813232422e+00
6.654938964843750000e+02 1.165872812271118164e-01 4.949875354766845703e+00 4.739856719970703125e-01 -3.363978862762451172e-01 1.778264999389648438e+00
6.468277587890625000e+02 4.047065973281860352e-02 4.866199970245361328e+00 2.789807319641113281e-01 -1.590473651885986328e+00 2.645061016082763672e+00
5.616006469726562500e+02 -2.166619896888732910e-01 4.323832511901855469e+00 3.635883331298828125e-01 -1.290305852890014648e+00 1.347861289978027344e+00
6.640193481445312500e+02 1.766616106033325195e-01 5.063008308410644531e+00 5.305695533752441406e-01 4.031682014465332031e-01 5.307887792587280273e-01
7.388418579101562500e+02 1.054552197456359863e-01 5.057547092437744141e+00 5.527019500732421875e-01 -4.224228858947753906e-01 4.683726727962493896e-01
6.273237915039062500e+02 1.771608591079711914e-01 4.896344661712646484e+00 1.555824279785156250e-01 -5.015432834625244141e-01 7.146593928337097168e-01
4.350368957519531250e+02 -1.793680191040039062e-01 4.227437019348144531e+00 6.417107582092285156e-01 3.983473777770996094e-01 2.368495464324951172e-01
5.504745483398437500e+02 -2.187380194664001465e-01 4.321798801422119141e+00 2.344536781311035156e-01 2.254772186279296875e-01 4.317454993724822998e-01
3.216171875000000000e+02 9.264119863510131836e-01 6.548098564147949219e+00 -2.747628688812255859e+00 -1.152893304824829102e+00 1.917679458856582642e-01
3.863079223632812500e+02 -3.429484367370605469e-02 4.569254875183105469e+00 3.890848159790039062e-01 3.554081916809082031e-01 3.159014582633972168e-01
3.425154113769531250e+02 9.012764692306518555e-02 5.100283145904541016e+00 4.771566390991210938e-01 -5.013155937194824219e-01 2.160651981830596924e-01
6.484450683593750000e+02 -1.698064804077148438e-01 4.664447307586669922e+00 4.954123497009277344e-01 -6.522369384765625000e-01 7.929018884897232056e-02
6.879692993164062500e+02 3.330190181732177734e-01 5.349386215209960938e+00 -2.069604396820068359e-01 -1.090888977050781250e+00 1.882648319005966187e-01
7.788086547851562500e+02 1.642880439758300781e-01 4.917140483856201172e+00 1.381492614746093750e-01 -6.484687328338623047e-01 1.043403625488281250e+00
4.704373474121093750e+02 3.340488076210021973e-01 5.417965888977050781e+00 7.414197921752929688e-01 -5.119192600250244141e-01 9.329802989959716797e-01
2.714436645507812500e+02 4.381074309349060059e-01 5.731142044067382812e+00 4.419326782226562500e-01 1.438856124877929688e-01 5.526297092437744141e-01
5.941586303710937500e+02 -4.357796907424926758e-02 4.716308593750000000e+00 8.825254440307617188e-01 -1.116688251495361328e+00 2.312443554401397705e-01
5.903218994140625000e+02 -7.864981889724731445e-02 4.598090171813964844e+00 2.430748939514160156e-01 -1.005411148071289062e-02 1.070534706115722656e+00
5.775670166015625000e+02 6.173449754714965820e-02 4.554327487945556641e+00 8.426904678344726562e-01 -1.163493394851684570e+00 1.193496584892272949e+00
6.776043701171875000e+02 -2.338070273399353027e-01 4.192878723144531250e+00 6.252622604370117188e-01 -8.531081676483154297e-01 7.299487590789794922e-01
6.461667480468750000e+02 -1.269630193710327148e-01 4.356050968170166016e+00 6.713938713073730469e-01 -2.107644081115722656e-01 1.781471848487854004e+00
9.487187957763671875e+01 2.333047389984130859e+00 9.554289817810058594e+00 -1.950634193420410156e+01 -1.367856407165527344e+01 6.878244280815124512e-01
3.405192260742187500e+02 5.392413735389709473e-01 5.735640525817871094e+00 6.436347961425781250e-02 4.920554161071777344e-01 2.422728240489959717e-01
6.163572998046875000e+02 1.886496543884277344e-01 4.938204765319824219e+00 -3.746616840362548828e-01 -7.869267463684082031e-01 7.003817558288574219e-01
5.192592163085937500e+02 8.041679859161376953e-02 4.946223258972167969e+00 9.964156150817871094e-01 -1.877582073211669922e-01 9.336214661598205566e-01
7.196615600585937500e+02 -1.966859698295593262e-01 4.122478485107421875e+00 5.472993850708007812e-01 6.829524040222167969e-01 1.166191026568412781e-01
6.378712768554687500e+02 2.961913943290710449e-01 5.320401191711425781e+00 6.369352340698242188e-01 -7.283687591552734375e-04 1.133535623550415039e+00
6.363700561523437500e+02 3.577504158020019531e-01 5.248497962951660156e+00 6.984210014343261719e-01 -2.376532554626464844e-01 2.086311578750610352e-01
2.977560424804687500e+01 8.646190762519836426e-01 6.582422733306884766e+00 4.887344837188720703e+00 5.760989189147949219e+00 1.067623138427734375e+00
6.949313354492187500e+02 8.466827869415283203e-02 4.999373912811279297e+00 1.118364334106445312e+00 -1.010191440582275391e+00 3.851898014545440674e-01
7.539323120117187500e+02 2.367262840270996094e-01 4.702126502990722656e+00 9.085988998413085938e-01 5.221247673034667969e-01 8.928591609001159668e-01
6.697136230468750000e+02 -8.722877502441406250e-02 4.303768634796142578e+00 3.976035118103027344e-01 -2.318990230560302734e-01 9.327638894319534302e-02
6.202749023437500000e+02 3.389783501625061035e-01 5.798860073089599609e+00 8.946776390075683594e-01 -1.116156578063964844e-01 1.564433097839355469e+00
6.735222167968750000e+02 -1.120027303695678711e-01 4.595834255218505859e+00 7.264351844787597656e-01 -1.062667369842529297e-01 1.733937263488769531e+00
6.226096191406250000e+02 2.433878183364868164e-01 5.047482490539550781e+00 -3.789067268371582031e-02 1.060833930969238281e+00 2.013130486011505127e-01
2.763737182617187500e+02 3.505191802978515625e-01 5.379975795745849609e+00 1.732897758483886719e-01 -2.231884002685546875e-01 5.292228460311889648e-01
6.672220458984375000e+02 3.377477526664733887e-01 5.342983245849609375e+00 1.157760620117187500e+00 5.860757827758789062e-01 1.362019538879394531e+00
6.017944335937500000e+02 1.301530003547668457e-01 4.726142406463623047e+00 3.508234024047851562e-01 1.191353797912597656e-01 8.851674795150756836e-01
6.131514892578125000e+02 4.094984531402587891e-01 5.836654663085937500e+00 -1.264395713806152344e+00 -1.061645746231079102e+00 1.697625219821929932e-01
6.014993896484375000e+02 -5.439567565917968750e-02 4.470895290374755859e+00 2.307438850402832031e-01 -4.430902004241943359e-01 5.450514554977416992e-01
2.410998992919921875e+02 -2.179574966430664062e-01 4.351619243621826172e+00 6.417536735534667969e-01 -8.164787292480468750e-01 7.561306953430175781e-01
1.470877227783203125e+02 9.651631116867065430e-02 4.890853404998779297e+00 8.396911621093750000e-01 1.673040390014648438e+00 1.262859821319580078e+00
7.090978393554687500e+02 -1.253206133842468262e-01 4.480033874511718750e+00 3.694963455200195312e-01 -1.130757331848144531e+00 1.118367195129394531e+00
7.949476928710937500e+02 8.925271034240722656e-02 5.025891780853271484e+00 8.150649070739746094e-01 4.398536682128906250e-01 1.059717774391174316e+00
3.903485412597656250e+02 2.199692726135253906e-01 5.199273586273193359e+00 1.540780067443847656e-01 4.251623153686523438e-01 2.041966319084167480e-01
3.908424987792968750e+02 2.639653205871582031e+00 9.965778350830078125e+00 -4.684075355529785156e+00 -1.230514049530029297e+00 2.484240233898162842e-01
7.840759277343750000e+02 2.379117488861083984e+00 9.561582565307617188e+00 1.315466403961181641e+01 6.167483329772949219e-01 1.091121509671211243e-01
5.441625976562500000e+02 -1.547968387603759766e-02 4.599022865295410156e+00 4.380083084106445312e-01 6.395769119262695312e-01 2.158393561840057373e-01
6.766080932617187500e+02 3.341001272201538086e-01 5.548934459686279297e+00 -3.673434257507324219e-02 1.495003700256347656e-01 8.754578232765197754e-01
6.758883056640625000e+02 -1.587589979171752930e-01 4.336601257324218750e+00 8.363628387451171875e-01 6.629824638366699219e-01 3.415450453758239746e-01
7.720644531250000000e+02 9.093642234802246094e-03 4.624812126159667969e+00 -1.679301261901855469e-02 -5.859851837158203125e-02 1.255676001310348511e-01
6.795965576171875000e+02 4.645023345947265625e-01 5.426939487457275391e+00 -3.501808643341064453e-01 -1.256668567657470703e+00 9.690445661544799805e-01
6.717925415039062500e+02 1.165220499038696289e+00 7.233647823333740234e+00 -2.139191627502441406e+00 -6.989967823028564453e-01 3.020913004875183105e-01
6.843744506835937500e+02 3.396837711334228516e-01 5.453222751617431641e+00 7.236480712890625000e-02 -3.852331638336181641e-01 7.245262861251831055e-01
3.724484558105468750e+02 6.190383434295654297e-02 4.810391902923583984e+00 6.039237976074218750e-01 8.306741714477539062e-01 2.530819773674011230e-01
5.804034423828125000e+02 -7.358294725418090820e-02 4.157574653625488281e+00 3.850150108337402344e-01 9.887075424194335938e-01 2.037459053099155426e-02
6.059356079101562500e+02 -7.248967885971069336e-02 4.654020786285400391e+00 5.061721801757812500e-01 1.425075531005859375e-01 6.950562000274658203e-01
3.589170227050781250e+02 -3.074885606765747070e-01 3.987551689147949219e+00 4.223871231079101562e-01 1.876711845397949219e-01 9.742081910371780396e-02
6.697499389648437500e+02 1.456866025924682617e+00 7.442362785339355469e+00 2.296502590179443359e+00 2.061753273010253906e+00 1.315837621688842773e+00
5.677127685546875000e+02 -1.009016036987304688e-01 4.479067802429199219e+00 4.928398132324218750e-01 1.731586456298828125e-01 8.830022811889648438e-01
6.275626831054687500e+02 -1.009666919708251953e-01 4.441723346710205078e+00 7.062053680419921875e-01 -6.420373916625976562e-01 1.017504215240478516e+00
5.563052978515625000e+02 5.603419542312622070e-01 5.558378219604492188e+00 5.981969833374023438e-01 8.361101150512695312e-02 3.053511679172515869e-01
7.308041381835937500e+02 7.565963268280029297e-02 4.791100978851318359e+00 7.833123207092285156e-01 -4.296720027923583984e-01 9.079083800315856934e-01
3.684340515136718750e+02 -1.350396871566772461e-01 4.447329521179199219e+00 1.326894760131835938e-01 -3.511655330657958984e-01 2.619478702545166016e-01
6.626156616210937500e+02 5.270185470581054688e-01 5.742911338806152344e+00 -4.059040546417236328e-01 -1.440354585647583008e+00 1.072861552238464355e+00
6.796150512695312500e+02 3.925154209136962891e-01 5.556303024291992188e+00 2.242374420166015625e-01 -7.488131523132324219e-01 1.044490575790405273e+00
5.669147338867187500e+02 -4.696667194366455078e-03 4.713473796844482422e+00 2.746725082397460938e-01 2.269077301025390625e-01 5.056998133659362793e-01
3.484392395019531250e+02 2.029043436050415039e-02 4.847631454467773438e+00 1.459717750549316406e-01 -5.350649356842041016e-01 1.030840873718261719e-01
7.928024902343750000e+02 6.556733846664428711e-01 6.216589927673339844e+00 1.715288162231445312e+00 7.548689842224121094e-01 1.054136753082275391e-01
6.274884033203125000e+02 -1.641257405281066895e-01 4.500664234161376953e+00 1.804494857788085938e-01 -1.419833898544311523e+00 3.501341044902801514e-01
3.623015747070312500e+02 3.508907556533813477e-02 4.798967838287353516e+00 3.058099746704101562e-01 1.104927062988281250e-01 4.366112351417541504e-01
6.602562255859375000e+02 -1.931577920913696289e-02 4.694385051727294922e+00 6.803870201110839844e-01 1.036040782928466797e+00 1.118537068367004395e+00
6.788274536132812500e+02 1.491067409515380859e-01 5.049090385437011719e+00 5.841493606567382812e-02 4.935717582702636719e-01 1.085096895694732666e-01
7.145684814453125000e+02 4.510912895202636719e-01 5.597026824951171875e+00 7.472944259643554688e-01 1.703500747680664062e-02 3.719075769186019897e-02
5.079672241210937500e+02 1.080051064491271973e-01 4.983429908752441406e+00 4.244351387023925781e-01 3.503656387329101562e-01 5.276975631713867188e-01
4.905643310546875000e+02 3.020336031913757324e-01 5.222958087921142578e+00 -4.671931266784667969e-02 -1.183958053588867188e+00 3.474418520927429199e-01
7.221503295898437500e+02 2.081498503684997559e-01 4.924387931823730469e+00 9.425783157348632812e-01 6.234979629516601562e-01 8.758848905563354492e-01
5.499619750976562500e+02 2.163017988204956055e-01 5.324858188629150391e+00 5.692434310913085938e-01 3.982448577880859375e-01 4.305363893508911133e-01
5.325833129882812500e+02 4.078698158264160156e-01 5.487413883209228516e+00 -1.092292070388793945e+00 -2.841092348098754883e+00 1.432342529296875000e+00
2.386795349121093750e+02 3.904634475708007812e+00 1.255197238922119141e+01 3.810236454010009766e+00 1.973490715026855469e+00 7.076900601387023926e-01
6.150395507812500000e+02 -2.228029966354370117e-01 4.351448535919189453e+00 1.388478279113769531e-01 -6.565570831298828125e-01 1.947033524513244629e+00
7.857571411132812500e+02 -4.153859615325927734e-02 4.647695064544677734e+00 1.108257770538330078e+00 1.862692832946777344e-01 7.534474730491638184e-01
5.552669067382812500e+02 -2.076202630996704102e-01 4.073804378509521484e+00 4.821348190307617188e-01 2.394509315490722656e-01 5.785856246948242188e-01
4.632335205078125000e+02 1.709362030029296875e+00 8.087989807128906250e+00 2.657780647277832031e+00 1.006536483764648438e+00 3.287283182144165039e-01
7.849291381835937500e+02 -1.983192563056945801e-01 4.398549079895019531e+00 4.294896125793457031e-01 -1.058993339538574219e+00 1.456952691078186035e+00
5.069458923339843750e+02 -1.100862026214599609e-01 4.267683982849121094e+00 5.887579917907714844e-01 8.091402053833007812e-01 8.233171701431274414e-01
5.793784790039062500e+02 -1.208459734916687012e-01 4.583799839019775391e+00 -3.227829933166503906e-02 -2.115514278411865234e+00 1.905048966407775879e+00
6.085687866210937500e+02 -1.162751317024230957e-01 4.572182655334472656e+00 3.260898590087890625e-01 -2.779531478881835938e-01 1.018991470336914062e+00
6.461875000000000000e+02 -2.163385152816772461e-01 4.408798694610595703e+00 3.911209106445312500e-01 3.752923011779785156e-01 5.800068378448486328e-01
4.051184692382812500e+02 1.766640067100524902e+00 8.074995040893554688e+00 1.812868118286132812e+00 3.460979461669921875e-01 9.495828300714492798e-03
3.923671875000000000e+02 1.376699805259704590e-01 5.132965564727783203e+00 4.872536659240722656e-01 9.522223472595214844e-01 8.582102656364440918e-01
6.620361328125000000e+02 -6.989616155624389648e-02 4.699218750000000000e+00 6.105399131774902344e-01 -2.955067157745361328e-01 1.523921966552734375e+00
5.627503051757812500e+02 -1.811391711235046387e-01 4.192686080932617188e+00 6.888198852539062500e-01 -1.206147670745849609e-01 4.949688315391540527e-01
3.443815002441406250e+02 6.269862651824951172e-01 6.074481964111328125e+00 1.756219863891601562e+00 1.197302341461181641e+00 1.044251441955566406e+00
7.648013916015625000e+02 1.038973927497863770e+00 6.514896869659423828e+00 1.761147975921630859e+00 -2.277660369873046875e-01 1.498241424560546875e-01
5.894679565429687500e+02 1.507033705711364746e-01 5.069656372070312500e+00 5.627560615539550781e-01 -6.916010379791259766e-01 1.624242544174194336e+00
6.141672973632812500e+02 -7.329344749450683594e-02 4.713958263397216797e+00 7.898569107055664062e-02 1.580977439880371094e-01 4.739326834678649902e-01
6.092008666992187500e+02 -8.928084373474121094e-02 4.286727905273437500e+00 6.855893135070800781e-01 -1.668169498443603516e+00 7.679755687713623047e-01
6.228627929687500000e+02 -2.438256144523620605e-01 4.075128078460693359e+00 2.955627441406250000e-01 -6.265771389007568359e-01 1.586614370346069336e+00
4.079948425292968750e+02 -1.035573482513427734e-01 4.422446727752685547e+00 3.536224365234375000e-01 -2.711868286132812500e-01 1.383465290069580078e+00
5.640491333007812500e+02 -8.625423908233642578e-02 4.399818897247314453e+00 7.930493354797363281e-01 -9.284377098083496094e-02 1.183463454246520996e+00
6.352768554687500000e+02 -1.486320495605468750e-01 4.347223281860351562e+00 5.853104591369628906e-01 9.298825263977050781e-01 9.854689240455627441e-01
7.198721923828125000e+02 3.984261155128479004e-01 5.334548950195312500e+00 3.351664543151855469e-01 -7.488238811492919922e-01 3.608614206314086914e-01
3.720707397460937500e+02 -5.243819952011108398e-02 4.536429882049560547e+00 1.053094863891601562e-02 1.448082923889160156e-01 1.618018895387649536e-01
6.553045654296875000e+02 -1.049737334251403809e-01 4.492561817169189453e+00 1.248931884765625000e-01 -5.938160419464111328e-01 6.745001673698425293e-01
4.222207641601562500e+02 1.615581274032592773e+00 7.989089012145996094e+00 3.232457637786865234e+00 4.936480522155761719e-01 3.457818925380706787e-02
6.530770263671875000e+02 -1.615148782730102539e-02 4.694110870361328125e+00 5.572223663330078125e-01 5.764436721801757812e-01 3.460693061351776123e-01
6.366275024414062500e+02 6.252628564834594727e-02 4.906641006469726562e+00 3.843212127685546875e-01 1.106977462768554688e-01 2.259515762329101562e+00
6.026856689453125000e+02 -5.637049674987792969e-03 4.303294658660888672e+00 1.607465744018554688e-01 1.853132247924804688e-01 5.270942449569702148e-01
4.224625244140625000e+02 2.186093330383300781e+00 9.074739456176757812e+00 3.783957958221435547e+00 1.726393699645996094e+00 4.605880379676818848e-01
4.329575500488281250e+02 -9.501039981842041016e-03 4.658990383148193359e+00 1.290678977966308594e-01 -3.580510616302490234e-01 8.964120149612426758e-01
7.497048339843750000e+02 -1.016347408294677734e-01 4.261854648590087891e+00 5.648016929626464844e-01 2.027082443237304688e-01 6.339284181594848633e-01
3.495394897460937500e+02 -2.835643291473388672e-02 4.558352470397949219e+00 4.337906837463378906e-01 -1.607167720794677734e-01 1.459986567497253418e+00
3.363191223144531250e+02 -1.281759142875671387e-01 4.345336914062500000e+00 4.583168029785156250e-01 -2.802121639251708984e-01 7.354086637496948242e-01
7.121130371093750000e+02 5.610918998718261719e-02 4.714096546173095703e+00 6.268048286437988281e-01 1.047658920288085938e-01 2.032536566257476807e-01
6.460721435546875000e+02 2.231510877609252930e-01 5.204765319824218750e+00 -1.694810390472412109e-01 -1.186138391494750977e+00 4.466575384140014648e-01
5.802197265625000000e+02 2.721024751663208008e-01 5.408480644226074219e+00 3.881573677062988281e-01 -3.063058853149414062e-01 1.229562282562255859e+00
6.682045898437500000e+02 2.128075957298278809e-01 4.950743675231933594e+00 2.650928497314453125e-01 5.880761146545410156e-01 1.522002965211868286e-01
3.913868103027343750e+02 1.580506563186645508e-02 4.622980594635009766e+00 4.578804969787597656e-01 6.740427017211914062e-01 4.092925786972045898e-01
5.829625854492187500e+02 1.770217418670654297e-01 4.922553539276123047e+00 4.793643951416015625e-01 3.264260292053222656e-01 8.048119544982910156e-01
4.535123291015625000e+02 5.176812410354614258e-02 4.418107986450195312e+00 1.059789657592773438e+00 -5.370903015136718750e-01 3.230792582035064697e-01
6.522760620117187500e+02 7.650797963142395020e-01 6.189728736877441406e+00 3.291978836059570312e+00 5.152249336242675781e-01 3.048546910285949707e-01
7.486416015625000000e+02 1.804184913635253906e-01 4.927395820617675781e+00 4.826831817626953125e-01 1.043910980224609375e+00 2.394825816154479980e-01
6.714584960937500000e+02 1.510027050971984863e-01 4.574474811553955078e+00 5.453944206237792969e-01 1.100397109985351562e-01 6.671119332313537598e-01
6.481227416992187500e+02 -3.141838908195495605e-01 4.077069759368896484e+00 4.677939414978027344e-01 6.594634056091308594e-01 7.824401855468750000e-01
5.440899047851562500e+02 1.560606360435485840e-01 4.927986145019531250e+00 1.127984523773193359e+00 8.213376998901367188e-01 1.578014373779296875e+00
5.720220947265625000e+02 3.305864334106445312e-02 4.768218994140625000e+00 6.670832633972167969e-01 -1.443456411361694336e+00 1.149976253509521484e+00
6.632094116210937500e+02 9.544342756271362305e-02 4.950773715972900391e+00 3.300595283508300781e-01 2.219247817993164062e-01 3.797823190689086914e-02
5.472788085937500000e+02 -1.464784145355224609e-03 4.923384666442871094e+00 2.848577499389648438e-01 -1.141741275787353516e+00 1.388998508453369141e+00
7.903791503906250000e+02 4.589194059371948242e-02 4.813567638397216797e+00 -4.667639732360839844e-01 -1.251910924911499023e+00 5.573690533638000488e-01
7.488840942382812500e+02 -2.164667248725891113e-01 4.429058551788330078e+00 8.550286293029785156e-01 6.616210937500000000e-01 3.310835920274257660e-03
6.525993041992187500e+02 6.493955850601196289e-02 4.604698657989501953e+00 5.406522750854492188e-01 3.393673896789550781e-01 1.181663870811462402e-01
5.755656738281250000e+02 -1.345211267471313477e-01 4.482578277587890625e+00 -9.493708610534667969e-02 5.983519554138183594e-01 1.019755005836486816e-01
6.550313720703125000e+02 4.944940805435180664e-01 5.443036556243896484e+00 -3.951096534729003906e-01 -3.822735548019409180e+00 2.517491340637207031e+00
5.294305419921875000e+02 1.148425936698913574e-01 4.556590557098388672e+00 7.186031341552734375e-01 7.446622848510742188e-01 2.165700197219848633e-01
7.073276977539062500e+02 -2.574072480201721191e-01 4.317630290985107422e+00 5.556607246398925781e-01 2.694106101989746094e-01 1.072468876838684082e+00
4.476436157226562500e+02 1.480460166931152344e-01 5.010063648223876953e+00 6.346440315246582031e-01 3.884053230285644531e-01 6.954939365386962891e-01
5.437066650390625000e+02 -8.110940456390380859e-03 4.534613609313964844e+00 -3.930211067199707031e-02 6.398367881774902344e-01 1.110853075981140137e+00
6.780017089843750000e+02 4.342048168182373047e-01 5.631383895874023438e+00 -4.751527309417724609e-01 -2.453209161758422852e+00 2.040163040161132812e+00
6.251875610351562500e+02 1.183308959007263184e-01 5.063291072845458984e+00 2.656769752502441406e-01 6.805825233459472656e-01 1.221432924270629883e+00
7.094152221679687500e+02 1.289905309677124023e-01 4.604290485382080078e+00 6.975245475769042969e-01 -2.857542037963867188e-01 9.468052387237548828e-01
6.249366455078125000e+02 5.569326877593994141e-02 4.520714282989501953e+00 6.746697425842285156e-01 4.278421401977539062e-01 1.114429831504821777e+00
7.478159179687500000e+02 9.957329630851745605e-01 6.807466506958007812e+00 2.612988948822021484e+00 1.261754035949707031e+00 5.575912594795227051e-01
6.481568603515625000e+02 1.547393798828125000e-01 4.708901405334472656e+00 1.363635063171386719e-01 -1.014986038208007812e+00 1.906662702560424805e+00
4.069390258789062500e+02 -1.618444323539733887e-01 4.414345741271972656e+00 2.136826515197753906e-01 -4.906022548675537109e-01 6.395173072814941406e-01
6.477357177734375000e+02 -2.130072116851806641e-01 4.454253196716308594e+00 7.061934471130371094e-01 -3.969860076904296875e-01 2.632340908050537109e+00
4.953833007812500000e+02 -9.184825420379638672e-02 4.542010784149169922e+00 8.631658554077148438e-01 -6.185221672058105469e-01 1.789630770683288574e+00
3.265863037109375000e+02 9.743192791938781738e-01 6.631347656250000000e+00 1.594405174255371094e+00 1.787483692169189453e+00 6.157732605934143066e-01
4.969453735351562500e+02 2.108052372932434082e-01 5.184287071228027344e+00 4.642391204833984375e-01 2.430939674377441406e-01 1.029822230339050293e+00
3.398684387207031250e+02 1.806774139404296875e-01 5.084416389465332031e+00 1.049580574035644531e+00 -1.025855541229248047e-01 4.919126927852630615e-01
7.015778808593750000e+02 3.607938289642333984e-01 5.518282890319824219e+00 1.637701988220214844e+00 4.911828041076660156e-01 1.653598070144653320e+00
5.127290649414062500e+02 3.953556537628173828e+00 1.270426177978515625e+01 -2.089154720306396484e+00 -2.323421239852905273e+00 5.683820843696594238e-01
6.591801147460937500e+02 7.562583684921264648e-02 4.898915290832519531e+00 1.993536949157714844e-01 -5.511760711669921875e-02 4.300471842288970947e-01
6.444104003906250000e+02 2.757700443267822266e+00 1.018783950805664062e+01 1.013073158264160156e+01 1.177909374237060547e+01 1.210873126983642578e+00
6.535279541015625000e+02 2.220572829246520996e-01 5.074834823608398438e+00 2.029824256896972656e-01 -1.287233829498291016e-01 1.453212618827819824e+00
5.058008117675781250e+02 3.309297561645507812e-02 4.797571182250976562e+00 5.553579330444335938e-01 5.552768707275390625e-02 7.901605367660522461e-01
6.293024291992187500e+02 -9.623974561691284180e-02 4.356839656829833984e+00 1.904892921447753906e-01 -1.664432287216186523e+00 1.153468132019042969e+00
6.773939819335937500e+02 8.673250675201416016e-03 4.776899337768554688e+00 4.232048988342285156e-01 -6.428313255310058594e-01 2.465105652809143066e-01
4.270573730468750000e+02 1.150984048843383789e+00 7.076532840728759766e+00 -8.330106735229492188e-01 1.417708396911621094e-01 7.984677795320749283e-04
5.970543823242187500e+02 1.208596825599670410e-01 4.992850303649902344e+00 8.804893493652343750e-01 1.212322711944580078e+00 1.182632327079772949e+00
6.553799438476562500e+02 -6.113767623901367188e-02 4.810468673706054688e+00 5.841040611267089844e-01 9.438252449035644531e-01 1.891534805297851562e+00
4.937511901855468750e+02 -8.328807353973388672e-02 4.429905891418457031e+00 1.063022613525390625e+00 -1.489230394363403320e+00 4.837720990180969238e-01
4.615980529785156250e+02 -4.129379987716674805e-02 4.561037063598632812e+00 1.000235080718994141e+00 8.892250061035156250e-01 3.100482225418090820e-01
6.705371093750000000e+02 5.121254920959472656e-02 4.818423271179199219e+00 5.219125747680664062e-01 -1.529991626739501953e-01 1.414731502532958984e+00
3.665143737792968750e+02 -5.414497852325439453e-02 4.852692604064941406e+00 7.593417167663574219e-01 4.538774490356445312e-02 2.348061054944992065e-01
4.527114257812500000e+02 3.110095262527465820e-01 5.165312290191650391e+00 3.610086441040039062e-01 -1.532130241394042969e+00 9.757748842239379883e-01
6.802977294921875000e+02 -8.944714069366455078e-02 4.580312728881835938e+00 3.434920310974121094e-01 1.364302635192871094e-01 6.764388084411621094e-01
6.605467529296875000e+02 -4.308533668518066406e-02 4.605615139007568359e+00 5.034828186035156250e-01 7.495427131652832031e-01 2.407591044902801514e-02
6.583519287109375000e+02 -8.803039789199829102e-02 4.577867031097412109e+00 1.333403587341308594e-01 -1.192626953125000000e+00 2.161066770553588867e+00
2.975672607421875000e+02 3.721427917480468750e-02 4.425287723541259766e+00 6.753802299499511719e-01 -1.059210300445556641e-01 1.254875779151916504e+00
3.513744812011718750e+02 -1.782874464988708496e-01 4.281160354614257812e+00 6.682443618774414062e-01 2.774167060852050781e-01 2.875156700611114502e-01
4.661864624023437500e+02 1.723926067352294922e+00 8.101848602294921875e+00 9.691999435424804688e+00 2.375419139862060547e+00 2.520276010036468506e-01
6.265303955078125000e+02 2.807813882827758789e-02 4.712362289428710938e+00 6.313657760620117188e-01 3.199720382690429688e-01 1.171098828315734863e+00
6.052857666015625000e+02 1.969789862632751465e-01 5.314686775207519531e+00 9.590053558349609375e-01 1.554658412933349609e+00 2.033983945846557617e+00
5.033982238769531250e+02 -3.890502452850341797e-02 4.573423862457275391e+00 6.188631057739257812e-01 -2.624630928039550781e-02 8.460382223129272461e-01
5.169578247070312500e+02 2.867008447647094727e-01 5.497250556945800781e+00 7.658767700195312500e-01 -8.349061012268066406e-02 4.491956532001495361e-01
5.801110229492187500e+02 -3.090646266937255859e-01 4.283170700073242188e+00 2.701711654663085938e-01 6.914210319519042969e-01 2.036516517400741577e-01
3.968605804443359375e+01 3.414807796478271484e+00 1.151292324066162109e+01 1.005630683898925781e+01 9.620906829833984375e+00 9.775611758232116699e-01
5.733150634765625000e+02 1.173647642135620117e-01 5.092814445495605469e+00 3.015327453613281250e-01 -4.191184043884277344e-01 3.460412621498107910e-01
6.108259277343750000e+02 1.455449461936950684e-01 4.848695755004882812e+00 -9.678602218627929688e-02 -8.917212486267089844e-01 6.051933765411376953e-01
2.681621704101562500e+02 -2.143626213073730469e-01 4.512784004211425781e+00 3.391051292419433594e-01 1.369872093200683594e+00 1.018364191055297852e+00
6.724458007812500000e+02 9.440094232559204102e-02 4.758619308471679688e+00 6.623888015747070312e-01 -9.722423553466796875e-01 4.945319890975952148e-01
6.080359497070312500e+02 2.024002671241760254e-01 4.907331466674804688e+00 -3.817439079284667969e-02 -1.051713228225708008e+00 5.906754136085510254e-01
3.572125549316406250e+02 -1.164412498474121094e-02 4.335996627807617188e+00 7.359242439270019531e-01 -2.628350257873535156e-01 1.180126905441284180e+00
6.313793945312500000e+02 5.613880157470703125e-01 6.171385288238525391e+00 7.071900367736816406e-01 1.226949691772460938e-01 6.987171620130538940e-02
7.271712036132812500e+02 3.182123303413391113e-01 5.356305122375488281e+00 1.939415931701660156e-01 7.434248924255371094e-01 6.081921458244323730e-01
6.665014038085937500e+02 -1.549400687217712402e-01 4.282067775726318359e+00 3.848361968994140625e-01 -1.262922286987304688e+00 2.100225925445556641e+00
5.673131713867187500e+02 2.995793819427490234e-01 5.336087226867675781e+00 -2.639770507812500000e-02 -6.266033649444580078e-01 7.733660936355590820e-02
7.301882324218750000e+02 1.324666380882263184e+00 7.416361808776855469e+00 2.883141040802001953e+00 -7.484078407287597656e-02 2.436293810606002808e-01
7.837603759765625000e+02 2.930104732513427734e-01 5.187698364257812500e+00 4.256176948547363281e-01 -7.507967948913574219e-01 3.094901517033576965e-02
6.189501342773437500e+02 9.118783473968505859e-02 4.927141189575195312e+00 2.858781814575195312e-01 1.365706920623779297e+00 1.569675922393798828e+00
5.330323486328125000e+02 -3.932255506515502930e-02 4.496204376220703125e+00 2.866196632385253906e-01 -4.734134674072265625e-01 1.375361680984497070e+00
6.605328979492187500e+02 8.585381507873535156e-02 4.751973152160644531e+00 2.193975448608398438e-01 -1.302034854888916016e+00 1.916134506464004517e-01
6.735114746093750000e+02 -1.427658796310424805e-01 4.335839748382568359e+00 4.110670089721679688e-01 -1.235544681549072266e-01 1.789834499359130859e+00
6.591254882812500000e+02 1.905597448348999023e-01 5.051400184631347656e+00 2.367782592773437500e-01 -2.877235412597656250e-01 1.265478253364562988e+00
3.430164794921875000e+02 1.319643855094909668e-01 5.080535411834716797e+00 4.031896591186523438e-01 -5.267262458801269531e-02 2.334732562303543091e-01
4.315042114257812500e+02 7.505218386650085449e-01 6.130203247070312500e+00 2.578649520874023438e+00 2.979888916015625000e+00 1.352118134498596191e+00
2.431017913818359375e+02 2.361199259757995605e-01 5.375194072723388672e+00 6.847333908081054688e-01 3.291463851928710938e-01 5.193608403205871582e-01
6.232269287109375000e+02 -1.674876213073730469e-01 4.392150878906250000e+00 3.730845451354980469e-01 -1.872169971466064453e-01 1.182163357734680176e+00
6.048909912109375000e+02 -2.577616572380065918e-01 4.029973506927490234e+00 4.688525199890136719e-01 -8.696389198303222656e-01 1.451923847198486328e+00
3.028779602050781250e+02 3.989076614379882812e-02 4.659183979034423828e+00 1.098728179931640625e-01 -7.289409637451171875e-02 4.497291147708892822e-01
6.507149047851562500e+02 -3.921061754226684570e-02 4.875727176666259766e+00 7.514572143554687500e-01 -2.744686603546142578e-01 1.133988261222839355e+00
6.613546142578125000e+02 -1.653402447700500488e-01 4.236606597900390625e+00 4.576230049133300781e-01 -7.704162597656250000e-01 1.878229618072509766e+00
7.735533447265625000e+02 -2.080113291740417480e-01 4.019303798675537109e+00 7.175087928771972656e-01 -1.635495424270629883e+00 2.702957019209861755e-02
6.105344848632812500e+02 -6.701171398162841797e-03 4.768884181976318359e+00 3.836631774902343750e-01 -3.646230697631835938e-01 3.866153359413146973e-01
7.605147094726562500e+02 5.347901582717895508e-02 4.872008323669433594e+00 2.670884132385253906e-01 9.239673614501953125e-02 5.660106241703033447e-02
4.887053527832031250e+02 1.086290955543518066e+00 7.036628723144531250e+00 1.397449970245361328e+00 -6.015896797180175781e-02 6.410425901412963867e-01
6.056669921875000000e+02 4.731476306915283203e-02 4.723488807678222656e+00 2.684664726257324219e-01 -7.058835029602050781e-01 1.262427449226379395e+00
5.989955444335937500e+02 1.951613426208496094e-01 5.065683841705322266e+00 5.517625808715820312e-01 -1.352312564849853516e+00 2.207209348678588867e+00
4.032234802246093750e+02 4.409396648406982422e-01 5.396528720855712891e+00 -1.397120952606201172e-01 3.456807136535644531e-01 8.262438774108886719e-01
4.155785217285156250e+02 1.840929388999938965e-01 5.038702964782714844e+00 -1.923680305480957031e-02 -3.690314292907714844e-01 4.318999052047729492e-01
3.532383728027343750e+02 5.663168430328369141e-02 4.983885288238525391e+00 1.053762435913085938e-01 8.400988578796386719e-01 8.603022098541259766e-01
4.366943969726562500e+02 2.497623562812805176e-01 5.321160316467285156e+00 -6.683123111724853516e-01 -2.006355524063110352e+00 1.557245016098022461e+00
4.078904724121093750e+02 -3.510828614234924316e-01 4.082501411437988281e+00 5.742692947387695312e-01 -6.391215324401855469e-01 1.177822798490524292e-01
3.908327026367187500e+02 4.471534490585327148e-02 4.943377017974853516e+00 8.809566497802734375e-03 4.435467720031738281e-01 9.894020110368728638e-02
6.207567138671875000e+02 1.022371053695678711e-01 4.873793125152587891e+00 -5.043625831604003906e-02 -1.179791688919067383e+00 2.492546796798706055e+00
5.329827880859375000e+02 -1.912729144096374512e-01 4.408475875854492188e+00 5.666494369506835938e-02 2.539324760437011719e-01 4.453157782554626465e-01
7.413521118164062500e+02 -2.905457615852355957e-01 4.104600906372070312e+00 1.426219940185546875e-02 -7.771348953247070312e-01 3.069427609443664551e-01
2.411582946777343750e+02 -2.093529701232910156e-02 4.621580600738525391e+00 -1.144945621490478516e-01 -2.089917659759521484e-01 1.192355394363403320e+00
6.318833007812500000e+02 3.529481887817382812e-01 5.368029117584228516e+00 8.230519294738769531e-01 -5.775690078735351562e-01 1.536778807640075684e+00
4.564528503417968750e+02 -2.267812490463256836e-01 4.179183959960937500e+00 4.293513298034667969e-01 1.044394969940185547e+00 2.429272606968879700e-02
4.114060974121093750e+02 5.103314518928527832e-01 5.756742954254150391e+00 -6.412136554718017578e-01 8.020401000976562500e-02 8.928344398736953735e-02
5.992573242187500000e+02 1.214635729789733887e+00 7.341358184814453125e+00 2.169845104217529297e+00 3.782694339752197266e+00 2.632301807403564453e+00
7.692642211914062500e+02 -9.404569864273071289e-02 4.309541702270507812e+00 3.302931785583496094e-01 -1.574785709381103516e+00 7.644373178482055664e-01
6.204987792968750000e+02 1.289637088775634766e-01 4.981657028198242188e+00 6.219768524169921875e-01 -7.852792739868164062e-01 1.557379364967346191e+00
6.782083740234375000e+02 3.672540187835693359e-03 4.627884387969970703e+00 9.077000617980957031e-01 9.594345092773437500e-01 1.301403284072875977e+00
4.071351623535156250e+02 2.668070793151855469e-02 4.629620075225830078e+00 6.319594383239746094e-01 -4.679548740386962891e-01 2.767927050590515137e-01
7.474752197265625000e+02 1.686580777168273926e-01 4.888500690460205078e+00 -2.957546710968017578e-01 -1.866464614868164062e+00 7.398261129856109619e-02
7.265920410156250000e+02 -6.952172517776489258e-02 4.522660255432128906e+00 3.464603424072265625e-01 -7.312893867492675781e-02 9.182836115360260010e-02
4.488242492675781250e+02 3.030966520309448242e-01 5.260562419891357422e+00 2.521514892578125000e-01 8.594965934753417969e-01 1.649774074554443359e+00
6.623965454101562500e+02 1.564243435859680176e-01 4.776542663574218750e+00 4.944419860839843750e-01 1.291418075561523438e-01 1.201108813285827637e+00
4.139641418457031250e+02 1.354627013206481934e-01 4.702840328216552734e+00 1.861453056335449219e-01 -4.060816764831542969e-01 5.432367920875549316e-01
5.186917114257812500e+02 3.868216276168823242e-02 4.642114639282226562e+00 8.776283264160156250e-01 -5.477190017700195312e-02 1.013080179691314697e-01
3.216764831542968750e+02 -6.183415651321411133e-02 4.821057319641113281e+00 1.507949829101562500e-01 -4.769122600555419922e-01 1.024338603019714355e-01
3.996374816894531250e+02 -6.830686330795288086e-02 4.423604011535644531e+00 3.296089172363281250e-01 3.365302085876464844e-01 6.750459671020507812e-01
4.182507019042968750e+02 -7.453316450119018555e-02 4.616577625274658203e+00 4.019069671630859375e-01 1.405639648437500000e+00 4.449107050895690918e-01
6.106072387695312500e+02 3.844314098358154297e+00 1.250201320648193359e+01 -7.150030136108398438e+00 -7.483998298645019531e+00 1.020544409751892090e+00
7.069320068359375000e+02 -2.964375019073486328e-01 4.140710353851318359e+00 -7.269859313964843750e-02 -1.077055931091308594e-01 3.290430009365081787e-01
6.788477783203125000e+02 4.245234727859497070e-01 5.533966064453125000e+00 1.459741592407226562e-01 -8.243191242218017578e-01 5.269330143928527832e-01
3.775401916503906250e+02 8.995189070701599121e-01 6.559667587280273438e+00 2.805106639862060547e+00 7.417130470275878906e-01 3.010440170764923096e-01
7.708422851562500000e+02 7.284224033355712891e-03 4.684798240661621094e+00 3.762865066528320312e-01 1.071641445159912109e+00 9.369928389787673950e-03
5.262890014648437500e+02 2.756077647209167480e-01 4.862221240997314453e+00 4.849243164062500000e-01 1.061699390411376953e+00 1.176249980926513672e+00
6.658759155273437500e+02 1.624677181243896484e-01 4.991845607757568359e+00 1.159193515777587891e+00 1.097803115844726562e+00 1.372143507003784180e+00
6.217210083007812500e+02 -7.212257385253906250e-02 4.644069671630859375e+00 1.698923110961914062e-01 -8.152806758880615234e-01 1.710673689842224121e+00
5.514609985351562500e+02 -3.160136938095092773e-02 4.611557960510253906e+00 6.334948539733886719e-01 9.130191802978515625e-01 5.202560424804687500e-01
6.622594604492187500e+02 -1.755532026290893555e-01 4.487548351287841797e+00 9.049415588378906250e-01 8.354187011718750000e-01 1.328393697738647461e+00
6.749560546875000000e+02 -2.195882797241210938e-02 4.313375473022460938e+00 2.759575843811035156e-01 -7.242190837860107422e-01 1.752036929130554199e+00
5.365337524414062500e+02 3.832054734230041504e-01 5.548235893249511719e+00 5.193185806274414062e-01 -5.193424224853515625e-01 1.186130881309509277e+00
5.803258056640625000e+02 3.969888091087341309e-01 5.176495552062988281e+00 1.623582839965820312e-01 -8.443820476531982422e-01 6.011358499526977539e-01
6.109157714843750000e+02 -2.244591712951660156e-02 4.849847316741943359e+00 7.252597808837890625e-01 -4.503870010375976562e-01 2.076021432876586914e-01
7.959438476562500000e+02 -1.216179132461547852e-01 4.682917118072509766e+00 7.193160057067871094e-01 -2.356588840484619141e-01 2.017695084214210510e-02
6.011231689453125000e+02 -1.439905762672424316e-01 4.270343780517578125e+00 7.696342468261718750e-01 4.742145538330078125e-01 6.158549785614013672e-01
5.949315185546875000e+02 9.312599897384643555e-02 5.044485092163085938e+00 8.690309524536132812e-01 -1.314699649810791016e-01 4.262637495994567871e-01
6.715427246093750000e+02 -8.938634395599365234e-02 4.582283020019531250e+00 4.581069946289062500e-01 -5.352592468261718750e-01 2.017653465270996094e+00
6.215888061523437500e+02 2.130895853042602539e-01 5.100248336791992188e+00 2.652692794799804688e-01 -4.404544830322265625e-01 1.230383157730102539e+00
6.475805664062500000e+02 -7.184988260269165039e-02 4.659433841705322266e+00 9.071946144104003906e-01 1.055018901824951172e+00 1.275910854339599609e+00
7.239511718750000000e+02 -3.180861473083496094e-02 4.568009853363037109e+00 4.460072517395019531e-01 1.827096939086914062e-01 9.561916589736938477e-01
4.110327758789062500e+02 2.688241004943847656e-01 5.084697723388671875e+00 6.689572334289550781e-01 -5.931615829467773438e-01 2.275732010602951050e-01
6.804514160156250000e+02 2.781050801277160645e-01 5.097414016723632812e+00 1.720743179321289062e+00 1.663036346435546875e+00 1.375859856605529785e+00
6.452788085937500000e+02 2.416747808456420898e-02 4.600944042205810547e+00 3.529858589172363281e-01 -4.414343833923339844e-01 1.609766960144042969e+00
6.144076538085937500e+02 -2.123904824256896973e-01 4.465848922729492188e+00 4.762744903564453125e-01 3.135991096496582031e-01 3.175467252731323242e-01
5.066883544921875000e+02 -2.370929121971130371e-01 4.266534805297851562e+00 5.272793769836425781e-01 -2.605164051055908203e-01 1.061606645584106445e+00
7.080993041992187500e+02 -1.546770334243774414e-01 4.337233543395996094e+00 2.797126770019531250e-01 2.334785461425781250e-01 7.557588815689086914e-02
7.034333496093750000e+02 5.913668870925903320e-02 4.594831466674804688e+00 4.141759872436523438e-01 -3.697192668914794922e-01 3.467044234275817871e-01
5.736723632812500000e+02 1.125425100326538086e-01 4.879556179046630859e+00 4.801392555236816406e-01 1.851224899291992188e-01 1.218236207962036133e+00
6.189325561523437500e+02 -2.845191955566406250e-01 4.292057037353515625e+00 8.251094818115234375e-01 -1.597595214843750000e-01 1.512362837791442871e+00
5.894512939453125000e+02 2.996439337730407715e-01 5.239583015441894531e+00 1.136443614959716797e+00 3.497576713562011719e-01 9.368937015533447266e-01
3.852796020507812500e+02 -1.014975905418395996e-01 4.531262397766113281e+00 3.059387207031250000e-01 3.122496604919433594e-01 7.292146682739257812e-01
5.024219360351562500e+02 1.557707786560058594e-01 5.025396347045898438e+00 5.186271667480468750e-01 -6.766068935394287109e-01 2.644210457801818848e-01
6.056195068359375000e+02 7.505774497985839844e-03 4.733273506164550781e+00 1.965284347534179688e-01 -1.629519462585449219e-01 1.095998764038085938e+00
4.021470947265625000e+02 -1.787194609642028809e-01 4.250302314758300781e+00 2.665972709655761719e-01 -6.409358978271484375e-01 8.638417720794677734e-01
3.686311035156250000e+02 1.479957699775695801e+00 7.876387596130371094e+00 -2.578092813491821289e+00 -2.265189886093139648e+00 9.777167439460754395e-01
3.884155883789062500e+02 4.070272445678710938e-01 5.419813632965087891e+00 1.380228996276855469e+00 1.116633415222167969e+00 7.044918537139892578e-01
6.387382812500000000e+02 4.974877834320068359e-02 4.911298751831054688e+00 3.235459327697753906e-01 -3.286242485046386719e-01 1.704564213752746582e+00
6.560447387695312500e+02 -2.127681374549865723e-01 4.195721149444580078e+00 3.468275070190429688e-01 -1.884222030639648438e-02 6.366716623306274414e-01
