5.789006347656250000e+02 2.387593984603881836e+00 7.567346572875976562e+00 -5.858212471008300781e+00 9.809970855712890625e-02 3.934022504836320877e-03
7.458109130859375000e+02 1.443601250648498535e+00 5.496274948120117188e+00 2.423059940338134766e+00 6.619954109191894531e-01 1.016702875494956970e-01
2.183373870849609375e+02 3.131315469741821289e+00 8.753005027770996094e+00 1.322729587554931641e+01 2.022306919097900391e+00 1.480993777513504028e-01
1.698722076416015625e+02 3.444042682647705078e+00 9.917346954345703125e+00 -2.318189144134521484e+00 -9.280443191528320312e-01 5.737161040306091309e-01
5.717397460937500000e+02 3.741003990173339844e+00 1.023006343841552734e+01 -1.830908203125000000e+01 -5.769418716430664062e+00 3.442494273185729980e-01
3.318579101562500000e+02 2.267663955688476562e+00 7.129055023193359375e+00 1.501812934875488281e+00 4.097366333007812500e-01 1.165051162242889404e-01
4.992623901367187500e+02 1.560972213745117188e+00 5.721177577972412109e+00 2.734909057617187500e+00 2.170598506927490234e+00 2.976682782173156738e-01
2.008741455078125000e+02 3.529110431671142578e+00 9.550056457519531250e+00 -7.805686950683593750e+00 -1.158406734466552734e+00 1.889021545648574829e-01
1.748254241943359375e+02 3.140490055084228516e+00 8.707605361938476562e+00 -4.063518047332763672e+00 -2.635136842727661133e+00 5.023713111877441406e-01
5.327532348632812500e+02 2.620904922485351562e+00 8.187577247619628906e+00 9.298439025878906250e+00 1.381845474243164062e+00 1.150089576840400696e-01
2.758986663818359375e+01 2.162328720092773438e+00 7.027892589569091797e+00 -7.353661060333251953e+00 -1.524826288223266602e+00 1.968146860599517822e-01
5.546381225585937500e+02 3.050381183624267578e+00 8.683926582336425781e+00 -7.637951374053955078e+00 -1.167581081390380859e+00 6.753398478031158447e-02
7.213138427734375000e+02 2.711269855499267578e+00 7.821372509002685547e+00 -8.107501983642578125e+00 6.976819038391113281e-01 6.760659068822860718e-02
4.902368068695068359e+00 2.065414905548095703e+00 6.940317630767822266e+00 -5.726343154907226562e+00 -1.264477968215942383e+00 2.807426750659942627e-01
5.207241821289062500e+02 2.276973962783813477e+00 7.419787406921386719e+00 5.609493255615234375e+00 -1.707363128662109375e-01 2.283569797873497009e-02
7.140237426757812500e+02 2.129886627197265625e+00 7.073475837707519531e+00 4.520022869110107422e+00 7.518148422241210938e-01 2.111333459615707397e-01
3.445772705078125000e+02 1.619043827056884766e+00 6.123943805694580078e+00 3.627033233642578125e+00 1.885199546813964844e-01 4.999223724007606506e-02
2.493086547851562500e+02 1.906417846679687500e+00 6.461261272430419922e+00 1.493611335754394531e+00 -6.090819835662841797e-01 9.545077569782733917e-03
7.881560058593750000e+02 1.203431248664855957e+00 4.791639804840087891e+00 2.250337600708007812e+00 -8.784615993499755859e-01 1.859262236393988132e-03
6.736536254882812500e+02 1.626057624816894531e+00 5.655010700225830078e+00 2.771306037902832031e+00 6.714963912963867188e-01 4.754216969013214111e-02
3.108324432373046875e+01 2.346456527709960938e+00 7.759060382843017578e+00 8.719579696655273438e+00 1.425495147705078125e+00 8.500365912914276123e-02
5.169013671875000000e+02 2.057522296905517578e+00 6.610293388366699219e+00 1.459090709686279297e+00 5.579876899719238281e-01 1.333100795745849609e-01
7.457283935546875000e+02 1.806918621063232422e+00 6.334507465362548828e+00 -1.130121946334838867e+00 -3.527259826660156250e-01 8.616586029529571533e-02
7.926983032226562500e+02 2.064341545104980469e+00 6.597656250000000000e+00 7.902145385742187500e+00 8.495998382568359375e-01 1.104046031832695007e-01
2.239562988281250000e+02 3.854768753051757812e+00 1.034585285186767578e+01 -4.830354690551757812e+00 -1.368888616561889648e+00 2.077307403087615967e-01
6.696090698242187500e+02 1.485284566879272461e+00 5.664949893951416016e+00 1.747395992279052734e+00 4.642772674560546875e-01 1.343511193990707397e-01
7.039612426757812500e+02 1.655980706214904785e+00 5.985552310943603516e+00 -2.648496627807617188e-01 -2.295851707458496094e-02 1.020738407969474792e-01
5.217334594726562500e+02 2.395302772521972656e+00 7.456960678100585938e+00 7.781429290771484375e+00 9.703350067138671875e-01 5.968610942363739014e-02
7.985300903320312500e+02 3.951652050018310547e+00 1.046699714660644531e+01 3.581693172454833984e+00 7.756328582763671875e-01 1.780798733234405518e-01
2.081781616210937500e+02 2.772420883178710938e+00 8.213311195373535156e+00 7.929749488830566406e+00 2.183041572570800781e+00 1.728172302246093750e-01
5.540710449218750000e+02 1.400196313858032227e+00 5.448198318481445312e+00 1.223473548889160156e+00 5.467438697814941406e-01 1.899016499519348145e-01
3.282817382812500000e+02 1.801667928695678711e+00 6.252542972564697266e+00 1.726338863372802734e+00 4.275393486022949219e-01 5.046731978654861450e-02
6.709306030273437500e+02 1.580511569976806641e+00 5.621795654296875000e+00 1.219282150268554688e+00 1.455140113830566406e+00 1.895570158958435059e-01
4.850165710449218750e+02 2.830089807510375977e+00 8.589516639709472656e+00 -6.639518737792968750e+00 -4.367363452911376953e-01 3.144739195704460144e-02
4.150751953125000000e+02 2.651994228363037109e+00 7.917978763580322266e+00 3.340802192687988281e+00 -4.602885246276855469e-01 1.004864573478698730e-01
4.603179321289062500e+02 2.704333305358886719e+00 7.946931362152099609e+00 7.539241313934326172e+00 1.500306129455566406e+00 1.054606512188911438e-01
3.467582092285156250e+02 3.182004213333129883e+00 9.073754310607910156e+00 -2.010003328323364258e+00 -1.301503181457519531e-01 9.320051223039627075e-02
2.679839477539062500e+02 1.299313068389892578e+00 5.320162773132324219e+00 1.309642791748046875e+00 6.560301780700683594e-01 2.340699136257171631e-01
1.605909118652343750e+02 2.411291599273681641e+00 7.908908843994140625e+00 -7.746534347534179688e+00 1.057219505310058594e-01 9.444560855627059937e-03
3.881047363281250000e+02 2.149706840515136719e+00 6.925772666931152344e+00 -2.358555793762207031e-01 -6.637454032897949219e-01 1.816560178995132446e-01
5.709027099609375000e+02 2.230354785919189453e+00 7.012996196746826172e+00 6.271963119506835938e+00 8.921599388122558594e-01 1.055041328072547913e-01
7.087991943359375000e+02 2.719754219055175781e+00 7.984235763549804688e+00 3.097262382507324219e+00 7.992839813232421875e-01 1.612324863672256470e-01
6.284376831054687500e+02 2.385478496551513672e+00 7.491369724273681641e+00 3.578886985778808594e+00 1.340131759643554688e+00 2.171024680137634277e-01
4.839831848144531250e+02 3.167221307754516602e+00 8.779094696044921875e+00 -4.778895378112792969e+00 -1.006376743316650391e-01 2.910969406366348267e-02
2.585651245117187500e+02 3.222700834274291992e+00 9.142139434814453125e+00 -1.178596878051757812e+01 -2.338823080062866211e+00 1.662113368511199951e-01
4.504580383300781250e+02 1.691120505332946777e+00 6.143157005310058594e+00 2.085700035095214844e+00 2.041578292846679688e-02 4.650769755244255066e-03
7.801799316406250000e+02 3.695365428924560547e+00 1.017423343658447266e+01 7.734429836273193359e+00 -1.560449600219726562e-02 2.900369279086589813e-02
3.360765991210937500e+02 2.351102828979492188e+00 7.587096214294433594e+00 -9.480638504028320312e+00 -1.427159309387207031e+00 9.796088933944702148e-02
5.578642578125000000e+02 1.387075662612915039e+00 5.351992607116699219e+00 1.107797622680664062e+00 3.525352478027343750e-01 5.192898213863372803e-02
6.880979614257812500e+02 3.388122081756591797e+00 9.431797981262207031e+00 1.145211219787597656e+01 -3.060197830200195312e-01 2.490657847374677658e-03
6.810295410156250000e+02 1.432672858238220215e+00 5.555703639984130859e+00 8.885979652404785156e-01 3.551077842712402344e-01 1.248132511973381042e-01
2.739599609375000000e+02 3.383409976959228516e+00 9.474796295166015625e+00 1.009479522705078125e+01 2.304320335388183594e+00 1.998959481716156006e-01
2.135644836425781250e+02 2.427519798278808594e+00 7.703310012817382812e+00 2.659120559692382812e+00 5.594325065612792969e-01 1.024334877729415894e-01
4.647254333496093750e+02 2.651697874069213867e+00 7.816592216491699219e+00 6.676850318908691406e+00 1.545090675354003906e+00 1.528642326593399048e-01
1.032529449462890625e+02 2.255554914474487305e+00 6.942911148071289062e+00 1.469419002532958984e+00 8.557152748107910156e-01 2.287707626819610596e-01
1.879712982177734375e+02 1.752582430839538574e+00 6.246173858642578125e+00 4.893827438354492188e+00 2.104179859161376953e+00 3.628048598766326904e-01
5.737608642578125000e+02 1.895705103874206543e+00 6.363434791564941406e+00 3.693237304687500000e+00 3.574371337890625000e+00 4.714438319206237793e-01
2.784690475463867188e+01 1.803949236869812012e+00 6.228653907775878906e+00 6.385564804077148438e-02 -2.963542938232421875e-01 3.365165591239929199e-01
4.238768920898437500e+02 3.265939712524414062e+00 9.228067398071289062e+00 -5.226058959960937500e+00 -4.094398021697998047e-01 4.940426349639892578e-02
7.337645263671875000e+02 1.521348118782043457e+00 5.678161621093750000e+00 3.100285530090332031e+00 -2.543509006500244141e-01 7.476117461919784546e-03
6.052325439453125000e+02 3.775107145309448242e+00 1.019245910644531250e+01 -1.923564338684082031e+01 -5.260117053985595703e+00 2.660057246685028076e-01
7.994227294921875000e+02 1.402740120887756348e+00 5.478205204010009766e+00 -1.238507032394409180e+00 7.609534263610839844e-01 1.170520558953285217e-01
4.144298706054687500e+02 1.702937602996826172e+00 6.040787696838378906e+00 3.846979141235351562e+00 -5.730032920837402344e-01 5.625104531645774841e-02
2.298828125000000000e+02 2.007517099380493164e+00 6.953359127044677734e+00 2.995460033416748047e+00 2.696514129638671875e-01 9.519591182470321655e-02
5.235883789062500000e+02 1.986480355262756348e+00 6.081922531127929688e+00 1.131834983825683594e+00 3.938102722167968750e-01 6.162868440151214600e-02
3.781402282714843750e+02 1.982818603515625000e+00 6.459599971771240234e+00 4.010243415832519531e+00 -1.146578788757324219e-01 3.000436164438724518e-02
1.975527954101562500e+02 3.479315996170043945e+00 9.344841957092285156e+00 -1.112074661254882812e+01 1.584959030151367188e-01 2.077778987586498260e-02
4.087754058837890625e+01 2.200096130371093750e+00 7.399621963500976562e+00 1.124290657043457031e+01 1.020386219024658203e+00 8.235201239585876465e-02
5.703636474609375000e+02 2.214997291564941406e+00 7.122215270996093750e+00 5.668001174926757812e+00 3.748321533203125000e-01 8.055221289396286011e-02
4.548439636230468750e+02 2.126416683197021484e+00 7.278789997100830078e+00 3.806068897247314453e+00 7.715678215026855469e-01 2.817374169826507568e-01
1.380549011230468750e+02 1.850431203842163086e+00 6.261771202087402344e+00 -2.944256067276000977e+00 -1.372331380844116211e+00 3.242827653884887695e-01
1.198888931274414062e+02 1.900117874145507812e+00 6.275389194488525391e+00 8.231039047241210938e+00 4.251585006713867188e+00 2.968164682388305664e-01
6.593193359375000000e+02 1.734897017478942871e+00 5.717170715332031250e+00 1.562309265136718750e-01 1.068460941314697266e+00 1.656909286975860596e-01
7.877899780273437500e+02 1.684577703475952148e+00 5.941178321838378906e+00 -4.778305053710937500e+00 -1.671810150146484375e+00 2.095324546098709106e-01
3.298520278930664062e+01 2.729031562805175781e+00 8.068290710449218750e+00 6.390087604522705078e+00 1.015594005584716797e+00 6.064194440841674805e-02
5.566607666015625000e+02 2.489004135131835938e+00 7.497382640838623047e+00 -1.354735851287841797e+01 -3.942549228668212891e-01 7.031825836747884750e-03
2.923645935058593750e+02 3.345515251159667969e+00 9.137684822082519531e+00 -1.026723861694335938e+01 1.082205772399902344e-01 6.735513452440500259e-03
1.725178680419921875e+02 1.915029525756835938e+00 6.379765033721923828e+00 1.038865089416503906e+01 3.573768138885498047e+00 2.782628536224365234e-01
5.453411865234375000e+02 3.471313476562500000e+00 9.710006713867187500e+00 1.151543807983398438e+01 1.024315357208251953e+00 1.037838757038116455e-01
7.288653564453125000e+02 2.750216960906982422e+00 8.267060279846191406e+00 9.120262145996093750e+00 1.363873481750488281e+00 1.908117681741714478e-01
5.772362060546875000e+02 1.498188495635986328e+00 5.514850616455078125e+00 -2.051893472671508789e+00 3.010034561157226562e-02 2.423700094223022461e-01
7.641732788085937500e+02 2.666034698486328125e+00 8.098074913024902344e+00 9.158258438110351562e+00 1.505994796752929688e-01 3.302489221096038818e-02
2.501685638427734375e+02 2.190443754196166992e+00 6.811497688293457031e+00 -2.596706151962280273e+00 -7.332444190979003906e-01 7.422100752592086792e-02
6.941314086914062500e+02 1.907939553260803223e+00 6.614587783813476562e+00 4.217529296875000000e-01 2.728939056396484375e-02 4.630690813064575195e-02
7.421405029296875000e+02 2.526078939437866211e+00 7.801209926605224609e+00 6.475024223327636719e+00 2.746608257293701172e+00 2.136054784059524536e-01
7.775118408203125000e+02 2.894930362701416016e+00 8.375365257263183594e+00 1.107508182525634766e+01 1.621670722961425781e+00 1.130209937691688538e-01
2.434960126876831055e+00 2.395895242691040039e+00 7.386919498443603516e+00 -5.091576576232910156e+00 -1.687929630279541016e+00 1.295692771673202515e-01
5.327532348632812500e+02 2.620904922485351562e+00 8.187577247619628906e+00 9.298439025878906250e+00 1.381845474243164062e+00 1.150089576840400696e-01
7.513289794921875000e+02 2.431802511215209961e+00 7.598653793334960938e+00 8.553910255432128906e+00 1.809761524200439453e+00 1.580706238746643066e-01
4.722045898437500000e+02 2.894863605499267578e+00 8.617922782897949219e+00 -5.135092735290527344e+00 -3.798615932464599609e-01 5.643071606755256653e-02
6.542427368164062500e+02 1.503154873847961426e+00 5.920747756958007812e+00 4.405109882354736328e+00 7.774496078491210938e-01 2.001069188117980957e-01
4.301669006347656250e+02 1.646315097808837891e+00 5.995174884796142578e+00 -3.634595870971679688e+00 -6.049501895904541016e-01 8.606228232383728027e-02
3.322261428833007812e+01 1.786056041717529297e+00 6.300136089324951172e+00 -4.384038448333740234e+00 2.755165100097656250e-01 1.149813756346702576e-01
2.934873962402343750e+02 2.382997989654541016e+00 7.422915935516357422e+00 -4.560837745666503906e+00 -4.472100734710693359e-01 1.315492391586303711e-02
7.137407226562500000e+02 1.462217926979064941e+00 5.747913837432861328e+00 1.680467128753662109e+00 7.865571975708007812e-01 1.907911598682403564e-01
1.265364074707031250e+02 2.908972740173339844e+00 8.527616500854492188e+00 1.256715297698974609e+01 8.323645591735839844e-01 1.851350814104080200e-02
3.184108581542968750e+02 1.350108742713928223e+00 5.363728046417236328e+00 2.598199844360351562e+00 1.451206207275390625e-01 1.400851309299468994e-01
7.340690307617187500e+02 1.385826468467712402e+00 5.265638828277587891e+00 1.165533065795898438e+00 -8.592998981475830078e-01 2.878832630813121796e-02
7.158758544921875000e+02 3.202775001525878906e+00 9.123420715332031250e+00 1.512817859649658203e+01 5.327062606811523438e+00 3.112281262874603271e-01
7.709146728515625000e+02 1.281455636024475098e+00 5.077804565429687500e+00 3.299379348754882812e-01 1.694896221160888672e+00 3.809566497802734375e-01
1.470411300659179688e+01 1.950854539871215820e+00 6.478109359741210938e+00 -2.737674713134765625e+00 5.804324150085449219e-01 2.092183381319046021e-02
5.531953735351562500e+02 1.911431789398193359e+00 6.202670574188232422e+00 5.029585361480712891e+00 1.104719638824462891e+00 3.319108113646507263e-02
3.760851669311523438e+01 2.213316202163696289e+00 7.437317848205566406e+00 -2.066570520401000977e+00 -4.546093940734863281e-01 8.150094747543334961e-02
7.641222381591796875e+01 2.552609205245971680e+00 7.938230037689208984e+00 1.201115608215332031e+01 3.559715747833251953e+00 2.263148277997970581e-01
6.430019531250000000e+02 3.027330875396728516e+00 8.687490463256835938e+00 -8.532756805419921875e+00 -1.165150403976440430e+00 1.517077982425689697e-01
1.933542785644531250e+02 2.519979953765869141e+00 7.595120906829833984e+00 -4.171781539916992188e+00 -8.381927013397216797e-01 1.553204804658889771e-01
3.302988586425781250e+02 1.660851955413818359e+00 6.186488628387451172e+00 -4.770588874816894531e-01 7.031631469726562500e-01 1.342217922210693359e-01
1.473527069091796875e+02 1.965283393859863281e+00 6.421116828918457031e+00 -1.777342557907104492e+00 -1.014193296432495117e+00 6.787598133087158203e-02
4.447393798828125000e+02 1.670017957687377930e+00 5.965068340301513672e+00 -1.087023019790649414e+00 1.737356185913085938e-01 4.162677004933357239e-02
6.187882080078125000e+02 2.568032741546630859e+00 7.546807289123535156e+00 4.071450233459472656e+00 9.585022926330566406e-01 1.847174912691116333e-01
2.681584167480468750e+02 2.353842735290527344e+00 7.600325584411621094e+00 -8.367589950561523438e+00 -2.656066417694091797e-01 3.827366232872009277e-02
2.119291534423828125e+02 2.035552501678466797e+00 6.859126091003417969e+00 -4.630954265594482422e+00 8.464574813842773438e-02 8.587140589952468872e-03
6.687731933593750000e+02 2.480306863784790039e+00 7.352023124694824219e+00 -4.515225887298583984e+00 -8.348536491394042969e-01 4.864160344004631042e-02
1.206002197265625000e+02 2.394137859344482422e+00 7.467896461486816406e+00 1.174424362182617188e+01 4.529561996459960938e+00 3.222157359123229980e-01
7.592813110351562500e+02 1.581997871398925781e+00 5.757348060607910156e+00 -5.280280113220214844e-01 -3.790450096130371094e-01 1.365704983472824097e-01
4.605933532714843750e+02 2.081516027450561523e+00 6.857678413391113281e+00 -1.602927446365356445e+00 1.342725753784179688e-01 2.112648263573646545e-02
3.382053222656250000e+02 2.521743774414062500e+00 7.945502281188964844e+00 -7.859124183654785156e+00 -2.127090692520141602e+00 2.733685970306396484e-01
2.321725616455078125e+02 3.962759971618652344e+00 1.049643516540527344e+01 1.171223640441894531e+01 8.941435813903808594e-01 7.801087200641632080e-02
7.307425537109375000e+02 1.673977971076965332e+00 5.929895877838134766e+00 3.133704662322998047e+00 6.248688697814941406e-01 7.630289345979690552e-02
5.568515625000000000e+02 2.315134286880493164e+00 7.303768634796142578e+00 1.577663421630859375e+00 -9.535992145538330078e-01 1.712719798088073730e-01
6.794315795898437500e+02 3.184381008148193359e+00 8.827506065368652344e+00 -9.889604568481445312e+00 -2.033482789993286133e+00 1.997686773538589478e-01
5.250976562500000000e+02 1.777083158493041992e+00 6.355572223663330078e+00 -1.314928531646728516e+00 4.288911819458007812e-01 1.274649053812026978e-01
1.170561218261718750e+02 1.811627149581909180e+00 6.483216285705566406e+00 9.915328025817871094e-01 1.583957672119140625e-01 2.293344587087631226e-01
7.850135498046875000e+02 3.391232252120971680e+00 9.342683792114257812e+00 -8.010197639465332031e+00 -2.808879613876342773e+00 3.306529521942138672e-01
6.110224609375000000e+02 1.916600227355957031e+00 6.695420742034912109e+00 4.462890625000000000e+00 7.516193389892578125e-01 1.107207760214805603e-01
5.287050781250000000e+02 1.810063958168029785e+00 6.265258312225341797e+00 3.878059387207031250e+00 1.187765598297119141e+00 2.219554483890533447e-01
5.298274536132812500e+02 3.123732089996337891e+00 9.078665733337402344e+00 -2.760266065597534180e+00 2.553701400756835938e-02 2.123166471719741821e-01
1.306685485839843750e+02 2.250633955001831055e+00 7.129941940307617188e+00 -4.512482643127441406e+00 -1.325852870941162109e+00 6.473221629858016968e-02
5.121132202148437500e+02 1.765287160873413086e+00 6.257195472717285156e+00 -5.459835529327392578e+00 3.942489624023437500e-02 6.520337611436843872e-02
3.336385803222656250e+02 2.098360300064086914e+00 6.809930801391601562e+00 8.727383613586425781e-01 9.028244018554687500e-01 2.549139261245727539e-01
2.704523315429687500e+02 3.825554132461547852e+00 1.014322471618652344e+01 -4.324236869812011719e+00 -5.318605899810791016e-01 7.110402733087539673e-02
5.284664916992187500e+02 2.837049007415771484e+00 8.393417358398437500e+00 1.595575809478759766e+00 2.585887908935546875e-01 7.647573202848434448e-02
2.421622314453125000e+02 3.275205135345458984e+00 9.167306900024414062e+00 1.680390548706054688e+01 2.807278633117675781e+00 1.671867221593856812e-01
2.192831726074218750e+02 2.675060749053955078e+00 7.669747352600097656e+00 2.516899108886718750e+00 -4.043757915496826172e-01 4.710589535534381866e-03
6.040137939453125000e+02 1.294576644897460938e+00 5.007391452789306641e+00 7.289600372314453125e-01 3.633451461791992188e-01 3.318473398685455322e-01
6.309026489257812500e+02 1.618549585342407227e+00 5.865572452545166016e+00 2.645390033721923828e+00 5.201077461242675781e-01 2.761624455451965332e-01
6.852285156250000000e+02 2.177971839904785156e+00 7.181090354919433594e+00 2.218554019927978516e+00 -7.161140441894531250e-02 1.355884689837694168e-02
6.933599243164062500e+02 1.578505635261535645e+00 5.830443382263183594e+00 4.737544059753417969e-01 4.340982437133789062e-01 1.296483874320983887e-01
2.687980041503906250e+02 1.963362574577331543e+00 6.785912513732910156e+00 7.364382743835449219e+00 7.507681846618652344e-01 1.369284391403198242e-01
7.320141601562500000e+02 2.659684181213378906e+00 8.268539428710937500e+00 1.231008529663085938e+01 2.655816078186035156e+00 1.575962901115417480e-01
3.208260498046875000e+02 2.120664834976196289e+00 6.778784275054931641e+00 -4.107193946838378906e+00 7.990837097167968750e-02 3.113775048404932022e-03
3.973330993652343750e+02 1.678467273712158203e+00 5.996081352233886719e+00 -1.916530132293701172e+00 -6.824803352355957031e-01 1.251253113150596619e-02
2.244274597167968750e+02 3.842143058776855469e+00 1.046689987182617188e+01 -2.121165990829467773e+00 1.267910003662109375e-01 1.990121230483055115e-02
5.306853027343750000e+02 1.404624462127685547e+00 5.601691246032714844e+00 2.129261493682861328e+00 -4.553651809692382812e-01 2.747375890612602234e-02
5.215919189453125000e+02 2.933274030685424805e+00 8.848098754882812500e+00 -6.868323326110839844e+00 -1.747065782546997070e+00 1.924161463975906372e-01
5.358518066406250000e+02 2.810504674911499023e+00 8.279136657714843750e+00 -7.865067481994628906e+00 4.467058181762695312e-01 3.965981770306825638e-03
1.856406097412109375e+02 2.194430589675903320e+00 6.982190132141113281e+00 -5.089392662048339844e+00 -1.178511381149291992e+00 2.287735790014266968e-01
4.608996276855468750e+02 2.762536525726318359e+00 7.886226177215576172e+00 1.188540267944335938e+01 2.404427528381347656e+00 1.726392656564712524e-01
5.295328979492187500e+02 2.139056921005249023e+00 6.936040401458740234e+00 2.163839340209960938e-01 1.080617904663085938e+00 2.477975487709045410e-01
6.620216674804687500e+02 2.848944187164306641e+00 8.373188018798828125e+00 5.810668468475341797e+00 5.830454826354980469e-01 1.120997816324234009e-01
2.124064941406250000e+02 1.792646765708923340e+00 6.143217563629150391e+00 3.075315952301025391e+00 8.022689819335937500e-01 2.786659896373748779e-01
2.739798355102539062e+01 2.074839115142822266e+00 6.849957942962646484e+00 -4.463356971740722656e+00 -6.533455848693847656e-01 7.452310621738433838e-02
6.658176879882812500e+02 2.386602401733398438e+00 7.380845546722412109e+00 -7.132078170776367188e+00 -1.843976974487304688e-01 3.994814306497573853e-02
4.548439636230468750e+02 2.126416683197021484e+00 7.278789997100830078e+00 3.806068897247314453e+00 7.715678215026855469e-01 2.817374169826507568e-01
6.734021606445312500e+02 3.262926578521728516e+00 9.213862419128417969e+00 1.169326591491699219e+01 8.518671989440917969e-01 6.072714924812316895e-02
7.980449829101562500e+02 2.746814012527465820e+00 8.182755470275878906e+00 7.600734233856201172e+00 7.017517089843750000e-01 2.892462536692619324e-02
6.393056640625000000e+02 2.731998205184936523e+00 8.111203193664550781e+00 3.361752033233642578e+00 5.938172340393066406e-01 1.786814779043197632e-01
6.633552246093750000e+02 1.540760874748229980e+00 5.796479225158691406e+00 5.208120346069335938e+00 2.329344749450683594e+00 2.389090508222579956e-01
9.243291473388671875e+01 2.908115625381469727e+00 8.654318809509277344e+00 2.189302444458007812e+00 1.709690093994140625e+00 1.260545998811721802e-01
2.608070373535156250e+02 2.803834915161132812e+00 8.470022201538085938e+00 -1.079133510589599609e+01 6.461310386657714844e-01 2.147088758647441864e-03
5.552268066406250000e+02 2.423991918563842773e+00 7.408609867095947266e+00 4.812548160552978516e+00 -4.957795143127441406e-02 1.261792033910751343e-01
5.634086303710937500e+02 1.669001221656799316e+00 5.839230537414550781e+00 2.644360065460205078e+00 1.169664859771728516e+00 1.940374225378036499e-01
2.384655303955078125e+02 2.844338417053222656e+00 7.996305942535400391e+00 -1.409698963165283203e+01 -1.605248451232910156e+00 1.161937415599822998e-01
1.566020660400390625e+02 2.375315904617309570e+00 7.344861984252929688e+00 1.076714515686035156e+01 2.470116615295410156e+00 1.356735676527023315e-01
1.394700527191162109e+01 2.236199855804443359e+00 7.103855609893798828e+00 -2.321088314056396484e-01 -7.977890968322753906e-01 5.549291148781776428e-02
7.253569335937500000e+02 2.840519666671752930e+00 8.329504013061523438e+00 1.020517349243164062e+01 1.211252212524414062e+00 1.665731519460678101e-01
6.372611083984375000e+02 1.460954070091247559e+00 5.346336841583251953e+00 -4.856514930725097656e-01 -3.019654750823974609e-01 5.818696692585945129e-03
7.927611083984375000e+02 1.790915131568908691e+00 6.180951118469238281e+00 1.270632743835449219e+00 1.331467628479003906e+00 2.557172775268554688e-01
2.320202331542968750e+02 2.453211307525634766e+00 7.356573581695556641e+00 2.459862232208251953e+00 5.733108520507812500e-01 2.651533298194408417e-02
9.721589660644531250e+01 2.371445178985595703e+00 7.452371597290039062e+00 1.249695014953613281e+01 1.067233085632324219e+00 4.994630813598632812e-02
6.766976318359375000e+02 3.107292652130126953e+00 8.717704772949218750e+00 -4.799323081970214844e+00 -1.043006181716918945e+00 1.943514645099639893e-01
1.065068206787109375e+02 2.199407577514648438e+00 7.315388202667236328e+00 2.165689468383789062e+00 1.368036270141601562e+00 3.466377854347229004e-01
2.178452911376953125e+02 2.060466051101684570e+00 6.756160736083984375e+00 3.198924064636230469e+00 -6.941628456115722656e-01 1.612682789564132690e-01
7.913002319335937500e+02 3.508209705352783203e+00 9.642316818237304688e+00 -6.587972640991210938e+00 -3.228950500488281250e-01 1.256351172924041748e-02
5.228719482421875000e+02 2.746682167053222656e+00 8.187462806701660156e+00 -4.609253406524658203e+00 2.938699722290039062e-01 2.182425707578659058e-01
4.946810302734375000e+02 1.951741456985473633e+00 6.963489532470703125e+00 4.511299133300781250e+00 7.440805435180664062e-01 1.279656775295734406e-02
6.445540161132812500e+02 2.035965919494628906e+00 6.701440811157226562e+00 4.548604488372802734e+00 1.555776596069335938e+00 2.904812991619110107e-01
2.627573852539062500e+02 2.303965091705322266e+00 7.076820373535156250e+00 6.700930595397949219e+00 -3.606796264648437500e-02 3.193530067801475525e-02
5.465679321289062500e+02 2.443883895874023438e+00 7.447359085083007812e+00 1.128839302062988281e+01 2.269036769866943359e+00 1.428900063037872314e-01
8.085165405273437500e+01 1.877500772476196289e+00 6.609227180480957031e+00 3.517150878906250000e+00 9.320878982543945312e-01 2.088335752487182617e-01
5.520157470703125000e+02 1.826477646827697754e+00 5.939335346221923828e+00 2.350018024444580078e+00 1.075944900512695312e+00 1.222883090376853943e-01
2.769482994079589844e+01 2.045103549957275391e+00 6.811995506286621094e+00 -3.693926334381103516e+00 -9.852039813995361328e-01 1.177743002772331238e-01
3.115754394531250000e+02 3.103188991546630859e+00 8.919466018676757812e+00 1.297481060028076172e+00 -1.288998126983642578e-01 1.290113329887390137e-01
7.810740966796875000e+02 3.578886985778808594e+00 9.679988861083984375e+00 -7.399420738220214844e+00 -4.489672183990478516e-01 8.575659245252609253e-02
1.709130554199218750e+02 2.088387012481689453e+00 6.790816307067871094e+00 -4.140869140625000000e+00 -1.345920562744140625e-01 1.740920543670654297e-01
5.226790771484375000e+02 1.696523189544677734e+00 5.876732826232910156e+00 5.360624790191650391e+00 1.021230220794677734e+00 1.549587845802307129e-01
7.170178222656250000e+02 1.279833078384399414e+00 5.399120330810546875e+00 7.449412345886230469e-01 2.019929885864257812e-01 6.126461178064346313e-02
7.657302246093750000e+02 2.516750574111938477e+00 7.565179824829101562e+00 2.982738018035888672e+00 -7.900118827819824219e-02 5.183196067810058594e-02
4.355886840820312500e+02 3.341395854949951172e+00 9.526458740234375000e+00 -7.779836654663085938e+00 -3.663802146911621094e-01 7.363221794366836548e-02
8.431575012207031250e+01 2.409038782119750977e+00 7.589990139007568359e+00 1.214886474609375000e+01 1.693565845489501953e+00 1.324287950992584229e-01
5.898619995117187500e+02 3.468821763992309570e+00 9.297081947326660156e+00 -1.785659790039062500e+01 -3.248740434646606445e+00 2.487360090017318726e-01
6.525538330078125000e+02 3.665677070617675781e+00 1.005424022674560547e+01 1.523549842834472656e+01 4.979395866394042969e-01 5.734067410230636597e-02
6.344662475585937500e+02 2.549943447113037109e+00 7.687634944915771484e+00 7.630977630615234375e+00 7.045221328735351562e-01 9.947462379932403564e-02
2.088007507324218750e+02 3.168664693832397461e+00 8.971256256103515625e+00 1.122360420227050781e+01 1.254153251647949219e-01 1.103624235838651657e-02
2.176145782470703125e+02 2.951643466949462891e+00 8.676738739013671875e+00 -6.643640995025634766e-01 -3.487622737884521484e-01 3.032157383859157562e-02
2.466552429199218750e+02 2.171472311019897461e+00 6.833975315093994141e+00 5.434238910675048828e+00 7.550668716430664062e-01 1.135002821683883667e-01
1.624293365478515625e+02 2.296179771423339844e+00 6.910489559173583984e+00 1.073129653930664062e+01 5.749821662902832031e-01 1.614133268594741821e-02
6.899071655273437500e+02 1.618742704391479492e+00 5.841789722442626953e+00 8.808135986328125000e-02 5.391120910644531250e-01 2.273777276277542114e-01
3.629477844238281250e+02 2.337942600250244141e+00 7.323958396911621094e+00 1.644431877136230469e+01 5.867543220520019531e+00 3.713921010494232178e-01
1.623389587402343750e+02 3.054344177246093750e+00 8.599691390991210938e+00 1.139186096191406250e+01 2.675464153289794922e+00 2.114323973655700684e-01
7.943994750976562500e+02 2.655777454376220703e+00 7.987658500671386719e+00 1.028623771667480469e+01 1.439294815063476562e+00 7.941791415214538574e-02
5.512116699218750000e+02 3.058002471923828125e+00 8.837925910949707031e+00 -1.150100135803222656e+01 -1.700121164321899414e+00 2.075310200452804565e-01
7.704310607910156250e+01 2.048435211181640625e+00 6.349332809448242188e+00 7.729029655456542969e+00 1.157913208007812500e+00 1.510780751705169678e-01
6.548872680664062500e+02 2.841037511825561523e+00 8.215970993041992188e+00 5.884408950805664062e+00 7.926893234252929688e-01 1.495871692895889282e-01
7.328191528320312500e+02 2.138016939163208008e+00 7.140208244323730469e+00 1.849091053009033203e+00 9.472250938415527344e-01 1.097397208213806152e-01
5.919161987304687500e+02 2.715886354446411133e+00 7.997105598449707031e+00 7.893517017364501953e+00 4.602456092834472656e-01 9.154320508241653442e-02
5.048655395507812500e+02 3.701856613159179688e+00 9.897569656372070312e+00 -1.734897994995117188e+01 -1.157662868499755859e+00 3.805406019091606140e-02
3.748045349121093750e+01 1.841259479522705078e+00 6.297553062438964844e+00 -2.122620344161987305e+00 -3.573608398437500000e-01 1.641471683979034424e-01
7.329550781250000000e+02 1.539425492286682129e+00 5.656477451324462891e+00 3.632860183715820312e+00 9.121561050415039062e-01 7.461898773908615112e-02
7.870179443359375000e+02 2.513506889343261719e+00 8.139410972595214844e+00 9.403471946716308594e+00 1.752035617828369141e+00 1.821892708539962769e-01
5.341614379882812500e+02 1.661570787429809570e+00 5.981498718261718750e+00 -3.724964857101440430e+00 5.031108856201171875e-02 9.783692657947540283e-04
5.111326599121093750e+02 3.138014316558837891e+00 9.267563819885253906e+00 -6.610998153686523438e+00 -1.711055040359497070e+00 1.715323328971862793e-01
2.893997192382812500e+02 2.568965673446655273e+00 7.693055152893066406e+00 7.364339828491210938e+00 1.060347557067871094e+00 1.769476383924484253e-01
7.229038238525390625e+01 2.195488452911376953e+00 7.057366847991943359e+00 1.042693614959716797e+01 2.653973102569580078e+00 1.858355849981307983e-01
1.273325347900390625e+02 2.103796958923339844e+00 6.899930000305175781e+00 1.221296787261962891e+01 3.672609329223632812e+00 3.101068735122680664e-01
6.682760620117187500e+02 3.013114929199218750e+00 8.656835556030273438e+00 9.573721885681152344e-01 -7.857620716094970703e-01 6.215155590325593948e-03
3.374546508789062500e+02 2.221802711486816406e+00 7.284652233123779297e+00 -8.742905616760253906e+00 -1.206367015838623047e+00 1.544986069202423096e-01
6.772290649414062500e+02 3.453660488128662109e+00 9.423452377319335938e+00 5.995476245880126953e+00 8.261489868164062500e-01 8.663494139909744263e-02
2.770663452148437500e+02 2.622190475463867188e+00 7.984691619873046875e+00 -3.769878149032592773e+00 2.447414398193359375e-01 1.210237666964530945e-01
4.534789123535156250e+02 3.214443683624267578e+00 8.967863082885742188e+00 -6.750640869140625000e+00 -1.635850667953491211e+00 2.018962055444717407e-01
2.057231597900390625e+02 1.846251606941223145e+00 6.357100963592529297e+00 -4.504612922668457031e+00 -3.559291362762451172e-01 4.370898008346557617e-01
6.011309814453125000e+02 2.931079387664794922e+00 8.520432472229003906e+00 -3.968739509582519531e+00 -7.612693309783935547e-01 2.566291093826293945e-01
6.307935180664062500e+02 1.490863919258117676e+00 5.283166408538818359e+00 1.949174404144287109e+00 -2.265489101409912109e-01 1.149933040142059326e-02
6.866360473632812500e+02 1.503685951232910156e+00 5.803143978118896484e+00 2.763895988464355469e+00 5.250120162963867188e-01 2.818108499050140381e-01
2.058489837646484375e+02 2.389771223068237305e+00 7.488493442535400391e+00 -7.214820384979248047e+00 -1.043120622634887695e+00 8.076249063014984131e-02
2.670002746582031250e+02 2.124838829040527344e+00 7.074797630310058594e+00 6.609621047973632812e+00 1.690552234649658203e+00 2.434488981962203979e-01
4.383437500000000000e+02 1.643405079841613770e+00 5.733943462371826172e+00 1.841502189636230469e+00 7.302975654602050781e-01 3.490526229143142700e-02
4.580057678222656250e+02 3.442644596099853516e+00 9.491397857666015625e+00 4.901137351989746094e+00 7.511520385742187500e-01 6.044423207640647888e-02
5.145820312500000000e+02 1.331851840019226074e+00 5.163020610809326172e+00 -1.064271926879882812e+00 9.121227264404296875e-01 2.508528232574462891e-01
1.925646362304687500e+02 3.564733028411865234e+00 9.873607635498046875e+00 1.325436115264892578e+01 7.351732254028320312e-01 2.140767406672239304e-03
1.103793029785156250e+02 1.738322734832763672e+00 6.131370544433593750e+00 3.248286247253417969e-01 1.418066024780273438e-01 1.821571588516235352e-01
7.933855590820312500e+02 2.487856864929199219e+00 7.585959434509277344e+00 -3.617277145385742188e+00 -4.286730289459228516e-01 2.701968252658843994e-01
7.425844116210937500e+02 1.866562724113464355e+00 6.325308322906494141e+00 2.382555007934570312e+00 8.101439476013183594e-01 2.248973399400711060e-01
5.993292236328125000e+02 2.507967233657836914e+00 7.507797241210937500e+00 3.093419075012207031e+00 -5.808269977569580078e-01 3.478285297751426697e-02
3.454074096679687500e+01 1.981166720390319824e+00 6.610226631164550781e+00 -3.091086149215698242e+00 -7.674908638000488281e-01 2.867901623249053955e-01
5.664717407226562500e+02 2.832299947738647461e+00 8.597778320312500000e+00 2.990682125091552734e+00 1.446871757507324219e+00 1.900766193866729736e-01
2.733318786621093750e+02 2.283437013626098633e+00 7.015557289123535156e+00 3.442816734313964844e+00 -1.572990417480468750e-01 9.420846402645111084e-02
3.679026489257812500e+02 2.714822769165039062e+00 7.579957008361816406e+00 -5.134202003479003906e+00 -9.474635124206542969e-01 5.983425676822662354e-02
2.081781616210937500e+02 2.772420883178710938e+00 8.213311195373535156e+00 7.929749488830566406e+00 2.183041572570800781e+00 1.728172302246093750e-01
2.316505126953125000e+02 1.979213714599609375e+00 6.358641147613525391e+00 3.896174430847167969e+00 2.125930786132812500e-01 1.341923475265502930e-01
6.043624267578125000e+02 1.553438067436218262e+00 5.224735260009765625e+00 3.871541023254394531e+00 9.709596633911132812e-02 1.358869522809982300e-01
1.008837203979492188e+02 3.502401351928710938e+00 9.759885787963867188e+00 -1.360312557220458984e+01 1.637744903564453125e-01 1.751646026968955994e-02
1.160983428955078125e+02 2.734392881393432617e+00 8.291478157043457031e+00 1.220445632934570312e+01 8.266115188598632812e-01 6.896138936281204224e-02
5.418825073242187500e+02 1.967697381973266602e+00 6.498176097869873047e+00 -5.742050170898437500e+00 -2.029602527618408203e+00 1.735769808292388916e-01
7.088255615234375000e+02 3.533710479736328125e+00 9.793925285339355469e+00 1.144060325622558594e+01 2.149147987365722656e+00 1.303009837865829468e-01
1.477671203613281250e+02 2.993756771087646484e+00 8.715694427490234375e+00 1.195825386047363281e+01 2.216782569885253906e+00 1.707559823989868164e-01
2.258191070556640625e+02 3.787533760070800781e+00 1.047232913970947266e+01 1.726333236694335938e+01 9.103608131408691406e-01 5.831815302371978760e-02
1.578585510253906250e+02 2.340623855590820312e+00 7.493982315063476562e+00 -6.189706325531005859e+00 -3.083883523941040039e+00 2.506857216358184814e-01
7.808817749023437500e+02 2.832578182220458984e+00 8.359005928039550781e+00 1.033530998229980469e+01 1.899545192718505859e+00 1.871662437915802002e-01
5.087726440429687500e+02 1.804054379463195801e+00 6.239333629608154297e+00 4.984259605407714844e-01 -9.016990661621093750e-02 2.465297132730484009e-01
7.226278076171875000e+02 2.631772518157958984e+00 7.668904781341552734e+00 1.482272148132324219e+01 8.172893524169921875e-01 6.845873594284057617e-02
6.006839370727539062e+01 1.901233315467834473e+00 6.391663551330566406e+00 -2.836518287658691406e+00 -4.456794261932373047e-01 1.277257800102233887e-01
6.368240356445312500e+02 1.565216541290283203e+00 5.612424373626708984e+00 2.088415622711181641e+00 -1.506614685058593750e-01 6.290476024150848389e-02
5.837266235351562500e+02 1.830306410789489746e+00 6.314477443695068359e+00 -2.452139854431152344e+00 1.081061363220214844e-01 2.887347638607025146e-01
5.363856811523437500e+02 2.812645435333251953e+00 8.438002586364746094e+00 5.599489212036132812e+00 4.357647895812988281e-01 9.207345545291900635e-03
5.115253906250000000e+02 1.807850956916809082e+00 6.212548732757568359e+00 2.007675170898437500e+00 4.293441772460937500e-01 2.609701640903949738e-02
1.999438476562500000e+02 1.975523352622985840e+00 6.585872650146484375e+00 8.127758026123046875e+00 -2.152085304260253906e-02 2.082048915326595306e-02
7.045255737304687500e+02 2.790377378463745117e+00 8.034953117370605469e+00 6.862766742706298828e+00 1.580872535705566406e+00 1.424772292375564575e-01
4.262249145507812500e+02 2.133995771408081055e+00 7.117763996124267578e+00 5.226175785064697266e+00 8.594083786010742188e-01 6.593504548072814941e-02
7.989583740234375000e+02 2.627349853515625000e+00 7.840459823608398438e+00 1.014891147613525391e+01 1.972463130950927734e+00 1.117541268467903137e-01
2.275620269775390625e+02 3.265873432159423828e+00 9.266513824462890625e+00 -1.169271755218505859e+01 -4.311695098876953125e+00 3.783316612243652344e-01
7.914745483398437500e+02 2.025320053100585938e+00 6.343708992004394531e+00 5.670347213745117188e+00 2.155268192291259766e+00 2.199836820363998413e-01
6.604197998046875000e+02 1.621094107627868652e+00 5.691291809082031250e+00 1.514439582824707031e+00 1.271202564239501953e+00 1.966767758131027222e-01
6.963022460937500000e+02 3.145522594451904297e+00 8.664286613464355469e+00 1.584669113159179688e+01 4.515616893768310547e+00 2.027480900287628174e-01
4.706982727050781250e+02 2.771219968795776367e+00 8.221577644348144531e+00 -9.679950714111328125e+00 -2.114075422286987305e+00 7.240917533636093140e-02
6.421591796875000000e+02 3.395514965057373047e+00 9.147330284118652344e+00 9.366102218627929688e+00 1.757340431213378906e+00 1.224911063909530640e-01
7.783962402343750000e+02 1.570273399353027344e+00 5.986594200134277344e+00 3.099212646484375000e+00 7.732534408569335938e-01 5.827412009239196777e-02
5.270724487304687500e+02 3.543031215667724609e+00 9.690793037414550781e+00 -1.980368804931640625e+01 -3.824146986007690430e+00 1.717965602874755859e-01
7.121417236328125000e+01 2.136599063873291016e+00 6.741200447082519531e+00 1.079329681396484375e+01 3.211262226104736328e+00 1.937416046857833862e-01
1.415312347412109375e+02 3.695595026016235352e+00 9.884097099304199219e+00 9.636184692382812500e+00 -1.515483856201171875e-01 6.177304685115814209e-02
2.751256713867187500e+02 2.337039470672607422e+00 7.442098140716552734e+00 -1.019235897064208984e+01 -1.136509180068969727e+00 1.083011552691459656e-01
5.113674621582031250e+02 2.434141159057617188e+00 7.387496948242187500e+00 -6.240565776824951172e+00 -2.863657474517822266e-01 6.759689748287200928e-02
2.909443054199218750e+02 1.333030939102172852e+00 5.189806938171386719e+00 2.014136314392089844e+00 -2.168297767639160156e-02 1.549482345581054688e-01
3.245844726562500000e+02 1.583563566207885742e+00 5.615765571594238281e+00 1.660728454589843750e+00 -5.570363998413085938e-01 5.778975039720535278e-02
6.784050292968750000e+02 2.468015193939208984e+00 7.865749835968017578e+00 5.576102733612060547e+00 7.840442657470703125e-01 1.369919180870056152e-01
6.503308715820312500e+02 1.397954344749450684e+00 5.338212490081787109e+00 3.125038146972656250e+00 7.915091514587402344e-01 1.843504607677459717e-01
2.629941101074218750e+02 2.424761772155761719e+00 7.492702007293701172e+00 -9.963517189025878906e+00 -1.238896846771240234e+00 8.012270927429199219e-02
1.595900115966796875e+02 1.900238037109375000e+00 6.337887763977050781e+00 -3.608667850494384766e-01 -1.673376560211181641e-01 4.398439526557922363e-01
6.620661010742187500e+02 3.347525119781494141e+00 9.482081413269042969e+00 1.125044822692871094e+01 -9.768247604370117188e-02 2.404451370239257812e-02
1.010928955078125000e+02 2.105512619018554688e+00 7.023609161376953125e+00 9.158759117126464844e+00 2.323441505432128906e+00 2.298606783151626587e-01
7.070723266601562500e+02 1.522491812705993652e+00 5.615467548370361328e+00 2.670857906341552734e+00 3.588104248046875000e-01 8.417589962482452393e-02
4.827346191406250000e+02 3.181218147277832031e+00 9.281391143798828125e+00 -5.987086296081542969e+00 6.508827209472656250e-03 1.490128133445978165e-02
6.751435546875000000e+02 3.330755710601806641e+00 9.312806129455566406e+00 1.081719398498535156e+01 2.655289173126220703e+00 1.474328786134719849e-01
6.981289672851562500e+02 1.690903782844543457e+00 5.924064636230468750e+00 1.440680027008056641e+00 -7.639646530151367188e-02 1.207774877548217773e-01
5.869680175781250000e+02 2.075835704803466797e+00 6.897965431213378906e+00 4.920363426208496094e+00 9.786367416381835938e-01 1.317702233791351318e-01
1.890371093750000000e+02 1.744740724563598633e+00 6.209395885467529297e+00 1.224174499511718750e+00 -6.025671958923339844e-02 2.687026858329772949e-01
7.203220214843750000e+02 3.140739917755126953e+00 8.920886039733886719e+00 8.575782775878906250e+00 7.427239418029785156e-01 1.200780719518661499e-01
4.159517211914062500e+02 2.955348014831542969e+00 8.657874107360839844e+00 -6.149133682250976562e+00 -1.390874385833740234e-01 9.002041071653366089e-02
7.749808959960937500e+02 2.846350669860839844e+00 8.204999923706054688e+00 3.725202083587646484e+00 8.518147468566894531e-01 2.038653045892715454e-01
6.910680541992187500e+02 1.366667985916137695e+00 5.366684913635253906e+00 3.210291862487792969e+00 8.992695808410644531e-01 1.648453027009963989e-01
2.877124328613281250e+02 1.684974670410156250e+00 5.939174175262451172e+00 2.832622528076171875e+00 7.522296905517578125e-01 4.083029925823211670e-02
6.095528564453125000e+02 3.743130207061767578e+00 1.000525474548339844e+01 1.021847534179687500e+01 1.069116592407226562e+00 8.241106569766998291e-02
7.387048339843750000e+02 2.509642601013183594e+00 7.585746765136718750e+00 8.834962844848632812e+00 2.315924167633056641e+00 2.625923752784729004e-01
7.991657714843750000e+02 2.793084144592285156e+00 8.326007843017578125e+00 8.673583984375000000e+00 1.651308536529541016e+00 2.002887427806854248e-01
3.905033874511718750e+02 1.552980661392211914e+00 5.670653820037841797e+00 -1.075800657272338867e+00 -1.613020896911621094e-01 1.317509114742279053e-01
7.879095458984375000e+02 3.172097921371459961e+00 9.117963790893554688e+00 1.266353607177734375e+01 2.781102657318115234e+00 1.349009722471237183e-01
6.891919555664062500e+02 1.847249388694763184e+00 6.285455226898193359e+00 3.817536830902099609e+00 8.914971351623535156e-01 5.472610890865325928e-02
5.369005737304687500e+02 2.359630346298217773e+00 7.316280364990234375e+00 6.441118717193603516e+00 4.303264617919921875e-01 4.039078205823898315e-02
6.062348022460937500e+02 3.845382452011108398e+00 1.006985473632812500e+01 -1.239265060424804688e+01 -1.295527219772338867e+00 8.526086062192916870e-02
4.260566711425781250e+02 2.510323286056518555e+00 7.714731693267822266e+00 4.629251956939697266e+00 1.474030017852783203e+00 2.069641053676605225e-01
