6.016110229492187500e+02 3.246903991699218750e+02 1.653085708618164062e+00 5.694430351257324219e+00 -6.135761737823486328e-01 1.523566246032714844e-01 3.182005882263183594e-01 6.965628266334533691e-02 1.130314636975526810e-02
6.883793334960937500e+02 8.884480285644531250e+01 1.725518465042114258e+00 6.111415863037109375e+00 1.475057601928710938e+00 1.904988288879394531e-01 6.489324569702148438e-01 8.340436220169067383e-02 1.800750046968460083e-01
2.754551391601562500e+02 7.167140502929687500e+02 1.536524534225463867e+00 5.714889049530029297e+00 3.332073688507080078e+00 5.657744407653808594e-01 6.613683700561523438e-01 1.230873912572860718e-01 2.801972031593322754e-01
7.097457275390625000e+02 1.261537933349609375e+02 2.375709772109985352e+00 7.201188087463378906e+00 -1.959968376159667969e+01 -2.374755144119262695e+00 -6.331838607788085938e+00 1.085799559950828552e-01 4.075403809547424316e-01
7.900164794921875000e+02 1.304089965820312500e+02 2.148330211639404297e+00 7.203441619873046875e+00 -1.603234291076660156e+01 -1.690469980239868164e+00 -3.087600469589233398e+00 9.842786192893981934e-02 1.731717884540557861e-01
5.019817504882812500e+02 7.380882568359375000e+02 1.940029621124267578e+00 6.256062030792236328e+00 -3.204107284545898438e-01 -1.950263977050781250e-03 -9.227752685546875000e-02 6.003526970744132996e-02 1.371578872203826904e-01
5.926046752929687500e+02 1.425671997070312500e+02 1.791479825973510742e+00 6.329202651977539062e+00 1.009347438812255859e+00 9.398460388183593750e-03 1.792294979095458984e+00 1.511769443750381470e-01 3.676671981811523438e-01
5.192455444335937500e+02 6.450208129882812500e+02 1.873092055320739746e+00 6.381609439849853516e+00 1.243214607238769531e+00 5.255246162414550781e-01 4.477930068969726562e-01 3.105306327342987061e-01 1.874390989542007446e-01
7.460416870117187500e+02 1.523327484130859375e+02 2.070095062255859375e+00 6.626008987426757812e+00 -1.267187595367431641e+01 -8.735239505767822266e-01 -4.014744758605957031e+00 6.819604337215423584e-02 1.986517161130905151e-01
5.892418212890625000e+02 2.778051147460937500e+02 1.355544924736022949e+00 5.530156135559082031e+00 2.322969436645507812e+00 7.235336303710937500e-01 5.848288536071777344e-01 1.349814832210540771e-01 6.964454427361488342e-03
6.149308471679687500e+02 3.331511230468750000e+02 1.285263538360595703e+00 5.425139427185058594e+00 6.422519683837890625e-02 1.808214187622070312e-01 2.400231361389160156e-01 5.598282814025878906e-02 6.434268504381179810e-02
6.313689575195312500e+02 2.339235839843750000e+02 1.525792479515075684e+00 5.530059814453125000e+00 1.515307426452636719e+00 -2.938747406005859375e-02 5.597639083862304688e-01 9.852328896522521973e-02 4.187825620174407959e-01
7.903570556640625000e+02 9.600087738037109375e+01 2.444854021072387695e+00 7.351318359375000000e+00 -1.797948837280273438e+01 -1.490769386291503906e+00 -5.729008674621582031e+00 7.643827795982360840e-02 2.779851257801055908e-01
6.389734497070312500e+02 2.417897186279296875e+02 1.341507196426391602e+00 5.571314811706542969e+00 5.237898826599121094e+00 3.326606750488281250e-01 2.802562713623046875e-01 9.183101356029510498e-02 1.200868487358093262e-01
5.323970947265625000e+02 6.125673217773437500e+02 2.109906911849975586e+00 6.869151115417480469e+00 -1.336671113967895508e+00 -2.327346801757812500e-01 -7.238864898681640625e-01 8.666019141674041748e-02 1.730303466320037842e-01
5.895911865234375000e+02 3.379911193847656250e+02 1.479405760765075684e+00 5.602210044860839844e+00 1.442387104034423828e+00 4.828572273254394531e-01 -6.791830062866210938e-02 1.427140533924102783e-01 1.797204911708831787e-01
5.284299926757812500e+02 2.723393249511718750e+02 1.623874306678771973e+00 5.728600502014160156e+00 8.379197120666503906e-01 5.610227584838867188e-02 6.242299079895019531e-01 1.298802793025970459e-01 6.426690518856048584e-02
5.966889648437500000e+02 1.839396820068359375e+02 1.819820165634155273e+00 6.059558868408203125e+00 6.107687950134277344e-01 4.066467285156250000e-02 4.993772506713867188e-01 1.075003296136856079e-01 1.959827393293380737e-01
7.668612670898437500e+02 1.099281692504882812e+02 2.475559234619140625e+00 7.325832366943359375e+00 -1.710025978088378906e+01 -7.249605655670166016e-01 -2.911516427993774414e+00 3.965576738119125366e-02 1.568470597267150879e-01
5.297050781250000000e+02 5.330411987304687500e+02 2.050828456878662109e+00 6.737401962280273438e+00 1.965010166168212891e+00 3.459382057189941406e-01 6.291651725769042969e-01 1.565657258033752441e-01 1.256365180015563965e-01
7.362066650390625000e+02 1.114730377197265625e+02 2.164807081222534180e+00 7.059769630432128906e+00 -1.668695831298828125e+01 -1.036561727523803711e+00 -2.392208576202392578e+00 7.253796607255935669e-02 1.206813305616378784e-01
5.461838989257812500e+02 5.679100952148437500e+02 1.915513038635253906e+00 6.495345115661621094e+00 1.442694664001464844e+00 1.014423370361328125e-01 -1.910400390625000000e-01 6.342295557260513306e-02 1.887933164834976196e-01
6.186117553710937500e+02 6.689987182617187500e+02 2.110669612884521484e+00 6.891418933868408203e+00 2.435874938964843750e+00 2.978181838989257812e-01 -1.412367820739746094e-01 8.662354946136474609e-02 1.720291972160339355e-01
5.891907958984375000e+02 1.857816314697265625e+02 1.584435105323791504e+00 6.023915767669677734e+00 6.638932228088378906e-01 5.352735519409179688e-02 1.051149368286132812e+00 9.277793765068054199e-02 2.337110191583633423e-01
7.535150146484375000e+02 1.320394744873046875e+02 2.209907054901123047e+00 7.086061477661132812e+00 -1.580644702911376953e+01 -1.570478677749633789e+00 -4.294242858886718750e+00 8.920467644929885864e-02 2.974738478660583496e-01
5.861591186523437500e+02 3.153341674804687500e+02 1.606983542442321777e+00 5.782939910888671875e+00 2.048082351684570312e+00 2.467513084411621094e-01 8.098363876342773438e-02 8.285798132419586182e-02 1.026084553450345993e-02
5.861591186523437500e+02 3.153341674804687500e+02 1.606983542442321777e+00 5.782939910888671875e+00 2.048082351684570312e+00 2.467513084411621094e-01 8.098363876342773438e-02 8.285798132419586182e-02 1.026084553450345993e-02
7.131749877929687500e+02 3.589817199707031250e+02 1.361171603202819824e+00 5.446109771728515625e+00 -8.304357528686523438e-02 2.065181732177734375e-01 4.970169067382812500e-01 7.753466069698333740e-02 8.406725525856018066e-02
3.975289001464843750e+02 5.796399536132812500e+02 2.262817382812500000e+00 7.213438034057617188e+00 -9.552729129791259766e-01 -1.042258739471435547e-01 1.063537597656250000e-01 5.840790271759033203e-02 1.438646577298641205e-02
6.082294311523437500e+02 3.083541870117187500e+02 1.687461733818054199e+00 6.027018547058105469e+00 -1.393915414810180664e+00 -1.497542858123779297e-01 6.262016296386718750e-01 9.563907235860824585e-02 3.044393956661224365e-01
5.823818969726562500e+02 7.477616577148437500e+02 1.832340359687805176e+00 6.294682502746582031e+00 -2.398445606231689453e+00 -2.225518226623535156e-01 1.387047767639160156e-01 6.614132970571517944e-02 1.255977302789688110e-01
6.061611328125000000e+02 3.093004760742187500e+02 1.680639982223510742e+00 5.752963542938232422e+00 3.425850868225097656e+00 2.505207061767578125e-01 2.777218818664550781e-01 1.014652848243713379e-01 6.753638852387666702e-03
4.880205688476562500e+02 6.466935424804687500e+02 1.881428956985473633e+00 6.627726554870605469e+00 1.546216011047363281e+00 4.803466796875000000e-01 -3.724098205566406250e-02 1.436010897159576416e-01 5.565461516380310059e-02
5.344716186523437500e+02 6.539532470703125000e+02 1.879801750183105469e+00 6.358646869659423828e+00 -1.626497507095336914e+00 1.407337188720703125e-01 6.554341316223144531e-01 2.999398857355117798e-02 2.416325509548187256e-01
6.000544433593750000e+02 3.131100463867187500e+02 1.599133014678955078e+00 5.741400718688964844e+00 4.480159282684326172e+00 1.848697662353515625e-01 1.533451080322265625e+00 9.077343344688415527e-02 1.354797184467315674e-01
4.999142150878906250e+02 6.595407104492187500e+02 1.701187849044799805e+00 6.010457515716552734e+00 4.663007259368896484e+00 4.558420181274414062e-01 8.103609085083007812e-02 1.430644243955612183e-01 7.861602306365966797e-02
5.738990478515625000e+02 1.884240875244140625e+02 1.855207681655883789e+00 6.411977291107177734e+00 -2.258620262145996094e+00 1.267552375793457031e-01 -3.771758079528808594e-01 4.904349148273468018e-02 1.822417229413986206e-01
5.088454284667968750e+02 3.533965148925781250e+02 1.292930245399475098e+00 5.174553394317626953e+00 1.131753921508789062e+00 3.033638000488281250e-02 -3.063678741455078125e-02 9.795470535755157471e-02 5.544055625796318054e-02
1.764098358154296875e+02 3.462896423339843750e+02 2.285163879394531250e+00 7.072713375091552734e+00 7.708191871643066406e-01 3.347992897033691406e-01 9.171772003173828125e-01 1.138372868299484253e-01 3.686628937721252441e-01
5.416910400390625000e+02 3.125669860839843750e+02 1.385050415992736816e+00 5.367157936096191406e+00 3.425514698028564453e+00 2.227830886840820312e-01 2.057433128356933594e-01 6.949955224990844727e-02 1.512977331876754761e-01
6.047488403320312500e+02 2.743725891113281250e+02 1.419868469238281250e+00 5.558310031890869141e+00 1.936995983123779297e+00 2.680897712707519531e-01 2.549719810485839844e-01 1.355661600828170776e-01 1.807888150215148926e-01
6.193996582031250000e+02 2.271789855957031250e+02 1.477914094924926758e+00 5.835709095001220703e+00 2.965414524078369141e+00 2.845907211303710938e-01 6.102371215820312500e-01 1.138291060924530029e-01 2.025949358940124512e-01
6.759808349609375000e+02 2.783384704589843750e+02 1.387514472007751465e+00 5.491068363189697266e+00 4.436149597167968750e+00 4.424858093261718750e-01 4.918575286865234375e-01 7.492901384830474854e-02 7.971772551536560059e-02
5.123623657226562500e+02 5.662804565429687500e+02 2.283706188201904297e+00 7.021883964538574219e+00 7.270393371582031250e+00 1.438050270080566406e+00 1.767039299011230469e+00 1.339187771081924438e-01 1.554183363914489746e-01
5.620562744140625000e+02 2.357052612304687500e+02 1.954054236412048340e+00 6.354375362396240234e+00 2.860760688781738281e-01 5.910873413085937500e-02 1.883721351623535156e-01 2.710092067718505859e-01 5.492246244102716446e-03
7.192000122070312500e+02 3.409198303222656250e+02 1.417332649230957031e+00 5.431939125061035156e+00 1.456859111785888672e+00 1.867222785949707031e-01 2.792596817016601562e-02 8.330944925546646118e-02 1.739040613174438477e-01
4.630408630371093750e+02 6.292929077148437500e+02 1.937964558601379395e+00 6.640660762786865234e+00 -4.741237163543701172e+00 -1.926875114440917969e-01 -4.653716087341308594e-01 1.054248288273811340e-01 1.483690142631530762e-01
6.048773193359375000e+02 1.875291748046875000e+02 1.706389427185058594e+00 5.838065624237060547e+00 5.865669250488281250e-01 -3.405010700225830078e-01 4.842114448547363281e-01 1.151984110474586487e-01 4.656076729297637939e-01
5.702772827148437500e+02 5.791903686523437500e+02 1.834093570709228516e+00 6.167390346527099609e+00 7.791686058044433594e-01 2.181529998779296875e-01 -1.149618625640869141e-01 1.009252592921257019e-01 3.060172498226165771e-02
6.213923339843750000e+02 2.587842407226562500e+02 1.310000658035278320e+00 5.269735813140869141e+00 -1.640641689300537109e-01 1.102304458618164062e-01 -1.803040504455566406e-01 2.086854539811611176e-02 2.317410195246338844e-03
5.861591186523437500e+02 3.153341674804687500e+02 1.606983542442321777e+00 5.782939910888671875e+00 2.048082351684570312e+00 2.467513084411621094e-01 8.098363876342773438e-02 8.285798132419586182e-02 1.026084553450345993e-02
6.223091430664062500e+02 3.502597351074218750e+02 1.524257421493530273e+00 5.605551242828369141e+00 2.827293872833251953e+00 4.001331329345703125e-01 4.882693290710449219e-01 1.582961976528167725e-01 3.031330108642578125e-01
5.892518310546875000e+02 2.371922302246093750e+02 1.869769334793090820e+00 6.320477485656738281e+00 -2.170443534851074219e-02 -4.057323932647705078e-01 1.107335090637207031e-01 1.592211574316024780e-01 1.165444552898406982e-01
5.810690917968750000e+02 2.409843902587890625e+02 2.045915126800537109e+00 6.924979686737060547e+00 4.538223743438720703e+00 9.174871444702148438e-01 1.106657981872558594e+00 1.807977110147476196e-01 1.134198457002639771e-01
5.892904052734375000e+02 2.499674377441406250e+02 1.524353027343750000e+00 5.646489620208740234e+00 4.750514030456542969e+00 1.085965633392333984e+00 1.566267013549804688e-01 1.433532088994979858e-01 7.092790305614471436e-02
7.502276611328125000e+02 3.647373580932617188e+01 2.261468887329101562e+00 7.269332885742187500e+00 -9.478077888488769531e+00 -1.297264099121093750e+00 -8.159279823303222656e-02 1.061338633298873901e-01 1.488300133496522903e-02
6.517787475585937500e+02 3.480262374877929688e+01 2.449727296829223633e+00 7.193857669830322266e+00 -7.738115787506103516e+00 -1.064993143081665039e+00 -1.359896659851074219e+00 8.517771959304809570e-02 3.141118288040161133e-01
5.292773437500000000e+02 5.118880310058593750e+02 2.069830417633056641e+00 6.692976474761962891e+00 2.218255996704101562e+00 5.803728103637695312e-01 1.321198940277099609e+00 1.321750730276107788e-01 3.072232007980346680e-01
5.083459472656250000e+02 5.208773803710937500e+02 2.117319583892822266e+00 7.000217914581298828e+00 3.336324691772460938e+00 6.725192070007324219e-01 1.164577007293701172e+00 1.532588303089141846e-01 2.926064431667327881e-01
6.186117553710937500e+02 6.689987182617187500e+02 2.110669612884521484e+00 6.891418933868408203e+00 2.435874938964843750e+00 2.978181838989257812e-01 -1.412367820739746094e-01 8.662354946136474609e-02 1.720291972160339355e-01
7.853764648437500000e+02 1.233490219116210938e+02 2.202864885330200195e+00 7.196300029754638672e+00 -1.596864509582519531e+01 -1.378169059753417969e+00 -3.619996309280395508e+00 8.196846395730972290e-02 2.098393589258193970e-01
5.271625366210937500e+02 6.291039428710937500e+02 2.062967300415039062e+00 6.744741439819335938e+00 -3.664672374725341797e-01 2.097010612487792969e-01 4.522299766540527344e-01 6.146430969238281250e-02 9.310931712388992310e-02
5.668485107421875000e+02 2.352149963378906250e+02 1.408965587615966797e+00 5.622570991516113281e+00 4.565811157226562500e-01 1.837611198425292969e-01 -2.039349079132080078e-01 1.177434250712394714e-01 1.571078896522521973e-01
5.718555908203125000e+02 2.439270477294921875e+02 1.303514003753662109e+00 5.462641239166259766e+00 -2.896416187286376953e-01 -1.044273376464843750e-01 3.320288658142089844e-01 9.565890580415725708e-02 2.831049636006355286e-02
6.765293579101562500e+02 4.005511169433593750e+02 1.355506777763366699e+00 5.289810180664062500e+00 -1.954869031906127930e+00 -5.561923980712890625e-01 -8.034873008728027344e-01 1.031475141644477844e-01 2.379993200302124023e-01
5.103381958007812500e+02 5.284121704101562500e+02 2.066509723663330078e+00 6.823349475860595703e+00 3.050827980041503906e+00 5.995488166809082031e-01 9.647107124328613281e-01 1.413039863109588623e-01 1.134335696697235107e-01
7.054690551757812500e+02 2.609541130065917969e+01 2.388263702392578125e+00 7.213668823242187500e+00 -1.008972072601318359e+01 -1.350665092468261719e-01 -2.432570457458496094e+00 3.194908797740936279e-02 3.011019825935363770e-01
5.930810546875000000e+02 5.115016479492187500e+02 2.341927528381347656e+00 7.056685447692871094e+00 -9.696701049804687500e+00 -1.599204540252685547e+00 -8.735203742980957031e-01 1.713755130767822266e-01 2.971208654344081879e-02
5.816907958984375000e+02 1.839005889892578125e+02 1.726827859878540039e+00 6.151117324829101562e+00 -5.525588989257812500e-02 1.695513725280761719e-01 8.030700683593750000e-01 1.202075928449630737e-01 1.751098781824111938e-01
2.573473205566406250e+02 7.685996093750000000e+02 1.428157091140747070e+00 5.200910568237304688e+00 -1.140767335891723633e+00 5.280971527099609375e-03 -1.127505302429199219e+00 2.798713743686676025e-02 3.841594327241182327e-03
5.908928833007812500e+02 2.149659118652343750e+02 1.488894462585449219e+00 5.195145130157470703e+00 2.265834808349609375e+00 1.314830780029296875e-01 2.126884460449218750e-01 1.955084800720214844e-01 1.702417582273483276e-01
7.648732910156250000e+02 1.434537963867187500e+02 2.171567440032958984e+00 7.270527839660644531e+00 -1.666691017150878906e+01 -1.685496568679809570e+00 -4.353236198425292969e+00 7.913789153099060059e-02 2.854379713535308838e-01
5.905974121093750000e+02 2.092900085449218750e+02 1.670708656311035156e+00 6.058937549591064453e+00 2.067048549652099609e+00 -2.772808074951171875e-03 1.496798992156982422e+00 1.441323943436145782e-02 3.851534426212310791e-01
7.332170410156250000e+02 1.325127506256103516e+01 2.402628660202026367e+00 7.476534843444824219e+00 -8.975622177124023438e+00 -3.601384162902832031e-01 -4.788696765899658203e-01 3.768906369805335999e-02 1.707783490419387817e-01
5.561478271484375000e+02 2.890075073242187500e+02 1.547982692718505859e+00 5.941189289093017578e+00 3.778657913208007812e+00 3.538870811462402344e-01 3.959059715270996094e-01 1.423245817422866821e-01 1.154435127973556519e-01
5.572486572265625000e+02 3.049773559570312500e+02 1.400796771049499512e+00 5.816284656524658203e+00 1.530950069427490234e+00 1.753282546997070312e-01 -1.705574989318847656e-01 6.357353925704956055e-02 1.281551122665405273e-01
5.207344970703125000e+02 6.156604003906250000e+02 1.797416806221008301e+00 6.414556980133056641e+00 -3.863054513931274414e+00 -1.755309104919433594e-01 9.021973609924316406e-01 5.655148625373840332e-02 5.954067781567573547e-02
6.648948974609375000e+02 6.432564697265625000e+02 1.391661763191223145e+00 5.377575397491455078e+00 -2.484802007675170898e+00 -1.377606391906738281e-01 -2.996444702148437500e-02 3.307864814996719360e-02 3.324151337146759033e-01
5.092980346679687500e+02 5.300983886718750000e+02 2.183734416961669922e+00 6.717109203338623047e+00 8.135890960693359375e-01 3.450250625610351562e-01 -2.588403224945068359e-01 9.282268583774566650e-02 5.337787419557571411e-02
4.844441833496093750e+02 6.550227661132812500e+02 1.891691684722900391e+00 6.565584182739257812e+00 -8.674705028533935547e-01 6.208181381225585938e-02 -2.774071693420410156e-01 1.837405413389205933e-01 4.041110631078481674e-03
2.903417053222656250e+02 7.992489624023437500e+02 1.754123210906982422e+00 6.147531509399414062e+00 2.396333217620849609e+00 2.282333374023437500e-01 4.657053947448730469e-01 3.257137164473533630e-02 4.128834232687950134e-02
2.767869873046875000e+02 7.512359008789062500e+02 1.722610950469970703e+00 6.070872306823730469e+00 3.498861789703369141e+00 4.291629791259765625e-01 1.290547847747802734e+00 8.754942566156387329e-02 1.937134563922882080e-01
1.781625823974609375e+02 1.284111633300781250e+02 1.691669821739196777e+00 6.051115989685058594e+00 3.566200733184814453e+00 1.223070621490478516e+00 1.640191078186035156e+00 2.511075735092163086e-01 2.464894056320190430e-01
6.233726196289062500e+02 3.291438903808593750e+02 1.760173439979553223e+00 6.188307762145996094e+00 3.494849205017089844e+00 1.845812797546386719e-01 8.507800102233886719e-01 6.671485304832458496e-02 2.658857963979244232e-02
7.198037109375000000e+02 5.595925331115722656e+00 2.297183036804199219e+00 7.481345176696777344e+00 -9.341603279113769531e+00 -1.294658184051513672e+00 -7.548522949218750000e-01 1.054031103849411011e-01 1.423533558845520020e-01
6.108079223632812500e+02 2.666377563476562500e+02 1.459668874740600586e+00 5.611635208129882812e+00 7.102179527282714844e-01 1.769161224365234375e-01 2.870798110961914062e-01 1.360529214143753052e-01 2.788177728652954102e-01
7.455576782226562500e+02 1.435664367675781250e+02 2.215852260589599609e+00 7.152767181396484375e+00 -1.422661685943603516e+01 -5.748403072357177734e-01 -3.854647874832153320e+00 5.082724615931510925e-02 2.673368155956268311e-01
2.748203430175781250e+02 7.474692993164062500e+02 1.565213203430175781e+00 5.974142551422119141e+00 1.127240657806396484e+00 6.359577178955078125e-02 -5.583214759826660156e-01 2.106501907110214233e-02 3.724397718906402588e-02
5.912341308593750000e+02 1.737277832031250000e+02 1.531768441200256348e+00 5.846849918365478516e+00 1.415014266967773438e+00 -5.112051963806152344e-02 1.007797718048095703e+00 1.036818996071815491e-01 1.021681725978851318e-01
7.237435913085937500e+02 6.047644615173339844e+00 2.297215223312377930e+00 7.420536041259765625e+00 -7.396015167236328125e+00 -5.385935306549072266e-01 -7.953870296478271484e-01 9.618457406759262085e-02 2.327705733478069305e-02
5.623261108398437500e+02 1.949486541748046875e+02 1.522825717926025391e+00 5.560490608215332031e+00 3.533852100372314453e+00 8.411979675292968750e-01 1.061496734619140625e+00 1.963974237442016602e-01 1.556962877511978149e-01
5.198038330078125000e+02 2.765610961914062500e+02 1.316709280014038086e+00 5.388625621795654297e+00 1.613051891326904297e+00 1.250195503234863281e-01 -4.003071784973144531e-01 1.140525490045547485e-01 3.779502958059310913e-02
5.554276733398437500e+02 2.997642211914062500e+02 1.559871673583984375e+00 5.539132118225097656e+00 4.977750778198242188e-01 -1.330673694610595703e-01 6.815409660339355469e-01 1.819477975368499756e-01 6.497548520565032959e-02
6.159701538085937500e+02 1.627455139160156250e+02 2.475997447967529297e+00 7.587518215179443359e+00 1.138248443603515625e+00 -1.575946807861328125e-01 -1.494872570037841797e-01 1.018185093998908997e-01 1.059877201914787292e-01
6.356153564453125000e+02 3.186911621093750000e+02 1.483528852462768555e+00 5.731882572174072266e+00 2.436385154724121094e+00 2.333521842956542969e-01 2.096986770629882812e-01 1.065888255834579468e-01 8.003529161214828491e-02
6.330252685546875000e+02 2.370409698486328125e+02 1.372646093368530273e+00 5.506823539733886719e+00 3.253359794616699219e+00 9.033918380737304688e-02 1.825404167175292969e-01 8.903548121452331543e-02 1.637174338102340698e-01
2.859288330078125000e+02 7.890031738281250000e+02 1.421293258666992188e+00 5.482204914093017578e+00 1.404306888580322266e+00 2.036142349243164062e-01 2.910375595092773438e-01 1.118550151586532593e-01 2.101354002952575684e-01
6.516367187500000000e+02 2.812328491210937500e+02 1.441233396530151367e+00 5.513368606567382812e+00 1.151115894317626953e+00 3.234744071960449219e-01 3.114843368530273438e-01 6.869743764400482178e-02 1.471577435731887817e-01
5.891843261718750000e+02 3.161423950195312500e+02 1.512241125106811523e+00 5.437994003295898438e+00 -6.563067436218261719e-01 -2.520871162414550781e-01 4.900217056274414062e-02 7.972404360771179199e-03 8.882462978363037109e-02
5.134447631835937500e+02 5.394116210937500000e+02 2.071524143218994141e+00 6.870484828948974609e+00 4.629654884338378906e+00 5.485391616821289062e-01 8.411836624145507812e-01 1.025537028908729553e-01 3.185791075229644775e-01
5.775051879882812500e+02 3.277124633789062500e+02 1.365149021148681641e+00 5.233606815338134766e+00 3.145868778228759766e+00 2.330446243286132812e-01 -9.260177612304687500e-02 1.172605007886886597e-01 7.280412316322326660e-02
7.809555664062500000e+02 1.717957305908203125e+02 2.346385717391967773e+00 7.597740650177001953e+00 -1.530236244201660156e+01 -1.780050992965698242e+00 -9.192883968353271484e-01 1.092860847711563110e-01 5.319049209356307983e-02
5.653809814453125000e+02 2.929725341796875000e+02 1.478957176208496094e+00 5.577808380126953125e+00 4.667088985443115234e+00 9.367775917053222656e-01 7.009577751159667969e-01 2.455101907253265381e-01 9.829929471015930176e-02
7.915961303710937500e+02 1.030182495117187500e+02 2.378217220306396484e+00 7.185079574584960938e+00 -1.597238159179687500e+01 -1.720043420791625977e+00 -3.264110088348388672e+00 9.680934250354766846e-02 2.055177092552185059e-01
5.677295532226562500e+02 2.827450561523437500e+02 1.787266135215759277e+00 6.226183414459228516e+00 2.613065242767333984e+00 5.322456359863281250e-01 6.039857864379882812e-01 7.870570570230484009e-02 1.666696965694427490e-01
5.933599243164062500e+02 2.783233032226562500e+02 1.470326781272888184e+00 5.512747287750244141e+00 1.450860500335693359e+00 -8.509874343872070312e-02 -5.650758743286132812e-02 1.568892896175384521e-01 2.412295192480087280e-01
2.369561004638671875e+02 7.258609619140625000e+02 1.363619804382324219e+00 5.451995849609375000e+00 2.046213150024414062e+00 5.576038360595703125e-01 3.021740913391113281e-01 1.294463872909545898e-01 2.570953369140625000e-01
5.885092773437500000e+02 3.228598632812500000e+02 1.567779779434204102e+00 5.536144733428955078e+00 6.458497047424316406e-01 2.014803886413574219e-01 1.611137390136718750e-01 2.375816702842712402e-01 1.010409593582153320e-01
6.233726196289062500e+02 3.291438903808593750e+02 1.760173439979553223e+00 6.188307762145996094e+00 3.494849205017089844e+00 1.845812797546386719e-01 8.507800102233886719e-01 6.671485304832458496e-02 2.658857963979244232e-02
7.269821777343750000e+02 1.791730117797851562e+01 2.353511333465576172e+00 7.377172946929931641e+00 -8.896759033203125000e+00 -6.183803081512451172e-01 -1.866309642791748047e+00 7.507295906543731689e-02 2.897086143493652344e-01
5.742268066406250000e+02 2.257937011718750000e+02 1.353675723075866699e+00 5.199996471405029297e+00 3.442885875701904297e+00 2.182793617248535156e-01 4.236721992492675781e-01 1.399483382701873779e-01 1.752717643976211548e-01
5.750228881835937500e+02 1.339229583740234375e+02 1.857837438583374023e+00 6.139528274536132812e+00 1.569757461547851562e+00 2.426934242248535156e-01 -8.647513389587402344e-01 8.678035438060760498e-02 2.277515828609466553e-02
2.383534851074218750e+02 7.850810546875000000e+02 1.866978645324707031e+00 6.047183036804199219e+00 5.787091255187988281e+00 1.076579093933105469e+00 3.733420372009277344e-01 1.505541950464248657e-01 9.891536086797714233e-02
6.943783569335937500e+02 2.023765182495117188e+01 2.291609048843383789e+00 7.534929752349853516e+00 -8.768302917480468750e+00 -2.140033245086669922e-01 -3.563308715820312500e-01 3.805821388959884644e-02 9.237983077764511108e-02
6.035809936523437500e+02 3.357367858886718750e+02 1.626350879669189453e+00 5.933404445648193359e+00 1.583693027496337891e+00 3.744816780090332031e-01 -1.420605182647705078e-01 1.128256618976593018e-01 1.230917498469352722e-02
5.870299072265625000e+02 2.930522460937500000e+02 1.622987747192382812e+00 5.773521423339843750e+00 3.619155883789062500e+00 6.365823745727539062e-01 -1.497507095336914062e-02 1.245507225394248962e-01 1.356286704540252686e-01
3.117264099121093750e+02 7.612369384765625000e+02 1.557487845420837402e+00 5.719551563262939453e+00 6.368777751922607422e+00 1.074924468994140625e+00 3.231685161590576172e+00 1.207533851265907288e-01 3.849205076694488525e-01
5.431304321289062500e+02 3.251010437011718750e+02 1.485951900482177734e+00 5.377769947052001953e+00 4.506149291992187500e+00 7.415485382080078125e-01 8.235287666320800781e-01 1.247208490967750549e-01 6.010518874973058701e-03
5.906881103515625000e+02 5.133715209960937500e+02 1.627067089080810547e+00 5.897386074066162109e+00 7.877874374389648438e-01 -1.127636432647705078e-01 2.732515335083007812e-02 1.309030055999755859e-01 1.850509047508239746e-01
5.119790039062500000e+02 6.295922241210937500e+02 1.995664834976196289e+00 6.857018470764160156e+00 -7.322061061859130859e-01 -1.285672187805175781e-02 -1.342933177947998047e+00 1.085516437888145447e-01 2.127738595008850098e-01
6.650444946289062500e+02 3.255565795898437500e+02 1.578276157379150391e+00 5.653998374938964844e+00 5.316829681396484375e-01 1.656103134155273438e-01 1.391699314117431641e+00 5.316640809178352356e-02 2.174159325659275055e-02
5.628103027343750000e+02 7.526860961914062500e+02 1.791165828704833984e+00 6.164956092834472656e+00 -1.554479598999023438e+00 1.510858535766601562e-01 -7.220721244812011719e-01 9.373147785663604736e-02 1.495678275823593140e-01
5.352607421875000000e+02 2.949692077636718750e+02 1.435466766357421875e+00 5.475610256195068359e+00 3.252663612365722656e+00 2.563071250915527344e-01 5.866289138793945312e-01 4.963651672005653381e-02 1.360398828983306885e-01
6.490004272460937500e+02 2.484118652343750000e+02 1.334734559059143066e+00 5.363492488861083984e+00 4.030759334564208984e+00 5.226564407348632812e-01 2.330286502838134766e+00 1.569572091102600098e-01 3.868134617805480957e-01
5.986102905273437500e+02 2.234275054931640625e+02 1.477880716323852539e+00 5.634506225585937500e+00 3.175840377807617188e+00 5.192446708679199219e-01 6.743669509887695312e-01 1.043350100517272949e-01 1.479971855878829956e-01
5.413682250976562500e+02 7.370408325195312500e+02 1.887991428375244141e+00 6.230928421020507812e+00 1.252851486206054688e+00 3.757357597351074219e-01 5.419683456420898438e-01 1.175409927964210510e-01 2.080108225345611572e-01
3.031386413574218750e+02 7.873466186523437500e+02 1.794363856315612793e+00 6.042867183685302734e+00 3.492338657379150391e+00 3.923916816711425781e-01 1.778109073638916016e+00 6.495738774538040161e-02 1.614240705966949463e-01
5.854505615234375000e+02 3.391136779785156250e+02 1.556900501251220703e+00 5.727375984191894531e+00 -7.939422130584716797e-01 -1.089930534362792969e-02 -6.240546703338623047e-01 9.478408843278884888e-02 3.963083028793334961e-01
5.059566650390625000e+02 7.702235717773437500e+02 1.818595528602600098e+00 6.337889671325683594e+00 -1.905962228775024414e+00 -1.241862773895263672e-01 6.777095794677734375e-01 1.661364138126373291e-01 1.714051514863967896e-01
3.786822204589843750e+02 6.522958984375000000e+02 2.201966285705566406e+00 7.041658878326416016e+00 5.476188659667968750e-01 -1.662302017211914062e-01 4.545354843139648438e-01 5.750181153416633606e-02 1.390898078680038452e-01
5.625155639648437500e+02 5.237581787109375000e+02 2.209271192550659180e+00 7.146996498107910156e+00 6.641993522644042969e+00 1.356723308563232422e+00 3.298993110656738281e+00 1.507825851440429688e-01 2.342454940080642700e-01
5.245595092773437500e+02 6.925735473632812500e+02 1.857007980346679688e+00 6.258970260620117188e+00 -2.981365919113159180e+00 -4.064846038818359375e-01 4.550313949584960938e-01 1.112121641635894775e-01 8.025163412094116211e-02
5.408815307617187500e+02 3.257155456542968750e+02 1.781796455383300781e+00 5.906044960021972656e+00 2.491745948791503906e+00 4.204368591308593750e-01 4.640579223632812500e-01 1.110209599137306213e-01 2.748094797134399414e-01
7.810019531250000000e+02 8.663761138916015625e+01 2.270177602767944336e+00 7.265295028686523438e+00 -1.696217346191406250e+01 -1.511883735656738281e+00 -5.245387554168701172e+00 8.039917796850204468e-02 2.969274222850799561e-01
6.174770507812500000e+02 3.232535705566406250e+02 2.042011737823486328e+00 6.446536064147949219e+00 2.261226177215576172e+00 4.586601257324218750e-01 3.222751617431640625e-01 1.120772212743759155e-01 9.711936116218566895e-02
5.648748168945312500e+02 2.984076843261718750e+02 1.853355765342712402e+00 6.193601608276367188e+00 2.498037815093994141e+00 4.479646682739257812e-01 -3.712725639343261719e-01 8.036684989929199219e-02 4.184817895293235779e-02
7.018071899414062500e+02 3.015490531921386719e+01 2.491661310195922852e+00 7.681565284729003906e+00 -9.217641830444335938e+00 -7.769823074340820312e-01 -1.731823682785034180e+00 8.270431309938430786e-02 1.756256222724914551e-01
5.861591186523437500e+02 3.153341674804687500e+02 1.606983542442321777e+00 5.782939910888671875e+00 2.048082351684570312e+00 2.467513084411621094e-01 8.098363876342773438e-02 8.285798132419586182e-02 1.026084553450345993e-02
5.885884399414062500e+02 3.999646301269531250e+02 1.973530054092407227e+00 6.536231517791748047e+00 2.725772857666015625e+00 6.642103195190429688e-01 1.208925247192382812e+00 1.422956436872482300e-01 1.585906147956848145e-01
5.915684814453125000e+02 1.848048400878906250e+02 1.905383467674255371e+00 6.685112476348876953e+00 3.406302928924560547e+00 1.047897338867187500e-01 2.788119316101074219e+00 4.798639938235282898e-02 4.128431975841522217e-01
5.069343566894531250e+02 6.258528442382812500e+02 1.708421111106872559e+00 6.259267807006835938e+00 -1.668099164962768555e+00 -1.367092132568359375e-02 -4.741239547729492188e-01 8.590199053287506104e-02 1.787176877260208130e-01
4.763575439453125000e+02 6.962353515625000000e+02 2.169717311859130859e+00 7.022874355316162109e+00 7.280206680297851562e-01 -6.088137626647949219e-02 2.105736732482910156e-01 7.209922373294830322e-02 7.544001936912536621e-02
5.495578613281250000e+02 6.920226440429687500e+02 1.850553989410400391e+00 6.397934913635253906e+00 -1.175098419189453125e+00 -1.541936397552490234e-01 -1.198019981384277344e+00 6.676607578992843628e-02 2.104205638170242310e-01
5.647791748046875000e+02 3.483156738281250000e+02 1.530719399452209473e+00 5.513685703277587891e+00 -5.842864513397216797e-01 1.045346260070800781e-01 -2.613234519958496094e-01 8.747201412916183472e-02 6.586694717407226562e-02
2.391131134033203125e+02 1.052100524902343750e+02 1.398651838302612305e+00 5.342336177825927734e+00 -3.110246658325195312e+00 -4.050481319427490234e-01 -7.327580451965332031e-01 1.134718954563140869e-01 3.295484930276870728e-03
5.869569091796875000e+02 3.117192077636718750e+02 1.295855641365051270e+00 5.354937553405761719e+00 3.963911533355712891e+00 2.273273468017578125e-01 1.590180397033691406e-01 9.328676760196685791e-02 3.289638087153434753e-02
2.362807312011718750e+02 7.010731811523437500e+02 1.765495300292968750e+00 6.323409557342529297e+00 -1.116752624511718750e-02 2.070260047912597656e-01 9.429049491882324219e-01 1.366577446460723877e-01 1.602088212966918945e-01
5.677350463867187500e+02 6.542265625000000000e+02 1.701709032058715820e+00 6.202226638793945312e+00 -4.481518268585205078e+00 7.673025131225585938e-02 -1.330573558807373047e+00 4.647138714790344238e-02 2.358296215534210205e-01
5.535736694335937500e+02 3.540363159179687500e+02 1.482349872589111328e+00 5.371063709259033203e+00 3.629231452941894531e-01 2.758455276489257812e-01 4.558444023132324219e-01 7.300164550542831421e-02 1.308312565088272095e-01
7.130756225585937500e+02 3.300320625305175781e+00 2.303191184997558594e+00 7.374653816223144531e+00 -8.855189323425292969e+00 -1.066454648971557617e+00 -8.434057235717773438e-03 1.172372028231620789e-01 2.538222819566726685e-02
7.055933837890625000e+02 5.903757095336914062e+01 2.407276630401611328e+00 7.501305103302001953e+00 -8.402895927429199219e+00 -9.671819210052490234e-01 -1.111894845962524414e+00 1.099806651473045349e-01 7.360133528709411621e-02
5.307930297851562500e+02 1.918236694335937500e+02 1.689743995666503906e+00 6.113245964050292969e+00 -1.217058897018432617e+00 -6.954669952392578125e-02 2.996420860290527344e-01 1.109015941619873047e-01 2.538782060146331787e-01
4.867730102539062500e+02 3.857961425781250000e+02 1.377022862434387207e+00 5.454070091247558594e+00 1.027717590332031250e+00 -5.666971206665039062e-02 3.625893592834472656e-01 7.528251409530639648e-02 1.862412691116333008e-02
7.263270874023437500e+02 1.226796112060546875e+02 2.209291219711303711e+00 7.033004283905029297e+00 -1.520584106445312500e+01 -1.512256860733032227e+00 -5.028439521789550781e+00 1.022849380970001221e-01 3.581832051277160645e-01
5.119273071289062500e+02 6.758704833984375000e+02 1.978486776351928711e+00 6.444419384002685547e+00 -1.505215167999267578e+00 -3.147685527801513672e-01 -1.672637462615966797e-01 1.265852004289627075e-01 1.513158082962036133e-01
5.735679931640625000e+02 6.916918945312500000e+02 2.056436538696289062e+00 6.620195865631103516e+00 -1.285898685455322266e+00 -4.313433170318603516e-01 2.748107910156250000e-01 1.196743994951248169e-01 4.448115825653076172e-02
3.871859436035156250e+02 7.707622680664062500e+02 1.619385480880737305e+00 5.909877777099609375e+00 1.293983459472656250e+00 2.403211593627929688e-01 4.279184341430664062e-01 4.536830261349678040e-02 7.606700807809829712e-02
5.866736450195312500e+02 2.643955383300781250e+02 1.540068149566650391e+00 5.772261142730712891e+00 1.752145290374755859e+00 4.974937438964843750e-01 -6.944811344146728516e-01 2.252613008022308350e-01 7.944863289594650269e-03
7.339672241210937500e+02 1.422049865722656250e+02 2.282749176025390625e+00 7.119753360748291016e+00 -1.559799671173095703e+01 -3.842782974243164062e-01 -3.055461645126342773e+00 4.372116923332214355e-02 1.886286735534667969e-01
7.216366577148437500e+02 1.580896949768066406e+01 2.192048788070678711e+00 7.187427520751953125e+00 -9.438835144042968750e+00 -7.035684585571289062e-01 -1.864535808563232422e+00 7.642316818237304688e-02 6.293688714504241943e-02
5.292773437500000000e+02 5.118880310058593750e+02 2.069830417633056641e+00 6.692976474761962891e+00 2.218255996704101562e+00 5.803728103637695312e-01 1.321198940277099609e+00 1.321750730276107788e-01 3.072232007980346680e-01
5.845358886718750000e+02 3.281006469726562500e+02 1.422975063323974609e+00 5.532835960388183594e+00 -1.853942871093750000e-01 -2.165198326110839844e-02 1.197957992553710938e-01 7.452611625194549561e-02 1.442189663648605347e-01
5.616889648437500000e+02 1.602072906494140625e+02 2.450951099395751953e+00 7.400941848754882812e+00 -4.263379573822021484e+00 -2.863872051239013672e-01 -5.316376686096191406e-01 1.169335246086120605e-01 6.763052344322204590e-01
7.159127197265625000e+02 1.542432308197021484e+01 2.317901611328125000e+00 7.207018375396728516e+00 -9.017039299011230469e+00 -3.365647792816162109e-01 -1.248419284820556641e+00 5.351455509662628174e-02 2.438783831894397736e-02
6.564844970703125000e+02 2.589544067382812500e+02 1.538713216781616211e+00 5.450625419616699219e+00 3.503546714782714844e+00 9.519100189208984375e-02 5.723905563354492188e-01 7.026186585426330566e-02 2.065697312355041504e-01
7.272789306640625000e+02 1.162265205383300781e+01 2.369340896606445312e+00 7.405511856079101562e+00 -8.290158271789550781e+00 -2.728998661041259766e-01 -5.800044536590576172e-01 3.467066586017608643e-02 3.248175233602523804e-02
5.570139160156250000e+02 3.568742065429687500e+02 1.568714618682861328e+00 5.536141395568847656e+00 1.739013195037841797e+00 4.444527626037597656e-01 9.775161743164062500e-03 1.118500605225563049e-01 6.395842134952545166e-02
5.625593261718750000e+02 6.779077148437500000e+02 2.028623819351196289e+00 6.785501956939697266e+00 -8.801734447479248047e-01 -4.082679748535156250e-02 -3.166162967681884766e-01 1.723227500915527344e-01 5.522263795137405396e-02
5.621967163085937500e+02 2.890364074707031250e+02 1.381573677062988281e+00 5.357358932495117188e+00 1.385247707366943359e+00 4.217839241027832031e-01 8.114194869995117188e-01 2.129407078027725220e-01 1.426895111799240112e-01
5.886946411132812500e+02 2.591044311523437500e+02 1.577735543251037598e+00 5.582399845123291016e+00 -1.174166202545166016e+00 1.750636100769042969e-01 -3.950834274291992188e-02 1.166103705763816833e-01 1.449096202850341797e-01
4.897254943847656250e+02 6.679453125000000000e+02 2.100401163101196289e+00 6.824767589569091797e+00 -1.706899404525756836e+00 2.617883682250976562e-01 -2.422428131103515625e-01 1.566180586814880371e-01 8.469970524311065674e-02
4.950989685058593750e+02 6.559958496093750000e+02 1.793486475944519043e+00 6.369254112243652344e+00 -3.014810085296630859e+00 -2.312052249908447266e-01 -1.265664100646972656e+00 9.183056652545928955e-02 3.612624406814575195e-01
5.592488403320312500e+02 3.110941467285156250e+02 1.415837049484252930e+00 5.366449356079101562e+00 -9.529542922973632812e-01 5.087947845458984375e-01 1.181602478027343750e-01 1.266156584024429321e-01 1.203667521476745605e-01
5.039317016601562500e+02 6.378397216796875000e+02 1.747453808784484863e+00 6.118299007415771484e+00 -4.276080131530761719e+00 -7.116317749023437500e-02 -4.159772396087646484e-01 4.549635946750640869e-02 3.310275077819824219e-02
5.006384887695312500e+02 6.618573608398437500e+02 2.198647022247314453e+00 6.956422805786132812e+00 -4.109057426452636719e+00 -3.070306777954101562e-01 -9.230971336364746094e-01 2.054812312126159668e-01 1.104290708899497986e-01
7.365415649414062500e+02 1.083010406494140625e+02 2.236632347106933594e+00 7.057011127471923828e+00 -1.563854408264160156e+01 -1.253466606140136719e+00 -3.427187204360961914e+00 6.462927162647247314e-02 2.190226167440414429e-01
5.901987915039062500e+02 3.098770751953125000e+02 1.279672384262084961e+00 5.217725276947021484e+00 1.382050514221191406e+00 8.054733276367187500e-02 9.667921066284179688e-01 9.097036719322204590e-02 3.523313440382480621e-03
7.048700561523437500e+02 2.515825080871582031e+01 2.412190914154052734e+00 7.260427951812744141e+00 -7.893089294433593750e+00 -7.795786857604980469e-01 -7.932102680206298828e-01 9.914547204971313477e-02 9.154658764600753784e-02
5.840874633789062500e+02 3.130051574707031250e+02 1.567610740661621094e+00 5.690105438232421875e+00 5.757465362548828125e+00 7.774877548217773438e-01 1.271605491638183594e+00 1.049688607454299927e-01 1.465539634227752686e-01
6.616686401367187500e+02 2.729873657226562500e+02 1.616983413696289062e+00 5.742103099822998047e+00 2.978491783142089844e-01 1.863503456115722656e-01 -6.254076957702636719e-01 1.094012036919593811e-01 1.533649116754531860e-01
5.939079589843750000e+02 2.819918518066406250e+02 1.508306860923767090e+00 5.510670661926269531e+00 3.519501686096191406e+00 -1.275777816772460938e-02 3.655529022216796875e-01 6.289879232645034790e-02 1.900220811367034912e-01
4.776960754394531250e+02 7.265048217773437500e+02 1.409666776657104492e+00 5.681792259216308594e+00 -1.091077327728271484e+00 9.402751922607421875e-02 -6.791830062866210938e-02 1.364089697599411011e-01 1.402209997177124023e-01
5.890952758789062500e+02 2.828015441894531250e+02 2.019357681274414062e+00 6.727992057800292969e+00 3.113703727722167969e+00 3.355503082275390625e-02 6.901526451110839844e-01 8.638425916433334351e-02 3.308781385421752930e-01
5.729564208984375000e+02 1.896473541259765625e+02 1.378623008728027344e+00 5.236734390258789062e+00 3.173553943634033203e+00 2.650380134582519531e-01 8.910131454467773438e-01 6.753912568092346191e-02 2.480083405971527100e-01
1.818950347900390625e+02 2.424961090087890625e+02 1.841727733612060547e+00 6.257775783538818359e+00 -2.135900259017944336e+00 -4.072189331054687500e-02 1.616430282592773438e-01 1.051057055592536926e-01 5.850306153297424316e-02
4.887208557128906250e+02 7.288336791992187500e+02 1.689665555953979492e+00 5.994963169097900391e+00 -1.904710531234741211e+00 -2.053809165954589844e-01 3.705406188964843750e-01 1.226424053311347961e-01 2.174531221389770508e-01
5.257266235351562500e+02 6.691668701171875000e+02 1.738816499710083008e+00 6.039555072784423828e+00 -1.649951934814453125e+00 -1.052689552307128906e-01 4.674029350280761719e-01 1.299567371606826782e-01 3.570441156625747681e-02
5.273323974609375000e+02 6.786847534179687500e+02 2.073935508728027344e+00 6.849886894226074219e+00 -3.582718372344970703e+00 -5.702137947082519531e-02 -8.872389793395996094e-02 8.643440157175064087e-02 1.693484932184219360e-01
1.891886596679687500e+02 3.503611755371093750e+02 1.376439094543457031e+00 5.326494693756103516e+00 1.069252490997314453e+00 4.678773880004882812e-01 -4.767751693725585938e-01 2.120679318904876709e-01 1.266527026891708374e-01
6.049151000976562500e+02 2.889600219726562500e+02 1.856785416603088379e+00 6.206608295440673828e+00 -4.091870784759521484e-01 2.417993545532226562e-01 -5.471444129943847656e-01 6.589771807193756104e-02 3.147577494382858276e-02
7.076750488281250000e+02 6.027296066284179688e+00 2.219603061676025391e+00 7.121163845062255859e+00 -8.202639579772949219e+00 -1.388851404190063477e+00 -1.481591463088989258e+00 1.727079153060913086e-01 2.865301370620727539e-01
5.034771118164062500e+02 3.127169494628906250e+02 1.595948338508605957e+00 5.874220371246337891e+00 3.459048271179199219e-01 2.320623397827148438e-01 4.941940307617187500e-02 1.202740967273712158e-01 3.305682837963104248e-01
5.428796997070312500e+02 7.717759399414062500e+02 1.841991901397705078e+00 6.171131610870361328e+00 1.272668838500976562e+00 9.436130523681640625e-02 5.844593048095703125e-01 1.508824080228805542e-01 1.648573875427246094e-01
4.969014587402343750e+02 5.799668579101562500e+02 2.246146678924560547e+00 7.244896411895751953e+00 6.211721897125244141e+00 5.915880203247070312e-01 1.875073909759521484e+00 6.266732513904571533e-02 1.726626157760620117e-01
5.946818847656250000e+02 2.865654602050781250e+02 1.244707345962524414e+00 5.247074604034423828e+00 1.839473247528076172e+00 5.018186569213867188e-01 2.625250816345214844e-01 1.493995040655136108e-01 3.303541243076324463e-02
5.367659301757812500e+02 4.775563659667968750e+02 2.097240447998046875e+00 6.893276691436767578e+00 4.489438533782958984e+00 3.599452972412109375e-01 -1.471292972564697266e-01 8.207586407661437988e-02 1.387922763824462891e-01
7.182882080078125000e+02 1.102425460815429688e+02 2.326421499252319336e+00 7.267548561096191406e+00 -1.571051692962646484e+01 -6.887292861938476562e-01 -3.670960664749145508e+00 4.492349177598953247e-02 2.790645956993103027e-01
6.033333740234375000e+02 2.364018402099609375e+02 1.584777832031250000e+00 5.879701137542724609e+00 3.180193901062011719e+00 1.951861381530761719e-01 4.016232490539550781e-01 7.604073733091354370e-02 1.068710535764694214e-02
7.676205444335937500e+02 1.007197418212890625e+02 2.252893447875976562e+00 6.997338294982910156e+00 -1.598700141906738281e+01 -1.646471023559570312e+00 -4.467025756835937500e+00 1.010586917400360107e-01 3.547020554542541504e-01
1.352988739013671875e+02 3.074884033203125000e+02 1.667505741119384766e+00 6.173265457153320312e+00 3.006587028503417969e+00 9.392547607421875000e-01 1.886391639709472656e-01 2.161592394113540649e-01 1.390754133462905884e-01
6.022557983398437500e+02 1.221160430908203125e+02 2.132108449935913086e+00 6.942873001098632812e+00 -2.161237001419067383e+00 -6.034970283508300781e-02 -6.154179573059082031e-01 1.152587085962295532e-01 2.492502517998218536e-02
5.955009765625000000e+02 6.226552734375000000e+02 2.222007513046264648e+00 6.728135585784912109e+00 -1.628594398498535156e+00 -8.285045623779296875e-04 -4.250884056091308594e-01 4.609106481075286865e-02 1.132599264383316040e-01
2.781955566406250000e+02 6.166146240234375000e+02 2.178052663803100586e+00 7.142498970031738281e+00 -8.641266822814941406e+00 -5.691647529602050781e-01 -2.367023229598999023e+00 1.093151047825813293e-01 2.095761001110076904e-01
5.916035156250000000e+02 3.601521606445312500e+02 1.823471784591674805e+00 6.013136863708496094e+00 4.310917854309082031e+00 6.072854995727539062e-01 -5.605518817901611328e-01 1.480915397405624390e-01 4.811517894268035889e-02
5.548586425781250000e+02 6.918065795898437500e+02 2.036888360977172852e+00 6.944674015045166016e+00 1.189541816711425781e-01 -1.242005825042724609e-01 8.259415626525878906e-01 1.043723076581954956e-01 1.747763454914093018e-01
6.829172363281250000e+02 2.799286842346191406e+00 2.315725803375244141e+00 7.360417842864990234e+00 -9.451341629028320312e+00 -6.321561336517333984e-01 -1.547137498855590820e+00 6.957213580608367920e-02 1.822622418403625488e-01
5.659089355468750000e+02 2.562588195800781250e+02 1.469459295272827148e+00 5.925937652587890625e+00 -6.748008728027343750e-01 2.555871009826660156e-01 8.000445365905761719e-01 1.113759577274322510e-01 1.145050860941410065e-02
5.774011840820312500e+02 1.977185516357421875e+02 1.459664106369018555e+00 5.777337551116943359e+00 3.430294990539550781e-01 4.078865051269531250e-02 4.835605621337890625e-02 1.286191344261169434e-01 1.665322780609130859e-01
5.605166625976562500e+02 3.552510375976562500e+02 1.387833118438720703e+00 5.304961681365966797e+00 -1.410281658172607422e-01 2.589941024780273438e-02 -8.502840995788574219e-02 1.472588777542114258e-01 7.862617075443267822e-02
7.511682128906250000e+02 5.534084320068359375e+01 2.298084259033203125e+00 7.729480266571044922e+00 -1.102274608612060547e+01 -1.028276681900024414e+00 -2.411382198333740234e+00 7.476902008056640625e-02 2.053727209568023682e-01
5.501649169921875000e+02 3.866019897460937500e+02 1.327345609664916992e+00 5.203815460205078125e+00 1.276762485504150391e+00 4.015111923217773438e-01 2.059507369995117188e-01 1.862671822309494019e-01 4.450827091932296753e-02
7.238983154296875000e+02 1.489556274414062500e+02 2.321630716323852539e+00 7.175875186920166016e+00 -1.545689392089843750e+01 -1.302021741867065430e+00 -5.805380344390869141e+00 9.202801436185836792e-02 4.645499289035797119e-01
6.267300415039062500e+02 2.435206146240234375e+02 1.244251132011413574e+00 5.291054248809814453e+00 2.111270427703857422e+00 2.326583862304687500e-01 1.083743572235107422e+00 1.045250073075294495e-01 2.687878608703613281e-01
5.717688598632812500e+02 2.692991638183593750e+02 1.802239418029785156e+00 5.927650451660156250e+00 3.328759670257568359e+00 3.155469894409179688e-02 3.998112678527832031e-01 5.135077238082885742e-02 8.753055334091186523e-02
5.320516357421875000e+02 7.132098388671875000e+02 1.763567924499511719e+00 6.055318832397460938e+00 -3.236893415451049805e+00 -3.037965297698974609e-01 -5.089521408081054688e-02 2.135325372219085693e-01 2.798993587493896484e-01
5.944352416992187500e+02 2.480330657958984375e+02 1.573210954666137695e+00 5.424800872802734375e+00 -7.177710533142089844e-01 9.281396865844726562e-02 -7.024300098419189453e-01 9.229420125484466553e-02 6.402245163917541504e-02
7.177690429687500000e+02 2.451301383972167969e+01 2.375588178634643555e+00 7.217243671417236328e+00 -7.810517311096191406e+00 -3.159236907958984375e-01 -5.896592140197753906e-01 7.188082486391067505e-02 2.192650884389877319e-01
5.092184143066406250e+02 5.191884765625000000e+02 1.994591355323791504e+00 6.935255527496337891e+00 3.061287403106689453e+00 1.844334602355957031e-01 9.302520751953125000e-01 6.198944523930549622e-02 1.654284596443176270e-01
5.566284790039062500e+02 2.112567138671875000e+02 1.727175951004028320e+00 6.432676792144775391e+00 2.502026557922363281e+00 4.925656318664550781e-01 1.310567855834960938e+00 1.123150736093521118e-01 2.347341179847717285e-01
5.137391357421875000e+02 7.151891479492187500e+02 1.714688301086425781e+00 6.305350303649902344e+00 -2.303056716918945312e+00 -1.418733596801757812e-01 9.646534919738769531e-01 5.761536210775375366e-02 1.452056467533111572e-01
7.413651733398437500e+02 1.147886962890625000e+02 2.307880878448486328e+00 7.049242019653320312e+00 -1.583192825317382812e+01 -1.477049589157104492e+00 -3.842555284500122070e+00 9.877228736877441406e-02 2.718597948551177979e-01
5.922323608398437500e+02 2.349744873046875000e+02 1.873961448669433594e+00 6.317139625549316406e+00 5.650830268859863281e-01 5.132126808166503906e-01 3.129506111145019531e-01 1.321674287319183350e-01 6.185260415077209473e-02
4.495235900878906250e+02 6.089124145507812500e+02 1.928490996360778809e+00 6.418183326721191406e+00 -1.140850782394409180e+00 1.099562644958496094e-01 4.881119728088378906e-01 8.037713170051574707e-02 1.207222715020179749e-01
7.366130371093750000e+02 1.861219525337219238e+00 2.461771726608276367e+00 7.627616882324218750e+00 -9.043661117553710938e+00 -1.147488355636596680e+00 -9.693908691406250000e-01 1.000381708145141602e-01 6.782272458076477051e-02
1.578890380859375000e+02 7.636422729492187500e+02 1.607978582382202148e+00 5.878704071044921875e+00 4.285831451416015625e+00 1.381161212921142578e+00 2.242684364318847656e-01 2.720749080181121826e-01 1.166525855660438538e-01
5.046076660156250000e+02 5.448679199218750000e+02 1.849948406219482422e+00 6.626895904541015625e+00 2.011659145355224609e+00 6.314873695373535156e-01 1.300954818725585938e-01 1.254146695137023926e-01 5.797985941171646118e-02
6.909441528320312500e+02 3.735564804077148438e+01 2.313207626342773438e+00 7.378017425537109375e+00 -8.940942764282226562e+00 -9.516310691833496094e-01 -1.430295705795288086e+00 8.888210356235504150e-02 1.576195955276489258e-01
7.099483642578125000e+02 1.770467376708984375e+01 2.356722354888916016e+00 7.525532245635986328e+00 -9.294824600219726562e+00 -9.294331073760986328e-01 -1.894297599792480469e+00 9.677403420209884644e-02 2.896127104759216309e-01
6.384247436523437500e+02 3.243872375488281250e+02 1.405129671096801758e+00 5.448908805847167969e+00 -1.402809619903564453e+00 -2.933990955352783203e-01 -7.186412811279296875e-01 9.814935922622680664e-02 1.218077912926673889e-01
5.259986572265625000e+02 6.741802368164062500e+02 1.801780223846435547e+00 6.125513076782226562e+00 -1.319767236709594727e+00 1.020479202270507812e-01 -2.556586265563964844e-01 2.604788839817047119e-01 2.315903827548027039e-02
5.323684082031250000e+02 5.167536621093750000e+02 2.010520458221435547e+00 6.757507324218750000e+00 1.671802997589111328e+00 1.355028152465820312e-01 -3.033232688903808594e-01 5.917787551879882812e-02 6.173402070999145508e-02
1.904684448242187500e+02 2.053273925781250000e+02 1.498878240585327148e+00 5.681334495544433594e+00 1.301536560058593750e+00 5.907559394836425781e-01 1.187493801116943359e+00 1.385656744241714478e-01 1.560646146535873413e-01
6.356153564453125000e+02 3.186911621093750000e+02 1.483528852462768555e+00 5.731882572174072266e+00 2.436385154724121094e+00 2.333521842956542969e-01 2.096986770629882812e-01 1.065888255834579468e-01 8.003529161214828491e-02
2.488226165771484375e+02 7.509883422851562500e+02 1.604810714721679688e+00 5.911644458770751953e+00 2.793538570404052734e+00 5.195617675781250000e-01 1.347444057464599609e+00 1.114253550767898560e-01 3.034763932228088379e-01
2.363195953369140625e+02 7.983869018554687500e+02 1.798344612121582031e+00 6.283037185668945312e+00 4.700393676757812500e+00 3.323650360107421875e-01 9.252238273620605469e-01 5.333505943417549133e-02 9.258238971233367920e-02
7.785895996093750000e+02 9.195147705078125000e+01 2.336370706558227539e+00 7.108729362487792969e+00 -1.498416519165039062e+01 -1.195490360260009766e+00 -3.689372539520263672e+00 7.390655577182769775e-02 2.897425293922424316e-01
2.419748992919921875e+02 7.992257690429687500e+02 1.746625900268554688e+00 6.045104026794433594e+00 3.571674823760986328e+00 7.085800170898437500e-01 1.366851329803466797e+00 1.074200868606567383e-01 2.956210374832153320e-01
7.174062500000000000e+02 9.231763458251953125e+01 2.166791439056396484e+00 7.016058921813964844e+00 -1.771091461181640625e+01 -2.162567377090454102e+00 -3.237454891204833984e+00 9.684894233942031860e-02 1.809644550085067749e-01
2.733029479980468750e+02 7.854942016601562500e+02 1.618131637573242188e+00 5.955850601196289062e+00 4.768927097320556641e+00 1.068177223205566406e+00 3.792023658752441406e-01 1.562730371952056885e-01 1.166421771049499512e-01
6.374593505859375000e+02 2.282741241455078125e+02 1.662033557891845703e+00 5.736907482147216797e+00 5.738401412963867188e+00 6.312131881713867188e-01 1.091623306274414062e+00 8.937328308820724487e-02 1.447661370038986206e-01
7.651940307617187500e+02 9.539345550537109375e+01 2.286848545074462891e+00 7.196141242980957031e+00 -1.725416183471679688e+01 -1.954441070556640625e+00 -6.212980747222900391e+00 1.205494254827499390e-01 3.573313057422637939e-01
2.298506317138671875e+02 7.256490478515625000e+02 1.444281101226806641e+00 5.351818561553955078e+00 -3.292024135589599609e-01 -1.631188392639160156e-01 -1.809370517730712891e-01 9.447459876537322998e-02 1.513785123825073242e-01
5.910217285156250000e+02 2.450792846679687500e+02 1.741080045700073242e+00 6.392920970916748047e+00 3.259181976318359375e-03 2.084469795227050781e-01 -4.823923110961914062e-01 6.432827562093734741e-02 9.371452033519744873e-02
6.058230590820312500e+02 2.700916137695312500e+02 1.324535012245178223e+00 5.023539066314697266e+00 3.324565887451171875e+00 1.292085647583007812e-01 4.582881927490234375e-02 5.174327641725540161e-02 1.925292909145355225e-01
5.706254272460937500e+02 3.219971923828125000e+02 1.481415629386901855e+00 5.327332019805908203e+00 1.146483421325683594e+00 2.247405052185058594e-01 4.528284072875976562e-01 4.439076781272888184e-02 1.232392154633998871e-02
6.497434082031250000e+02 2.581466064453125000e+02 1.485784649848937988e+00 5.385031700134277344e+00 6.860899925231933594e-01 8.509159088134765625e-03 5.319094657897949219e-01 1.783708482980728149e-02 8.123114705085754395e-02
5.519938354492187500e+02 6.567083129882812500e+02 1.885953545570373535e+00 6.377490997314453125e+00 -2.108587026596069336e+00 -4.827415943145751953e-01 -4.620409011840820312e-01 2.103339433670043945e-01 3.632438182830810547e-01
5.615228271484375000e+02 3.354118347167968750e+02 1.647995471954345703e+00 6.246053218841552734e+00 3.708775043487548828e+00 1.211001873016357422e+00 1.787631511688232422e+00 2.800016403198242188e-01 2.013350874185562134e-01
6.373758544921875000e+02 3.267855529785156250e+02 1.465012431144714355e+00 5.558991909027099609e+00 1.307783126831054688e+00 -1.265120506286621094e-01 2.345108985900878906e-01 5.616245791316032410e-02 1.565422713756561279e-01
5.070975341796875000e+02 7.328983764648437500e+02 1.863803863525390625e+00 6.337587356567382812e+00 6.118535995483398438e-01 2.090072631835937500e-01 7.733488082885742188e-01 6.067452579736709595e-02 2.293958514928817749e-01
5.582619628906250000e+02 7.239020996093750000e+02 1.720283031463623047e+00 5.975831031799316406e+00 4.661889076232910156e+00 1.120362281799316406e+00 2.057130336761474609e+00 1.658724993467330933e-01 1.834306120872497559e-01
5.086008605957031250e+02 6.731739501953125000e+02 1.869144678115844727e+00 6.611591339111328125e+00 8.952856063842773438e-02 1.737499237060546875e-01 -1.349508762359619141e-01 1.217896118760108948e-01 1.142594590783119202e-02
5.797588500976562500e+02 2.404746704101562500e+02 1.678736209869384766e+00 6.110902309417724609e+00 2.289767265319824219e+00 1.850056648254394531e-01 9.135961532592773438e-02 1.275999993085861206e-01 1.072224304080009460e-01
5.581605224609375000e+02 2.586986999511718750e+02 1.517740488052368164e+00 5.535300731658935547e+00 3.924727439880371094e+00 3.804421424865722656e-01 -3.357863426208496094e-01 6.625489890575408936e-02 7.529422640800476074e-02
5.535736694335937500e+02 3.540363159179687500e+02 1.482349872589111328e+00 5.371063709259033203e+00 3.629231452941894531e-01 2.758455276489257812e-01 4.558444023132324219e-01 7.300164550542831421e-02 1.308312565088272095e-01
5.844849853515625000e+02 2.026681671142578125e+02 1.506012439727783203e+00 5.629173278808593750e+00 1.728465557098388672e+00 4.745483398437500000e-02 -5.740606784820556641e-01 1.168623119592666626e-01 3.110681846737861633e-02
6.087298583984375000e+02 2.513367462158203125e+02 1.998841524124145508e+00 6.704774856567382812e+00 1.375086307525634766e+00 1.288676261901855469e-01 4.217791557312011719e-01 1.575455814599990845e-01 8.470366895198822021e-02
4.913246154785156250e+02 3.608463134765625000e+02 1.335307359695434570e+00 5.292957305908203125e+00 1.565864086151123047e+00 1.212334632873535156e-01 -7.179737091064453125e-01 7.363232970237731934e-02 6.485256552696228027e-02
5.467637939453125000e+02 6.497699584960937500e+02 2.144250869750976562e+00 6.979805946350097656e+00 -4.133864402770996094e+00 -6.465852260589599609e-01 -8.179724216461181641e-01 1.288164556026458740e-01 1.215825602412223816e-01
5.812943725585937500e+02 5.978387451171875000e+02 1.329152822494506836e+00 5.242204666137695312e+00 2.607386112213134766e+00 4.489612579345703125e-01 1.220164299011230469e+00 1.963434964418411255e-01 1.345572769641876221e-01
1.659266357421875000e+02 2.967100524902343750e+02 1.750779747962951660e+00 5.959290504455566406e+00 1.773905754089355469e+00 1.441438198089599609e+00 4.119396209716796875e-02 4.219242334365844727e-01 2.289996892213821411e-01
3.814518127441406250e+02 3.966550292968750000e+02 1.436400175094604492e+00 5.351389884948730469e+00 2.404341697692871094e+00 2.169346809387207031e-01 5.995273590087890625e-02 1.862984150648117065e-02 2.133978754281997681e-01
7.071229248046875000e+02 4.019929170608520508e-01 2.442088365554809570e+00 7.455111503601074219e+00 -9.767685890197753906e+00 -9.385168552398681641e-01 -1.251279115676879883e+00 9.293174743652343750e-02 1.125805228948593140e-01
3.184928283691406250e+02 7.941113281250000000e+02 1.571098566055297852e+00 5.708008289337158203e+00 5.131711959838867188e+00 6.892800331115722656e-01 2.939641475677490234e+00 1.340529620647430420e-01 3.698788285255432129e-01
7.242518310546875000e+02 1.056784667968750000e+02 2.107697963714599609e+00 7.207305431365966797e+00 -1.399520778656005859e+01 -1.170737743377685547e+00 -4.649826049804687500e+00 7.631340622901916504e-02 3.208046853542327881e-01
7.567468872070312500e+02 1.257301788330078125e+02 2.259395599365234375e+00 7.073452472686767578e+00 -1.626005744934082031e+01 -1.615800857543945312e+00 -4.169311523437500000e+00 9.425326436758041382e-02 2.438626885414123535e-01
6.363172607421875000e+02 3.399655456542968750e+02 1.431152820587158203e+00 5.607437610626220703e+00 1.034798622131347656e+00 5.151271820068359375e-02 -6.644535064697265625e-01 9.191638231277465820e-02 1.978756859898567200e-02
1.532296600341796875e+02 1.666042633056640625e+02 1.840053200721740723e+00 6.319565773010253906e+00 4.007914066314697266e+00 1.245183944702148438e+00 3.834319114685058594e+00 1.975338310003280640e-01 4.552332162857055664e-01
7.265994873046875000e+02 1.074475402832031250e+02 2.369003057479858398e+00 7.290530204772949219e+00 -1.735942268371582031e+01 -1.666840314865112305e+00 -7.943305015563964844e+00 8.657407760620117188e-02 4.646629691123962402e-01
5.830249023437500000e+02 2.507882843017578125e+02 1.788240671157836914e+00 5.894820213317871094e+00 3.148643970489501953e+00 4.926490783691406250e-01 3.108432292938232422e+00 1.580218076705932617e-01 4.236379861831665039e-01
1.819497680664062500e+02 2.414446868896484375e+02 1.986091136932373047e+00 6.673623085021972656e+00 -1.617047786712646484e+00 3.094100952148437500e-01 -1.596987247467041016e-01 1.327874511480331421e-01 7.186517864465713501e-02
5.359538574218750000e+02 3.152391662597656250e+02 1.768620014190673828e+00 6.362435817718505859e+00 1.622111797332763672e+00 6.508588790893554688e-02 7.996726036071777344e-01 6.263411790132522583e-02 9.841714054346084595e-02
6.909311523437500000e+02 1.571826171875000000e+01 2.363287210464477539e+00 7.398342609405517578e+00 -8.463373184204101562e+00 -6.439602375030517578e-01 -1.263941526412963867e+00 6.133805587887763977e-02 7.991462200880050659e-02
6.087298583984375000e+02 2.513367462158203125e+02 1.998841524124145508e+00 6.704774856567382812e+00 1.375086307525634766e+00 1.288676261901855469e-01 4.217791557312011719e-01 1.575455814599990845e-01 8.470366895198822021e-02
2.463884887695312500e+02 7.124334106445312500e+02 1.355999708175659180e+00 5.343376636505126953e+00 -4.770994186401367188e-02 1.449108123779296875e-01 4.376554489135742188e-01 2.918735891580581665e-02 7.804938405752182007e-02
5.413682250976562500e+02 7.370408325195312500e+02 1.887991428375244141e+00 6.230928421020507812e+00 1.252851486206054688e+00 3.757357597351074219e-01 5.419683456420898438e-01 1.175409927964210510e-01 2.080108225345611572e-01
5.338081665039062500e+02 6.907261962890625000e+02 2.046116590499877930e+00 6.537359237670898438e+00 7.586026191711425781e-01 2.130270004272460938e-01 2.121663093566894531e-01 2.189657837152481079e-01 9.989279508590698242e-02
6.015152587890625000e+02 1.719600372314453125e+02 1.901077985763549805e+00 6.403274059295654297e+00 2.684462070465087891e+00 8.241271972656250000e-01 6.001901626586914062e-01 1.716014742851257324e-01 2.720794640481472015e-02
7.312689208984375000e+02 3.384373092651367188e+01 2.222118854522705078e+00 7.127164363861083984e+00 -8.078346252441406250e+00 -9.066331386566162109e-01 -1.623716354370117188e+00 1.164638549089431763e-01 1.666530370712280273e-01
6.415559082031250000e+02 2.758014831542968750e+02 1.834256887435913086e+00 6.004602432250976562e+00 1.050250530242919922e+00 1.374912261962890625e-01 4.341125488281250000e-02 1.494029313325881958e-01 1.239060163497924805e-01
5.916094360351562500e+02 6.355484619140625000e+02 1.816706657409667969e+00 6.413269996643066406e+00 -4.410195350646972656e-01 -3.651499748229980469e-02 5.304121971130371094e-01 9.966519474983215332e-02 5.605613812804222107e-02
4.944109802246093750e+02 5.118311767578125000e+02 1.963236331939697266e+00 6.660020828247070312e+00 2.338666915893554688e+00 7.475066184997558594e-01 9.025716781616210938e-01 2.102265059947967529e-01 1.591244637966156006e-01
6.453494873046875000e+02 3.471058654785156250e+02 1.532440781593322754e+00 5.559334278106689453e+00 6.927609443664550781e-01 -1.694929599761962891e-01 4.131484031677246094e-01 6.501125544309616089e-02 2.919564247131347656e-01
5.906881103515625000e+02 5.133715209960937500e+02 1.627067089080810547e+00 5.897386074066162109e+00 7.877874374389648438e-01 -1.127636432647705078e-01 2.732515335083007812e-02 1.309030055999755859e-01 1.850509047508239746e-01
5.578852539062500000e+02 6.537307739257812500e+02 1.943272948265075684e+00 6.518018722534179688e+00 -1.980844736099243164e+00 -3.332149982452392578e-01 4.500985145568847656e-01 1.406026780605316162e-01 1.366104334592819214e-01
4.802453918457031250e+02 7.573894653320312500e+02 1.873285770416259766e+00 6.306141376495361328e+00 1.424262523651123047e+00 5.748701095581054688e-01 7.519602775573730469e-01 1.678878962993621826e-01 2.108571827411651611e-01
5.267443847656250000e+02 6.931164550781250000e+02 2.146821975708007812e+00 6.832344055175781250e+00 -8.397173881530761719e-01 2.010321617126464844e-01 -7.395613193511962891e-01 9.546626359224319458e-02 6.670913845300674438e-02
6.037814331054687500e+02 3.306271362304687500e+02 1.418574094772338867e+00 5.411360263824462891e+00 -2.650213241577148438e-01 9.821653366088867188e-02 8.824157714843750000e-01 4.597876220941543579e-02 5.560094118118286133e-02
5.493256225585937500e+02 6.490587158203125000e+02 1.947856187820434570e+00 6.408725738525390625e+00 -1.128578186035156250e+00 -4.969000816345214844e-02 8.581757545471191406e-01 1.273647993803024292e-01 2.359118461608886719e-01
5.741264648437500000e+02 6.826800537109375000e+02 2.033752441406250000e+00 6.483405113220214844e+00 1.550247669219970703e+00 2.724218368530273438e-01 7.129168510437011719e-01 1.360345929861068726e-01 1.736308336257934570e-01
5.767670288085937500e+02 3.498391113281250000e+02 1.555676460266113281e+00 5.653693675994873047e+00 2.694342136383056641e+00 5.412340164184570312e-01 -6.262147426605224609e-01 1.629101932048797607e-01 1.706194318830966949e-02
2.583728637695312500e+02 7.704779052734375000e+02 1.653069496154785156e+00 6.154099941253662109e+00 2.246916294097900391e+00 1.264476776123046875e-01 7.538843154907226562e-01 1.384596526622772217e-02 8.325640857219696045e-02
5.954194335937500000e+02 3.152488098144531250e+02 1.398938655853271484e+00 5.486252307891845703e+00 -1.246212720870971680e+00 -2.752959728240966797e-01 5.353903770446777344e-01 1.135999262332916260e-01 1.387395709753036499e-01
6.167629394531250000e+02 3.221616210937500000e+02 1.555544137954711914e+00 5.552911758422851562e+00 7.824277877807617188e-01 -8.463621139526367188e-02 3.074789047241210938e-01 4.098990932106971741e-02 8.703530579805374146e-02
5.880301513671875000e+02 3.379295349121093750e+02 1.541029214859008789e+00 5.487668991088867188e+00 -7.477331161499023438e-01 3.147125244140625000e-02 -2.192628383636474609e-01 1.483486443758010864e-01 6.600612401962280273e-02
1.546843414306640625e+02 1.126122589111328125e+02 1.302778124809265137e+00 5.413367271423339844e+00 2.968692779541015625e+00 8.954358100891113281e-01 7.785415649414062500e-01 1.823228299617767334e-01 2.592951953411102295e-01
5.921705322265625000e+02 2.737292785644531250e+02 1.581958532333374023e+00 5.966107845306396484e+00 9.348368644714355469e-01 4.957675933837890625e-02 -1.746821403503417969e-01 1.669780611991882324e-01 6.020879372954368591e-02
5.871846923828125000e+02 2.925492858886718750e+02 1.385022163391113281e+00 5.320975303649902344e+00 2.845225334167480469e+00 6.494212150573730469e-01 1.085948944091796875e-01 1.718215942382812500e-01 5.052936822175979614e-02
5.649461059570312500e+02 2.325745391845703125e+02 1.502355337142944336e+00 5.668142318725585938e+00 4.487993717193603516e+00 5.101466178894042969e-01 -3.734433650970458984e-01 2.141828089952468872e-01 6.197794526815414429e-02
5.737188720703125000e+02 3.521900024414062500e+02 1.565302371978759766e+00 5.480241298675537109e+00 -8.785820007324218750e-01 -2.837920188903808594e-01 8.726596832275390625e-02 9.897318482398986816e-02 1.009744033217430115e-01
