5.626409436989999813e+04 1.943451062350741942e+00 3.909553208592732310e-02
5.626721580169999652e+04 1.981508165894388940e+00 6.510965697071309510e-02
5.627110682120000274e+04 1.944476052717799330e+00 3.855019047349027977e-02
5.627812218910000229e+04 1.889871222380945515e+00 3.716244538315888885e-02
5.628413958439999988e+04 1.331538021063345845e+00 7.490731220528867862e-02
5.629610173509999731e+04 1.923995442426135183e+00 4.417337460029555768e-02
5.630612842969999474e+04 1.988902486470734754e+00 5.836134550986515901e-02
5.631508082590000413e+04 1.968643412551721816e+00 8.737769724008513650e-02
5.633103816369999549e+04 2.209654034175261739e+00 1.126925456483625909e-01
5.633204313589999947e+04 2.004316803682757442e+00 5.202953527254966515e-02
5.653619217239999853e+04 2.043224126019824727e+00 6.621195610412637655e-02
5.654320980393000355e+04 2.124695919896381735e+00 3.858043558287135855e-02
5.654719889236999734e+04 2.296152739781095242e+00 5.335754174481142226e-02
5.656315482122999674e+04 2.116473164300008758e+00 2.961481459464518004e-02
5.656714374493999640e+04 2.052817920653222217e+00 1.787758450221554885e-01
5.657512260873000196e+04 2.197329362583369861e+00 3.453790620677978096e-02
5.657911167035999824e+04 2.173221585414754742e+00 8.793498384366743581e-02
5.659109028555999976e+04 2.318736497442063893e+00 7.410655178551311950e-02
5.659506885956999758e+04 2.284415005079639460e+00 1.118590254150241686e-01
5.660204962977000105e+04 2.116587919814065355e+00 3.166378922348124514e-02
5.660909625229999801e+04 2.122687268364277013e+00 8.720188074724538607e-02
5.662809011985999678e+04 2.137419609997377901e+00 2.628486516262169143e-02
5.663506778787000076e+04 2.199945387576687672e+00 3.980150518409677346e-02
5.664509221111999796e+04 2.362988995329414976e+00 9.610354809938943810e-02
5.665304722148000292e+04 2.246473529518935752e+00 6.720893181480504242e-02
5.666010272929000348e+04 2.097824108836657597e+00 2.689973344282820672e-02
5.666707461832999979e+04 2.039905511833364216e+00 6.989269718470128567e-02
5.667511391551999986e+04 2.264941117464254638e+00 1.340511890735251177e-01
5.668209526786999777e+04 2.184435661632804226e+00 3.169293940416785527e-02
5.669003524895999726e+04 2.133265382958061451e+00 4.743899821191085303e-02
5.669706557675999647e+04 2.048471424184837186e+00 8.060166064415361098e-02
5.688726752647000103e+04 1.909711788956248268e+00 3.775179714510423779e-02
5.689140642379000201e+04 1.929817195182457645e+00 2.388758916458723694e-02
5.690422063953999896e+04 1.867542025689699292e+00 6.955354222336754266e-02
5.691529188471999805e+04 1.916942673820984488e+00 5.694780191851654683e-02
5.692330171977000282e+04 2.114764326172672515e+00 4.142129752470120191e-02
5.692417981249999866e+04 1.997211197214228351e+00 2.441744214114785830e-02
5.693116080699000304e+04 1.953494009439020740e+00 5.321838931133471284e-02
5.693636095016999752e+04 1.970972532033091973e+00 6.441775576044353468e-02
5.694324464350999915e+04 1.896477672227907973e+00 5.634865086324312294e-02
5.695132782422000309e+04 1.920286967152157187e+00 6.034217950620541365e-02
5.695620345554999949e+04 1.829941307556570029e+00 3.223689488480490500e-02
5.696022611163999682e+04 1.919562628140117244e+00 3.490013634187162650e-02
5.697307251746000111e+04 1.923915413066926705e+00 2.788977333728432512e-02
5.698006558858999779e+04 1.901728715767122768e+00 2.494206928539393492e-02
5.698707060381000338e+04 1.977829455545063952e+00 2.783751510297050383e-02
5.699007122335000167e+04 1.753636513624382554e+00 8.455035715848278899e-02
5.699206133476000105e+04 1.815222315649694274e+00 7.062186684086281530e-02
5.700122554156999831e+04 1.873975848329208160e+00 9.960876680778742165e-02
5.700507202911999775e+04 2.037840096618341867e+00 4.509739876211537463e-02
5.701405555502999778e+04 1.904761237268684848e+00 3.587781420620424211e-02
5.701908442844999809e+04 1.978084722777643689e+00 6.543234554368268507e-02
5.702609134651999921e+04 1.644957814910100069e+00 9.702035765536853873e-02
5.703303963700999884e+04 1.769305595913124529e+00 5.227173307148782339e-02
5.704004273123999883e+04 1.810536583077243300e+00 5.878268072874253541e-02
5.704504570278000028e+04 1.843180966922503439e+00 5.283082006662707247e-02
5.705203478098999767e+04 1.973278119102970463e+00 1.122821360554791953e-01
5.724927907293001044e+04 1.804765221008446385e+00 2.240673732969793511e-02
5.725332950813999923e+04 1.849570851750901745e+00 2.227314611174455172e-02
5.725726738992000173e+04 2.004663349633444724e+00 2.766937750177786773e-02
5.727332848489999742e+04 1.882806424630468989e+00 1.876135115876345974e-02
5.727829841347999900e+04 1.891578796564601150e+00 1.517394842826194287e-02
5.729833140991000255e+04 1.785470157475519626e+00 5.918985278094535812e-02
5.729913921488999767e+04 1.947901017955813385e+00 2.294114851632793675e-02
5.730419155011000112e+04 1.996064090139936242e+00 3.533672085913309308e-02
5.731127997021000192e+04 2.025992337548291999e+00 1.586109238951795980e-02
5.731220845048999763e+04 1.903300158135234676e+00 7.130026136754175070e-02
5.731519192594000197e+04 2.020731109823425520e+00 3.044465377461252203e-02
5.731926251832999696e+04 1.818969479914947174e+00 9.656572432370294501e-02
5.732706293518000166e+04 1.985808053492706726e+00 1.270127537881299631e-02
5.732916182967000350e+04 1.966631052499084431e+00 6.220759714560536446e-02
5.733105362348999915e+04 1.954879358669900258e+00 1.709675599388970832e-02
5.733914847569999984e+04 2.001476214636336959e+00 3.819001647404064032e-02
5.734602430790999642e+04 1.842785856791317789e+00 5.499559157800227444e-02
5.735609574363999855e+04 2.016357246800246639e+00 5.927152431776597750e-03
5.736605369026999688e+04 2.017801010489078894e+00 7.852362092331035062e-03
5.737305054373000166e+04 1.813287638327906626e+00 2.644302340742232804e-02
5.738510707856999943e+04 1.842613294960153469e+00 2.770020606263769516e-02
5.738907165969999915e+04 2.063293398130346290e+00 1.759687703028467096e-02
5.739605896345999645e+04 1.951894146873769831e+00 1.737186036333364728e-02
5.740305920186999720e+04 1.994051450079878718e+00 3.956584841527960306e-02
5.742706339195000328e+04 1.920992531287830651e+00 3.027110686261608175e-02
5.762524837475999811e+04 2.205881031485449117e+00 5.507284628618626388e-02
5.763123054964999756e+04 2.176368782464105589e+00 3.330879772790843601e-02
5.763621830952000164e+04 2.221754485559696679e+00 4.790691856804967647e-02
5.764229480363000039e+04 2.154774102010311942e+00 2.703328417560172184e-02
5.765329183038000338e+04 2.144726988418104163e+00 4.405565114680583261e-02
5.765723646842999733e+04 2.202430139266418063e+00 3.398144930123617874e-02
5.766237700256000244e+04 2.146756755698496999e+00 3.911368735944373981e-02
5.766911187827999674e+04 2.211086092910183876e+00 4.799778027238200961e-02
5.768109324208999897e+04 2.135755111768111725e+00 5.260744296806667275e-02
5.768615113275500335e+04 2.287876031140970490e+00 3.548918574535676190e-02
5.768709091490000719e+04 2.123641501619855099e+00 3.614436080087707337e-02
5.769419850038999721e+04 2.167163462579748234e+00 3.542955011927555881e-02
5.770106736583000020e+04 2.251437691608463076e+00 8.671527376766598183e-02
5.770903459023000323e+04 2.170602585588716771e+00 2.447378368334668028e-02
5.771418335289000242e+04 2.121969398296569498e+00 2.788716851027701893e-02
5.771806982619999326e+04 2.177023520763152309e+00 3.227248188881825380e-02
5.772207222683000145e+04 2.157398210180111242e+00 2.223498011655751852e-02
5.772804528151999693e+04 2.106200991183591498e+00 4.166136981615598672e-02
5.773911474066999654e+04 2.240940586856663419e+00 6.322115632692407172e-02
5.774406209846000274e+04 2.203189648659267252e+00 3.227013638616504226e-02
5.775005454520999774e+04 2.175131502835407904e+00 3.160845146309772258e-02
5.775310982535999938e+04 2.328474423413524619e+00 4.257894480827993655e-02
5.775606445114999951e+04 2.222022465242770917e+00 4.734764280068971820e-02
5.777207755455000006e+04 2.357040059021263456e+00 4.202813790120461801e-02
5.778005155067000305e+04 2.289721382709811071e+00 3.891066163768466118e-02
5.798633459895999840e+04 2.414255177796926333e+00 2.586316253055215980e-02
5.799125957365000068e+04 2.511020919961929554e+00 3.895561846182257065e-02
5.799540874122000241e+04 2.427573330848267652e+00 3.122909748334025404e-02
5.800819710353000119e+04 2.307422290440011459e+00 8.879453162551334544e-02
5.801019285043999844e+04 2.408767224260610185e+00 2.023811935169265649e-02
5.801918021199999930e+04 2.402141549518713060e+00 2.628630515829297881e-02
5.802229051859999890e+04 2.351953256388191527e+00 2.772931461936729153e-02
5.802616283647999808e+04 2.405725612067377561e+00 8.932691522513569460e-02
5.803622719687999779e+04 2.343712239561650978e+00 7.704020779974390942e-02
5.804014785819000099e+04 2.473220356973647061e+00 3.619103187442861830e-02
5.804509791463999863e+04 2.363406897996212841e+00 2.518404020802101836e-02
5.805221774174999882e+04 2.445183878404889377e+00 3.384050747520465224e-02
5.806406417423999665e+04 2.448459213457949257e+00 3.190943261751982146e-02
5.807106790126000124e+04 2.313093788263230977e+00 3.099317292226817094e-02
5.807613561140999809e+04 2.443180366672027315e+00 3.014837015436503884e-02
5.808207513501000358e+04 2.392560034826946680e+00 4.492441265250594201e-02
5.809204762530000153e+04 2.259476744722772157e+00 7.550627416259447777e-02
5.809708991760000208e+04 2.410625901229894730e+00 2.142228855637074922e-02
5.810204054146999988e+04 2.377143394904690510e+00 3.743011936400338080e-02
5.810905614909999713e+04 2.447194439288618906e+00 1.868319018215151145e-02
5.811306307814000320e+04 2.391260030582297968e+00 3.883485289331597978e-02
5.812210040827000194e+04 2.027216317227396480e+00 7.921632414424248370e-02
5.812905624543999875e+04 2.492045249302396126e+00 2.013246768687756288e-02
5.813605388022000261e+04 2.480445662830680575e+00 2.459587074254519778e-02
5.837227729069999623e+04 2.187073656504829433e+00 1.860435467180164212e-02
5.840122473177999927e+04 2.155978982010098299e+00 3.100127197665130188e-02
5.843115708017999714e+04 2.167849548656211045e+00 3.348755358176761648e-02
5.845116114360000211e+04 2.151904576877892161e+00 1.997231113488718776e-02
