1.762761077880859375e+02 4.758729338645935059e-01 4.286504745483398438e+00 6.227159500122070312e-01 1.990556716918945312e-02 2.248424142599105835e-01
1.187309951782226562e+02 5.127509832382202148e-01 4.397951126098632812e+00 -2.785420417785644531e-01 -3.971278667449951172e-01 2.866587042808532715e-01
1.342665252685546875e+02 4.680864810943603516e-01 4.767440795898437500e+00 -1.027197837829589844e+00 -1.215668916702270508e+00 6.573613882064819336e-01
7.968546142578125000e+02 3.391567707061767578e+00 1.051008892059326172e+01 2.128124237060546875e-01 -5.076408386230468750e-02 2.763538062572479248e-01
1.018061676025390625e+02 2.714163303375244141e+00 9.057723045349121094e+00 -2.123991250991821289e+00 -1.274622678756713867e+00 3.301708102226257324e-01
1.737273406982421875e+02 7.588703036308288574e-01 4.494757175445556641e+00 2.588486671447753906e-01 -2.175235748291015625e-01 2.609872817993164062e-01
1.437168273925781250e+02 1.330227494239807129e+00 6.011392593383789062e+00 -1.288067102432250977e+00 -4.125797748565673828e-01 2.901377975940704346e-01
1.705653228759765625e+02 9.344099760055541992e-01 4.962434768676757812e+00 1.886365413665771484e+00 -3.152370452880859375e-02 5.776271820068359375e-01
1.266173019409179688e+02 3.019269943237304688e+00 9.968890190124511719e+00 -3.689209222793579102e+00 -3.130912780761718750e-02 4.200104251503944397e-02
1.336870574951171875e+02 3.828980922698974609e-01 3.781247854232788086e+00 -4.450035095214843750e-01 -3.714001178741455078e-01 7.758424282073974609e-01
1.792273101806640625e+02 7.343354225158691406e-01 5.084905147552490234e+00 -1.591289043426513672e+00 -7.949686050415039062e-01 3.544458150863647461e-01
1.462425231933593750e+02 1.015501379966735840e+00 5.735832691192626953e+00 -2.243885993957519531e+00 -1.168509721755981445e+00 4.325759708881378174e-01
1.630147399902343750e+02 2.322534561157226562e+00 7.945463657379150391e+00 4.618215560913085938e-01 -4.095387458801269531e-01 5.018962621688842773e-01
1.216408843994140625e+02 2.366233587265014648e+00 8.195147514343261719e+00 -3.306409120559692383e+00 -1.435785293579101562e+00 3.375324010848999023e-01
1.143898925781250000e+02 6.947082877159118652e-01 4.731646537780761719e+00 -1.044700145721435547e+00 -6.929397583007812500e-02 1.580453515052795410e-01
1.019832153320312500e+02 6.327564120292663574e-01 4.842787742614746094e+00 -7.112228870391845703e-01 1.148462295532226562e-02 2.216204106807708740e-01
9.432534790039062500e+01 8.955708742141723633e-01 5.072942256927490234e+00 -1.541769504547119141e-01 -4.202497005462646484e-01 3.415782451629638672e-01
1.780831146240234375e+02 5.554585456848144531e-01 4.399716377258300781e+00 -1.410031318664550781e-01 -3.804421424865722656e-01 2.495018392801284790e-01
1.570015106201171875e+02 3.195631027221679688e+00 9.968371391296386719e+00 -1.477577686309814453e+00 -9.415423870086669922e-01 3.862103223800659180e-01
1.603047180175781250e+02 5.686961412429809570e-01 4.785915374755859375e+00 -3.369081020355224609e-01 -4.865717887878417969e-01 4.619227349758148193e-01
1.153137359619140625e+02 7.309227585792541504e-01 5.429481029510498047e+00 2.120187282562255859e+00 6.924843788146972656e-01 2.522231340408325195e-01
1.233507766723632812e+02 7.369468212127685547e-01 5.038455963134765625e+00 -9.972989559173583984e-01 -5.555629730224609375e-01 3.975548744201660156e-01
1.226404571533203125e+02 5.644040703773498535e-01 4.487443447113037109e+00 -3.614068031311035156e-01 -7.496595382690429688e-02 4.238976240158081055e-01
1.123048400878906250e+02 9.021733999252319336e-01 5.079477787017822266e+00 3.085947036743164062e-01 -1.777839660644531250e-01 3.928587138652801514e-01
1.514068603515625000e+02 2.462453365325927734e+00 8.352686882019042969e+00 -2.855253219604492188e+00 -8.648955821990966797e-01 2.781044542789459229e-01
1.075208816528320312e+02 5.141806006431579590e-01 4.425796508789062500e+00 -1.406383514404296875e-01 -3.087615966796875000e-01 3.605090081691741943e-01
1.161586532592773438e+02 5.134814381599426270e-01 4.446878910064697266e+00 1.376461982727050781e-01 -3.368186950683593750e-01 4.488416314125061035e-01
1.430610351562500000e+02 6.296745538711547852e-01 4.934223651885986328e+00 4.582142829895019531e-01 -3.238677978515625000e-02 1.972500085830688477e-01
1.012821807861328125e+02 1.131824851036071777e+00 5.567818164825439453e+00 -1.816297769546508789e+00 -2.519106864929199219e-01 2.231237441301345825e-01
1.513257598876953125e+02 1.024858355522155762e+00 5.625005722045898438e+00 -2.451782226562500000e+00 -1.375032663345336914e+00 4.346646666526794434e-01
1.118424072265625000e+02 4.910644292831420898e-01 4.298440456390380859e+00 -5.089819431304931641e-01 -1.700484752655029297e-01 2.346972823143005371e-01
1.377255859375000000e+02 5.411816835403442383e-01 4.356673240661621094e+00 -6.106770038604736328e-01 -1.619029045104980469e-01 3.714729547500610352e-01
1.150768051147460938e+02 4.870883226394653320e-01 4.052705287933349609e+00 -3.849947452545166016e-01 -6.869375705718994141e-01 3.952601552009582520e-01
1.481263275146484375e+02 5.852448344230651855e-01 4.733723163604736328e+00 -7.481932640075683594e-02 -1.304092407226562500e+00 9.450542926788330078e-01
1.733359985351562500e+02 9.899991154670715332e-01 5.753146171569824219e+00 -5.788624286651611328e-01 -2.945077419281005859e-01 2.178954184055328369e-01
1.601367187500000000e+02 6.961316466331481934e-01 4.842138290405273438e+00 -1.238833665847778320e+00 -1.010906696319580078e+00 5.958089828491210938e-01
1.484157562255859375e+02 7.031883597373962402e-01 4.824325084686279297e+00 1.892089843750000000e-01 -4.815399646759033203e-01 1.548154652118682861e-01
1.444247131347656250e+02 7.643235921859741211e-01 4.923095703125000000e+00 1.248064041137695312e+00 -1.108884811401367188e-01 4.175757765769958496e-01
1.423710174560546875e+02 1.591471076011657715e+00 6.044851303100585938e+00 -3.480241298675537109e+00 -9.242236614227294922e-01 2.479086518287658691e-01
1.372162780761718750e+02 6.925103068351745605e-01 5.023834228515625000e+00 4.831719398498535156e-01 3.597187995910644531e-01 4.572144746780395508e-01
8.681897735595703125e+01 6.930226087570190430e-01 4.957569599151611328e+00 4.408454895019531250e-01 -9.361147880554199219e-02 4.092654585838317871e-01
1.264113159179687500e+02 3.253196477890014648e-01 4.308166980743408203e+00 1.341629028320312500e-01 9.230375289916992188e-02 3.783420324325561523e-01
1.252133102416992188e+02 6.552689075469970703e-01 4.458870887756347656e+00 8.291506767272949219e-01 1.829218864440917969e-01 3.742678463459014893e-01
1.661111755371093750e+02 7.623389363288879395e-01 5.301263809204101562e+00 3.261399269104003906e-01 -8.502542972564697266e-01 4.743493199348449707e-01
1.264526214599609375e+02 1.104555368423461914e+00 5.753163814544677734e+00 1.679196357727050781e+00 -2.745056152343750000e-01 3.243495523929595947e-01
1.375296936035156250e+02 5.319393277168273926e-01 4.544322967529296875e+00 5.376195907592773438e-01 -3.093481063842773438e-02 4.087278842926025391e-01
1.326974792480468750e+02 1.185360670089721680e+00 6.048130989074707031e+00 1.727163791656494141e+00 1.997447013854980469e-01 3.107006847858428955e-01
1.798960266113281250e+02 1.394459962844848633e+00 6.614152908325195312e+00 1.247205734252929688e+00 -9.769320487976074219e-02 4.203920364379882812e-01
1.169867019653320312e+02 7.361437678337097168e-01 4.801770210266113281e+00 3.336930274963378906e-01 -7.289171218872070312e-02 3.143953680992126465e-01
1.221516952514648438e+02 1.176441073417663574e+00 5.675673007965087891e+00 6.828856468200683594e-01 2.020525932312011719e-01 2.910104691982269287e-01
1.176245727539062500e+02 6.465923190116882324e-01 4.653886318206787109e+00 3.583431243896484375e-03 -1.854526996612548828e-01 2.718537449836730957e-01
4.800412750244140625e+01 4.061721563339233398e-01 4.175202846527099609e+00 3.435468673706054688e-01 4.316973686218261719e-01 2.130227088928222656e-01
7.850102996826171875e+01 8.204089403152465820e-01 5.113698005676269531e+00 9.210920333862304688e-01 -2.210855484008789062e-02 2.771969437599182129e-01
1.439414672851562500e+02 6.970461010932922363e-01 5.198364734649658203e+00 -6.158721446990966797e-01 -1.108644008636474609e+00 4.848832488059997559e-01
1.777200012207031250e+02 1.040880084037780762e+00 5.688956737518310547e+00 -1.551866531372070312e+00 -1.263710260391235352e+00 4.100238680839538574e-01
1.235550384521484375e+02 1.223255634307861328e+00 5.930259704589843750e+00 6.080675125122070312e-01 -1.308500766754150391e-01 3.686158657073974609e-01
3.778110504150390625e+01 3.608236551284790039e+00 1.098204994201660156e+01 1.042618560791015625e+01 1.397554874420166016e+00 1.387975215911865234e-01
1.558093719482421875e+02 8.735617399215698242e-01 5.184345245361328125e+00 -1.001161336898803711e+00 -9.055030345916748047e-01 5.237607359886169434e-01
1.149139862060546875e+02 1.086343526840209961e+00 5.755636692047119141e+00 -1.926500797271728516e+00 -7.638275623321533203e-01 3.565263450145721436e-01
1.308113861083984375e+02 4.257925152778625488e-01 4.243453502655029297e+00 3.157305717468261719e-01 -3.396332263946533203e-01 3.809716701507568359e-01
1.630217742919921875e+02 4.759147763252258301e-01 4.112585544586181641e+00 4.347562789916992188e-01 -1.326448917388916016e+00 9.212164878845214844e-01
8.085341644287109375e+01 3.884234428405761719e-01 4.317455768585205078e+00 -4.188096523284912109e-01 -1.250648498535156250e-01 3.310094475746154785e-01
1.198475799560546875e+02 9.057718515396118164e-01 5.403386116027832031e+00 1.090979576110839844e-01 -2.565085887908935547e-01 4.190352559089660645e-01
1.402567901611328125e+02 7.170666456222534180e-01 4.687128543853759766e+00 7.794737815856933594e-01 3.457951545715332031e-01 5.142983198165893555e-01
2.056382904052734375e+02 1.161122083663940430e+00 5.593477249145507812e+00 -1.229912042617797852e+00 -5.977666378021240234e-01 1.173324510455131531e-01
1.447241973876953125e+02 6.884655356407165527e-01 4.785398960113525391e+00 4.873013496398925781e-01 -3.283905982971191406e-01 5.655262470245361328e-01
1.220724716186523438e+02 1.504383325576782227e+00 6.739882469177246094e+00 -1.550358533859252930e+00 -1.006391048431396484e+00 5.938249230384826660e-01
6.835695800781250000e+02 4.675233960151672363e-01 4.739986896514892578e+00 -6.858217716217041016e-01 -5.934596061706542969e-02 7.961603999137878418e-02
1.429806060791015625e+02 7.912465333938598633e-01 4.788686752319335938e+00 3.812742233276367188e-01 -3.467702865600585938e-01 2.782776951789855957e-01
1.016800994873046875e+02 2.310638427734375000e+00 8.280451774597167969e+00 -2.388262748718261719e+00 -6.407213211059570312e-01 1.485637128353118896e-01
6.171031188964843750e+01 8.559389114379882812e-01 5.332828521728515625e+00 5.601406097412109375e-02 -3.933763504028320312e-01 4.307144880294799805e-01
5.085450744628906250e+02 1.157483935356140137e+00 5.755517482757568359e+00 2.383809089660644531e+00 5.536365509033203125e-01 1.485643088817596436e-01
1.449953002929687500e+02 1.249610662460327148e+00 5.985084533691406250e+00 -2.450668811798095703e+00 -6.494176387786865234e-01 3.227822184562683105e-01
9.853581237792968750e+01 1.317855000495910645e+00 6.020271301269531250e+00 -3.280370235443115234e+00 -6.528031826019287109e-01 1.442921161651611328e-01
1.585416107177734375e+02 9.586133360862731934e-01 5.044402122497558594e+00 -5.452752113342285156e-01 -2.393984794616699219e-01 1.591752469539642334e-01
1.910872650146484375e+02 8.790697455406188965e-01 5.043237209320068359e+00 1.132979393005371094e+00 -2.186977863311767578e-01 1.625777482986450195e-01
1.668170471191406250e+02 4.986711740493774414e-01 4.846749782562255859e+00 1.205732822418212891e+00 2.102088928222656250e-01 4.614982604980468750e-01
1.083086700439453125e+02 2.046765804290771484e+00 7.690234184265136719e+00 3.537440299987792969e-01 -3.375685214996337891e-01 2.566793262958526611e-01
4.265968322753906250e+01 4.402206540107727051e-01 4.686677932739257812e+00 2.782607078552246094e-01 1.039028167724609375e-01 2.684355378150939941e-01
1.262830123901367188e+02 7.613407969474792480e-01 4.832681655883789062e+00 1.635093688964843750e+00 2.554178237915039062e-01 3.144475221633911133e-01
1.238261337280273438e+02 7.402859926223754883e-01 4.679809093475341797e+00 1.361250877380371094e-01 1.525568962097167969e-01 4.211620688438415527e-01
1.567014160156250000e+02 6.176149845123291016e-01 4.615775108337402344e+00 -4.630589485168457031e-01 -3.783702850341796875e-03 3.673918843269348145e-01
1.449201049804687500e+02 1.138118386268615723e+00 5.818139553070068359e+00 -2.125222682952880859e+00 -6.593990325927734375e-01 3.103226125240325928e-01
1.219427108764648438e+02 5.871903300285339355e-01 4.781729698181152344e+00 -3.224527835845947266e-01 -4.266500473022460938e-02 2.932630479335784912e-01
1.624587097167968750e+02 1.932066202163696289e+00 7.320384502410888672e+00 -2.845622301101684570e+00 -1.421582698822021484e+00 3.612025082111358643e-01
9.412039184570312500e+01 9.637492299079895020e-01 5.415902137756347656e+00 5.368351936340332031e-01 -1.115190982818603516e-01 3.174787461757659912e-01
1.777235412597656250e+02 1.364374160766601562e+00 6.355151653289794922e+00 -4.129798412322998047e+00 -1.775270700454711914e+00 2.870756685733795166e-01
1.540728149414062500e+02 1.458842992782592773e+00 6.246984481811523438e+00 -1.429262161254882812e+00 -9.327650070190429688e-01 3.652713894844055176e-01
1.016057128906250000e+02 4.797204732894897461e-01 4.582064151763916016e+00 -7.256436347961425781e-01 -1.888895034790039062e-01 3.802344501018524170e-01
1.528545532226562500e+02 6.500352025032043457e-01 4.189301490783691406e+00 -8.704829216003417969e-01 -3.843927383422851562e-01 2.196002900600433350e-01
1.709971618652343750e+02 7.442447543144226074e-01 4.839803218841552734e+00 7.373046875000000000e-01 2.598810195922851562e-01 2.887994945049285889e-01
7.895352172851562500e+01 7.117331624031066895e-01 5.169835567474365234e+00 7.304906845092773438e-02 -1.388156414031982422e-01 2.628539800643920898e-01
2.116222839355468750e+02 5.096415877342224121e-01 4.236444950103759766e+00 1.819133758544921875e-01 8.307695388793945312e-02 7.965551316738128662e-02
1.643730163574218750e+02 9.222100377082824707e-01 5.272360801696777344e+00 -3.170728683471679688e-01 -2.260804176330566406e-01 3.559253811836242676e-01
1.351936950683593750e+02 8.137799501419067383e-01 4.942654132843017578e+00 -1.035368442535400391e-01 -3.970050811767578125e-01 3.770849406719207764e-01
1.247383575439453125e+02 1.070303916931152344e+00 5.372149467468261719e+00 -1.703060865402221680e+00 -9.200346469879150391e-01 2.926246523857116699e-01
1.387688751220703125e+02 8.654072880744934082e-01 5.312575340270996094e+00 4.767894744873046875e-02 -1.326000690460205078e-01 2.029517441987991333e-01
1.330599060058593750e+02 5.330529808998107910e-01 4.160609245300292969e+00 5.899834632873535156e-01 -3.932356834411621094e-01 4.837882518768310547e-01
1.969304962158203125e+02 1.503386616706848145e+00 6.511394500732421875e+00 1.516621112823486328e+00 2.199172973632812500e-01 3.192963898181915283e-01
1.656932525634765625e+02 1.380937337875366211e+00 6.197438716888427734e+00 -5.236995220184326172e-01 -4.251444339752197266e-01 3.739243447780609131e-01
1.471182556152343750e+02 5.358557105064392090e-01 4.332993030548095703e+00 2.068233489990234375e-01 -6.091225147247314453e-01 7.402031421661376953e-01
1.521006164550781250e+02 1.529907941818237305e+00 6.623508453369140625e+00 6.505775451660156250e-01 1.529693603515625000e-02 2.833339869976043701e-01
7.148281097412109375e+01 1.166353106498718262e+00 6.012416839599609375e+00 2.236413955688476562e+00 6.793284416198730469e-01 3.839531242847442627e-01
7.961725616455078125e+01 7.062791585922241211e-01 5.036367416381835938e+00 -1.865521669387817383e+00 -1.228284835815429688e+00 5.577877163887023926e-01
1.327736206054687500e+02 8.623052239418029785e-01 4.824117183685302734e+00 -3.136932849884033203e-01 -7.573556900024414062e-01 3.724797070026397705e-01
7.885259246826171875e+01 1.089865803718566895e+00 5.560698986053466797e+00 3.550243377685546875e-01 2.920389175415039062e-02 3.175892829895019531e-01
1.514768066406250000e+02 8.584004640579223633e-01 4.950657367706298828e+00 -1.524153947830200195e+00 -1.303943395614624023e+00 3.683999180793762207e-01
1.194189682006835938e+02 2.408003807067871094e-01 3.776287794113159180e+00 4.066872596740722656e-01 -1.980030536651611328e-01 2.953818142414093018e-01
1.503321533203125000e+02 7.290130257606506348e-01 4.931612014770507812e+00 -5.906343460083007812e-01 -3.271222114562988281e-01 2.613798081874847412e-01
1.577626342773437500e+02 1.059946656227111816e+00 5.287310600280761719e+00 1.387434005737304688e+00 -7.866024971008300781e-02 2.520310282707214355e-01
1.088450088500976562e+02 1.288071393966674805e+00 6.077340126037597656e+00 -3.860354423522949219e-01 -7.562577724456787109e-01 4.584324657917022705e-01
8.704970550537109375e+01 5.585275292396545410e-01 4.716185092926025391e+00 -1.548624038696289062e-01 -4.231333732604980469e-01 6.004225611686706543e-01
8.253009033203125000e+01 7.437961101531982422e-01 5.228035926818847656e+00 5.412626266479492188e-01 2.703309059143066406e-01 6.129194498062133789e-01
1.687244567871093750e+02 1.153944849967956543e+00 5.618354320526123047e+00 2.977514266967773438e+00 4.152035713195800781e-01 4.098072052001953125e-01
1.432339935302734375e+02 4.482374191284179688e-01 4.355495452880859375e+00 -2.791547775268554688e-01 -1.002991199493408203e-01 3.263249695301055908e-01
1.338494262695312500e+02 7.387608885765075684e-01 4.782271385192871094e+00 -2.628207206726074219e-01 -5.371654033660888672e-01 2.614070773124694824e-01
1.559362182617187500e+02 2.212085247039794922e+00 8.403326034545898438e+00 -6.548538208007812500e+00 -3.469470739364624023e+00 4.689941108226776123e-01
1.537277832031250000e+02 1.668994784355163574e+00 6.863192081451416016e+00 1.374619007110595703e+00 1.252508163452148438e-01 4.193848967552185059e-01
1.528342285156250000e+02 6.287182569503784180e-01 4.713652610778808594e+00 -4.142880439758300781e-02 -2.381801605224609375e-01 3.521698117256164551e-01
2.803384017944335938e+01 9.792836904525756836e-01 5.884976387023925781e+00 2.480506896972656250e-02 -1.965510845184326172e-01 1.781944632530212402e-01
6.752619171142578125e+01 7.757417559623718262e-01 4.644176006317138672e+00 8.181262016296386719e-01 -1.909017562866210938e-02 4.007816016674041748e-01
9.758168792724609375e+01 6.701621413230895996e-01 4.554436683654785156e+00 7.972240447998046875e-02 1.427912712097167969e-01 1.897240430116653442e-01
9.195610046386718750e+01 9.243887066841125488e-01 4.870644092559814453e+00 6.498098373413085938e-02 -8.826613426208496094e-02 3.379539847373962402e-01
1.398932647705078125e+02 1.804345846176147461e+00 6.995892047882080078e+00 -4.310325622558593750e+00 -2.994316816329956055e+00 4.536527395248413086e-01
1.438488769531250000e+02 7.878115177154541016e-01 4.960409641265869141e+00 8.958053588867187500e-01 -1.784849166870117188e-01 3.017337322235107422e-01
1.370257720947265625e+02 5.855706334114074707e-01 4.507555007934570312e+00 -7.704019546508789062e-01 -6.171548366546630859e-01 4.968855977058410645e-01
1.452902374267578125e+02 8.859916329383850098e-01 5.263845443725585938e+00 -1.090625524520874023e+00 -2.700102329254150391e-01 5.164697170257568359e-01
1.689136047363281250e+02 7.580193281173706055e-01 5.431160926818847656e+00 9.295296669006347656e-01 -1.452851295471191406e-01 5.653998851776123047e-01
1.401112060546875000e+02 4.375150203704833984e-01 4.522070884704589844e+00 5.133342742919921875e-01 3.019189834594726562e-01 5.603491067886352539e-01
2.730039062500000000e+02 8.162790536880493164e-01 5.128526687622070312e+00 2.934336662292480469e-01 -1.894617080688476562e-01 6.339030340313911438e-03
1.100729370117187500e+02 1.681230664253234863e+00 7.234010696411132812e+00 -3.349190950393676758e+00 -1.378151178359985352e+00 3.611713349819183350e-01
1.427627258300781250e+02 6.274270415306091309e-01 5.093657970428466797e+00 3.919959068298339844e-01 -1.706063747406005859e-01 3.180441856384277344e-01
1.567118835449218750e+02 1.341614365577697754e+00 6.195626735687255859e+00 -2.543259859085083008e+00 -6.149840354919433594e-01 2.219845652580261230e-01
5.558015823364257812e+01 1.257536053657531738e+00 6.065958976745605469e+00 -3.456021547317504883e+00 -1.166566610336303711e+00 3.511463999748229980e-01
1.274935226440429688e+02 8.104448914527893066e-01 4.987091064453125000e+00 8.082890510559082031e-01 3.316092491149902344e-01 4.526619613170623779e-01
1.569205932617187500e+02 4.157930612564086914e-01 4.046389579772949219e+00 -3.177833557128906250e-01 -6.442403793334960938e-01 4.074558019638061523e-01
1.417373352050781250e+02 6.651558876037597656e-01 4.723234653472900391e+00 3.695893287658691406e-01 9.213447570800781250e-02 1.754304766654968262e-01
1.427733459472656250e+02 5.786285400390625000e-01 4.502589225769042969e+00 -2.112722396850585938e-01 -3.119599819183349609e-01 3.453060388565063477e-01
1.268990478515625000e+02 6.585116982460021973e-01 5.120175838470458984e+00 5.744409561157226562e-01 -3.469491004943847656e-01 2.765427231788635254e-01
1.402599182128906250e+02 1.765168070793151855e+00 6.945413589477539062e+00 1.714887619018554688e+00 1.259279251098632812e-01 2.311287075281143188e-01
1.313380584716796875e+02 8.990373611450195312e-01 5.355901241302490234e+00 1.809215545654296875e-01 -4.011392593383789062e-03 2.903496623039245605e-01
8.167589569091796875e+01 7.313883900642395020e-01 5.092957019805908203e+00 2.893590927124023438e-01 -8.313894271850585938e-02 2.539134323596954346e-01
1.058284988403320312e+02 1.032217264175415039e+00 5.651679992675781250e+00 1.038742065429687500e+00 -1.370048522949218750e-01 1.059017479419708252e-01
1.553596801757812500e+02 7.084621191024780273e-01 4.556480884552001953e+00 -6.183946132659912109e-01 -4.412698745727539062e-01 4.092109799385070801e-01
5.527387237548828125e+01 2.056859016418457031e+00 7.484627723693847656e+00 4.699571132659912109e+00 9.299445152282714844e-01 1.988510936498641968e-01
1.008495178222656250e+02 5.830234289169311523e-01 4.850217342376708984e+00 1.179847717285156250e+00 1.362562179565429688e-02 3.828360140323638916e-01
9.551298522949218750e+01 9.056034088134765625e-01 5.185781955718994141e+00 1.613750457763671875e+00 5.465817451477050781e-01 3.384597897529602051e-01
1.009682159423828125e+02 1.463190317153930664e+00 6.799107074737548828e+00 -3.862394094467163086e+00 -1.878205537796020508e+00 4.541302025318145752e-01
1.052616806030273438e+02 9.803326129913330078e-01 5.722137451171875000e+00 5.686187744140625000e-01 9.264945983886718750e-02 2.730849981307983398e-01
1.560836486816406250e+02 6.708838343620300293e-01 4.930564880371093750e+00 4.720497131347656250e-01 4.215002059936523438e-02 4.417150616645812988e-01
1.170804138183593750e+02 8.853561282157897949e-01 5.449834823608398438e+00 -7.618880271911621094e-01 -3.719365596771240234e-01 2.294055223464965820e-01
1.220866775512695312e+02 9.439264535903930664e-01 5.264605998992919922e+00 -6.648516654968261719e-01 -1.287555694580078125e-01 3.074769079685211182e-01
1.264398956298828125e+02 7.755797505378723145e-01 5.128756999969482422e+00 -4.083144664764404297e-01 -4.162979125976562500e-01 5.080500841140747070e-01
1.016800994873046875e+02 2.310638427734375000e+00 8.280451774597167969e+00 -2.388262748718261719e+00 -6.407213211059570312e-01 1.485637128353118896e-01
1.412998046875000000e+02 5.288104414939880371e-01 4.624903678894042969e+00 3.739142417907714844e-01 2.069616317749023438e-01 5.486184954643249512e-01
1.456914215087890625e+02 5.153332352638244629e-01 4.394865036010742188e+00 4.354691505432128906e-01 -7.429134845733642578e-01 6.549187898635864258e-01
8.561968231201171875e+01 7.198436260223388672e-01 4.438504695892333984e+00 3.591775894165039062e-01 -1.483929157257080078e-01 3.258556127548217773e-01
1.417198944091796875e+02 1.318907141685485840e+00 5.959631919860839844e+00 -8.606064319610595703e-01 -5.838704109191894531e-01 3.390589654445648193e-01
1.194621200561523438e+02 1.821249485015869141e+00 6.747097969055175781e+00 -7.646229267120361328e+00 -4.005515575408935547e+00 4.460012316703796387e-01
9.752114105224609375e+01 1.901270866394042969e+00 7.568136215209960938e+00 -9.116303920745849609e-01 -3.283858299255371094e-01 2.490697950124740601e-01
7.046550750732421875e+01 7.714155316352844238e-01 4.811209678649902344e+00 5.644321441650390625e-02 1.718115806579589844e-01 1.656085401773452759e-01
1.126049041748046875e+02 5.404582023620605469e-01 4.730518817901611328e+00 -8.466207981109619141e-01 -4.644381999969482422e-01 3.265122175216674805e-01
1.149466629028320312e+02 2.973371028900146484e+00 9.125181198120117188e+00 -3.937528133392333984e+00 -1.110924482345581055e+00 2.143644094467163086e-01
1.619195861816406250e+02 1.193130135536193848e+00 6.112498760223388672e+00 5.650687217712402344e-01 1.416015625000000000e-01 3.924390077590942383e-01
1.946933441162109375e+02 7.002359628677368164e-01 4.682219505310058594e+00 2.881789207458496094e-01 -8.132934570312500000e-02 4.853905439376831055e-01
1.365919952392578125e+02 3.923805952072143555e-01 4.686453342437744141e+00 1.872634887695312500e-01 -8.907675743103027344e-02 2.334532141685485840e-01
1.402753601074218750e+02 6.533082127571105957e-01 4.731048107147216797e+00 -8.878636360168457031e-01 -7.958412170410156250e-01 4.627150893211364746e-01
1.770682525634765625e+02 5.056661963462829590e-01 4.479369163513183594e+00 -9.317874908447265625e-02 -3.160166740417480469e-01 2.302853614091873169e-01
9.431909942626953125e+01 5.608179569244384766e-01 4.553180217742919922e+00 -2.946341037750244141e-01 -2.656257152557373047e-01 6.955936551094055176e-01
1.511063232421875000e+02 9.165714979171752930e-01 5.235689163208007812e+00 8.467292785644531250e-01 -4.549217224121093750e-01 3.628294467926025391e-01
1.086225128173828125e+02 6.250717043876647949e-01 4.689699649810791016e+00 -1.108186244964599609e+00 -1.223446130752563477e+00 6.278535127639770508e-01
1.263152465820312500e+02 3.499072790145874023e-01 4.063119888305664062e+00 -4.162323474884033203e-01 -7.333159446716308594e-02 9.275102019309997559e-01
1.750297546386718750e+02 6.191778182983398438e-01 4.446044445037841797e+00 9.237837791442871094e-01 -1.037918329238891602e+00 7.382080554962158203e-01
1.141242370605468750e+02 2.864254713058471680e-01 3.972674608230590820e+00 -6.221652030944824219e-01 9.464740753173828125e-02 3.233660757541656494e-01
1.138744583129882812e+02 2.554473400115966797e+00 8.806933403015136719e+00 -4.327658653259277344e+00 -1.906266212463378906e+00 3.581930994987487793e-01
9.930142974853515625e+01 1.448891282081604004e+00 6.457078456878662109e+00 -1.100254058837890625e+00 -3.451108932495117188e-01 7.478633522987365723e-02
1.378914642333984375e+02 3.717129230499267578e-01 4.166487693786621094e+00 -6.113624572753906250e-01 -5.448341369628906250e-02 3.957906067371368408e-01
8.838365936279296875e+01 8.929616212844848633e-01 5.406117439270019531e+00 -1.350884437561035156e+00 -5.789840221405029297e-01 2.830913364887237549e-01
1.394103393554687500e+02 3.866905570030212402e-01 3.802486896514892578e+00 4.730391502380371094e-01 -3.913605213165283203e-01 4.781182408332824707e-01
1.521370849609375000e+02 7.199133634567260742e-01 4.832873821258544922e+00 7.060098648071289062e-01 -6.246900558471679688e-01 5.171470046043395996e-01
9.203080749511718750e+01 1.247938036918640137e+00 6.124402999877929688e+00 1.129403114318847656e+00 6.569623947143554688e-02 3.411227762699127197e-01
1.520982666015625000e+02 1.067254066467285156e+00 5.229869842529296875e+00 4.973888397216796875e-01 -2.402639389038085938e-01 3.341745138168334961e-01
1.206065063476562500e+02 6.432644128799438477e-01 4.492798328399658203e+00 -8.162224292755126953e-01 -1.354907751083374023e+00 5.669119358062744141e-01
1.049669876098632812e+02 3.198844194412231445e-01 4.392626285552978516e+00 -9.491372108459472656e-01 -3.602290153503417969e-01 3.641957640647888184e-01
1.594195556640625000e+02 5.879014730453491211e-01 4.100704193115234375e+00 -9.268522262573242188e-03 -8.845162391662597656e-01 5.190063714981079102e-01
1.324042510986328125e+02 4.018212556838989258e-01 3.813477039337158203e+00 -6.192445755004882812e-02 -1.717984676361083984e-01 4.826765656471252441e-01
1.213896179199218750e+02 6.333634853363037109e-01 4.591500282287597656e+00 7.711553573608398438e-01 -2.704501152038574219e-02 4.617435932159423828e-01
1.475667419433593750e+02 5.093447566032409668e-01 4.822374343872070312e+00 -3.887963294982910156e-01 -2.742469310760498047e-01 2.982380688190460205e-01
1.603244476318359375e+02 1.382981538772583008e+00 6.242480278015136719e+00 -3.293098211288452148e+00 -1.255632638931274414e+00 2.834061980247497559e-01
1.108300094604492188e+02 9.850625991821289062e-01 5.252366065979003906e+00 5.590105056762695312e-01 -3.950369358062744141e-01 3.195715248584747314e-01
1.481458587646484375e+02 1.139816761016845703e+00 5.144994735717773438e+00 -2.684925794601440430e+00 -1.433888673782348633e+00 5.580077171325683594e-01
9.481304168701171875e+01 1.087207198143005371e+00 5.737169265747070312e+00 -1.012163162231445312e+00 -8.836257457733154297e-01 4.308668076992034912e-01
1.290887451171875000e+02 6.328520774841308594e-01 4.618412971496582031e+00 5.161380767822265625e-01 -4.762697219848632812e-01 5.096042752265930176e-01
1.299944763183593750e+02 6.732436418533325195e-01 4.517068862915039062e+00 8.088159561157226562e-01 -2.767443656921386719e-02 1.284639239311218262e-01
1.885284729003906250e+02 8.986430764198303223e-01 5.222651481628417969e+00 -3.449165821075439453e-01 -1.120758056640625000e-01 2.080050706863403320e-01
1.114195098876953125e+02 1.066170096397399902e+00 5.625173091888427734e+00 1.288771629333496094e-01 -2.145540714263916016e-01 3.296440243721008301e-01
1.236975402832031250e+02 1.210201859474182129e+00 6.340930938720703125e+00 -3.573678731918334961e+00 -1.775946617126464844e+00 4.178674221038818359e-01
1.156467208862304688e+02 6.343247890472412109e-01 4.613537788391113281e+00 -2.333569526672363281e-01 -1.427888870239257812e-02 3.300998806953430176e-01
3.533392333984375000e+01 2.344216585159301758e+00 8.572232246398925781e+00 1.383581161499023438e+00 -1.709461212158203125e-02 1.175555437803268433e-01
1.025693054199218750e+02 1.192982792854309082e+00 6.115577697753906250e+00 -3.316465616226196289e+00 -1.018683910369873047e+00 3.315973877906799316e-01
1.551849822998046875e+02 6.061780452728271484e-01 4.089086055755615234e+00 5.186796188354492188e-02 -7.956981658935546875e-02 3.714601695537567139e-01
1.683206329345703125e+02 7.909187674522399902e-01 5.216575622558593750e+00 -1.094256639480590820e+00 -1.958596706390380859e-01 7.355807721614837646e-02
1.424497070312500000e+02 1.228017449378967285e+00 5.825914859771728516e+00 -6.132280826568603516e-01 -1.099864244461059570e+00 2.624308764934539795e-01
1.123820343017578125e+02 8.786177039146423340e-01 5.101797103881835938e+00 -1.055480241775512695e+00 -2.421128749847412109e-01 1.537301391363143921e-01
1.390223541259765625e+02 5.281445384025573730e-01 4.238582134246826172e+00 6.250405311584472656e-01 2.139616012573242188e-01 3.829423785209655762e-01
1.582094268798828125e+02 5.648725628852844238e-01 4.234651088714599609e+00 -9.215128421783447266e-01 -5.754101276397705078e-01 3.457896113395690918e-01
1.979166564941406250e+02 5.411564707756042480e-01 4.211195945739746094e+00 -1.188896894454956055e+00 -9.104239940643310547e-01 5.755517482757568359e-01
1.020080718994140625e+02 5.994889736175537109e-01 4.445082187652587891e+00 -7.642328739166259766e-01 -3.733146190643310547e-01 2.156437039375305176e-01
1.421449584960937500e+02 6.156285405158996582e-01 4.705571651458740234e+00 7.364749908447265625e-03 -1.466393470764160156e-01 5.200012922286987305e-01
1.686484527587890625e+02 1.584031701087951660e+00 7.169956207275390625e+00 -1.518027782440185547e+00 -1.316945552825927734e+00 5.030025243759155273e-01
1.523407745361328125e+02 6.034902930259704590e-01 4.555572509765625000e+00 1.203513145446777344e-01 -4.477119445800781250e-01 6.823095083236694336e-01
1.545228881835937500e+02 2.276513338088989258e+00 8.102251052856445312e+00 -2.883954048156738281e+00 -2.699784040451049805e+00 5.835678577423095703e-01
9.948848724365234375e+01 6.978906393051147461e-01 5.005981922149658203e+00 1.563956737518310547e+00 1.981019973754882812e-02 2.332028597593307495e-01
2.267873001098632812e+01 7.301034331321716309e-01 5.110532283782958984e+00 4.255533218383789062e-01 2.514076232910156250e-01 3.310243785381317139e-01
7.940351867675781250e+01 1.305657029151916504e+00 6.067492961883544922e+00 -4.037117958068847656e-01 -4.558265209197998047e-01 4.871177673339843750e-01
1.883129425048828125e+02 8.425362706184387207e-01 5.431879997253417969e+00 -6.630659103393554688e-02 -2.642154693603515625e-02 1.796870082616806030e-01
1.374430999755859375e+02 5.456831455230712891e-01 4.829586982727050781e+00 1.094815731048583984e+00 -4.118919372558593750e-02 8.541749715805053711e-01
9.234983062744140625e+01 8.273538947105407715e-01 5.049488067626953125e+00 -1.250929832458496094e+00 -5.477881431579589844e-01 1.788980364799499512e-01
1.508151702880859375e+02 1.096274495124816895e+00 5.596827507019042969e+00 2.541911602020263672e+00 5.049633979797363281e-01 3.715509474277496338e-01
1.872066650390625000e+02 1.096545934677124023e+00 5.255517959594726562e+00 -2.361786365509033203e-01 -5.720341205596923828e-01 4.948215186595916748e-01
7.887851715087890625e+01 2.404343605041503906e+00 8.153929710388183594e+00 4.386978149414062500e+00 8.249640464782714844e-01 2.210708558559417725e-01
9.149934387207031250e+01 4.461960792541503906e-01 3.936181306838989258e+00 3.462648391723632812e-01 -5.242538452148437500e-01 4.399991035461425781e-01
1.757567596435546875e+02 6.044172644615173340e-01 4.673542976379394531e+00 4.933619499206542969e-01 -4.116749763488769531e-01 2.621149718761444092e-01
1.627938385009765625e+02 9.807941317558288574e-01 5.573518276214599609e+00 7.549810409545898438e-01 -1.385438442230224609e-01 3.729211986064910889e-01
8.049581909179687500e+01 1.056149363517761230e+00 5.347826480865478516e+00 -7.582676410675048828e-01 -3.985524177551269531e-01 2.242018133401870728e-01
1.449392089843750000e+02 8.485066890716552734e-01 4.729024887084960938e+00 -9.826183319091796875e-01 -9.035527706146240234e-01 5.261270403861999512e-01
1.762413940429687500e+02 5.554234981536865234e-01 4.624108314514160156e+00 -5.466842651367187500e-01 -3.903627395629882812e-01 3.887453675270080566e-01
1.253440399169921875e+02 9.796751141548156738e-01 5.600198745727539062e+00 2.183842658996582031e+00 4.904580116271972656e-01 3.608832359313964844e-01
1.865301818847656250e+02 6.797458529472351074e-01 4.696641445159912109e+00 -1.400423049926757812e-01 1.837706565856933594e-01 3.032630085945129395e-01
1.430008239746093750e+02 8.680508732795715332e-01 4.968177318572998047e+00 1.435220241546630859e+00 7.333779335021972656e-01 5.946069955825805664e-01
1.036802749633789062e+02 5.623464584350585938e-01 4.194060802459716797e+00 -3.764498233795166016e-01 -4.400479793548583984e-01 3.448184728622436523e-01
1.782474212646484375e+02 7.467996478080749512e-01 4.744493961334228516e+00 9.978723526000976562e-01 9.571790695190429688e-02 2.028957009315490723e-01
9.148646545410156250e+01 4.528454542160034180e-01 4.383653640747070312e+00 7.560729980468750000e-02 -5.547523498535156250e-02 2.001617550849914551e-01
3.295410537719726562e+01 9.810918569564819336e-01 5.337232589721679688e+00 6.603002548217773438e-01 1.595258712768554688e-02 2.864689826965332031e-01
1.393736724853515625e+02 4.337036013603210449e-01 4.107700347900390625e+00 -4.431664943695068359e-01 1.417207717895507812e-01 2.191735506057739258e-01
1.385001525878906250e+02 1.961596608161926270e+00 7.170160770416259766e+00 -7.321894168853759766e-01 -3.586220741271972656e-01 3.318949043750762939e-01
1.127835006713867188e+02 1.239674687385559082e+00 5.715914726257324219e+00 -2.638816833496093750e-01 -2.386784553527832031e-01 2.670822143554687500e-01
1.804581451416015625e+02 3.313319683074951172e+00 1.047047615051269531e+01 -1.582691764831542969e+01 -8.146391868591308594e+00 5.066876411437988281e-01
1.587678222656250000e+02 1.399903059005737305e+00 6.307557106018066406e+00 -2.115362882614135742e+00 -1.041225194931030273e+00 3.108846545219421387e-01
1.105187683105468750e+02 4.053142070770263672e-01 4.430220603942871094e+00 -4.033350944519042969e-01 -4.196822643280029297e-01 1.823661029338836670e-01
1.493242034912109375e+02 2.174721717834472656e+00 8.259992599487304688e+00 1.194742202758789062e+01 5.208413600921630859e+00 4.794180393218994141e-01
1.172746658325195312e+02 1.308158993721008301e+00 5.753787040710449219e+00 -6.500732898712158203e-01 -2.116835117340087891e-01 3.116440474987030029e-01
1.772813720703125000e+02 8.603729605674743652e-01 5.130978107452392578e+00 1.300427913665771484e+00 2.315282821655273438e-01 3.108756840229034424e-01
1.430663757324218750e+02 1.614912152290344238e+00 6.465785503387451172e+00 -1.830998659133911133e+00 -1.388037204742431641e-01 1.127500981092453003e-01
8.701985168457031250e+01 7.058839797973632812e-01 4.125832557678222656e+00 -3.099894523620605469e-01 -2.466595172882080078e-01 2.546004652976989746e-01
1.915510864257812500e+02 8.069376349449157715e-01 4.903254508972167969e+00 8.351707458496093750e-01 2.209639549255371094e-01 2.417509108781814575e-01
1.378513641357421875e+02 2.102684974670410156e+00 7.866497039794921875e+00 -5.210258960723876953e+00 -2.226208448410034180e+00 3.249813914299011230e-01
1.241886596679687500e+02 7.894816398620605469e-01 5.085406780242919922e+00 -1.042785644531250000e+00 5.557084083557128906e-01 4.496751353144645691e-02
1.169785232543945312e+02 4.836211204528808594e-01 4.699870109558105469e+00 2.281665802001953125e-03 1.577711105346679688e-01 2.196551114320755005e-01
1.351915893554687500e+02 4.935147166252136230e-01 4.631055831909179688e+00 -7.418560981750488281e-01 -6.452691555023193359e-01 3.785706162452697754e-01
9.217024993896484375e+01 1.288994073867797852e+00 5.967962265014648438e+00 1.045236587524414062e+00 3.366947174072265625e-02 2.474446296691894531e-01
8.627687835693359375e+01 7.758794426918029785e-01 4.690324783325195312e+00 -2.428388595581054688e-01 -4.386305809020996094e-01 3.887502551078796387e-01
1.396599121093750000e+02 5.295782685279846191e-01 4.159071445465087891e+00 -1.162695884704589844e-01 -4.966545104980468750e-01 3.894496560096740723e-01
1.022260513305664062e+02 7.941769361495971680e-01 5.200144767761230469e+00 4.346275329589843750e-01 -3.613078594207763672e-01 4.860787987709045410e-01
1.052616806030273438e+02 9.803326129913330078e-01 5.722137451171875000e+00 5.686187744140625000e-01 9.264945983886718750e-02 2.730849981307983398e-01
9.679088592529296875e+01 6.442568302154541016e-01 4.520798206329345703e+00 4.544520378112792969e-01 -1.047551631927490234e-01 3.285344839096069336e-01
9.586058807373046875e+01 7.865810990333557129e-01 5.287859916687011719e+00 1.090145111083984375e-01 -1.153993606567382812e-01 2.861733138561248779e-01
3.354771804809570312e+01 6.811211109161376953e-01 4.283692359924316406e+00 -7.903134822845458984e-01 -3.134834766387939453e-01 2.619665563106536865e-01
1.296268463134765625e+02 4.933248162269592285e-01 4.705919265747070312e+00 5.034351348876953125e-01 -3.330433368682861328e-01 5.974097251892089844e-01
1.005819320678710938e+02 6.020545959472656250e-01 4.599259853363037109e+00 -1.112705469131469727e+00 -4.566252231597900391e-01 4.945642054080963135e-01
9.139890289306640625e+01 2.008125782012939453e+00 7.971139907836914062e+00 -4.665482044219970703e-01 -1.003384590148925781e-01 2.235198318958282471e-01
9.511546325683593750e+01 1.956470370292663574e+00 7.547374725341796875e+00 -5.667870044708251953e+00 -2.401449680328369141e+00 3.688827157020568848e-01
1.064411621093750000e+02 5.323675870895385742e-01 4.690859794616699219e+00 -3.974008560180664062e-01 -6.381893157958984375e-01 3.667655587196350098e-01
9.977770233154296875e+01 1.929981946945190430e+00 6.822450160980224609e+00 -1.517145633697509766e+00 -3.892695903778076172e-01 2.593663632869720459e-01
1.620156555175781250e+02 2.654608249664306641e+00 8.803359985351562500e+00 7.384979724884033203e+00 3.021597862243652344e+00 5.464762449264526367e-01
1.176266174316406250e+02 2.271278858184814453e+00 7.874156475067138672e+00 6.990671157836914062e+00 1.979711055755615234e+00 3.173021078109741211e-01
7.723245239257812500e+01 6.095960736274719238e-01 4.694400787353515625e+00 4.430055618286132812e-02 -2.151489257812500000e-02 3.247067332267761230e-01
1.425188903808593750e+02 1.738415002822875977e+00 7.169375419616699219e+00 -3.227828741073608398e+00 -1.697710752487182617e+00 4.302077293395996094e-01
1.222701416015625000e+02 1.401962280273437500e+00 6.879235744476318359e+00 9.603452682495117188e-01 3.350329399108886719e-01 2.753998935222625732e-01
7.712532348632812500e+02 7.940358519554138184e-01 5.286187171936035156e+00 -9.780824184417724609e-01 -3.746962547302246094e-01 8.982048928737640381e-02
1.517237243652343750e+02 8.051205277442932129e-01 5.188058853149414062e+00 -1.729663610458374023e+00 -1.232759952545166016e+00 5.700700879096984863e-01
1.428370056152343750e+02 7.489659786224365234e-01 4.813762664794921875e+00 5.201077461242675781e-01 -5.700373649597167969e-01 6.241867542266845703e-01
1.180663146972656250e+02 7.871617078781127930e-01 5.409584999084472656e+00 -4.048430919647216797e-01 -3.582465648651123047e-01 3.734759092330932617e-01
1.620555572509765625e+02 7.180227637290954590e-01 4.733768939971923828e+00 5.974173545837402344e-01 -8.012175559997558594e-02 1.909158527851104736e-01
7.945549011230468750e+01 8.165504932403564453e-01 5.235633373260498047e+00 9.246850013732910156e-01 2.308392524719238281e-01 3.197562694549560547e-01
1.200934143066406250e+02 5.346851944923400879e-01 4.346141338348388672e+00 5.235219001770019531e-01 1.867818832397460938e-01 3.252576291561126709e-01
1.598980255126953125e+02 5.984683036804199219e-01 4.174067974090576172e+00 -9.153687953948974609e-01 -6.644511222839355469e-01 5.787733793258666992e-01
1.430186157226562500e+02 1.126318097114562988e+00 5.915129184722900391e+00 -1.840829849243164062e+00 -1.477409601211547852e+00 5.975906848907470703e-01
1.668410186767578125e+02 8.622047305107116699e-01 4.568525791168212891e+00 5.689620971679687500e-02 -8.471250534057617188e-02 3.229753971099853516e-01
1.576511077880859375e+02 9.978635311126708984e-01 5.097249031066894531e+00 8.147239685058593750e-02 6.513357162475585938e-02 3.285082578659057617e-01
1.178813705444335938e+02 4.864619374275207520e-01 4.269133567810058594e+00 -3.972649574279785156e-02 -3.547716140747070312e-01 5.012909173965454102e-01
1.438067321777343750e+02 7.809298634529113770e-01 5.421244144439697266e+00 1.013932228088378906e+00 4.103326797485351562e-01 6.048347949981689453e-01
1.239987258911132812e+02 8.212711811065673828e-01 4.839689254760742188e+00 1.262948513031005859e+00 1.188635826110839844e-01 6.474760770797729492e-01
1.435563964843750000e+02 4.973792433738708496e-01 4.553856372833251953e+00 1.674318313598632812e-01 -3.137087821960449219e-01 3.679595589637756348e-01
1.148989105224609375e+02 6.556100845336914062e-01 4.773914813995361328e+00 -6.849551200866699219e-01 -3.038024902343750000e-01 4.466164708137512207e-01
1.092914352416992188e+02 8.235009908676147461e-01 5.341651439666748047e+00 1.031782627105712891e+00 9.737014770507812500e-02 2.583209574222564697e-01
1.483097381591796875e+02 5.089229345321655273e-01 4.291876792907714844e+00 -1.043657064437866211e+00 -2.067494392395019531e-01 3.240199089050292969e-01
1.322069702148437500e+02 8.414946794509887695e-01 4.590166568756103516e+00 1.607108116149902344e-01 -8.085608482360839844e-02 4.556887149810791016e-01
1.314624023437500000e+02 4.074342250823974609e-01 4.772091865539550781e+00 1.748895645141601562e-01 -2.385747432708740234e-01 4.048672020435333252e-01
1.391250915527343750e+02 7.063944935798645020e-01 4.834108829498291016e+00 5.770444869995117188e-02 -4.637038707733154297e-01 2.630639076232910156e-01
1.419771118164062500e+02 7.127354145050048828e-01 4.818313121795654297e+00 -9.571135044097900391e-01 -7.901895046234130859e-01 4.016179442405700684e-01
9.511392211914062500e+01 1.185127139091491699e+00 5.475622653961181641e+00 8.888888359069824219e-01 8.394718170166015625e-03 2.932236492633819580e-01
1.956233978271484375e+02 6.287094950675964355e-01 4.164433479309082031e+00 1.598548889160156250e-01 -6.420016288757324219e-02 3.084986507892608643e-01
1.712545471191406250e+02 4.729959964752197266e-01 4.311188697814941406e+00 5.337381362915039062e-01 -2.022576332092285156e-01 1.905968934297561646e-01
1.250888366699218750e+02 8.629280328750610352e-01 5.014345645904541016e+00 -7.944929599761962891e-01 -5.001068115234375000e-01 3.375768661499023438e-01
7.099213867187500000e+02 8.890566825866699219e-01 5.158847808837890625e+00 -1.315041780471801758e+00 -1.220178604125976562e-01 3.704435378313064575e-02
1.345099639892578125e+02 7.405973076820373535e-01 4.793703556060791016e+00 3.574657440185546875e-01 1.645803451538085938e-02 2.425162345170974731e-01
1.544936828613281250e+02 7.204362154006958008e-01 4.879097461700439453e+00 2.671170234680175781e-01 -6.685340404510498047e-01 4.641819298267364502e-01
9.566222381591796875e+01 1.764020085334777832e+00 7.210761547088623047e+00 2.871372699737548828e+00 1.389017105102539062e+00 4.958438277244567871e-01
9.766157531738281250e+01 5.706403851509094238e-01 4.808808326721191406e+00 -9.259176254272460938e-01 -1.253008842468261719e-02 3.833353817462921143e-01
