7.900858764648437500e+02 1.053730368614196777e+00 6.203534126281738281e+00 -7.704126834869384766e-01 -3.535604476928710938e-01 3.509831726551055908e-01
7.758859863281250000e+02 6.368054747581481934e-01 5.451402664184570312e+00 6.504154205322265625e-01 4.968786239624023438e-01 4.393133521080017090e-01
6.096321411132812500e+02 7.815364003181457520e-01 5.741314411163330078e+00 2.301175594329833984e+00 4.488062858581542969e-01 1.244073659181594849e-01
1.697633666992187500e+02 3.711125850677490234e+00 1.182269001007080078e+01 -5.892678260803222656e+00 2.612829208374023438e-02 4.864528775215148926e-03
5.020594177246093750e+02 2.186826705932617188e+00 8.674532890319824219e+00 -4.457551002502441406e+00 -1.304724216461181641e+00 3.923842608928680420e-01
7.199741210937500000e+02 8.847420811653137207e-01 5.797834396362304688e+00 -3.955411911010742188e-01 1.308465003967285156e-01 3.156918287277221680e-01
7.467947998046875000e+02 5.112121105194091797e-01 5.331411838531494141e+00 8.206963539123535156e-01 4.488086700439453125e-01 3.552171289920806885e-01
5.764864501953125000e+02 2.558360576629638672e+00 9.135474205017089844e+00 -5.370585918426513672e+00 -7.645475864410400391e-01 1.679722815752029419e-01
7.417264404296875000e+02 3.788669824600219727e+00 1.132879638671875000e+01 2.880501747131347656e-01 4.602622985839843750e-01 3.315150141716003418e-01
5.190737915039062500e+02 1.273965477943420410e+00 6.658209323883056641e+00 1.841421127319335938e+00 2.848744392395019531e-01 9.071656316518783569e-02
6.796904907226562500e+02 1.025057196617126465e+00 5.978845596313476562e+00 7.277464866638183594e-01 7.163047790527343750e-02 5.190215632319450378e-02
7.720370483398437500e+02 1.246062278747558594e+00 6.593242168426513672e+00 1.045634746551513672e+00 6.863284111022949219e-01 2.514741122722625732e-01
7.843439331054687500e+02 3.586677551269531250e+00 1.143904590606689453e+01 5.956876277923583984e+00 3.023693561553955078e+00 4.533382058143615723e-01
7.858277587890625000e+02 3.249099731445312500e+00 1.037939071655273438e+01 -2.260334491729736328e+00 -4.153013229370117188e-01 1.988441646099090576e-01
7.751367797851562500e+02 1.262418031692504883e+00 6.526342391967773438e+00 -1.896722316741943359e+00 -5.218386650085449219e-01 4.325607419013977051e-01
7.996809692382812500e+02 9.493523836135864258e-01 5.935606479644775391e+00 1.466512680053710938e-01 4.828071594238281250e-01 3.937141299247741699e-01
7.707184448242187500e+02 1.146029829978942871e+00 6.346868991851806641e+00 1.497852802276611328e+00 6.053805351257324219e-01 3.751694858074188232e-01
7.830501708984375000e+02 9.210774302482604980e-01 5.862236022949218750e+00 2.121734619140625000e-01 3.124165534973144531e-01 4.341511428356170654e-01
6.515129394531250000e+02 2.915127754211425781e+00 1.002906513214111328e+01 -3.442275524139404297e-01 7.872104644775390625e-02 7.196138799190521240e-02
7.812529907226562500e+02 8.001636266708374023e-01 5.636731147766113281e+00 3.170251846313476562e-02 -5.566000938415527344e-02 1.708191633224487305e-01
4.914877929687500000e+02 2.935010910034179688e+00 1.018395805358886719e+01 -6.238789558410644531e+00 -8.134102821350097656e-01 1.504540145397186279e-01
7.718374023437500000e+02 1.028193950653076172e+00 6.212428092956542969e+00 -6.434619426727294922e-01 7.365465164184570312e-02 3.321258425712585449e-01
7.738616943359375000e+02 7.161418199539184570e-01 5.483940124511718750e+00 2.610278129577636719e-01 4.198813438415527344e-01 5.729278326034545898e-01
7.797011718750000000e+02 1.263414025306701660e+00 6.667092323303222656e+00 1.446688175201416016e+00 4.089736938476562500e-01 2.085579037666320801e-01
7.866038818359375000e+02 3.907598257064819336e+00 1.184294986724853516e+01 4.529874324798583984e+00 1.388761997222900391e+00 3.232812285423278809e-01
7.757926025390625000e+02 7.745585441589355469e-01 5.549853324890136719e+00 1.952815055847167969e-01 1.565027236938476562e-01 3.364772200584411621e-01
7.991818847656250000e+02 7.887676358222961426e-01 5.587609767913818359e+00 4.205489158630371094e-01 2.519512176513671875e-01 3.111377954483032227e-01
6.512919921875000000e+02 6.427444219589233398e-01 5.251231193542480469e+00 5.107498168945312500e-01 1.761531829833984375e-01 1.466631293296813965e-01
6.736767578125000000e+02 5.769230127334594727e-01 4.978848457336425781e+00 3.093552589416503906e-01 1.128077507019042969e-01 1.371079310774803162e-02
7.223173828125000000e+02 8.380621671676635742e-01 5.547325134277343750e+00 1.923367977142333984e+00 4.038119316101074219e-01 2.492057681083679199e-01
7.941880493164062500e+02 8.970897197723388672e-01 5.795994758605957031e+00 1.466841697692871094e+00 6.410288810729980469e-01 3.780142962932586670e-01
7.710917968750000000e+02 6.710098981857299805e-01 5.436608314514160156e+00 3.517150878906250000e-01 5.802392959594726562e-01 5.462470054626464844e-01
7.984705200195312500e+02 9.703311920166015625e-01 6.113575458526611328e+00 4.502916336059570312e-01 5.438280105590820312e-01 4.681135714054107666e-01
6.933854370117187500e+02 9.123589992523193359e-01 5.805043220520019531e+00 1.677560806274414062e+00 7.518577575683593750e-01 2.965949177742004395e-01
5.294015502929687500e+02 8.676581978797912598e-01 5.715902805328369141e+00 -5.152022838592529297e-01 -1.550781726837158203e-01 2.107906192541122437e-01
4.710733947753906250e+02 1.001017808914184570e+00 5.944704532623291016e+00 1.246070861816406250e+00 1.081023216247558594e+00 4.611251950263977051e-01
7.023486328125000000e+02 1.072757601737976074e+00 6.389226436614990234e+00 2.108714580535888672e+00 3.608345985412597656e-01 1.702187061309814453e-01
7.626658935546875000e+02 1.185545206069946289e+00 6.477401733398437500e+00 4.335403442382812500e-01 7.457017898559570312e-02 1.380396485328674316e-01
5.006147766113281250e+02 4.478585124015808105e-01 4.887149333953857422e+00 1.171016693115234375e+00 2.194910049438476562e+00 1.077775239944458008e+00
7.904241333007812500e+02 1.208530664443969727e+00 6.449544429779052734e+00 2.109351158142089844e+00 1.180353164672851562e+00 3.608230054378509521e-01
7.673529052734375000e+02 1.155122518539428711e+00 6.322136878967285156e+00 6.686973571777343750e-01 3.429198265075683594e-01 2.176935821771621704e-01
7.708591308593750000e+02 1.013144254684448242e+00 6.124647140502929688e+00 -1.793494224548339844e+00 -4.128694534301757812e-01 3.419937193393707275e-01
7.471243286132812500e+02 8.131646513938903809e-01 5.576363086700439453e+00 -3.015494346618652344e-01 3.800153732299804688e-02 1.252458244562149048e-01
5.756827392578125000e+02 1.177943825721740723e+00 6.463475227355957031e+00 3.171131610870361328e+00 1.059160232543945312e+00 2.412801831960678101e-01
7.608493652343750000e+02 8.371151685714721680e-01 5.563294410705566406e+00 2.558209896087646484e+00 1.315662860870361328e+00 4.566886425018310547e-01
7.983165893554687500e+02 6.779385805130004883e-01 5.506555557250976562e+00 8.437561988830566406e-01 6.134319305419921875e-01 4.176509976387023926e-01
7.656139526367187500e+02 1.387925386428833008e+00 6.673563480377197266e+00 -6.500661373138427734e-01 -1.704525947570800781e-01 3.978054523468017578e-01
5.377227783203125000e+02 1.828721046447753906e+00 7.624516963958740234e+00 4.739046096801757812e-01 3.933286666870117188e-01 3.520735502243041992e-01
7.763528442382812500e+02 7.154065370559692383e-01 5.365355968475341797e+00 7.197737693786621094e-01 3.631305694580078125e-01 2.210070788860321045e-01
7.159866943359375000e+02 4.700366258621215820e-01 5.262130737304687500e+00 2.235221862792968750e-01 2.003455162048339844e-01 1.939872056245803833e-01
7.918917846679687500e+02 6.832604408264160156e-01 5.369769096374511719e+00 8.477210998535156250e-01 3.833675384521484375e-01 2.953220605850219727e-01
6.656495361328125000e+02 2.869551181793212891e-01 4.692945957183837891e+00 -3.620398044586181641e-01 -9.423851966857910156e-02 9.053497016429901123e-02
6.413247070312500000e+02 8.947172164916992188e-01 5.821352958679199219e+00 -1.478910446166992188e-01 -1.520872116088867188e-02 8.753370493650436401e-02
7.726464233398437500e+02 1.450985550880432129e+00 6.975867271423339844e+00 -4.022172927856445312e+00 -9.164118766784667969e-01 2.821765542030334473e-01
7.957766113281250000e+02 5.973875522613525391e-01 5.358480453491210938e+00 2.296118736267089844e+00 1.184477806091308594e+00 3.808743059635162354e-01
7.729560546875000000e+02 9.686219096183776855e-01 6.030232906341552734e+00 -1.118205785751342773e+00 -2.023577690124511719e-01 6.069599390029907227e-01
5.407620239257812500e+02 1.357342839241027832e+00 7.174509048461914062e+00 3.450880050659179688e+00 1.496224403381347656e+00 2.983192205429077148e-01
7.211080322265625000e+02 9.634886980056762695e-01 5.813212394714355469e+00 2.284312248229980469e-01 2.466917037963867188e-01 3.409430682659149170e-01
7.885545654296875000e+02 1.115063548088073730e+00 6.345511436462402344e+00 -2.820312976837158203e+00 -6.477916240692138672e-01 2.830032110214233398e-01
7.928608398437500000e+02 1.087610960006713867e+00 6.284410953521728516e+00 1.252813339233398438e+00 6.004190444946289062e-01 3.122190535068511963e-01
7.801529541015625000e+02 2.848746299743652344e+00 9.668176651000976562e+00 -4.600242614746093750e+00 -1.778421401977539062e+00 4.513691663742065430e-01
7.831433105468750000e+02 8.192116022109985352e-01 5.663347244262695312e+00 -1.289486885070800781e-01 2.810740470886230469e-01 4.131515324115753174e-01
7.775609130859375000e+02 9.469117522239685059e-01 6.065340042114257812e+00 4.713869094848632812e-01 6.123423576354980469e-01 5.484049916267395020e-01
7.076768188476562500e+02 9.647557735443115234e-01 5.999984264373779297e+00 5.602049827575683594e-01 1.449131965637207031e-01 7.121639698743820190e-02
6.298186035156250000e+02 2.226722955703735352e+00 8.301820755004882812e+00 -4.624961853027343750e+00 -5.695557594299316406e-01 9.967703372240066528e-02
7.750045166015625000e+02 1.010204911231994629e+00 5.950235843658447266e+00 6.121873855590820312e-02 3.116059303283691406e-01 2.623669505119323730e-01
5.337022094726562500e+02 1.596240401268005371e+00 7.162269592285156250e+00 -1.070556640625000000e+00 -2.886939048767089844e-01 4.183459877967834473e-01
7.707673339843750000e+02 3.073549747467041016e+00 1.013526248931884766e+01 -5.413822174072265625e+00 -8.814787864685058594e-01 2.128163874149322510e-01
7.855352783203125000e+02 1.036490201950073242e+00 6.134864330291748047e+00 1.925375461578369141e+00 5.072093009948730469e-01 2.067330628633499146e-01
7.773695068359375000e+02 8.242995738983154297e-01 5.452502250671386719e+00 1.075243949890136719e+00 1.950058937072753906e+00 9.603481888771057129e-01
7.704152221679687500e+02 1.034420609474182129e+00 5.783082962036132812e+00 -1.224838495254516602e+00 -3.803992271423339844e-01 2.703920602798461914e-01
6.001798095703125000e+02 2.524581432342529297e+00 9.418243408203125000e+00 -1.110107898712158203e+01 -2.845729589462280273e+00 2.834472656250000000e-01
7.991879272460937500e+02 3.034184455871582031e+00 1.004831409454345703e+01 5.815396308898925781e+00 9.867048263549804688e-01 1.789718866348266602e-01
5.380728149414062500e+02 1.811751961708068848e+00 7.699487209320068359e+00 -8.182299137115478516e-01 -6.260514259338378906e-02 2.499684989452362061e-01
7.704360351562500000e+02 1.488150238990783691e+00 6.932355403900146484e+00 -3.053307533264160156e-02 2.848720550537109375e-01 2.677072584629058838e-01
5.882559204101562500e+02 9.385861754417419434e-01 6.026988506317138672e+00 2.277159690856933594e-01 -1.460206508636474609e-01 1.078843474388122559e-01
7.661427001953125000e+02 3.145476818084716797e+00 1.031341457366943359e+01 -4.922061920166015625e+00 -8.397459983825683594e-01 1.711868345737457275e-01
4.524106445312500000e+02 1.621536135673522949e+00 7.056384086608886719e+00 1.914093494415283203e+00 4.293346405029296875e-01 1.849387884140014648e-01
5.359116821289062500e+02 8.960365056991577148e-01 5.621163368225097656e+00 7.581996917724609375e-01 1.993894577026367188e-01 1.264885365962982178e-01
5.791162109375000000e+02 8.639617562294006348e-01 5.969636440277099609e+00 1.895046234130859375e-01 2.533030509948730469e-01 1.941103637218475342e-01
7.917206420898437500e+02 1.104224562644958496e+00 6.138765335083007812e+00 -9.839808940887451172e-01 -3.669142723083496094e-02 1.802303642034530640e-01
7.218280029296875000e+02 6.436206102371215820e-01 5.502343177795410156e+00 7.737922668457031250e-01 1.498126983642578125e-01 1.446344405412673950e-01
7.987463378906250000e+02 6.737021207809448242e-01 5.407480239868164062e+00 2.417926788330078125e+00 7.386636734008789062e-01 3.369059860706329346e-01
7.600619506835937500e+02 5.841964483261108398e-01 5.231738090515136719e+00 9.960031509399414062e-01 3.722167015075683594e-01 2.919825315475463867e-01
7.763458862304687500e+02 1.931161046028137207e+00 7.893423080444335938e+00 8.614039421081542969e-01 1.057536602020263672e+00 6.749993562698364258e-01
7.909117431640625000e+02 7.009823322296142578e-01 5.504091262817382812e+00 1.772985458374023438e+00 9.958171844482421875e-01 3.543940782546997070e-01
4.521553955078125000e+02 6.904001235961914062e-01 5.305602073669433594e+00 2.627103328704833984e+00 1.066627502441406250e+00 3.177097737789154053e-01
5.190737915039062500e+02 1.273965477943420410e+00 6.658209323883056641e+00 1.841421127319335938e+00 2.848744392395019531e-01 9.071656316518783569e-02
7.709600219726562500e+02 1.003951430320739746e+00 5.877302169799804688e+00 -1.096963882446289062e-02 3.976821899414062500e-03 2.002510279417037964e-01
7.692673339843750000e+02 1.404015779495239258e+00 6.614338874816894531e+00 1.168832778930664062e+00 2.766776084899902344e-01 1.818436086177825928e-01
7.845260620117187500e+02 1.363736152648925781e+00 6.597203254699707031e+00 2.170922756195068359e+00 6.346392631530761719e-01 2.788345813751220703e-01
7.945385742187500000e+02 1.486060619354248047e+00 6.952390193939208984e+00 1.126461029052734375e+00 7.562923431396484375e-01 4.470975697040557861e-01
7.845742797851562500e+02 8.914694190025329590e-01 5.533095359802246094e+00 1.683650016784667969e+00 6.102108955383300781e-01 3.615944981575012207e-01
7.480836181640625000e+02 7.697563171386718750e-01 5.602244377136230469e+00 -3.803575038909912109e-01 -2.645611763000488281e-02 3.567756414413452148e-01
7.784868164062500000e+02 6.442525386810302734e-01 5.464551925659179688e+00 1.068165302276611328e+00 2.441906929016113281e-01 2.510404288768768311e-01
5.374536743164062500e+02 7.758004069328308105e-01 5.538420677185058594e+00 -6.879568099975585938e-01 2.392554283142089844e-01 3.453376591205596924e-01
7.997742919921875000e+02 7.267903685569763184e-01 5.392143249511718750e+00 6.602787971496582031e-01 1.913070678710937500e-02 8.436991274356842041e-02
7.975158081054687500e+02 1.150682568550109863e+00 6.537072658538818359e+00 1.497302055358886719e+00 2.881813049316406250e-01 2.055752873420715332e-01
5.870623168945312500e+02 7.339647412300109863e-01 5.523663520812988281e+00 2.855255603790283203e+00 1.281769275665283203e+00 3.431480526924133301e-01
7.929435424804687500e+02 2.762351989746093750e+00 9.671304702758789062e+00 -1.729279756546020508e+00 -2.917873859405517578e-01 2.856636643409729004e-01
7.684680175781250000e+02 1.075810670852661133e+00 6.190049171447753906e+00 -1.444306373596191406e+00 -3.140807151794433594e-01 2.180149555206298828e-01
7.977056884765625000e+02 1.145022034645080566e+00 6.419495582580566406e+00 6.783676147460937500e-01 9.875631332397460938e-01 6.406036019325256348e-01
7.762864990234375000e+02 2.694063663482666016e+00 9.434744834899902344e+00 -5.803453922271728516e+00 -2.140761613845825195e+00 3.527104854583740234e-01
5.289768066406250000e+02 1.180239796638488770e+00 6.719813346862792969e+00 -6.507492065429687500e-01 1.180505752563476562e-01 2.127877175807952881e-01
7.884259033203125000e+02 1.125014185905456543e+00 6.357195377349853516e+00 -9.868764877319335938e-01 -3.230333328247070312e-02 3.958666026592254639e-01
6.360953979492187500e+02 5.037443041801452637e-01 5.203290939331054688e+00 2.591466903686523438e-01 1.080274581909179688e-02 1.832058131694793701e-01
7.932252807617187500e+02 1.216840147972106934e+00 6.374125003814697266e+00 -4.692041873931884766e-01 9.422302246093750000e-02 7.496291995048522949e-01
7.029555664062500000e+02 9.856473207473754883e-01 6.266033172607421875e+00 3.739666938781738281e-01 7.101297378540039062e-02 1.710823476314544678e-01
7.896640014648437500e+02 1.042719721794128418e+00 6.214677810668945312e+00 -3.788733482360839844e-01 -1.723289489746093750e-02 2.871638834476470947e-01
7.552975463867187500e+02 1.409119129180908203e+00 6.842383384704589844e+00 1.811788082122802734e+00 7.170939445495605469e-01 2.412656694650650024e-01
7.648656616210937500e+02 1.079627633094787598e+00 6.494601726531982422e+00 7.250666618347167969e-01 2.978563308715820312e-02 1.971561908721923828e-01
7.680477905273437500e+02 8.153629899024963379e-01 5.888634204864501953e+00 2.073557376861572266e+00 4.148554801940917969e-01 1.944481134414672852e-01
4.980062866210937500e+02 1.112834811210632324e+00 6.492527008056640625e+00 2.722296714782714844e+00 8.367824554443359375e-01 2.376240491867065430e-01
4.500082397460937500e+02 1.921923160552978516e+00 7.880119800567626953e+00 -3.511332273483276367e+00 -6.070375442504882812e-01 2.119095772504806519e-01
7.966458740234375000e+02 7.992616891860961914e-01 5.665072441101074219e+00 1.557385921478271484e+00 4.695868492126464844e-01 2.898547947406768799e-01
7.698168334960937500e+02 5.625014901161193848e-01 5.324199199676513672e+00 1.792263984680175781e-01 2.880334854125976562e-01 2.025088965892791748e-01
5.600036010742187500e+02 1.431323170661926270e+00 6.644045829772949219e+00 -7.244992256164550781e-01 -1.263332366943359375e-01 3.986667394638061523e-01
7.765093994140625000e+02 1.759248614311218262e+00 7.282571792602539062e+00 5.488367080688476562e+00 1.547155380249023438e+00 2.666323781013488770e-01
7.914431762695312500e+02 8.437552452087402344e-01 5.831550598144531250e+00 7.130646705627441406e-01 2.997803688049316406e-01 2.724162340164184570e-01
5.155422363281250000e+02 2.195323944091796875e+00 8.426671981811523438e+00 -1.078584194183349609e+00 7.722139358520507812e-02 2.027065753936767578e-01
7.280636596679687500e+02 1.028264045715332031e+00 5.750520229339599609e+00 -1.243722438812255859e-01 1.476311683654785156e-01 2.817655801773071289e-01
7.929677124023437500e+02 1.169076085090637207e+00 6.428081035614013672e+00 2.124412059783935547e+00 1.249203681945800781e+00 4.639691114425659180e-01
7.906935424804687500e+02 8.210748434066772461e-01 5.682666778564453125e+00 -1.309860944747924805e+00 -4.175305366516113281e-02 3.195282518863677979e-01
3.987076416015625000e+02 2.473770856857299805e+00 8.997004508972167969e+00 -4.021707534790039062e+00 -4.164493083953857422e-01 1.098270863294601440e-01
7.976952514648437500e+02 8.970784544944763184e-01 5.960009098052978516e+00 -3.353452682495117188e-01 -1.216590404510498047e-01 2.384426593780517578e-01
7.766719970703125000e+02 6.188091039657592773e-01 5.325494766235351562e+00 6.855463981628417969e-01 8.578729629516601562e-01 5.244542956352233887e-01
7.750068359375000000e+02 2.844897270202636719e+00 9.762330055236816406e+00 -4.785180091857910156e+00 -1.218947172164916992e+00 2.379388958215713501e-01
6.695792846679687500e+02 1.052172899246215820e+00 5.978885650634765625e+00 -1.023547649383544922e+00 -1.405215263366699219e-01 6.614269316196441650e-02
7.726873779296875000e+02 8.110389113426208496e-01 5.725532531738281250e+00 1.554822921752929688e+00 1.532213687896728516e+00 6.360216140747070312e-01
7.629544067382812500e+02 9.637272357940673828e-01 5.798223972320556641e+00 4.931020736694335938e-01 7.404160499572753906e-01 6.646015644073486328e-01
7.948256225585937500e+02 3.068066835403442383e+00 1.043793487548828125e+01 -5.534224510192871094e+00 -1.015473604202270508e+00 2.069780528545379639e-01
7.992456665039062500e+02 4.025772809982299805e-01 5.035411834716796875e+00 8.556842803955078125e-02 4.205107688903808594e-01 3.734775781631469727e-01
7.757695922851562500e+02 1.012984395027160645e+00 6.013405799865722656e+00 -2.228748798370361328e-01 5.613183975219726562e-01 7.088352441787719727e-01
7.742918701171875000e+02 8.666604161262512207e-01 5.779284954071044922e+00 -1.816500425338745117e+00 -7.772493362426757812e-01 3.204904496669769287e-01
7.830155639648437500e+02 1.030519962310791016e+00 6.187437057495117188e+00 -2.607834339141845703e-01 2.417016029357910156e-01 4.825742542743682861e-01
7.742763671875000000e+02 5.858857035636901855e-01 4.966279029846191406e+00 1.521325111389160156e-01 5.669450759887695312e-01 6.478977203369140625e-01
7.935676269531250000e+02 8.958625197410583496e-01 6.028399944305419922e+00 -1.357233524322509766e-01 -5.856871604919433594e-02 3.392834961414337158e-01
7.749760131835937500e+02 7.087088823318481445e-01 5.507367134094238281e+00 5.718445777893066406e-01 3.102946281433105469e-01 2.798840701580047607e-01
7.795998535156250000e+02 1.104596853256225586e+00 6.143730163574218750e+00 -2.064640522003173828e+00 -3.567683696746826172e-01 2.676569819450378418e-01
7.968330078125000000e+02 1.091887831687927246e+00 6.355207443237304688e+00 -1.255866289138793945e+00 -5.784785747528076172e-01 7.783246636390686035e-01
7.656015625000000000e+02 6.959830522537231445e-01 5.324744224548339844e+00 -9.705448150634765625e-01 2.068519592285156250e-02 3.011135160923004150e-01
7.947084960937500000e+02 8.733553886413574219e-01 5.985741615295410156e+00 -7.314562797546386719e-02 -7.856369018554687500e-02 2.340642958879470825e-01
5.100690002441406250e+02 1.110839247703552246e+00 6.172797203063964844e+00 2.143793106079101562e+00 1.106674671173095703e+00 3.207907676696777344e-01
7.921883544921875000e+02 8.558681011199951172e-01 5.909076213836669922e+00 9.834766387939453125e-02 4.399490356445312500e-01 5.146843791007995605e-01
6.356352539062500000e+02 5.138392448425292969e-01 4.949590206146240234e+00 4.273104667663574219e-01 6.774520874023437500e-01 3.469562828540802002e-01
7.720790405273437500e+02 9.808874726295471191e-01 6.336601257324218750e+00 1.868143081665039062e+00 5.609536170959472656e-01 2.605601847171783447e-01
5.836581420898437500e+02 5.086139440536499023e-01 5.233242988586425781e+00 -8.292484283447265625e-01 3.213167190551757812e-02 2.914657890796661377e-01
5.219589233398437500e+02 1.878414154052734375e+00 7.668791770935058594e+00 1.278924942016601562e-01 1.556348800659179688e-01 8.122064918279647827e-02
7.896796875000000000e+02 9.874025583267211914e-01 5.806785106658935547e+00 -1.243338584899902344e+00 -2.960586547851562500e-01 4.811092615127563477e-01
7.234346923828125000e+02 9.123872518539428711e-01 5.837502956390380859e+00 -4.644358158111572266e-01 -5.078315734863281250e-03 1.920185387134552002e-01
7.783504028320312500e+02 8.221518397331237793e-01 5.785138130187988281e+00 4.343628883361816406e-01 5.485773086547851562e-02 7.903265953063964844e-02
5.233448486328125000e+02 5.444706082344055176e-01 5.238020896911621094e+00 6.901812553405761719e-01 4.127120971679687500e-01 2.853204011917114258e-01
7.909957885742187500e+02 6.154111027717590332e-01 5.526760101318359375e+00 1.417369842529296875e+00 3.840422630310058594e-01 2.112147957086563110e-01
7.673352050781250000e+02 3.854255199432373047e+00 1.195031356811523438e+01 1.962206363677978516e+00 2.900362014770507812e-01 2.143870890140533447e-01
7.649945068359375000e+02 1.122873425483703613e+00 6.242741584777832031e+00 1.733212471008300781e+00 5.775070190429687500e-01 3.397604823112487793e-01
7.741869506835937500e+02 9.980312585830688477e-01 5.952632904052734375e+00 -1.014646291732788086e+00 -1.566278934478759766e-01 5.506235361099243164e-01
7.902863769531250000e+02 1.233431935310363770e+00 6.533195972442626953e+00 -6.413471698760986328e-01 -1.575589179992675781e-02 4.666677713394165039e-01
7.372503051757812500e+02 9.891424179077148438e-01 6.199568271636962891e+00 -1.672447919845581055e+00 -2.735733985900878906e-01 2.163941264152526855e-01
5.228780517578125000e+02 2.598148345947265625e+00 9.041769027709960938e+00 1.217023658752441406e+01 3.349475860595703125e+00 2.383069396018981934e-01
4.926856384277343750e+02 1.915420055389404297e+00 7.792642593383789062e+00 1.597075462341308594e+00 5.181455612182617188e-01 2.491897642612457275e-01
7.839478759765625000e+02 1.220954298973083496e+00 6.604285240173339844e+00 -1.054341793060302734e+00 -3.215563297271728516e-01 3.816231787204742432e-01
7.820172119140625000e+02 6.028538942337036133e-01 5.356299400329589844e+00 -3.044724464416503906e-02 -4.629969596862792969e-02 2.749173641204833984e-01
4.408330993652343750e+02 1.677978754043579102e+00 7.544663906097412109e+00 3.464207649230957031e+00 1.195740699768066406e+00 2.184397131204605103e-01
7.599282836914062500e+02 1.033503293991088867e+00 6.145987033843994141e+00 6.659674644470214844e-01 4.156231880187988281e-01 4.982027113437652588e-01
7.486577758789062500e+02 7.721363306045532227e-01 5.829693794250488281e+00 1.571063995361328125e+00 5.865120887756347656e-01 2.705935835838317871e-01
7.907507934570312500e+02 8.435598015785217285e-01 5.646969795227050781e+00 -9.333956241607666016e-01 6.681442260742187500e-02 1.126986667513847351e-01
7.621694335937500000e+02 9.584261178970336914e-01 6.000221729278564453e+00 -5.386292934417724609e-01 -2.131104469299316406e-02 2.560839951038360596e-01
7.836497192382812500e+02 5.805221796035766602e-01 5.053942680358886719e+00 -1.116120815277099609e-01 -5.509376525878906250e-02 1.992554962635040283e-01
7.997686157226562500e+02 1.026979804039001465e+00 5.962677478790283203e+00 7.983970642089843750e-01 9.567642211914062500e-01 6.104425787925720215e-01
4.885928039550781250e+02 8.038429021835327148e-01 5.767010688781738281e+00 4.794955253601074219e-01 4.931783676147460938e-01 3.524204790592193604e-01
7.610181274414062500e+02 8.987512588500976562e-01 5.867057800292968750e+00 2.391545772552490234e+00 8.982491493225097656e-01 3.818753361701965332e-01
4.434499816894531250e+02 1.580172538757324219e+00 7.279069900512695312e+00 2.972264289855957031e+00 1.425328254699707031e+00 3.954278826713562012e-01
6.543405761718750000e+02 1.207586169242858887e+00 6.236445426940917969e+00 -9.407436847686767578e-01 -6.258964538574218750e-02 3.626900166273117065e-02
7.710120849609375000e+02 5.326195359230041504e-01 5.396298885345458984e+00 6.605339050292968750e-01 8.152008056640625000e-02 1.117427796125411987e-01
7.619540405273437500e+02 1.188116908073425293e+00 6.375119686126708984e+00 -3.202883005142211914e+00 -7.416272163391113281e-01 1.845466196537017822e-01
6.660816040039062500e+02 1.575116395950317383e+00 7.305937290191650391e+00 6.411075592041015625e-01 3.735113143920898438e-01 2.430180609226226807e-01
7.928135375976562500e+02 1.176345944404602051e+00 6.260562896728515625e+00 -1.551086902618408203e+00 -3.888833522796630859e-01 3.088827729225158691e-01
7.921432495117187500e+02 8.247117400169372559e-01 5.729353427886962891e+00 -1.609929800033569336e+00 -4.528260231018066406e-01 5.123611092567443848e-01
7.412789306640625000e+02 1.079783558845520020e+00 6.203363418579101562e+00 1.589548587799072266e+00 2.373409271240234375e-01 1.882412731647491455e-01
7.922572631835937500e+02 8.638696670532226562e-01 5.647424697875976562e+00 -9.533929824829101562e-01 -2.930355072021484375e-01 6.509521603584289551e-01
7.642194824218750000e+02 9.440280199050903320e-01 5.951028823852539062e+00 -5.303823947906494141e-01 1.663565635681152344e-01 7.258943468332290649e-02
7.798341064453125000e+02 1.120754480361938477e+00 6.492256164550781250e+00 3.399829864501953125e+00 7.893443107604980469e-01 2.361880093812942505e-01
5.443402099609375000e+02 1.170794844627380371e+00 6.310903072357177734e+00 1.345412731170654297e+00 2.798652648925781250e-01 1.928323358297348022e-01
7.771162719726562500e+02 1.032910704612731934e+00 5.875563144683837891e+00 1.687526702880859375e-02 -4.742145538330078125e-02 4.134282171726226807e-01
7.986008911132812500e+02 1.119470953941345215e+00 6.325557708740234375e+00 3.899550437927246094e-01 1.996493339538574219e-01 9.847078472375869751e-02
7.739216918945312500e+02 1.151162505149841309e+00 6.216035842895507812e+00 -1.235178709030151367e+00 -2.003514766693115234e-01 3.349255919456481934e-01
7.965515747070312500e+02 1.047592401504516602e+00 6.174136638641357422e+00 6.845760345458984375e-01 3.537487983703613281e-01 4.227050542831420898e-01
7.922117919921875000e+02 9.853311777114868164e-01 5.998756408691406250e+00 -4.591262340545654297e-01 -1.641082763671875000e-01 1.736823916435241699e-01
7.683193359375000000e+02 9.709793925285339355e-01 6.180162429809570312e+00 1.156899929046630859e+00 4.090476036071777344e-01 1.099131852388381958e-01
7.650609741210937500e+02 1.136223673820495605e+00 6.353246212005615234e+00 1.527247428894042969e+00 1.075835227966308594e+00 4.285148978233337402e-01
4.302722473144531250e+02 2.460685729980468750e+00 9.220108032226562500e+00 -1.597985744476318359e+01 -1.214047670364379883e+00 8.083640038967132568e-02
5.296226806640625000e+02 5.586051344871520996e-01 5.273221492767333984e+00 1.164200305938720703e+00 6.439709663391113281e-01 3.678418695926666260e-01
7.776596069335937500e+02 5.839961767196655273e-01 4.870492458343505859e+00 4.520249366760253906e-01 2.743959426879882812e-01 2.976247668266296387e-01
7.799212646484375000e+02 1.323399662971496582e+00 6.644231796264648438e+00 8.432364463806152344e-01 3.329539299011230469e-01 3.899278938770294189e-01
7.810781860351562500e+02 8.643388748168945312e-01 5.915894508361816406e+00 -1.669410467147827148e+00 -3.245782852172851562e-01 3.342379927635192871e-01
7.532426757812500000e+02 9.094591736793518066e-01 5.836275100708007812e+00 1.090841293334960938e+00 3.629589080810546875e-01 3.254687786102294922e-01
6.524026489257812500e+02 4.956429600715637207e-01 4.838447570800781250e+00 1.036076545715332031e+00 5.952548980712890625e-01 2.656839787960052490e-01
7.950839843750000000e+02 9.141240715980529785e-01 5.940398216247558594e+00 -6.064414978027343750e-02 2.132320404052734375e-01 3.928058147430419922e-01
5.274705200195312500e+02 3.202523708343505859e+00 1.045722579956054688e+01 -9.331679344177246094e+00 -4.212722778320312500e+00 4.705196321010589600e-01
7.940850219726562500e+02 9.128001332283020020e-01 5.934097290039062500e+00 4.556260108947753906e+00 1.208066940307617188e+00 2.625412046909332275e-01
7.622877197265625000e+02 9.797462821006774902e-01 6.130087852478027344e+00 1.566958427429199219e-01 1.701807975769042969e-01 1.505204290151596069e-01
7.685271606445312500e+02 8.934610486030578613e-01 5.696875572204589844e+00 -1.633625030517578125e+00 -6.455028057098388672e-01 4.113517999649047852e-01
4.979624328613281250e+02 3.450742959976196289e+00 1.096006584167480469e+01 1.402052116394042969e+01 2.392170429229736328e+00 1.646395623683929443e-01
7.728586425781250000e+02 1.145635366439819336e+00 6.227746009826660156e+00 -5.489993095397949219e-01 1.526212692260742188e-01 4.243002831935882568e-01
7.938189697265625000e+02 1.101441502571105957e+00 6.212442398071289062e+00 1.828241348266601562e+00 1.723313331604003906e-01 1.063725352287292480e-01
7.989808349609375000e+02 1.023522973060607910e+00 6.266433715820312500e+00 -8.805775642395019531e-01 -3.339052200317382812e-02 3.299480676651000977e-01
7.892291259765625000e+02 2.762253522872924805e+00 9.812013626098632812e+00 -4.899958610534667969e+00 -6.469666957855224609e-01 1.445550322532653809e-01
7.767170410156250000e+02 9.296726584434509277e-01 5.730172157287597656e+00 1.424424648284912109e+00 2.482461929321289062e-01 1.539448797702789307e-01
7.774556884765625000e+02 1.043102741241455078e+00 6.040729522705078125e+00 -5.934488773345947266e-01 1.521110534667968750e-02 3.141555786132812500e-01
7.402667846679687500e+02 2.973071098327636719e+00 9.984500885009765625e+00 7.004842758178710938e+00 1.889140605926513672e+00 2.202229499816894531e-01
7.905958862304687500e+02 1.294910311698913574e+00 6.522121429443359375e+00 1.346538066864013672e+00 7.283926010131835938e-01 4.121813178062438965e-01
4.905732116699218750e+02 1.131099224090576172e+00 6.426854133605957031e+00 -2.113556861877441406e-01 9.555721282958984375e-01 1.012911558151245117e+00
5.646807861328125000e+02 1.109717726707458496e+00 6.261452674865722656e+00 -2.581036090850830078e-01 1.473999023437500000e-01 2.861914336681365967e-01
7.191427612304687500e+02 8.785095214843750000e-01 6.065171718597412109e+00 -2.442300319671630859e-01 7.481575012207031250e-02 1.225416064262390137e-01
7.236560058593750000e+02 3.757124543190002441e-01 4.851267337799072266e+00 2.859783172607421875e-01 3.522753715515136719e-01 7.469257712364196777e-02
5.463132934570312500e+02 1.122094511985778809e+00 6.271432399749755859e+00 2.590146064758300781e+00 9.432029724121093750e-01 2.811520695686340332e-01
7.935919799804687500e+02 9.183118939399719238e-01 5.566285133361816406e+00 1.029891967773437500e+00 1.653099060058593750e+00 8.130109310150146484e-01
7.967347412109375000e+02 1.162680268287658691e+00 6.133751869201660156e+00 5.135560035705566406e-01 1.719522476196289062e-01 1.245421022176742554e-01
5.578291015625000000e+02 7.486162185668945312e-01 5.487402439117431641e+00 5.964875221252441406e-01 -1.166629791259765625e-01 7.532439380884170532e-02
7.648890380859375000e+02 3.007963180541992188e+00 1.018291759490966797e+01 -4.016703605651855469e+00 -7.350909709930419922e-01 1.894638240337371826e-01
6.362698364257812500e+02 2.070234775543212891e+00 8.195249557495117188e+00 -1.079670333862304688e+01 -9.351003170013427734e-01 9.094484150409698486e-02
6.469359130859375000e+02 4.906417131423950195e-01 4.870319366455078125e+00 8.446431159973144531e-01 1.160526275634765625e-01 7.512769848108291626e-02
7.763038330078125000e+02 1.254926443099975586e+00 6.669836521148681641e+00 5.521965026855468750e-01 5.265974998474121094e-01 5.167571306228637695e-01
7.872941284179687500e+02 7.590405344963073730e-01 5.536913394927978516e+00 2.581629753112792969e+00 7.159948348999023438e-01 2.845777869224548340e-01
7.656503295898437500e+02 8.972844481468200684e-01 5.907753944396972656e+00 -1.254444122314453125e+00 -9.877800941467285156e-02 8.993863314390182495e-02
7.473840942382812500e+02 8.320039510726928711e-01 5.784480571746826172e+00 -1.103584766387939453e+00 -1.608240604400634766e-01 3.636898100376129150e-01
7.752052612304687500e+02 1.071996927261352539e+00 6.165668010711669922e+00 -1.734701395034790039e+00 -4.634022712707519531e-01 3.309976756572723389e-01
6.967663574218750000e+02 9.651062488555908203e-01 5.876275539398193359e+00 -8.786630630493164062e-01 3.859996795654296875e-02 6.768240779638290405e-02
7.937604370117187500e+02 8.640940785408020020e-01 5.618858337402343750e+00 -6.423819065093994141e-01 1.899480819702148438e-02 8.922414779663085938e-01
6.633905639648437500e+02 7.384645938873291016e-01 5.219622611999511719e+00 4.934024810791015625e-01 -8.751034736633300781e-02 7.247672975063323975e-02
7.772662963867187500e+02 8.989958763122558594e-01 6.026348590850830078e+00 5.578517913818359375e-01 1.069402694702148438e-01 2.300962805747985840e-01
7.891360473632812500e+02 6.034185886383056641e-01 4.871459484100341797e+00 -2.107977867126464844e-02 7.460117340087890625e-03 3.252879083156585693e-01
7.905435180664062500e+02 7.452679276466369629e-01 5.346024036407470703e+00 -1.518225669860839844e-01 2.512049674987792969e-01 3.859419226646423340e-01
7.288706054687500000e+02 1.234666824340820312e+00 6.365750789642333984e+00 -2.279329299926757812e-01 8.432865142822265625e-02 2.438188195228576660e-01
7.476616210937500000e+02 6.324529647827148438e-01 5.402988433837890625e+00 3.439712524414062500e-01 4.763865470886230469e-01 3.905964195728302002e-01
7.765383911132812500e+02 3.877437353134155273e+00 1.191964149475097656e+01 2.351415157318115234e+00 6.879019737243652344e-01 3.124570846557617188e-01
5.123366699218750000e+02 4.812203645706176758e-01 4.784525394439697266e+00 -5.518913269042968750e-02 5.711555480957031250e-02 2.689616680145263672e-01
6.104224243164062500e+02 3.672352075576782227e+00 1.159828948974609375e+01 6.143085956573486328e+00 1.694540977478027344e+00 2.852120697498321533e-01
4.408008422851562500e+02 9.382907748222351074e-01 5.844011306762695312e+00 2.568936347961425781e-01 4.836797714233398438e-02 2.356826514005661011e-02
7.990200195312500000e+02 1.005564689636230469e+00 6.102728366851806641e+00 2.694363594055175781e+00 1.656241416931152344e+00 5.059735178947448730e-01
5.105840759277343750e+02 2.059576988220214844e+00 8.018903732299804688e+00 -2.500116825103759766e-01 3.328752517700195312e-01 1.013847738504409790e-01
7.874258422851562500e+02 8.606873154640197754e-01 5.946449756622314453e+00 2.826051712036132812e+00 1.533050537109375000e+00 4.083614945411682129e-01
5.174501953125000000e+02 6.706138253211975098e-01 5.493383407592773438e+00 -2.536678314208984375e-01 -7.382869720458984375e-02 1.900895535945892334e-01
4.478223266601562500e+02 1.816181182861328125e+00 7.666330814361572266e+00 -1.118327379226684570e+00 -1.746547222137451172e-01 5.804150700569152832e-01
5.046268310546875000e+02 1.087978959083557129e+00 6.084664344787597656e+00 -7.359623908996582031e-02 1.664328575134277344e-01 2.272395044565200806e-01
7.943955078125000000e+02 7.321537137031555176e-01 5.462452411651611328e+00 -8.806025981903076172e-01 6.245136260986328125e-02 8.937612175941467285e-01
4.896802062988281250e+02 1.793601989746093750e+00 7.547059059143066406e+00 7.510924339294433594e+00 1.755082607269287109e+00 2.183611392974853516e-01
7.937605590820312500e+02 1.045909762382507324e+00 6.297401428222656250e+00 -9.190201759338378906e-02 7.111144065856933594e-01 1.450950503349304199e+00
7.963319091796875000e+02 1.339539051055908203e+00 6.560626983642578125e+00 2.801952362060546875e+00 6.606650352478027344e-01 2.399518489837646484e-01
7.992269287109375000e+02 8.573472499847412109e-01 5.847159385681152344e+00 -4.262304306030273438e-01 6.649732589721679688e-02 5.281910896301269531e-01
7.760616455078125000e+02 5.033662915229797363e-01 5.034168243408203125e+00 1.677250862121582031e+00 2.039718627929687500e-01 1.498138606548309326e-01
7.934682617187500000e+02 1.260006189346313477e+00 6.708660602569580078e+00 1.075253486633300781e+00 2.674317359924316406e-01 1.710406094789505005e-01
7.891287841796875000e+02 5.313748121261596680e-01 5.180151939392089844e+00 8.954882621765136719e-01 2.351641654968261719e-01 2.463157474994659424e-01
7.744052124023437500e+02 1.049224972724914551e+00 6.214887619018554688e+00 -1.223884820938110352e+00 -4.770529270172119141e-01 3.300913572311401367e-01
7.919365844726562500e+02 1.187460660934448242e+00 6.119345664978027344e+00 -1.567065715789794922e-01 7.960081100463867188e-02 2.937579751014709473e-01
7.750935668945312500e+02 1.088356971740722656e+00 6.245438575744628906e+00 1.401464939117431641e+00 3.673839569091796875e-01 1.983867436647415161e-01
7.857806396484375000e+02 8.563964962959289551e-01 5.857979774475097656e+00 -8.865940570831298828e-01 -6.918191909790039062e-02 3.732779324054718018e-01
7.685756835937500000e+02 5.657938122749328613e-01 5.339067459106445312e+00 8.914017677307128906e-01 8.252406120300292969e-01 3.772710561752319336e-01
7.715266723632812500e+02 4.046990871429443359e-01 4.989169597625732422e+00 -1.376163959503173828e-01 4.447007179260253906e-01 6.574256420135498047e-01
7.371506347656250000e+02 1.175147533416748047e+00 6.338550090789794922e+00 -1.400220394134521484e-01 1.917266845703125000e-01 1.646466851234436035e-01
7.509016723632812500e+02 1.167516469955444336e+00 5.928674221038818359e+00 -1.493157148361206055e+00 -2.191483974456787109e-01 2.492263317108154297e-01
6.112597045898437500e+02 1.029586553573608398e+00 6.115602493286132812e+00 3.043649196624755859e+00 1.017982959747314453e+00 2.244996875524520874e-01
7.724177856445312500e+02 4.922682046890258789e-01 5.212419986724853516e+00 -5.344390869140625000e-01 6.162166595458984375e-02 4.278738498687744141e-01
3.555289611816406250e+02 2.117785453796386719e+00 8.247714996337890625e+00 -7.223560810089111328e+00 -3.905272483825683594e-01 3.548171371221542358e-02
3.597586059570312500e+02 1.513636231422424316e+00 6.778397560119628906e+00 9.210491180419921875e-01 1.330924034118652344e-01 1.596045792102813721e-01
5.895825195312500000e+02 2.278633117675781250e+00 8.595277786254882812e+00 -3.553575277328491211e+00 -8.196854591369628906e-01 2.930172681808471680e-01
7.760292358398437500e+02 1.275980710983276367e+00 6.556226730346679688e+00 1.502156257629394531e-01 1.656031608581542969e-01 3.688946068286895752e-01
4.822811584472656250e+02 1.169321775436401367e+00 6.247441768646240234e+00 3.635990619659423828e+00 6.960701942443847656e-01 1.620589941740036011e-01
4.973015747070312500e+02 3.495672225952148438e+00 1.098304176330566406e+01 1.436808109283447266e+01 2.157320976257324219e+00 1.468924880027770996e-01
5.508961791992187500e+02 1.246283292770385742e+00 6.525711059570312500e+00 1.887147426605224609e+00 9.622430801391601562e-01 2.104812562465667725e-01
4.889639892578125000e+02 8.069524765014648438e-01 5.714781761169433594e+00 9.583258628845214844e-01 9.606051445007324219e-01 6.131727099418640137e-01
7.576282958984375000e+02 4.436941146850585938e-01 4.672359943389892578e+00 3.943324089050292969e-01 4.272079467773437500e-01 3.745770454406738281e-01
7.966577758789062500e+02 7.320056557655334473e-01 5.797896862030029297e+00 7.324600219726562500e-01 1.946544647216796875e-01 1.733061969280242920e-01
7.715288696289062500e+02 1.124345779418945312e+00 6.366940498352050781e+00 1.406502723693847656e+00 4.376792907714843750e-01 1.733355075120925903e-01
6.637761840820312500e+02 6.896975636482238770e-01 5.282793998718261719e+00 5.774998664855957031e-01 1.076412200927734375e-01 1.539947688579559326e-01
7.729740600585937500e+02 7.693811655044555664e-01 5.439337253570556641e+00 3.916430473327636719e-01 2.221345901489257812e-01 4.302531480789184570e-01
4.892294311523437500e+02 1.024755716323852539e+00 6.155849933624267578e+00 2.240052223205566406e+00 7.596850395202636719e-01 2.127408385276794434e-01
7.689548339843750000e+02 1.316815018653869629e+00 6.946959018707275391e+00 -1.902470588684082031e+00 -6.597685813903808594e-01 3.748318552970886230e-01
4.939492797851562500e+02 1.127949237823486328e+00 6.279715538024902344e+00 -2.532327175140380859e-01 -6.321668624877929688e-03 1.882798224687576294e-01
6.479543457031250000e+02 3.858419060707092285e-01 4.884016513824462891e+00 6.715130805969238281e-01 1.264333724975585938e-01 8.302690088748931885e-02
7.778424682617187500e+02 5.764614939689636230e-01 5.186274528503417969e+00 4.250121116638183594e-01 4.925513267517089844e-01 4.837871789932250977e-01
4.440075988769531250e+02 3.772556185722351074e-01 5.014483928680419922e+00 2.151393890380859375e-01 -2.627253532409667969e-02 4.485766962170600891e-02
5.783834228515625000e+02 8.305153250694274902e-01 5.975981235504150391e+00 -7.522249221801757812e-01 8.366584777832031250e-02 2.158193886280059814e-01
7.921625366210937500e+02 5.440967082977294922e-01 5.242120742797851562e+00 -6.558299064636230469e-02 1.208949089050292969e-01 2.748092114925384521e-01
7.742058715820312500e+02 1.215647101402282715e+00 6.481424331665039062e+00 -7.186770439147949219e-01 -1.170372962951660156e-01 2.956538200378417969e-01
7.726072387695312500e+02 7.721318602561950684e-01 5.837219238281250000e+00 -1.409685611724853516e-01 7.159709930419921875e-03 1.522947549819946289e-01
7.676540527343750000e+02 1.010643005371093750e+00 5.885362625122070312e+00 7.602930068969726562e-01 6.567144393920898438e-01 3.628587126731872559e-01
6.397426757812500000e+02 1.170467257499694824e+00 6.509971618652343750e+00 5.610013008117675781e-01 1.420903205871582031e-01 1.206008717417716980e-01
7.783150634765625000e+02 6.868903636932373047e-01 5.367702007293701172e+00 -1.315164566040039062e+00 -4.170870780944824219e-01 5.730423927307128906e-01
7.879237670898437500e+02 1.175072073936462402e+00 6.398315429687500000e+00 2.440714836120605469e-01 1.075029373168945312e-01 2.426018565893173218e-01
7.990421142578125000e+02 1.048462867736816406e+00 6.133733749389648438e+00 -6.434404850006103516e-01 -1.201379299163818359e-01 3.889827430248260498e-01
7.993049316406250000e+02 8.583732843399047852e-01 6.119420051574707031e+00 -6.513690948486328125e-01 2.618789672851562500e-02 3.071368038654327393e-01
7.912332763671875000e+02 1.078234672546386719e+00 6.275726318359375000e+00 -1.236294507980346680e+00 -5.522263050079345703e-01 3.562752008438110352e-01
7.751444091796875000e+02 1.426268100738525391e+00 6.811118125915527344e+00 -1.019737720489501953e+00 -3.279435634613037109e-01 3.561152219772338867e-01
7.760174560546875000e+02 8.870986700057983398e-01 5.986224174499511719e+00 -5.309033393859863281e-01 1.090645790100097656e-01 3.979201316833496094e-01
7.782174682617187500e+02 3.718666553497314453e+00 1.151403808593750000e+01 2.461428642272949219e+00 5.055618286132812500e-01 2.191666662693023682e-01
7.960259399414062500e+02 1.013775467872619629e+00 6.225133895874023438e+00 3.051543235778808594e-01 3.276872634887695312e-01 3.930212855339050293e-01
7.681543579101562500e+02 1.119506716728210449e+00 6.377711296081542969e+00 1.690769195556640625e-01 3.188419342041015625e-01 2.990214228630065918e-01
5.056329650878906250e+02 3.128712177276611328e+00 1.040612316131591797e+01 1.161095619201660156e+01 1.934754848480224609e+00 1.556723713874816895e-01
5.078607177734375000e+02 9.172922968864440918e-01 6.101915359497070312e+00 -9.560942649841308594e-02 1.839447021484375000e-01 2.043794989585876465e-01
