5.626414949049999996e+04 1.765007038236482417e+00 4.908432587081938692e-02
5.626625274899999931e+04 1.818659359319178437e+00 5.864836552508619072e-02
5.626811111030000757e+04 1.859016844428245330e+00 3.739800012368973275e-02
5.627128726980000647e+04 1.824511097077559318e+00 3.956132474881402655e-02
5.627720169470000110e+04 1.877032943772861229e+00 3.533262990283568550e-02
5.628018804180000006e+04 2.002043094671722478e+00 7.206745147052143197e-02
5.628522132599999895e+04 1.957390983158080466e+00 8.454586130853818104e-02
5.629020610080000188e+04 1.915168615630193472e+00 8.084599407344096600e-02
5.629908432430000539e+04 1.894791286042547762e+00 3.742067370718009378e-02
5.630918440900000132e+04 1.922084745534463845e+00 4.069421156986551685e-02
5.632211669819999952e+04 1.976537664308794850e+00 8.159848453269305524e-02
5.632611455119999300e+04 2.092570939144583697e+00 4.293005054287884342e-02
5.633106714959999226e+04 2.093525262823968003e+00 4.383542892974188337e-02
5.653836500581000291e+04 2.556144625210953869e+00 4.306182685460512027e-02
5.654330992212999990e+04 2.490137867993960530e+00 3.999534944778503770e-02
5.654726765105999948e+04 2.381142256542065017e+00 3.914104587200284424e-02
5.655227120989999821e+04 2.439452762627786875e+00 1.146049243443276189e-01
5.655919049087999883e+04 2.221896874448330284e+00 8.894697013609158265e-02
5.656320016983000096e+04 2.454823755458415135e+00 4.145880829607426210e-02
5.656721913497000060e+04 2.449114777661486997e+00 3.412717037939459047e-02
5.657519140632000199e+04 2.431653833173331503e+00 3.975009698895668603e-02
5.657918083528999705e+04 2.509804396556196693e+00 6.975712923648261232e-02
5.659034093205999670e+04 2.379897824797728489e+00 3.248113884122912076e-02
5.659413254718999815e+04 2.662385460511450308e+00 4.519898896561449358e-02
5.660211855271999957e+04 2.580285274018544683e+00 3.843825922758880437e-02
5.660705546812000102e+04 2.771281647524597602e+00 1.107306460122466918e-01
5.661407312372000160e+04 2.477026025466116721e+00 1.119773538930959739e-01
5.661509609035000176e+04 2.959123914269672362e+00 1.781985233727015894e-01
5.662807588396000210e+04 2.658037929081575435e+00 3.111857227473363921e-02
5.663512748406999890e+04 2.498601163330935293e+00 3.897261522172078274e-02
5.664507767536999745e+04 2.389280829186813282e+00 7.099470708899781324e-02
5.664916554830999667e+04 2.509297223923481202e+00 5.593898194716291628e-02
5.665308577137999964e+04 2.678695431772973645e+00 4.215424629989562855e-02
5.666008864801000163e+04 2.581130263196566244e+00 2.618323774510737320e-02
5.666215520667000237e+04 2.596742034973734015e+00 2.825959005252645651e-02
5.666711602829000185e+04 2.414285079482780372e+00 6.651505626448819819e-02
5.667509977377000178e+04 2.530990455195803790e+00 8.931442773462550111e-02
5.668109292552999977e+04 2.531717792520135291e+00 5.495424092673857792e-03
5.668208138688000327e+04 2.515042606959108085e+00 3.393815865184676706e-02
5.668612069085000257e+04 2.564623955029862845e+00 2.658669954768174207e-02
5.669303433688000223e+04 2.431251493109076289e+00 5.038926053535985189e-02
5.688739016900000570e+04 2.110911007878398138e+00 4.265069108788892283e-02
5.689139202502000262e+04 2.110245307636558376e+00 2.684535568907890982e-02
5.690429548326999793e+04 2.259886300775666435e+00 3.636203655663996365e-02
5.691234363625999686e+04 2.150431781376422435e+00 6.602174715330130783e-02
5.692030480615000124e+04 2.241883284144687849e+00 2.621849846851568785e-02
5.692723497350999969e+04 2.249921919019508554e+00 3.224562039584091822e-02
5.694322980264999933e+04 2.236121269071904116e+00 4.888862136599912700e-02
5.694932326633000048e+04 2.356085019869821995e+00 1.400860140546554208e-02
5.695633781112999714e+04 2.290078756632019097e+00 6.010521759189101781e-02
5.696027112661999854e+04 2.310975710293771801e+00 2.930431095198509847e-02
5.697331487727999775e+04 2.469006760529777633e+00 6.293926619224989027e-02
5.698031666555999982e+04 2.271963797596148193e+00 1.477600676077655932e-02
5.698802941579999606e+04 2.213414252625449219e+00 4.140852725680480712e-02
5.699213618221000070e+04 2.160955906874485244e+00 6.354397349046074506e-02
5.700811082157999772e+04 2.152118813876478409e+00 2.755535167877237387e-02
5.701208181560999947e+04 2.255978628612527626e+00 2.733969780593586973e-02
5.701807086000999698e+04 2.543424050517442137e+00 7.228751318645236512e-02
5.701907010230999731e+04 2.161659866765065274e+00 5.340385611840076791e-02
5.702616631307000353e+04 1.870918675729349223e+00 1.104393171983244631e-01
5.703316143341000134e+04 2.228247315455686550e+00 4.854592291120762848e-02
5.703816932300999906e+04 2.156267408992701640e+00 5.904067210226295742e-02
5.704017464001000189e+04 2.088719386059000538e+00 1.938897236575998911e-02
5.704708634478000022e+04 2.092973357386892719e+00 2.874534725160899154e-02
5.705403382899999269e+04 2.100550755246599177e+00 1.051266906141347934e-01
5.706114232960999652e+04 2.297479299272038311e+00 8.635030209977019588e-02
5.706602960326000175e+04 2.204548909961169034e+00 5.891504177432978218e-02
5.724942258245999983e+04 2.073380165386230267e+00 4.445355265785329302e-02
5.725541047337999771e+04 2.136128208512686477e+00 3.614565323227881405e-02
5.727634003331999702e+04 2.433877180168029231e+00 5.533012457867162587e-02
5.727823339359999954e+04 2.229177489819353042e+00 5.330438555599362194e-02
5.728626459569999861e+04 2.343737481832763869e+00 6.136714188087036975e-02
5.730231550332000188e+04 2.527461992477546548e+00 7.382026502131795731e-02
5.730315178018000006e+04 2.846435104480867562e+00 2.158391586660805272e-01
5.730417748887000198e+04 2.421928772880175718e+00 5.742538511658087930e-02
5.731135511166999640e+04 2.451752638396565320e+00 4.701724536150704570e-02
5.731522918149000179e+04 2.516069381837204855e+00 4.936327499314484973e-02
5.732512005535000208e+04 2.608800671607005128e+00 1.713114899295054838e-01
5.732921111499999824e+04 2.451084743331251481e+00 5.000601900552856943e-02
5.733207440101999964e+04 2.594897943171873056e+00 6.966333594467351287e-02
5.733929511089000152e+04 2.537657195436724411e+00 5.550686601896999417e-02
5.734531205107000278e+04 2.533442599882934410e+00 5.686577831623818025e-02
5.735523769367999921e+04 2.393074958767720251e+00 8.869593649367467358e-02
5.736518244050000067e+04 2.420733620679688780e+00 4.114856615081814023e-02
5.737224426352499722e+04 2.364954901991708880e+00 4.423572425266621838e-02
5.737504550790999929e+04 2.403184630122352949e+00 9.447451805391803015e-02
5.738514843408999877e+04 2.298795170541715116e+00 6.550253380907435086e-02
5.738914922657999705e+04 2.536823252930118233e+00 5.289964263269263112e-02
5.739415763352999784e+04 2.460928412125240605e+00 2.156265937218582868e-02
5.740113588903000345e+04 2.400699726915330068e+00 3.237579135460345869e-02
5.740806484017999901e+04 2.502928360291418297e+00 1.120935738248901026e-01
5.742514638125999772e+04 2.531155690248262147e+00 5.251244745703314426e-02
5.762341249288000108e+04 2.319135896603818470e+00 8.734638297895588877e-02
5.762737846374000219e+04 2.230630750816243513e+00 7.738388315880286028e-02
5.763333025551000173e+04 2.386482684169992208e+00 4.343123735981588296e-02
5.763732548985999892e+04 2.383797712993819040e+00 3.500404457636728528e-02
5.764330850939999800e+04 2.274492025758989122e+00 4.563385506796231034e-02
5.765334600751999824e+04 2.181007604828763213e+00 5.381764607337605894e-02
5.766026631330999953e+04 2.280886604728886269e+00 2.887407183901608693e-02
5.766716609205999703e+04 2.420500407311962920e+00 4.041980533847980284e-02
5.768116308885999752e+04 2.358088450299772987e+00 1.191665896911554834e-01
5.768616171559999930e+04 2.615855044057211476e+00 4.008158434783217622e-02
5.768716545179999957e+04 2.625168133831370376e+00 3.889109373259658914e-02
5.768809788996000134e+04 2.508465697254053328e+00 4.413258154313420140e-02
5.769507827795000048e+04 2.834163196651676042e+00 6.825308745964528412e-02
5.769607504499000061e+04 2.535015540972575199e+00 4.809539161920834555e-02
5.770305714727000304e+04 2.280367635018540007e+00 1.052851677586572055e-01
5.771003636880999693e+04 2.516929540616141825e+00 4.323377241279950656e-02
5.771428992086999642e+04 2.919121483164662578e+00 9.064449219166456628e-02
5.771512542085000314e+04 2.827936920350202943e+00 5.132624300109394494e-02
5.771602896820999740e+04 2.917360247195430301e+00 1.651682828164669770e-01
5.771702733979999903e+04 2.412932710767287325e+00 5.044395303983957579e-02
5.772105155514999933e+04 2.617238606632439346e+00 4.887025449560612050e-02
5.772203592758999730e+04 2.539215393438124746e+00 5.307277303812481251e-02
5.772326550342999690e+04 2.529318657491129940e+00 3.522880794740230331e-02
5.772905072562999703e+04 2.514245546437124723e+00 5.262498946549873380e-02
5.773914481422000244e+04 2.386868527703309262e+00 6.564310716413758462e-02
5.774616656940000394e+04 2.550135362274254636e+00 2.532436850870952230e-02
5.775104292672000156e+04 2.712503565169047448e+00 6.249926064977466555e-02
5.775612682376999874e+04 2.667604834750493481e+00 3.348800908321276221e-02
5.776106796569999278e+04 2.841021296837800580e+00 1.227153927182711157e-01
5.777013457540000672e+04 2.425650892003796244e+00 5.024183711047269102e-02
5.777515647357999842e+04 2.556921199974694581e+00 3.416563528789721277e-02
5.777914283627999976e+04 2.486106092496105813e+00 3.223780449433254897e-02
5.778012203860000591e+04 2.522886456874557926e+00 6.488364278152206066e-02
5.778409899805000168e+04 2.606822291055688190e+00 3.630251645679031386e-02
5.780007624064999982e+04 2.491635890799805519e+00 3.561160870910399373e-02
5.799427482012999826e+04 2.676707646879491698e+00 5.223141140736427268e-02
5.799633687027000269e+04 2.352072764493231993e+00 4.638175118185351720e-02
5.800833163442999648e+04 2.368608833752795739e+00 6.895016816480316335e-02
5.801920775030000368e+04 2.513520406303394239e+00 4.142266392971932776e-02
5.802934251866999693e+04 2.155579205539908116e+00 7.863933399771590171e-02
5.803636080065999704e+04 2.164055375098030698e+00 6.768977741341163090e-02
5.804036225047000335e+04 2.464495999826991746e+00 3.779949020360420103e-02
5.804614806425000279e+04 2.415663605171765038e+00 3.321198924301973360e-02
5.805311762925000221e+04 2.324676828686508490e+00 4.175019436315340060e-02
5.805731228944999748e+04 2.344605665368106440e+00 2.979994061152439755e-02
5.806431688002999726e+04 2.932473361929213151e+00 1.068013129186813071e-01
5.807130504692000250e+04 2.461455979609723066e+00 2.962644920361744497e-02
5.807432100496999919e+04 2.362246806941777244e+00 4.150454962796554237e-02
5.807913264455999888e+04 2.358082375288631738e+00 2.784518695056609899e-02
5.808429973402000178e+04 2.515087209673197766e+00 2.421370664557682614e-02
5.809217545845999848e+04 2.339833014962668045e+00 8.572910807101528918e-02
5.809908527434000280e+04 2.402273584825848296e+00 2.790054273341598806e-02
5.810804774735999672e+04 2.472893482414542543e+00 2.953118312728755801e-02
5.811715921877000073e+04 2.678951690198023261e+00 1.126511716428757609e-01
5.812418613793999975e+04 2.871437153642974582e+00 8.130839855825795770e-02
5.813211316472000181e+04 2.502802048301563609e+00 2.942765249100716407e-02
5.813904030028000125e+04 2.637292272765890733e+00 5.552500872640675489e-02
5.815408864455000003e+04 2.589267761397417988e+00 3.168653732129143169e-02
5.816008438675000070e+04 2.498523576200292418e+00 5.380367822607495104e-02
5.816402999594999710e+04 2.512647833005782427e+00 3.771338663036737093e-02
5.837230341249000048e+04 2.222186638841179729e+00 4.364574874263645737e-02
5.840925200079000206e+04 2.245940900692607656e+00 5.363973399266115660e-02
5.843121013372999732e+04 2.256095538639009579e+00 4.529313359038272813e-02
5.845421419913999853e+04 2.227844989550287202e+00 3.316509622855894068e-02
